Models/StaticCorrelations/temp_raster_dens.asc
NCOLS 100
NROWS 100
XLLCORNER 3302900
YLLCORNER 3112000
CELLSIZE 4430
NODATA_VALUE NaN
[rows 23 to 45 of 100, columns 0 to 51 of 100]
0.0000009975 0.0000018788 0.0000023374 0.0000025411 0.000003508 0.0000085631 0.0000259802 0.0000666749 0.000150323 0.000106099 0.0000880209 0.0000689425 0.0000682697 0.0000690371 0.0000814432 0.0000926439 0.0000840916 0.0000653559 0.000036747 0.0000322863 0.000039271 0.000052059 0.0000628409 0.0000708972 0.0000640727 0.0000578706 0.0000754295 0.0001579447 0.0005197505 0.0002365007 0.0002013144 0.0001587844 0.0001190908 0.0000918359 0.000082675 0.0000867815 0.0000821812 0.0000695187 0.000064757 0.0000649123 0.0000673751 0.0000632842 0.0000540908 0.000046008 0.0000520858 0.0001796997 0.0001837178 0.0003697025 0.0003352541 0.0002640276 0.0001649224 0.0001369677
0.0000021397 0.0000039962 0.000004875 0.0000046751 0.0000050401 0.0000104818 0.0000320246 0.0000845777 0.0001327147 0.0001518467 0.0001213058 0.0000972578 0.0001084813 0.0002377171 0.000230884 0.0002537596 0.000283556 0.0001223214 0.0000576045 0.0000332939 0.0000340712 0.0000589006 0.0000923027 0.0001215276 0.0001492851 0.0001045295 0.0001044218 0.0002013577 0.000214017 0.0003299659 0.0001889359 0.000120982 0.0000795353 0.0000713975 0.0000814818 0.0001060035 0.0001013007 0.0000950641 0.0000728484 0.0000768781 0.0000774741 0.0000849648 0.0000813057 0.0000665328 0.0000529661 0.0000721532 0.0001645654 0.0003986623 0.0004551318 0.0003295304 0.000358291 0.0002085721
0.0000038532 0.0000074094 0.0000087754 0.0000080608 0.0000073625 0.0000136218 0.0000390796 0.0001086214 0.000190134 0.0002282938 0.0001725555 0.0001230907 0.0001757929 0.0002938983 0.0007140775 0.0005158135 0.0003692549 0.0002051949 0.0000918582 0.000039011 0.0000355717 0.0000730544 0.0001549731 0.0002551051 0.0001600515 0.000132042 0.000140001 0.000128806 0.000178407 0.0002130261 0.0001622351 0.0000977134 0.0000634325 0.0000636852 0.0000933962 0.0001040664 0.0001616504 0.0000888936 0.0001657286 0.0000679072 0.0000813875 0.0001064421 0.0000922143 0.0000618197 0.0000421681 0.0000500995 0.0001095138 0.0001983862 0.0003098183 0.0004080796 0.0005590137 0.0002962008
0.0000115981 0.0000169958 0.0000192282 0.0000110836 0.0000095181 0.0000156218 0.0000456655 0.0001164734 0.0003043233 0.0003161202 0.0001792472 0.0001314984 0.0001609251 0.0003459698 0.0007281839 0.0007791584 0.0005621467 0.0002906665 0.0001030549 0.0000403742 0.0000342515 0.0000776046 0.0002290173 0.0001679437 0.0001433664 0.0001144469 0.0000920221 0.0001034626 0.0001375482 0.0001631074 0.0001228099 0.0000711657 0.0000459663 0.0000495263 0.000062276 0.0000822516 0.0000829604 0.0000693075 0.0000479171 0.0000516218 0.0000666366 0.0000800203 0.0000738789 0.0000488826 0.0000306508 0.0000327246 0.0000611763 0.0001323528 0.00026561 0.0004972914 0.000344682 0.0002960555
0.0000123397 0.000117679 0.0000209605 0.0000132305 0.0000110048 0.0000161337 0.0000401798 0.0001101086 0.0001585825 0.0001759309 0.0001525735 0.0001100492 0.0001368403 0.0002603526 0.0004606285 0.0006510198 0.0004892323 0.0002126343 0.000089004 0.0000330823 0.0000282663 0.0000613867 0.0001135737 0.0001317387 0.0001091991 0.0000753681 0.0000662279 0.0000803621 0.0001029448 0.0001016055 0.0000771589 0.0000455767 0.0000288507 0.000027534 0.0000341314 0.0000408774 0.0000394718 0.0000320536 0.0000250201 0.0000293708 0.0000418923 0.000053209 0.0000484713 0.0000374037 0.000027693 0.0000262486 0.0000431246 0.0000945287 0.0002054643 0.0003270996 0.0002584921 0.0001785685
0.0000116778 0.0000174727 0.0000211415 0.0000147918 0.0000141989 0.0000165734 0.0000311627 0.0000509159 0.0000742663 0.0000908635 0.0000977076 0.0000989416 0.0001079249 0.000160304 0.0003277462 0.0004615782 0.0002531918 0.0001248601 0.0000499965 0.0000213682 0.0000185597 0.0000372021 0.0000616578 0.0000755231 0.0000660867 0.0000482428 0.0000435448 0.0000877902 0.0001576274 0.0000523647 0.0000359291 0.0000237575 0.0000149787 0.0000130541 0.0000149103 0.0000165616 0.000016701 0.0000156888 0.0000169024 0.0000219399 0.000031236 0.00003901 0.0000454982 0.0000515755 0.0000508838 0.0000520427 0.0000482142 0.0000691435 0.0001084039 0.0001335005 0.0001249572 0.0000978232
0.0000040245 0.0000084015 0.0000128036 0.0000202398 0.0000227269 0.0000241609 0.0000229278 0.000028917 0.0000419464 0.0000668307 0.0000984885 0.0001209395 0.0001184021 0.0001177821 0.0001337228 0.0001906754 0.0001026846 0.0000499229 0.0000225883 0.0000104903 0.0000099042 0.0000171922 0.0000277772 0.0000346263 0.0000338564 0.0000275017 0.0000289515 0.0000341261 0.000033502 0.0000246812 0.0000140426 0.000009776 0.0000066847 0.0000054186 0.0000055609 0.0000063304 0.0000083301 0.0000142624 0.0000232813 0.0000338969 0.0000428428 0.0000636199 0.0000872952 0.0001202674 0.000140057 0.0001142303 0.0001747078 0.0000494771 0.0000407428 0.0000437554 0.0000427424 0.0000428193
0.0000024758 0.0000055639 0.0000110701 0.0000221258 0.000042005 0.0000335738 0.0000301624 0.0000300673 0.0000383898 0.0000634585 0.0001174365 0.0001679498 0.0001750171 0.0000993143 0.0000662994 0.0000463615 0.0000336466 0.0000154833 0.0000076634 0.0000041386 0.0000041327 0.0000070233 0.0000117092 0.0000167573 0.0000198532 0.000020325 0.0000179144 0.0000144415 0.0000108604 0.000008322 0.0000064449 0.0000048958 0.0000034313 0.000002483 0.0000022769 0.0000032745 0.0000076901 0.0000210816 0.0000503238 0.0000726745 0.0000906686 0.0001230673 0.000288629 0.0002691154 0.0003034236 0.0002664922 0.0001303851 0.0000500581 0.0000197982 0.0000137268 0.0000134534 0.0000176645
0.0000017947 0.0000045924 0.0000102258 0.0000235556 0.0000383722 0.0000478567 0.0000466983 0.0000429412 0.0000433545 0.0000591678 0.000093269 0.0002245056 0.0001567607 0.0000884143 0.000041076 0.0000194442 0.0000093819 0.0000047694 0.0000022852 0.0000014136 0.0000016982 0.0000033058 0.0000065042 0.0000119413 0.0000261179 0.0000341706 0.0000328122 0.0000194325 0.0000106585 0.0000086466 0.0000083532 0.0000067164 0.0000043715 0.0000024386 0.0000020495 0.0000036994 0.0000102043 0.0000302055 0.0000738642 0.0001412084 0.0001571999 0.0002303593 0.0004285691 0.0004904499 0.0005052156 0.000484193 0.0001675087 0.0000530382 0.000016474 0.0000067398 0.0000055018 0.000008325
0.0000024582 0.0000068902 0.0000140151 0.0000254072 0.0000485194 0.0000702843 0.0000667566 0.0000526325 0.0000498278 0.0000424432 0.0000555403 0.0000718597 0.0000743774 0.0000556883 0.0000311754 0.0000149416 0.0000068126 0.0000029546 0.0000012409 0.0000007049 0.0000009949 0.0000023627 0.0000055662 0.0000125095 0.0000304559 0.0000999501 0.0000526501 0.0000248716 0.000015465 0.0000161905 0.0000168578 0.0000141272 0.0000078397 0.0000044944 0.0000046057 0.0000082069 0.0000177613 0.0000393742 0.0000851322 0.0001390555 0.0001854898 0.0003448312 0.0006023842 0.0005036278 0.0005444583 0.0004637076 0.0001712573 0.0000516683 0.0000169166 0.0000071868 0.0000057085 0.0000064706
0.0000048098 0.0000134077 0.0000276513 0.0000416132 0.0000637806 0.0001706654 0.0000768504 0.0000518717 0.0000361665 0.0000274765 0.000024094 0.0000277983 0.0000325637 0.0000328882 0.0000281403 0.0000193899 0.0000109983 0.0000049924 0.000002088 0.0000010803 0.0000012522 0.0000027613 0.0000067161 0.0000148298 0.0000336176 0.0000456804 0.0000430923 0.0000279104 0.0000203988 0.0000235506 0.0000294525 0.000021101 0.0000129297 0.000009278 0.0000127825 0.0000248096 0.0000426987 0.0000685969 0.0000920188 0.0001148548 0.0001454378 0.0002083545 0.0002784962 0.0002987104 0.000315335 0.0003065809 0.0001118724 0.0000419858 0.000018765 0.000014125 0.0000142848 0.0000141399
0.0000076011 0.0000234998 0.0000466057 0.0000822281 0.0000940545 0.0000920958 0.0000688164 0.0000450006 0.0000266474 0.0000156788 0.0000123454 0.00001564 0.0000254423 0.0000385165 0.0000430534 0.0000364859 0.00002245 0.0000119031 0.0000064937 0.0000037994 0.000003646 0.0000057284 0.0000112842 0.0000276298 0.0000391293 0.0000452012 0.0000361726 0.0000296483 0.0000277619 0.000032183 0.0000329098 0.0000274041 0.0000193921 0.000021335 0.0000352438 0.0000663922 0.0001244755 0.0001604989 0.0001665835 0.0001126801 0.0000891566 0.00010131 0.0001160882 0.0001315301 0.0001245818 0.0000973095 0.0000582017 0.0000314859 0.0000287714 0.0000347488 0.0000395019 0.0000392214
0.0000093038 0.000028225 0.0000628702 0.0001035148 0.0001674784 0.0001002691 0.000062815 0.0000393531 0.0000217356 0.000011105 0.0000089087 0.0000156558 0.0000342145 0.0000645949 0.0000830052 0.0000777579 0.000052814 0.0000436942 0.0000255791 0.000019146 0.0000116924 0.0000191438 0.0000298056 0.0000480971 0.0001589274 0.0000621414 0.000049829 0.0000465346 0.0000483446 0.0000501192 0.0000426964 0.000032828 0.0000314033 0.0000469853 0.0001018039 0.0001600803 0.000239711 0.0004024902 0.0003623583 0.0001387341 0.000077773 0.0000624669 0.000051564 0.0000477014 0.0000422067 0.0000331812 0.0000344482 0.0000390863 0.00006019 0.0000757551 0.0000925785 0.0000931355
0.000008292 0.0000257535 0.0000526298 0.0000982178 0.0001421995 0.0000961032 0.0000581932 0.0000349738 0.0000184446 0.0000093627 0.0000092208 0.000021252 0.0000492688 0.0000967338 0.0001505897 0.000118658 0.0002066747 0.0000921084 0.0001228038 0.0000303234 0.0000373612 0.0000657227 0.0001008898 0.0001146888 0.0001114839 0.0000992869 0.00008055 0.0000721645 0.0001048929 0.0000732435 0.0000526972 0.0000459237 0.0000497166 0.0001069972 0.0002157265 0.000419266 0.0003798043 0.0003434047 0.0003694291 0.000167118 0.0001261863 0.0000598002 0.0000355098 0.0000234542 0.0000162868 0.0000146847 0.0000263812 0.0001024532 0.0000890799 0.0001415117 0.0001700616 0.0001877451
0.0000057352 0.0000163605 0.000034718 0.0000591782 0.0000688311 0.0000632197 0.0000424351 0.0000263697 0.0000140979 0.0000078594 0.0000101886 0.0000267193 0.0000722126 0.0001256214 0.0001640427 0.0001435466 0.0001373329 0.0002670926 0.0000735673 0.0000417673 0.0000673395 0.0001937161 0.0002415398 0.0003021682 0.0002028283 0.0001270427 0.0000962236 0.0002091178 0.0000696927 0.0000599006 0.0000679771 0.0000545449 0.0000709535 0.0001591135 0.0005544028 0.0006246627 0.0005344548 0.0004344752 0.0003211294 0.0001869454 0.000116001 0.000080576 0.0000484227 0.0000218094 0.0000122892 0.0000123138 0.0000268309 0.0000460375 0.0000918633 0.0001929828 0.0002945055 0.0002977336
0.0000029808 0.0000085254 0.0000170124 0.0000258142 0.000031173 0.0000298024 0.000023633 0.0000153875 0.0000088673 0.0000059758 0.0000101523 0.0000287072 0.000073874 0.0001857775 0.0001591828 0.0001477455 0.0001377809 0.0000926516 0.0000646717 0.000039277 0.0000944328 0.0002206081 0.0003891324 0.0005488551 0.0003436253 0.0001802411 0.0000979404 0.0000622411 0.000050117 0.0000410559 0.0000465832 0.0000565094 0.000080306 0.0001935235 0.0004171103 0.0007890246 0.0006523675 0.0004821584 0.0003057771 0.0001830105 0.000120399 0.0001186441 0.0000541241 0.0000272307 0.0000177313 0.0000189957 0.0000267001 0.0000394871 0.0000688143 0.0001072209 0.0002545383 0.0002891794
0.0000013445 0.0000036314 0.0000067932 0.0000101133 0.0000122402 0.0000122644 0.000010196 0.0000071589 0.0000045603 0.0000041944 0.0000089955 0.0000246177 0.0000622689 0.0000963845 0.0001312825 0.0002085686 0.0001082314 0.0000651614 0.0000350794 0.0000390552 0.0000958157 0.0002422932 0.00047854 0.0006456466 0.0005275857 0.000201378 0.0000818129 0.0000384906 0.0000265354 0.0000266386 0.0000321961 0.0000420801 0.0000744399 0.0001695126 0.0003804681 0.0005670412 0.0005099653 0.0005008818 0.0003661816 0.0001935398 0.0001021282 0.0000693978 0.000053285 0.0000373336 0.0000372021 0.000041157 0.0000445622 0.0000467328 0.0000438856 0.0000561915 0.0000755837 0.0000918358
0.0000006945 0.0000016869 0.0000028947 0.0000040793 0.0000048331 0.0000048287 0.0000040875 0.000002999 0.0000022846 0.0000031466 0.0000077336 0.0000193542 0.000037764 0.0000608364 0.000106336 0.0001270908 0.000134458 0.0000643441 0.0000306981 0.0000336713 0.0000828746 0.0002073891 0.000424227 0.0005719632 0.0003622878 0.0001869628 0.000076721 0.0000297016 0.0000258294 0.0000247605 0.0000268872 0.00002858 0.0000569303 0.0001383826 0.0002676227 0.0004063472 0.0004365566 0.0003517373 0.000300319 0.0001523679 0.0000748945 0.0000469845 0.0000457146 0.0000659216 0.0000869197 0.0001014095 0.0000862807 0.0000622327 0.0000368681 0.0000258104 0.000025015 0.0000264977
0.0000009652 0.0000020763 0.000003184 0.0000041086 0.0000045398 0.0000042294 0.0000033173 0.000002277 0.0000018296 0.0000030867 0.0000079616 0.0000177795 0.0000325356 0.0000598117 0.0000925478 0.000249198 0.000155984 0.0000610994 0.0000269693 0.0000334647 0.0000657497 0.0001532111 0.000277755 0.0003899127 0.0002402652 0.0002344789 0.0000619884 0.0000238176 0.0000207284 0.0001177589 0.0000189225 0.0000182493 0.0000419329 0.0001079455 0.0002324027 0.0004187852 0.0003358888 0.0002895819 0.0002223886 0.0001386877 0.0000762811 0.0000497443 0.0000534399 0.0000978574 0.000192125 0.0001854702 0.0001614782 0.0000822366 0.0000356925 0.0000157396 0.0000098238 0.0000090127
0.0000023675 0.0000050256 0.0000078222 0.0000105654 0.0000119263 0.0000109613 0.0000079884 0.0000047744 0.0000029412 0.0000038824 0.0000095108 0.0000223385 0.000041695 0.0000743279 0.0002209653 0.000133888 0.000106958 0.0000506689 0.0000218373 0.0000259285 0.000144811 0.0000953284 0.0001674605 0.000192414 0.0001925205 0.0001090515 0.0000565683 0.0000214997 0.0000171861 0.000013931 0.0000136639 0.0000120891 0.0000328409 0.0001002277 0.0002365859 0.000253233 0.0003765186 0.0002893357 0.0003221477 0.0002854011 0.0001371439 0.0000758426 0.0000727213 0.0001255359 0.0002121121 0.0002871689 0.000201232 0.0001061524 0.0000363235 0.0000120411 0.0000053092 0.0000044685
0.0000052725 0.0000106397 0.0000185027 0.0000280005 0.0000348727 0.0000321439 0.0000221933 0.0000114691 0.0000054999 0.0000051104 0.0000110343 0.0000261031 0.0000540098 0.0001014517 0.0001576061 0.0002013974 0.0001100716 0.0000404554 0.0000160199 0.0000197912 0.0000325487 0.0000667365 0.0001201688 0.0002362823 0.0001820963 0.0001338917 0.0000661977 0.0000267338 0.0000097892 0.0000046382 0.0000041481 0.0000088374 0.0000280486 0.0000902208 0.0002707841 0.0002355038 0.0002729499 0.0003141984 0.0004920191 0.000409117 0.0002776306 0.0001281587 0.000087923 0.0001403125 0.0002064531 0.0002691389 0.000301245 0.0001029771 0.0000350222 0.0000117817 0.0000063506 0.0000065429
0.0000091451 0.0000174126 0.0000301446 0.0000647229 0.000086618 0.0000827158 0.0000479844 0.0000203137 0.0000090208 0.0000063712 0.0000106895 0.0000250481 0.0000526763 0.0001006824 0.000182177 0.0003064098 0.0001047282 0.0000340658 0.0000117698 0.0000094066 0.0000209196 0.0000598633 0.000130381 0.0002377657 0.0003042679 0.0002150495 0.0001057751 0.000036236 0.0000109745 0.0000035002 0.0000026909 0.0000068729 0.0000231767 0.0000723833 0.0001502457 0.0002420175 0.0002805598 0.0004567223 0.0006507133 0.0009034133 0.0004527135 0.0002061044 0.0001105507 0.0000987425 0.0001418406 0.0001669541 0.0001574422 0.0000821875 0.0000316109 0.0000169572 0.0000157814 0.0000197631
0.0000119014 0.0000202507 0.0000365955 0.0000768004 0.0001795494 0.0001286089 0.0000614786 0.000027062 0.0000120454 0.0000070549 0.0000087951 0.0000184347 0.0000404462 0.0000804916 0.0001268389 0.000111232 0.0000713102 0.0000239134 0.0000083941 0.0000079566 0.00002094 0.0000623595 0.0001990041 0.0002624163 0.0004393034 0.0003692783 0.0001298382 0.0000429371 0.0000122623 0.0000033917 0.0000021439 0.0000053674 0.0000170161 0.0000463687 0.0000968862 0.0001582235 0.0002557874 0.0006820975 0.0006931222 0.0009628408 0.0005626566 0.0003854947 0.0001090419 0.0000680256 0.0000747835 0.0000837607 0.000070889 0.0000497368 0.0000342062 0.0000325843 0.0000438392 0.0000647692
