Models/StaticCorrelations/temp_raster_pop.asc
NCOLS 100
NROWS 100
XLLCORNER 3302900
YLLCORNER 3112000
CELLSIZE 4430
NODATA_VALUE NaN
[rows 69 to 91 of 100, columns 0 to 51 of 100]
0.0121644564 0.0349253484 0.0780692562 0.1505153563 0.2001320931 0.215319602 0.1870455206 0.1693930238 0.1898140821 0.3109928406 0.7762940954 1.8011803009 3.8266750904 4.2571361207 5.5211706704 4.1095192608 4.7845821787 2.025584706 0.7823407284 0.2776931992 0.1040085441 0.0422894163 0.0242001231 0.0334899473 0.0556485734 0.0810623755 0.096972857 0.1045897709 0.1079084987 0.1218267769 0.1484957542 0.2333748919 0.6511557178 0.416977933 0.4959797225 0.6026760647 0.6252940239 0.8542961319 0.3104501992 0.0952343664 0.0276480395 0.0092101731 0.0071884653 0.0138422003 0.0295593204 0.0589048798 0.1026482183 0.1648618067 0.2309104257 0.2835414641 0.1893632614 0.1075151195
0.026508871 0.0635559776 0.1121986707 0.1601749973 0.2003305805 0.2142933833 0.2152450432 0.210478904 0.2399475394 0.3610425136 0.6447093153 1.2907972673 2.7509731341 3.6282811146 2.650135228 2.8554874838 2.5498789674 1.5130608637 0.646102624 0.2511062481 0.0991690471 0.0378793867 0.0173695762 0.0156976641 0.0222264468 0.0299046169 0.0364688562 0.0439640872 0.0580469977 0.0790462207 0.1050459638 0.1809552948 0.2416568441 0.3730856096 0.5577086052 0.6323733764 0.6821925449 0.4639683546 0.2726480013 0.096955478 0.0302781359 0.0092786731 0.0043417599 0.0058265808 0.0120665577 0.0241841347 0.0455676479 0.0797225499 0.1280333354 0.1394294888 0.1166058345 0.068644116
0.0653465605 0.1563436737 0.2558455384 0.3390993178 0.3671816059 0.3807231321 0.3554499348 0.3467257344 0.3674592994 0.5386303643 0.8581095997 1.2479952846 1.6229102996 2.4334545165 2.3945067049 1.8486905799 1.7311361536 0.9662912661 0.5215863943 0.264437993 0.1154204114 0.044006342 0.0159344883 0.0087402274 0.0094732414 0.0123225865 0.0160153287 0.0225406723 0.0352387009 0.0550335733 0.0831894064 0.1184683203 0.1868597569 0.338305244 0.5951902071 0.8506616908 0.6940154949 0.4511619852 0.2487628628 0.102597963 0.0360285884 0.0115463803 0.0038075997 0.0026620209 0.0046920815 0.009798499 0.0194348016 0.0355290138 0.0506359764 0.0572433658 0.0488191177 0.0391886964
0.1188705625 0.3484776122 0.5644667826 0.7210845544 0.7080261139 0.5840903006 0.5377342631 0.5003862813 0.5355462425 0.7947124035 1.3927496758 1.6920553193 1.3761398732 1.4668044235 1.8799145492 1.4677920224 1.1741536789 0.9006430311 0.5898531074 0.3402005104 0.1597947449 0.0598404507 0.0188093876 0.0090407827 0.0099035977 0.0132380228 0.0164858116 0.0204979959 0.0299407328 0.053154087 0.0901706574 0.1413722805 0.2114418789 0.3683828383 0.6654638145 1.0294420549 0.8173458763 0.6065164256 0.2793820841 0.1253795588 0.049049119 0.0161339502 0.0047985392 0.0021580586 0.0033469193 0.0082573933 0.0177346067 0.0299692236 0.0391491587 0.0397499361 0.0331810309 0.0287701783
0.1581808983 0.4813798685 0.9812598209 1.0387062333 1.4129512833 0.6337053192 0.4980467265 0.6075822994 0.736428892 0.8778937959 1.5359805641 1.123530569 1.5097354736 1.4187372427 1.8927419976 1.6362354857 1.4908005083 1.2284697034 0.8953539934 0.5200202603 0.2418288645 0.0772753935 0.0238268711 0.0149638394 0.0213053966 0.0306256064 0.0358873831 0.0366346257 0.0411488108 0.0670643156 0.1351681489 0.2006256087 0.2754430895 0.4227755998 0.7955090009 1.144899809 1.5599382227 0.5922800569 0.3441982723 0.1711512647 0.0681675821 0.0228697557 0.0068766645 0.0033566522 0.0056276617 0.0159406261 0.0469663128 0.0926192514 0.1287205459 0.1235190647 0.084168379 0.0475897728
0.1495980017 0.4580953386 0.8191621584 0.9368276729 0.6820913372 0.4780737255 0.369625053 0.4890171137 1.3491570735 0.6820837493 0.6230456526 0.7376881208 0.8548618995 1.498123524 2.2764182393 1.9639139632 2.3157929966 2.0785538119 1.4753542733 0.8275118094 0.2889588888 0.0895570283 0.0287358654 0.0249637296 0.0437817116 0.0663017787 0.0783191705 0.0726074476 0.0669659025 0.0918251179 0.1720428564 0.3823467123 0.4129691658 0.5415555905 1.2937179262 1.8514219781 0.9256905984 0.7130539716 0.4604316826 0.2229027415 0.0914022041 0.0303635859 0.0108643023 0.0072005774 0.0115138838 0.0307732117 0.0945903525 0.2866131707 0.4663724551 0.4513178634 0.2679696382 0.0782416335
0.1012928887 0.2757925423 0.4341825916 0.4682279935 0.3714658623 0.2482691971 0.2076215223 0.2998140428 0.341674705 0.3663226531 0.3188958052 0.3776984155 0.6303054014 1.0146712073 1.5491789967 2.6830888394 2.4249806756 3.7678611042 2.2149125856 0.8046164937 0.2964277079 0.0884478267 0.0338443344 0.037434808 0.0694436787 0.1132338707 0.1320429832 0.119747624 0.0969333398 0.1203932039 0.2251195426 0.4312699922 1.4945555861 0.7278749956 0.8688708529 0.9829181485 1.0351291785 0.9832092056 0.5471805115 0.2812663265 0.1067080793 0.0399076006 0.0210348091 0.0186672648 0.0243270477 0.0499352127 0.1421702371 0.3892358236 1.0084912311 1.1837052075 0.3448195274 0.1082686631
0.0477717034 0.1094574295 0.1608704934 0.1729822221 0.1453414231 0.1073316131 0.0900862097 0.0984524704 0.1265394785 0.1697656017 0.2349763425 0.3121773329 0.5100122893 1.0542917956 1.1580246335 1.5482986049 2.2376308832 2.1929761794 1.4371475949 0.7066389265 0.2440510196 0.0871381288 0.0462197279 0.0556125488 0.0927207078 0.1394905683 0.1694631156 0.1416299168 0.11663919 0.155184278 0.3028288156 0.6217910117 0.9268934421 1.2071922175 1.4599386631 1.5015793154 1.0178106099 0.8418542493 0.6263934561 0.2776025605 0.1141076981 0.0574378919 0.0485814691 0.0499837099 0.0541960648 0.0772949558 0.1624800654 0.3977897791 0.6252147703 0.583917393 0.3533278105 0.1140052027
0.0162559767 0.0340541075 0.0467559229 0.0499383396 0.0440542782 0.0354688956 0.0319462461 0.0406997291 0.0734220647 0.1487453504 0.2628510688 0.3842853566 0.5088866353 0.9390294938 0.7288341516 0.9624994928 1.8868702344 1.3502127396 0.9897986603 0.4847196376 0.2109064135 0.1055553712 0.0911938727 0.1087254009 0.1264366521 0.1479322911 0.1471081831 0.1293442654 0.1146441143 0.1814667862 0.445506508 0.950771222 1.4540956701 2.2691926271 2.6158517181 1.6842718537 1.2342994851 0.8950851247 0.5026677051 0.2377210014 0.1137998573 0.0944810416 0.1090762949 0.1178871412 0.1169355766 0.1323233798 0.2001548088 0.3086094473 0.3829568742 0.3663566665 0.2367117269 0.1248403191
0.0080948425 0.0142067445 0.0161387709 0.0148903301 0.0123403932 0.0105845639 0.0125569196 0.0253085999 0.0657972657 0.1618493818 0.3258899645 0.4509751713 0.539730937 0.5054988453 0.5380751976 0.5891555273 0.7969554175 1.5342273661 0.6722791384 0.3708155377 0.1997392475 0.1561903207 0.2307680045 0.2543860789 0.2419306979 0.1565844406 0.1216502388 0.0988064178 0.10045551 0.1896702743 0.5052346735 1.3659447734 2.8947607882 2.4980592073 2.9824674959 2.0766019451 2.4806979933 1.1990127411 0.3925948546 0.1698017363 0.1197898012 0.152683795 0.2031524827 0.2195021615 0.2152762194 0.2527090616 0.3546074022 0.5072297279 0.5338876495 0.4530846145 0.2806656657 0.1796760659
0.0126797152 0.0186746109 0.0165291751 0.0109411309 0.0066598139 0.0052809143 0.0087111478 0.0236007217 0.0666405589 0.1656586051 0.3285363245 0.5108703532 0.4796095482 0.4783159971 0.3520233186 0.356591476 0.4879788777 0.5277022193 0.4687295033 0.2964880818 0.2185152276 0.2367173666 0.3378515959 0.624955952 0.3759236851 0.2470901199 0.1746808609 0.0938414269 0.0951087161 0.181192197 0.4810981865 1.1610750481 2.2142059123 3.7922544388 3.3655847223 2.7753541593 1.4377863014 0.7709651789 0.3307027129 0.1470484071 0.1384098269 0.2080255587 0.2887356217 0.3051038885 0.303215677 0.4759580928 0.807510525 1.1304087939 1.4755626098 0.8436710377 0.4941863028 0.32289664
0.0262217258 0.0372243247 0.0308478039 0.0197340776 0.0114204894 0.0086594846 0.0134246209 0.0312748787 0.0752922155 0.1615124836 0.29251798 0.3843322754 0.3868666205 0.3038899149 0.2476142981 0.2347663204 0.2860389856 0.3294160465 0.3127387956 0.2674496413 0.2594589536 0.2748026863 0.4204472961 0.4724981272 0.4842309775 0.6942799054 0.2437089079 0.1359815779 0.1218509664 0.192876822 0.4118623906 0.9176120214 1.8801686955 2.788499294 3.4599978658 1.9337674598 1.0112846427 0.5425692051 0.2947220097 0.2053642347 0.2015239738 0.2523117 0.3089339026 0.3061481362 0.3532093626 0.652579141 1.6903721163 2.2904651779 2.4763847425 1.6390122792 0.8364686424 0.5104501658
0.0520233326 0.0732966653 0.0654568818 0.0456347381 0.0295576824 0.0247777324 0.0357098876 0.0695138552 0.1266943751 0.205900917 0.2746466508 0.2957413708 0.2565283305 0.1932528263 0.1566103723 0.1814959688 0.2948766397 0.39850506 0.4115126468 0.3239772909 0.2436850847 0.3181341345 0.4297807907 0.599287644 0.6376192219 0.5522603129 0.3731685269 0.2167103778 0.1903466498 0.2510387478 0.4925054576 0.9736798156 1.6451210953 2.6290808349 2.3652320932 1.5857640117 0.9849317547 0.7129573735 0.6155519389 0.4814532107 0.4371657931 0.3504235434 0.3055499247 0.282229604 0.3545967259 0.8270453058 1.7513308507 3.5760190594 4.0109730198 2.4337376541 1.1819060234 0.7085776298
0.10295135 0.1594997514 0.1550740259 0.1165931328 0.0835763315 0.0750984673 0.1103770442 0.2317538055 0.3762081482 0.4724608082 0.4608298874 0.3619413905 0.2483034767 0.1579016053 0.1264632973 0.1743152775 0.3306169067 0.7228618929 0.7097438074 0.4876462352 0.2375304554 0.2877688437 1.088188524 0.7676014847 1.1824060663 0.7813501249 0.4962099667 0.3448867098 0.296064025 0.3510408797 0.5639295787 1.6231051224 2.3514394816 1.625340354 1.8736305658 1.4051256227 1.9599438342 2.559721202 1.2968121584 1.7233096593 0.9302686425 0.6249548421 0.3866838392 0.3070726294 0.3582570981 0.7480412245 2.5396751621 3.5030790527 4.3010886539 3.1164707647 1.4962691401 0.9346507836
0.2056251021 0.4105716338 0.4112722363 0.3516155388 0.2117553797 0.2162749662 0.3272423437 0.5951767495 1.5139353186 1.2866016156 1.1477767906 0.8377563046 0.476684019 0.2022515595 0.1440784843 0.1906028493 0.3578151549 0.6379608261 1.34197023 0.5194798181 0.2473697602 0.2989145831 0.5485502132 1.0508542579 1.1251556947 0.9533884236 1.0024999637 0.4024009896 0.3248106713 0.491214645 0.5312738966 0.7585701668 1.0054128269 1.2725557357 1.0900401295 1.5279724866 2.727759428 2.9686375861 2.7766073819 2.4290909974 1.921781419 1.0280549107 0.5465152732 0.3431860636 0.3991571646 0.5980978588 1.1188617711 2.1222312172 3.3729204286 2.8210557485 2.0536904518 1.1065615682
0.3641700066 0.642534246 1.6279615696 0.6083557247 0.4591547347 0.5576238238 0.9365048103 1.5467188213 2.1865547514 3.1038670853 2.6556406723 2.3859487748 0.7871399588 0.3493218014 0.2022983258 0.2437356558 0.3720577146 0.5954299573 0.6817329421 0.5994454775 0.373522569 0.3748843136 0.6397863752 1.0444175785 1.2906250064 1.8023202145 0.8194100097 0.4497264134 0.3083198995 0.301908899 0.3391856989 0.3740904773 0.465394397 0.6359032919 1.2166105634 1.5117209543 2.6417388375 4.3122778639 4.6019307572 4.8309782589 2.7542115371 1.520386643 0.7435342977 0.42361134 0.3033360072 0.3637154094 0.6150872467 1.2987383447 2.8678851273 3.9312917653 1.9345250583 1.5762744778
0.5280788997 0.9373812522 0.9947979229 0.8978107449 0.8297860522 1.1978806857 2.107886871 3.8206232143 4.741686573 4.2924125874 4.0637816819 2.303789125 1.3277062187 0.4514232543 0.2981399907 0.348200764 0.4579384067 0.6115362121 0.6199213839 1.0160827179 0.985904755 0.4488936486 1.0712544445 1.5166153315 2.0693962616 2.0427691227 1.0829483088 0.4843395315 0.2642779556 0.1913060169 0.1729126868 0.173665116 0.1974716253 0.3674836471 1.2004669061 1.1381546002 2.0111075766 3.3580521171 5.617910757 5.0358685449 3.6031639123 2.169199604 1.3872909481 0.4633911131 0.3292462165 0.3006114926 0.4209813217 0.9178028808 1.6003153143 1.9653616665 2.3120519574 1.5294560199
0.7116211518 1.1973944029 1.0537029531 0.8760346029 1.1284848877 2.1967836174 3.3582077441 4.9630590722 5.1361549931 6.0974157816 4.462150987 2.9735308965 1.2149827302 0.4898578524 0.3545675965 0.4875817734 0.5558160802 0.6245260645 0.959333986 0.5305348687 0.4015002735 0.5225675227 1.277026136 2.9830536706 3.5347868105 3.1330527424 1.3578061001 0.5818770572 0.2819357777 0.1574340103 0.1041899214 0.080987863 0.0884524271 0.1832450192 0.3291998713 0.6143360953 1.1530344845 2.5026903095 2.671857334 3.3612395139 2.2463403538 1.3024933024 0.7707448534 0.6062763531 0.482348656 0.3938394858 0.3665552802 0.5920769562 1.070192975 1.4979124143 1.5714674566 1.1418118741
0.4809158361 1.0123076472 0.8493791864 0.8591963388 1.1066763 1.9935614709 2.8488647546 5.1280591812 5.317974943 4.2604532861 4.5216558815 3.6058726992 1.0179151622 0.4072648435 0.3719001196 0.5093575526 0.624817214 0.6828285036 0.5493534769 0.4203926887 0.3016421654 0.4776361218 1.3192473665 4.8022761629 4.2052741355 3.3401329647 1.38828891 0.6249174828 0.3379680141 0.2039296478 0.1141402644 0.064062631 0.044908546 0.0638058176 0.1237447402 0.251855162 0.5377161329 1.084671999 1.7795414343 1.2393703539 1.0474778381 0.7743529259 0.6921680136 0.7290228548 0.7655566482 0.4856485692 0.3572544082 0.4966169648 0.8729795347 1.4268253144 1.4591768066 0.9417133468
0.2560430314 0.4694778672 0.9219611241 0.6311065004 0.9257715404 1.4297122484 2.3068127946 2.8620166369 3.1134559403 2.5155191503 1.969851808 1.4112189447 0.7559292089 0.3580813732 0.368367396 0.5802210709 0.78708923 0.705856405 0.53079388 0.388325221 0.3321722048 0.4505998214 1.0290254866 1.6800397189 2.0588364081 2.2918751845 1.0507557416 0.5596240515 0.4453226016 0.3269368646 0.2217729605 0.0790763529 0.0327379567 0.02704804 0.0450261899 0.093955468 0.2189445181 0.3714878935 0.4835815634 0.5751708749 0.5366548424 0.5317543946 0.5795469859 0.9359330283 0.7373061914 0.4956303064 0.3528058021 0.4298802198 0.7142679503 0.8797112249 0.8836017832 0.7456839099
0.1526996622 0.3416506298 0.4391111362 0.5517217299 0.7519413511 1.7428933761 1.8632884671 1.552037786 1.3549425821 1.0873925283 0.9083242394 1.068351716 0.5391870063 0.3602254913 0.396769621 0.6875557354 1.5001959748 0.9138587374 0.6839791287 0.4833637043 0.3859678329 0.4011125012 0.5570271359 0.8248073881 0.9658765868 0.8519451154 0.6171899646 0.4195563699 0.4143770035 0.6438807626 0.2609939427 0.0977567927 0.0321117055 0.0146443625 0.0166777086 0.0366675165 0.0768737505 0.1435332455 0.2704530967 0.418970518 1.1758778937 0.4379145923 0.465154168 0.5062386294 0.4817995498 0.3613030278 0.3693840889 0.3447594069 0.4125990218 0.531913354 0.5693817793 0.6863817736
0.2933717917 0.5288552331 0.680233824 0.6744686147 0.8121945753 1.0932599278 1.2103023867 1.1431352591 0.6239713524 0.4723999536 0.5119418295 0.5772128615 0.5426210925 0.3549227788 0.4165913164 0.7561818919 1.1664407907 1.3531573203 0.866519084 0.5876055309 0.43872597 0.3684705127 0.391322417 0.4617157864 0.6112300628 0.4296638202 0.3101555803 0.2641539936 0.3256655058 0.3208378572 0.2408121228 0.0914394184 0.0315535773 0.0115089991 0.009112277 0.0207674436 0.0588997139 0.1497297866 0.3418136785 1.1602674496 0.6393599108 0.5548799976 0.3761705306 0.2833783626 0.2262426915 0.234202744 0.2558376935 0.3137635916 0.4040077633 0.5041111425 1.1876912102 0.7917360555
0.412610672 1.4839388757 1.2912713675 1.281544915 1.1110104173 1.041396126 1.4877836962 0.6617472396 0.4055322702 0.2762832916 0.3074876399 0.3644379614 0.3527173413 0.3107447445 0.3651361419 0.6644555709 1.1721667739 1.2625572921 0.9863686088 0.5676487239 0.4032376101 0.3886539738 0.2725546263 0.2705038323 0.2602694523 0.2306400017 0.1644784066 0.1536883454 0.1677725649 0.1659974945 0.1261472999 0.0697304985 0.0283914184 0.011670597 0.0088646916 0.0221817602 0.0754586247 0.2243781981 0.5667619298 0.9515719364 1.143469151 0.921060542 0.5427186584 0.2329423195 0.1480508702 0.1799927537 0.302972221 0.4586927662 0.6781582104 1.154129772 0.9220675822 1.1271610219
