Models/StaticCorrelations/temp_raster_pop.asc
NCOLS 100
NROWS 100
XLLCORNER 3302900
YLLCORNER 3112000
CELLSIZE 4430
NODATA_VALUE NaN
[rows 0 to 22 of 100, columns 0 to 51 of 100]
0.0858198142 0.1593577341 0.1865912615 0.2223594712 0.4266411314 1.3327825034 0.5154683911 0.9633466988 0.1906288965 0.0823306476 0.0785605901 0.1240596665 0.2277422027 0.2844725316 0.3701172065 0.3611769159 0.1707408707 0.0404474213 0.0127737675 0.0139975501 0.0490629818 0.1961960252 0.7333957863 1.4485538499 1.6778402767 1.2286046804 1.0365979212 0.5993151506 1.0500279149 0.272519511 0.1128895169 0.0430493193 0.0151093829 0.0115474754 0.02219855 0.0406686912 0.0551932556 0.0405787013 0.0216330134 0.008608 0.0027165424 0.0006959822 0.000148909 0.0000342524 0.0000593438 0.0003462216 0.0018574055 0.0083241476 0.0291613399 0.083363243 0.1778518051 0.312231389
0.1154091036 0.206223003 0.2536021539 0.385139775 0.5118361537 0.6683890542 0.8664876214 0.5395452775 0.3389934706 0.2075272956 0.2200214999 0.3241556583 0.4651877425 0.6793402685 0.657781124 0.8032242912 0.2316728463 0.0708383697 0.0330389435 0.0357945661 0.0963032439 0.3980317231 1.2644970384 3.8280554099 4.2060160929 3.4462864748 1.5067837128 1.4457577606 0.8368785511 0.5099063733 0.2167688355 0.0799274522 0.027887143 0.0183398039 0.0310045366 0.0529525035 0.0620742127 0.0527828394 0.0299375325 0.0127990485 0.0042444088 0.0011355773 0.0002524965 0.0000620637 0.0001137923 0.0006601184 0.0035685077 0.0162157197 0.0601595354 0.1633835254 0.3657313318 0.5846032844
0.0847115513 0.1502655317 0.2182495792 0.2759250016 0.3916282745 0.5704362786 0.6433229786 0.5786463255 0.4305137226 0.4360236368 0.5284041513 0.6439906867 0.84156039 1.3476777664 1.3696050145 0.4358016051 0.2198051614 0.1014591669 0.0765911127 0.0772601627 0.1344952998 0.4338860493 1.6629847253 3.2024051359 4.0694231914 2.4941155756 1.7594771925 1.2975153331 1.1265760363 0.5862084199 0.2671188917 0.1046147106 0.0335980434 0.01786503 0.024986117 0.0371608838 0.0433126503 0.0369538321 0.023674377 0.0109554971 0.0039201097 0.0011181626 0.0002707806 0.0000813605 0.0001508008 0.000819523 0.0044081392 0.0205482246 0.0770206704 0.2305170821 0.447445426 0.8327624189
0.046397788 0.0985490288 0.1519973503 0.2309405814 0.3420277724 0.4707640666 0.5753585864 0.5458788177 0.5178870963 0.7648519434 1.1812701773 1.2015564504 1.2321162397 1.0964750073 0.7730680031 0.394319709 0.2015859337 0.1697617158 0.1695299649 0.1567111694 0.1697863675 0.3721316392 0.8592259936 1.6697198737 2.4998030037 1.8042536855 1.8656406388 1.1316514952 0.8642289913 0.5640300656 0.3098276561 0.1100960199 0.0338093694 0.0135278104 0.0138210506 0.0187181102 0.0210132419 0.0185181726 0.0125218269 0.006542662 0.0026041124 0.0008669428 0.0003064881 0.0001852565 0.0002579852 0.000879659 0.0042784654 0.0195910175 0.0755722583 0.2123917671 0.483332514 0.7127835415
0.0328177502 0.0863499678 0.20567978 0.3078991789 0.4329626801 0.4742549964 0.4862480427 0.4326395128 0.5090246077 0.9566315307 1.8977343546 1.8835551257 1.895338135 2.1138146394 0.8818034992 0.441640388 0.262308533 0.2792198119 0.3033734237 0.2652289349 0.2063461556 0.2310620486 0.4102405173 0.6803143076 0.855876181 0.877509484 0.8067658731 1.3020963093 0.6697134324 0.6431312254 0.3231124955 0.1103546521 0.0297790967 0.0090708872 0.0061313764 0.0071664323 0.0078526018 0.0070157138 0.0050621041 0.0029713456 0.0015587598 0.0009634902 0.0009206381 0.0010378775 0.0011306787 0.0014532349 0.0037797576 0.0149535176 0.0534293809 0.1560457963 0.2699929594 0.4416571414
0.0356025724 0.1043973651 0.2558306108 0.7243949657 0.4804945473 0.5092998995 0.3980199682 0.3234438664 0.406258026 0.8153456329 1.6559121965 3.0615403772 2.127968493 1.5744094273 1.1992445011 0.4830289106 0.3097991004 0.3574034976 0.4000817227 0.3335470958 0.2253847308 0.1629342088 0.1839192374 0.2824895807 0.3535185957 0.3915217082 0.4231149776 0.4450080518 0.5881460135 1.073693169 0.3547003941 0.0943220002 0.0244526415 0.0060137243 0.0025091176 0.0022777121 0.0023853484 0.0022290067 0.0018929539 0.0016985718 0.0019519309 0.0030278983 0.0046919045 0.0063710286 0.006714139 0.0058441701 0.0052847339 0.0100885447 0.0303743173 0.0746065858 0.184323185 0.2817157564
0.0428415732 0.1214406279 0.2774086311 0.4004772923 0.4516009922 0.3829687661 0.3127296089 0.235702623 0.2792707982 0.5638310156 1.2516144789 1.7623592374 1.8254087127 1.2316405764 0.7737874329 0.4836398381 0.3328837483 0.3225459056 0.3960291232 0.3546051778 0.2492790056 0.1204019676 0.0997856409 0.148182917 0.2636303873 0.2279838994 0.2595164212 0.3172535634 0.4276970314 0.7982964036 0.2707685667 0.0759481107 0.0182252759 0.0044215991 0.0014121087 0.0008670626 0.0008213684 0.0009933936 0.0016100188 0.0031106598 0.0060923403 0.0112989586 0.0213162588 0.0301318125 0.0337847292 0.0253914763 0.0151924076 0.0093943287 0.015842072 0.0447553325 0.1322158715 0.410417179
0.0522744295 0.1301209534 0.2266660235 0.2924897634 0.3054351189 0.268598741 0.2227106836 0.197531538 0.2218479251 0.358953337 0.6234330307 0.9765932623 0.8862728956 0.6962203353 0.4949569651 0.5446805733 0.276335023 0.2382827108 0.2906100174 0.6138324419 0.1967166396 0.0904485297 0.0692598871 0.107535236 0.1362944212 0.1696011995 0.1981154715 0.2575003727 0.2971527496 0.2430635182 0.1729366137 0.0490522286 0.014964883 0.0052020495 0.0023689914 0.0013725256 0.0011664004 0.0017446604 0.0039695992 0.0094017179 0.0200212003 0.0401713324 0.0691230488 0.1158884417 0.1161408424 0.0894170161 0.0346722531 0.0157887626 0.0164942783 0.0386315582 0.1177763665 0.166208056
0.0674139952 0.1505261692 0.2101695601 0.236578628 0.2168136488 0.2004927606 0.2145210449 0.2873305151 0.3211514186 0.3354954666 0.3519124195 0.3851624836 0.4380893989 0.3820068974 0.3522287311 0.2633836761 0.2319094509 0.1869040392 0.2098980484 0.1815150648 0.1430613704 0.0789550773 0.1294135345 0.1556216973 0.1798391003 0.1496426551 0.163588804 0.1621245478 0.1440654101 0.104952438 0.0668763274 0.0406299351 0.0221417612 0.013517247 0.0079690987 0.0048991637 0.004119701 0.005750964 0.0116716748 0.0301461726 0.0632098813 0.1180771476 0.2203392899 0.2819234141 0.3386967555 0.1592696101 0.0690228971 0.0304633009 0.0280035818 0.0518901077 0.1048472011 0.1769397615
0.0994986244 0.1808281487 0.2306234614 0.1981399143 0.1749981159 0.1847388149 0.264334467 0.4757784496 1.1258949725 0.4806542755 0.275558698 0.2076886605 0.2348357797 0.8324343547 0.2487279195 0.2050306267 0.2617701339 0.2332912055 0.1944417729 0.0896796945 0.0749663723 0.1422098676 0.2568667094 0.965106076 0.3780644018 0.3031418188 0.1906402593 0.1194402549 0.0820523968 0.0707654238 0.0708687708 0.0718701851 0.0632508699 0.0450441881 0.0267463171 0.0162788616 0.0142163607 0.0183705771 0.0372779418 0.0832221838 0.2412982133 0.3556135893 0.505982811 0.7186233135 0.4430036894 0.2668576118 0.1086577481 0.0530688546 0.0488468969 0.079654776 0.1682657813 0.3752616358
0.1274008233 0.2351951016 0.2190167311 0.1797210549 0.1585079483 0.2002208205 0.3368624555 0.6261683708 0.9874034467 0.6276255573 0.3310405553 0.1872616215 0.1805979072 0.1841001148 0.206665742 0.2246279751 0.2469189972 0.6431437247 0.17364159 0.071583239 0.0827802895 0.2301530013 0.6289751185 0.6921216649 0.9747058646 0.6389005839 0.3484389505 0.1293647166 0.0756497113 0.0949443643 0.1492369363 0.1920111162 0.1871767959 0.1322306118 0.074398576 0.0437762055 0.0421234823 0.0517830056 0.0889746048 0.2671940928 0.5044404586 1.5014714013 0.9222446606 0.8896877855 0.7654235143 0.3463562498 0.1528499801 0.0780185479 0.0728949605 0.1167536874 0.2472359239 0.5775182736
0.1564865186 0.3124000282 0.2974042533 0.2536938899 0.1788813211 0.2700606501 0.4734972987 0.7891941073 0.9714183638 0.8172233108 0.4861011017 0.2437067586 0.1399066455 0.1186414117 0.1305199662 0.1361015912 0.2000240994 0.1729685861 0.1443412734 0.0690216692 0.1277095786 0.3505042943 0.714124385 0.9291852599 1.2375288196 1.2602485211 0.4430123693 0.1623873713 0.0927641454 0.1431596862 0.2770769027 0.4304149726 0.4292282389 0.309675012 0.1470220491 0.0999652305 0.1109615606 0.1207202459 0.170358569 0.4644482312 1.3928739352 1.2126965541 1.4304870132 2.2888761608 0.9636676241 0.450673564 0.1892949515 0.0997293618 0.093490479 0.1419510656 0.3080528389 0.6908895937
0.1700561768 0.3040316707 1.2399628066 0.3012760393 0.3069628826 0.5496442887 1.0071550687 1.4748713477 1.6673994511 1.4388825159 0.8473349429 0.397890943 0.1879101411 0.1084092335 0.0824659095 0.073330489 0.0631738691 0.0562131562 0.0507939442 0.0925133039 0.2360405264 0.5778238417 1.1828221331 1.4953074981 1.5075014479 0.9601616065 0.5260541105 0.1812355438 0.1158458491 0.1947005554 0.3719587357 0.6057787552 0.7602352815 0.4246515259 0.2387877502 0.2199849489 0.240520785 0.254259553 0.2443240586 0.5554299558 1.7621577837 1.7899278216 2.3066127822 2.6140958194 1.2547726996 0.5524873805 0.2522479128 0.1589982151 0.1018165611 0.1487197672 0.3455491048 0.7079638314
0.1325485249 0.2927976232 0.3344291259 0.454673577 0.7176777815 1.339059922 2.5044510355 4.1872242379 3.926230356 2.8718282548 1.5610420954 0.7902994485 0.3018120485 0.1431969178 0.0821094496 0.0482058253 0.0275348961 0.0208421057 0.0384919366 0.1332787737 0.461916933 1.0358851304 2.0163870249 4.1648323716 1.8872899411 1.2540926969 0.4740455676 0.1870950492 0.1730599102 0.2635374586 0.4601482916 0.6317904594 0.6604990406 0.5135582423 0.332653333 0.3776686596 0.5304952097 0.3876084818 0.3013180137 0.5082336469 0.9286442193 1.852503334 4.2092556577 2.7709905577 1.2846257908 0.5098086085 0.5984758558 0.1741926845 0.1185038707 0.1457554204 0.3003104085 0.8891605784
0.1261344853 0.226763184 0.3561309553 0.7117977838 1.6176767839 3.1218037685 5.100553949 8.1446041417 8.2141471171 4.2819543779 2.9971767371 1.1448173275 0.544416968 0.321890852 0.1982811716 0.0730418643 0.0264644951 0.016672295 0.0434294053 0.1773700958 0.6258373368 1.8780352903 2.9326613239 3.570233126 2.853657475 1.1477950098 0.4648186317 0.1749755766 0.1794879166 0.5240274137 0.502459285 0.7289333175 0.7459617538 0.6269691069 0.405507828 0.4563267887 0.8833057262 0.4822447143 0.3509521587 0.4355275369 0.751631049 1.4223167694 2.2285456274 1.4963715953 0.7782483216 0.4032454637 0.2382490926 0.2099096216 0.1615169948 0.1677335955 0.2419943353 0.4024262984
0.1742172666 0.306157795 0.5119684498 1.1950891863 2.7410176187 6.8534401193 7.8717271043 9.606028426 7.6030415605 5.3810518189 2.7301107676 1.4884878632 0.944119072 0.9941369159 0.3968666306 0.134705908 0.0404052756 0.0206710035 0.0495620567 0.1917205397 0.6794414101 1.8293469565 4.5743339554 4.1495067637 2.7905442387 1.0921084363 0.3724201812 0.1555200206 0.1774656132 0.3222407874 0.7364846803 0.7877793034 1.164463134 0.6973222425 0.4370762311 0.4256994097 0.5168679705 0.5836051447 0.3568210137 0.3799220175 0.7002062649 0.7104340692 0.7201683621 0.6296108856 0.4151825927 0.2923927361 0.251711035 0.2388732342 0.29161101 0.2604527129 0.2266836894 0.2425946387
0.2108214268 0.4092757657 0.6010389079 1.4170083463 4.2158948854 6.1124495335 7.58220602 9.1256223745 6.0576417967 3.3651276648 2.9712539055 1.8520255201 1.6368868352 1.3832501475 0.6761329555 0.2099142296 0.0585381707 0.0277714243 0.0549038577 0.1804612306 0.5962823162 1.5615134015 3.1051635888 3.9478573598 2.3306602764 0.7701937221 0.2832291582 0.1319597647 0.1873243559 0.3547350494 0.6573189156 0.9304497544 0.9796712736 0.7473903575 0.447622414 0.3459248642 0.3782051618 0.4019871715 0.3654034571 0.331060974 0.3035194854 0.3040917653 0.2881290873 0.2955660257 0.3684223456 0.4498150498 0.4012673766 0.4358344605 0.4712237689 0.6222012459 0.2554501712 0.1741323652
0.2313821189 0.3741851211 0.545374177 1.3076582432 2.7189211625 4.1961248544 4.6743714729 4.2609893844 4.0299374284 2.9137468194 1.6703620546 1.8558896561 3.2756410388 2.3438007861 0.8661774179 0.2924746051 0.0711518178 0.0372059243 0.0660013852 0.1652456724 0.4542763275 1.3350383347 1.5541536677 1.8430080273 1.1157021592 0.4841361616 0.1856124081 0.1176825924 0.2076335407 0.7698849224 0.8240409881 1.5613095528 1.1489637592 0.9413024222 0.6304024566 0.4258811462 0.3644423166 0.4078982524 0.4128149046 0.2715723357 0.1819708449 0.145858619 0.176191627 0.2883584873 0.421602378 0.7428689126 0.6491629362 0.6898958677 1.1038681063 0.5869058453 0.3576514881 0.1592348135
0.3018339348 0.2602643974 0.3705436721 0.8105633868 1.8213385927 1.7421675412 2.0192702852 2.50147718 2.0217894438 1.5885027559 1.4361640234 1.5390644188 1.9487459348 1.8180024609 1.3980674179 0.2779555753 0.0716934023 0.0522358753 0.0936921714 0.1805370735 0.3551070944 0.5256463796 0.7779048401 1.3434206644 0.5636571635 0.2427552339 0.1199542788 0.1098981011 0.2777732553 0.5696694657 1.3537219598 1.8373511766 1.8868945466 1.5295825951 1.8609740946 0.495175768 0.3577966307 0.6187271848 0.4131394978 0.277474976 0.1448728966 0.1118349875 0.1577642322 0.2577678664 0.4739886206 0.8020900291 1.0311616585 1.2426368465 1.132478197 1.0061584838 0.477589575 0.2126616528
0.0982545611 0.150125218 0.1915311425 0.4077663392 0.585508574 0.804213302 0.9846412095 1.5340034853 1.2778884777 1.1046495379 0.9521932153 1.0069424386 1.575042335 0.9965944873 0.5369278663 0.2098262244 0.0611195522 0.0665802797 0.167355331 0.2626846425 0.3354028771 0.3312040721 0.3676569052 0.3296329412 0.250355045 0.1284266003 0.0924220219 0.1246903927 0.2742408269 1.2012438615 1.7470002089 2.6056825223 2.9571425692 2.4725405039 1.247617695 0.5482687299 0.3320106428 0.3530693984 0.4646695487 0.2226307379 0.1222312891 0.1036007564 0.1508363287 0.2571322891 0.4846760447 0.874832754 1.8333626276 1.7141803746 2.074163441 1.4316417989 0.6786908395 0.361322468
0.0263236891 0.0476894122 0.0778511697 0.1222872181 0.1973579005 0.3263739168 0.7150836076 0.6890422353 0.8158193264 0.8478965701 1.2920257287 0.6800946165 0.4779530797 0.3782997963 0.2262393735 0.0974690597 0.0491464743 0.0780063221 0.1997317272 0.4934302111 0.4743553616 0.4159350872 0.2769529237 0.1524229166 0.1017159009 0.1273192197 0.154493791 0.2345812555 0.3798070578 0.7138254219 1.3120599579 1.885735418 2.8229990225 2.6600991041 1.1913618342 0.5180885813 0.2482151175 0.2327128005 0.2123083451 0.172205839 0.1043602962 0.1044254473 0.1518886037 0.256981163 0.442739583 0.8972779708 1.4046234691 2.9324312492 1.6319408524 1.2216230521 1.1177614295 0.4949420924
0.0063937774 0.0137431549 0.0223092179 0.0360159539 0.065129742 0.1605082439 0.2655328817 0.4049996154 0.4782420625 0.6612435615 0.9583927904 0.5181348652 0.2573160784 0.1460270081 0.0955775627 0.0659478772 0.0563031333 0.0864474017 0.2053926986 0.3724490112 0.6922420425 0.797274351 0.3039084906 0.162871912 0.0967916841 0.1376332363 0.5706734631 0.4344915329 0.6329279421 0.8985749405 1.8448777679 3.0914186002 2.4706418926 1.4056601108 1.3070660831 0.5194329774 0.2640097602 0.1992402995 0.2062613837 0.2135631784 0.1980011141 0.1649695943 0.1587488761 0.2170564462 0.3632780452 0.6350868246 1.2559633253 1.7225657472 1.6269273314 1.0865992635 0.7395156099 0.6222446855
0.0032726792 0.0066191626 0.0096201447 0.0138831396 0.0278137064 0.0634256157 0.1553047197 0.3540347238 0.4790761111 0.593022326 0.5088606693 0.4834226552 0.2443585443 0.1591882318 0.1440714571 0.1467683525 0.1451458606 0.1424494105 0.1737930083 0.2918098979 0.4004528249 0.4284497845 0.3834857594 0.2339991389 0.1698610116 0.2035658626 0.3169876526 0.8092337136 1.3418092686 1.3602821309 1.282027009 2.0354333774 1.7241709054 0.8690255024 0.9574210392 0.515542836 0.3530626914 0.2954804485 0.2739140192 0.8679210867 0.8620440616 0.2378581108 0.2004658525 0.2093125404 0.3111007136 0.5485233246 1.0849204782 1.6550312041 1.6123914865 1.1761522528 0.7539293941 0.6555030159
