Models/StaticCorrelations/temp_raster_dens.asc
NCOLS 100
NROWS 100
XLLCORNER 3302900
YLLCORNER 3112000
CELLSIZE 4430
NODATA_VALUE NaN
[rows 46 to 68 of 100, columns 0 to 51 of 100]
0.0000091846 0.0000176137 0.0000309301 0.0000671424 0.0000920415 0.0000915694 0.0000556987 0.0000263214 0.0000124576 0.0000068035 0.0000063048 0.0000115292 0.0000246791 0.0000443138 0.0000540182 0.0000482269 0.0000287229 0.0000132836 0.0000061667 0.000008414 0.0000231594 0.0000670696 0.000137707 0.0002994425 0.000335668 0.0002655791 0.000121035 0.0000415805 0.0000123682 0.0000034261 0.0000018336 0.0000039364 0.0000109709 0.0000256877 0.0000508399 0.0000872232 0.000188624 0.0003328219 0.0005545638 0.0005960524 0.0004026577 0.0002314478 0.0001168122 0.0000679872 0.0000531252 0.0000480564 0.0000406743 0.0000342773 0.0000393327 0.000064962 0.0000911258 0.0001658167
0.0000053514 0.0000109604 0.0000196163 0.0000311361 0.0000415555 0.0000412131 0.0000317904 0.0000188172 0.0000100281 0.0000055815 0.0000045227 0.0000068678 0.000012689 0.0000191809 0.0000225505 0.0000198163 0.0000136841 0.0000079098 0.0000061504 0.0000114173 0.0000283186 0.0000640634 0.0001282533 0.0001832263 0.0002076898 0.0001558089 0.0000895936 0.0000357462 0.0000119451 0.0000034811 0.0000015851 0.0000026686 0.0000062257 0.0000129532 0.0000232601 0.0000457377 0.0000957059 0.0002052059 0.0003669288 0.0003038671 0.0003177772 0.0001958993 0.0001875556 0.0000976911 0.0000775956 0.0000694332 0.0000539262 0.0000442982 0.0000480555 0.0000729848 0.0001461408 0.0003749834
0.000002553 0.0000054657 0.0000088165 0.0000128512 0.0000159636 0.0000166035 0.0000139756 0.0000099599 0.0000063044 0.0000043717 0.0000042621 0.000006006 0.0000096811 0.0000136351 0.000016179 0.0000159423 0.0000139109 0.0000117192 0.0000110983 0.0000176077 0.0000462195 0.0000800824 0.0001232328 0.0001532944 0.0001521103 0.0001172473 0.000067332 0.0000324164 0.0000118306 0.0000036382 0.000001414 0.0000016918 0.0000033162 0.000005951 0.0000105386 0.000021087 0.0000476366 0.0000871098 0.0001270919 0.0001889931 0.0002524768 0.0002793274 0.0002305811 0.0001697578 0.0001241165 0.0001904193 0.0001273125 0.0000519735 0.0000516432 0.0000790463 0.0001732289 0.0004083858
0.0000016143 0.0000030492 0.0000041058 0.0000049667 0.0000056577 0.0000058024 0.0000052608 0.0000042439 0.0000035946 0.0000045549 0.0000069995 0.0000108635 0.0000162556 0.0000264592 0.0000318877 0.000034187 0.0000330433 0.0000299361 0.0000267642 0.0000281535 0.0000566932 0.0001582856 0.0001236906 0.0001398886 0.0001396809 0.0001052665 0.0000669342 0.0000323125 0.0000123151 0.0000039539 0.0000015127 0.0000012582 0.0000017491 0.0000026663 0.0000044125 0.000008796 0.000017219 0.000031664 0.0000605329 0.0001431794 0.0003360318 0.0004930338 0.000448145 0.0002164025 0.0001564481 0.0001278714 0.0000968102 0.0000630477 0.0000475578 0.0000707677 0.0001572129 0.0003737126
0.0000030055 0.000004595 0.0000042205 0.0000031109 0.0000022698 0.0000019181 0.0000017469 0.0000017316 0.000002492 0.0000058133 0.0000150618 0.0000222959 0.0000321406 0.0000471531 0.0000741517 0.0000705544 0.0000729546 0.0000748795 0.0000516525 0.0000417409 0.0000677349 0.0001049221 0.0001457851 0.0001584833 0.0001590894 0.000123725 0.0000810955 0.0000351032 0.0000133625 0.00000481 0.000002428 0.0000018078 0.0000015533 0.0000014705 0.0000018171 0.0000030728 0.0000062176 0.0000140976 0.0000371395 0.0001182438 0.0004242154 0.0005303028 0.0003516411 0.0002785115 0.0001691943 0.0001823466 0.0001284044 0.0000694337 0.0000492846 0.0000623099 0.0001219478 0.0002679039
0.0000082119 0.0000110847 0.0000084395 0.0000042549 0.0000018445 0.0000008982 0.0000007043 0.0000010364 0.0000025172 0.0000075394 0.0000189983 0.0000413309 0.0000432947 0.0000701705 0.000112608 0.0001300014 0.0001270596 0.0001284541 0.0000723068 0.0000566225 0.0000685251 0.0001080238 0.0001794174 0.0002384139 0.0002048461 0.0002306616 0.0000980112 0.0000452831 0.0000157123 0.0000075674 0.0000053033 0.0000042383 0.0000029266 0.0000017346 0.0000010853 0.0000012473 0.0000028263 0.0000081814 0.0000253361 0.0000837804 0.0001904662 0.0003150958 0.0003320041 0.000197364 0.0002012002 0.0002525309 0.0001507452 0.0001152779 0.0000718515 0.0000526031 0.0001726944 0.0001808974
0.0000181479 0.0000228233 0.0000144993 0.0000068895 0.0000026496 0.0000009965 0.0000006636 0.0000012646 0.0000035052 0.0000091573 0.0000215039 0.0000328847 0.0000501812 0.0000808162 0.0001394584 0.0002136292 0.0001557513 0.0001133287 0.0000846567 0.000060501 0.0000730661 0.0001185015 0.0001870345 0.0002402148 0.0003012119 0.0001931109 0.0001587955 0.0000541351 0.0000271386 0.0000133095 0.0000117598 0.0000095417 0.0000061186 0.0000029894 0.0000012617 0.0000008447 0.0000019006 0.0000061443 0.0000183194 0.0000462441 0.0000941131 0.000150858 0.0001678798 0.0002532797 0.0001322655 0.000152962 0.0002263183 0.0002004996 0.0001022282 0.0000515343 0.000044081 0.0000497501
0.0000308428 0.0000319591 0.0000223678 0.0000120901 0.0000053987 0.000002237 0.0000011318 0.0000020942 0.0000058485 0.0000144132 0.0000262413 0.0000397408 0.0000566498 0.0000898665 0.0001343406 0.0001573261 0.0001584123 0.0001012565 0.0000649048 0.0000536925 0.0000678377 0.0001159718 0.0001835822 0.0002681348 0.0002169493 0.0003238822 0.0001003 0.0001098246 0.0000313517 0.0000229315 0.0000220003 0.0000176026 0.0000102211 0.0000045975 0.000001716 0.0000008961 0.0000018565 0.0000061141 0.0000173364 0.0000383198 0.0000690719 0.0001027663 0.0001514698 0.0001166859 0.000112175 0.0001476789 0.0002054594 0.000248177 0.000121556 0.0000448407 0.0000181231 0.0000121229
0.0000305163 0.000042425 0.0000474104 0.0000347078 0.0000242523 0.0000043225 0.0000021057 0.0000033627 0.0000090328 0.0000289925 0.0000531855 0.000072108 0.0000847392 0.0000970691 0.0001246699 0.0001070442 0.0000998469 0.0000791342 0.0000528733 0.0000375972 0.0000532213 0.0000982102 0.000174865 0.0001552712 0.0001542026 0.0001007376 0.0000711795 0.0000365005 0.0000350101 0.0000322153 0.0000331869 0.0000238923 0.0000131673 0.0000056562 0.000002076 0.0000011225 0.0000022885 0.000007441 0.0000215368 0.0000496245 0.0000868676 0.000125161 0.0001246288 0.0001134607 0.0001328887 0.0001360416 0.0001794987 0.0001931997 0.0001078953 0.000043651 0.0000152421 0.0000060751
0.0000442291 0.0000651566 0.0000696094 0.0002069499 0.0000311591 0.0000074876 0.0000037561 0.0000048918 0.0000116267 0.0000347664 0.000120372 0.0001066076 0.0000979144 0.0001406847 0.0000765854 0.0000604408 0.000054601 0.0001029644 0.0000350392 0.0000253495 0.0000371503 0.000063149 0.0000791514 0.0000847455 0.000071183 0.0000535313 0.0000328225 0.0000215219 0.0000254198 0.0000372227 0.0000340267 0.0000241007 0.0000129299 0.0000055655 0.0000022251 0.0000016299 0.0000033927 0.0000096864 0.0000268157 0.0000643038 0.000125143 0.0001671325 0.0001782388 0.0001250866 0.0001077544 0.0001327739 0.0002116186 0.0001434642 0.0000982823 0.0000482173 0.0000201568 0.0000076726
0.000080935 0.0001110539 0.0001089421 0.0000658444 0.0000372363 0.0000107125 0.0000062493 0.0000066076 0.0000121209 0.0000322893 0.0000554227 0.0000684182 0.0000680044 0.0000545988 0.0000421983 0.000027414 0.0000284368 0.000025273 0.0000251255 0.0000217859 0.0000297797 0.0000368842 0.0000398933 0.0000382038 0.0000375203 0.0000428058 0.000022779 0.0000156241 0.0000198956 0.0000252807 0.0000253144 0.0000178641 0.0000098852 0.000004554 0.0000024305 0.0000030161 0.0000063284 0.0000147367 0.0000334183 0.0000701589 0.0001346847 0.0002527022 0.0002635205 0.0001513403 0.000147134 0.0001971376 0.0002131814 0.0002005363 0.0001318732 0.0000724758 0.0000346823 0.000012593
0.0000988835 0.0001765127 0.0001218055 0.0000607384 0.0000271889 0.0000140128 0.0000096592 0.0000091773 0.0000124447 0.000019622 0.0000268919 0.000030292 0.0000273184 0.0000212768 0.0000149871 0.0000108271 0.0000089398 0.0000108161 0.0000189149 0.000035292 0.0000460671 0.0000469021 0.0000355948 0.0000265369 0.0000246045 0.0000215078 0.0000182741 0.0000132696 0.0000140424 0.00001575 0.0000146872 0.0000110081 0.0000066438 0.000003894 0.0000036348 0.0000064819 0.0000143547 0.0000280267 0.0000571849 0.0000898265 0.0001248258 0.0001389872 0.0001603023 0.000199427 0.0002818736 0.0002940635 0.0004829872 0.0003401906 0.0001990397 0.0001171259 0.0000548499 0.0000177722
0.0000922582 0.0001448982 0.0001086279 0.0000560658 0.0000265538 0.0000163819 0.0000138719 0.0000154282 0.000018539 0.0000209684 0.0000199638 0.0000162743 0.0000115773 0.0000077684 0.0000051892 0.0000039519 0.0000048853 0.000010983 0.0000284548 0.0000603578 0.0000920582 0.0000771231 0.0000516803 0.0000311514 0.0000205722 0.000017003 0.0000162444 0.0000163334 0.0000159974 0.0000150667 0.0000130286 0.0000102871 0.0000070943 0.0000058315 0.0000081035 0.0000152666 0.0000302607 0.0000634906 0.0001062362 0.0001951868 0.0001502059 0.0001140937 0.0001386539 0.0002900943 0.0003857968 0.0004927652 0.0003637332 0.0003477394 0.0002448208 0.0001557154 0.0000623707 0.0000196528
0.0000565396 0.0000814742 0.0000711394 0.0000416989 0.0000232905 0.0000174302 0.0000203851 0.0000288265 0.0000405789 0.0000414733 0.0000325898 0.0000169211 0.0000077641 0.0000036204 0.0000020872 0.0000023328 0.0000055063 0.0000159481 0.0000419768 0.0000872559 0.0001238165 0.0001082945 0.0000696516 0.0000407288 0.000026178 0.0000222453 0.000023922 0.0000268343 0.0000261662 0.0000244376 0.0000260169 0.0000216827 0.0000172059 0.000011423 0.000018677 0.0000374044 0.0000613154 0.0001051403 0.0002104574 0.0003038116 0.0002105243 0.0001366664 0.0001439664 0.0002326462 0.0003612552 0.000382311 0.0004610459 0.0003095347 0.0002307457 0.0001242657 0.0000535784 0.0000167483
0.0000280097 0.0000443103 0.0000408046 0.0000292328 0.0000196653 0.0000188429 0.0000349907 0.0000562567 0.0000782068 0.0000844589 0.0000520832 0.0000241087 0.000008883 0.0000030853 0.0000015838 0.0000027453 0.0000083476 0.0000238696 0.0000572181 0.0001083051 0.0001404654 0.0001201479 0.0000768742 0.0000473704 0.0000306825 0.0000288046 0.0000363571 0.0000401344 0.0000430733 0.000045779 0.0000455238 0.0000584633 0.00002548 0.000021467 0.0000384698 0.0000730697 0.0001254638 0.0001583846 0.0002300282 0.0003157304 0.0003194503 0.0002091146 0.0001457124 0.0002039167 0.0004105182 0.0003124385 0.0004185452 0.0002974718 0.000170967 0.0000826437 0.0000329189 0.0000115452
0.0000170317 0.0000279572 0.000029323 0.0000244212 0.0000202653 0.0000227537 0.000044447 0.000172035 0.0001065057 0.0000992938 0.0000665601 0.0000306627 0.0000115864 0.0000042498 0.0000024256 0.0000041935 0.0000124318 0.0000336669 0.0000780235 0.0001288895 0.0001583223 0.0001183958 0.000071214 0.0000417383 0.0000304865 0.0000325543 0.000043662 0.0000575831 0.0000666324 0.0000714654 0.0000884584 0.0000539346 0.0000392478 0.000036323 0.000063152 0.0001234389 0.0001787972 0.0002683003 0.0002402021 0.0003309056 0.0001949846 0.0001464529 0.0001832474 0.0002806704 0.0002329306 0.0002139245 0.000256777 0.0002689598 0.0000979372 0.0000440693 0.0000173436 0.0000069359
0.0000167091 0.0000270699 0.0000317332 0.0000289517 0.0000285336 0.0000393864 0.0000595992 0.0000875646 0.0001038829 0.0000963245 0.0000659675 0.0000346123 0.00001585 0.0000084085 0.0000063494 0.0000079294 0.0000174508 0.0000440463 0.0000888147 0.0001629018 0.0001517511 0.000107643 0.0000645373 0.0000330371 0.0000259416 0.0000329015 0.0000509183 0.0000783666 0.0000998916 0.0001107523 0.0000958692 0.0000889825 0.0000685965 0.0000687352 0.0000831532 0.000147399 0.0002419531 0.0002066766 0.0003486515 0.000164105 0.0001212875 0.0000918719 0.0001198285 0.0002241357 0.0001328794 0.0001064972 0.0000909572 0.0000718019 0.0000438328 0.0000187843 0.0000082393 0.0000046325
0.0000153095 0.0000398534 0.0000386632 0.0000482378 0.0000533178 0.0000618263 0.0001210817 0.0000754563 0.0000908864 0.0000850063 0.0000669977 0.0000408655 0.0000290723 0.0000250768 0.0000235766 0.000022863 0.0000284671 0.0000617468 0.0001040695 0.0001146925 0.000104903 0.0001136009 0.000049007 0.0000254462 0.000022731 0.0000332698 0.0000568276 0.0000915231 0.0001266383 0.0001387886 0.0001390862 0.0001258812 0.0001862346 0.0000933622 0.0000897737 0.0001387099 0.0002095347 0.0001614019 0.0001126841 0.0000891907 0.0000521028 0.0000482184 0.0000748392 0.0000867325 0.0000832328 0.0000519153 0.0000356647 0.000024888 0.0000164611 0.000009729 0.0000054267 0.0000043802
0.0000127482 0.0000266205 0.0000578194 0.0000824679 0.0001097136 0.0000939056 0.0000792163 0.0000730427 0.0000702947 0.0001050511 0.0000755035 0.000079202 0.000089786 0.0000934397 0.0000880529 0.000084224 0.0000709854 0.0000793057 0.0002293356 0.0000725596 0.0000579196 0.00004655 0.0000333367 0.0000195039 0.0000228054 0.0000374568 0.0000618628 0.0000940075 0.0001180283 0.0001295077 0.0001636745 0.0001760571 0.0001398145 0.0001153196 0.0000875581 0.0000960465 0.000192834 0.0000802235 0.0000495195 0.0000319203 0.0000230668 0.0000237191 0.000032575 0.0000434555 0.0000468292 0.0000387836 0.0000298619 0.0000235409 0.0000182861 0.0000131983 0.0000088992 0.0000065357
0.0000061411 0.0000205642 0.0000571594 0.0001513592 0.0001296273 0.0001280849 0.0001045742 0.0000758468 0.0000585367 0.0000618062 0.0000950517 0.000265852 0.0003433888 0.0003036396 0.0002882485 0.0002472972 0.0002234896 0.0001137104 0.0000655465 0.0000492691 0.0000269641 0.0000200247 0.0000152997 0.0000164954 0.0000257546 0.000045168 0.0000787578 0.0001056684 0.0001180907 0.0001113809 0.000110366 0.0001216877 0.0001325926 0.0001198188 0.0000935936 0.0000735655 0.0000580762 0.0000443594 0.0000245556 0.0000145327 0.0000101457 0.000011077 0.0000165961 0.0000248683 0.0000319503 0.0000381933 0.0000395099 0.0000385963 0.0000394867 0.0000328452 0.0000246379 0.0000113193
0.0000036695 0.0000150764 0.000050213 0.0000868398 0.0001223925 0.0001391763 0.0001573234 0.0000752104 0.0000455698 0.0000600545 0.00013561 0.0003013017 0.0007239414 0.0007681493 0.000834976 0.0005651241 0.0003404919 0.000159336 0.0000696593 0.0000369017 0.0000226627 0.0000113086 0.0000094256 0.0000213866 0.0000348636 0.0000558504 0.000086208 0.0001725117 0.0001620587 0.0001140701 0.0000715604 0.0000866184 0.0001360149 0.0001388342 0.0001028404 0.0000732642 0.0000527681 0.0000366043 0.0000203238 0.0000101203 0.0000055462 0.0000056337 0.0000089063 0.0000147234 0.0000239616 0.0000364792 0.000051317 0.0000545965 0.0000599243 0.0001494875 0.0000374601 0.0000174319
0.0000024608 0.000010379 0.0000274888 0.0000569482 0.0000873369 0.0001073012 0.0000918895 0.0000630143 0.0000390219 0.0000611136 0.0001887946 0.0005380386 0.0008616433 0.0015142755 0.0014119656 0.0008836948 0.0005360353 0.000218466 0.0001024379 0.0000574854 0.0000229911 0.0000096195 0.0000073218 0.0000197445 0.0001311822 0.0000506768 0.0000727955 0.0001052883 0.000083633 0.0000597584 0.0000520248 0.0000657986 0.0000966403 0.0001229528 0.0001058691 0.0000840842 0.0000770265 0.0000537206 0.0000323836 0.0000115072 0.0000042932 0.0000030741 0.0000045828 0.0000086845 0.0000167403 0.0000305233 0.0000459312 0.0000623625 0.0000695336 0.0000638734 0.0000460102 0.0000221334
0.0000017872 0.0000063792 0.0000172244 0.0000365888 0.0000604238 0.0000592019 0.0000500054 0.0000374592 0.000033082 0.0000595562 0.0001650664 0.0004983937 0.0008682454 0.0012776464 0.0010412695 0.0008269887 0.0005110319 0.0003981227 0.0001318025 0.000050587 0.0000228554 0.0000083288 0.0000056851 0.0000161298 0.0000246391 0.0000347019 0.0000405593 0.0000424155 0.0000391615 0.0000317665 0.0000343285 0.0000522501 0.0000724667 0.0000894112 0.0000936169 0.0000943351 0.000096096 0.0001091663 0.0000483544 0.0000144048 0.0000042986 0.0000019297 0.0000023209 0.0000047582 0.0000102016 0.0000191992 0.0000327792 0.0000460297 0.0000580955 0.0000552278 0.0000414111 0.0000221827
