Models/StaticCorrelations/temp_raster_dens.asc
NCOLS 100
NROWS 100
XLLCORNER 3302900
YLLCORNER 3112000
CELLSIZE 4430
NODATA_VALUE NaN
[rows 69 to 91 of 100, columns 0 to 51 of 100]
0.0000020341 0.00000584 0.0000130543 0.0000251683 0.0000334649 0.0000360045 0.0000312766 0.0000283249 0.0000317396 0.0000520024 0.0001298073 0.0003011826 0.0006398738 0.0007118529 0.0009232173 0.0006871693 0.0008000493 0.0003387062 0.0001308184 0.0000464342 0.0000173917 0.0000070714 0.0000040466 0.0000056 0.0000093052 0.0000135548 0.0000162152 0.0000174889 0.0000180438 0.0000203711 0.0000248306 0.0000390236 0.0001088824 0.0000697246 0.0000829348 0.0001007759 0.0001045579 0.0001428503 0.0000519116 0.0000159245 0.0000046231 0.0000015401 0.000001202 0.0000023146 0.0000049427 0.0000098497 0.0000171642 0.0000275672 0.0000386115 0.0000474121 0.0000316642 0.000017978
0.0000044327 0.0000106275 0.0000187612 0.0000267835 0.0000334981 0.0000358329 0.000035992 0.000035195 0.0000401226 0.0000603714 0.0001078045 0.0002158394 0.0004600013 0.0006066996 0.0004431398 0.0004774776 0.0004263756 0.000253005 0.0001080374 0.0000419885 0.0000165825 0.000006334 0.0000029044 0.0000026249 0.0000037166 0.0000050005 0.0000060981 0.0000073514 0.0000097063 0.0000132176 0.0000175652 0.0000302583 0.0000404084 0.0000623852 0.0000932567 0.0001057417 0.0001140722 0.000077582 0.0000455906 0.0000162123 0.0000050629 0.0000015515 0.000000726 0.0000009743 0.0000020177 0.0000040439 0.0000076196 0.0000133307 0.000021409 0.0000233146 0.0000194981 0.0000114783
0.0000109269 0.0000261429 0.000042781 0.0000567022 0.0000613979 0.0000636623 0.0000594362 0.0000579774 0.0000614444 0.0000900666 0.000143488 0.0002086823 0.0002713734 0.0004069078 0.0004003951 0.000309127 0.0002894703 0.0001615775 0.0000872166 0.0000442177 0.0000192999 0.0000073585 0.0000026645 0.0000014615 0.0000015841 0.0000020605 0.000002678 0.0000037691 0.0000058924 0.0000092024 0.0000139104 0.0000198096 0.0000312456 0.0000565694 0.0000995242 0.0001422426 0.0001160491 0.0000754406 0.0000415966 0.0000171558 0.0000060245 0.0000019307 0.0000006367 0.0000004451 0.0000007846 0.0000016384 0.0000032498 0.000005941 0.000008467 0.0000095719 0.0000081632 0.0000065529
0.0000198768 0.0000582704 0.0000943868 0.0001205755 0.0001183919 0.0000976681 0.0000899167 0.0000836716 0.0000895509 0.0001328871 0.0002328873 0.0002829354 0.0002301099 0.0002452703 0.0003143481 0.0002454354 0.000196335 0.0001506002 0.0000986317 0.0000568863 0.0000267199 0.0000100062 0.0000031452 0.0000015117 0.000001656 0.0000022136 0.0000027567 0.0000034276 0.0000050065 0.0000088881 0.0000150778 0.0000236394 0.0000353561 0.0000615988 0.0001112749 0.0001721372 0.0001366717 0.0001014181 0.0000467166 0.0000209652 0.0000082017 0.0000026978 0.0000008024 0.0000003609 0.0000005597 0.0000013808 0.0000029655 0.0000050113 0.0000065463 0.0000066467 0.0000055483 0.0000048108
0.0000264501 0.0000804935 0.0001640804 0.0001736863 0.0002362653 0.0001059644 0.0000832804 0.0001015963 0.0001231413 0.0001467962 0.0002568375 0.0001878701 0.000252449 0.0002372328 0.000316493 0.0002736015 0.0002492828 0.0002054174 0.0001497158 0.0000869547 0.0000404372 0.0000129215 0.0000039842 0.0000025022 0.0000035626 0.000005121 0.0000060009 0.0000061258 0.0000068807 0.0000112141 0.000022602 0.0000335474 0.000046058 0.000070694 0.0001330203 0.0001914433 0.0002608436 0.0000990375 0.0000575548 0.0000286189 0.0000113986 0.0000038241 0.0000011499 0.0000005613 0.000000941 0.0000026655 0.0000078534 0.0000154872 0.0000215239 0.0000206541 0.0000140741 0.0000079577
0.0000250149 0.0000766 0.0001369754 0.0001566507 0.0001140552 0.0000799406 0.0000618065 0.0000817705 0.000225598 0.000114054 0.000104182 0.0001233518 0.0001429449 0.0002505073 0.0003806491 0.000328394 0.0003872331 0.0003475634 0.0002467 0.0001383716 0.000048318 0.0000149752 0.000004805 0.0000041743 0.0000073209 0.0000110866 0.0000130961 0.000012141 0.0000111976 0.0000153544 0.000028768 0.0000639337 0.0000690542 0.0000905557 0.0002163278 0.0003095838 0.0001547885 0.0001192326 0.0000769906 0.0000372725 0.0000152837 0.0000050772 0.0000018167 0.000001204 0.0000019253 0.0000051457 0.0000158168 0.0000479257 0.000077984 0.0000754667 0.0000448083 0.0000130831
0.0000169376 0.0000461164 0.0000726014 0.0000782943 0.0000621143 0.0000415141 0.0000347172 0.0000501331 0.0000571328 0.0000612543 0.0000533239 0.0000631565 0.0001053959 0.0001696673 0.0002590445 0.0004486501 0.0004054908 0.0006300393 0.0003703645 0.0001345432 0.0000495669 0.0000147897 0.0000056592 0.0000062596 0.000011612 0.0000189343 0.0000220794 0.0000200235 0.0000162086 0.0000201314 0.0000376431 0.0000721144 0.0002499107 0.0001217109 0.0001452874 0.0001643577 0.0001730881 0.0001644064 0.0000914963 0.0000470317 0.0000178431 0.0000066731 0.0000035173 0.0000031214 0.0000040678 0.0000083499 0.0000237729 0.0000650857 0.0001686339 0.0001979321 0.0000576587 0.000018104
0.0000079881 0.0000183028 0.0000268998 0.0000289251 0.0000243031 0.0000179474 0.0000150637 0.0000164626 0.0000211592 0.0000283872 0.0000392913 0.0000522004 0.0000852812 0.0001762924 0.000193638 0.0002588973 0.0003741633 0.0003666964 0.0002403113 0.00011816 0.0000408088 0.0000145707 0.0000077286 0.0000092992 0.0000155042 0.0000233248 0.0000283366 0.0000236825 0.0000195037 0.000025949 0.0000506372 0.0001039722 0.0001549896 0.0002018595 0.0002441222 0.0002510851 0.0001701922 0.0001407699 0.0001047418 0.000046419 0.0000190804 0.0000096044 0.0000081235 0.000008358 0.0000090623 0.0000129248 0.0000271689 0.000066516 0.0001045447 0.0000976392 0.0000590814 0.0000190633
0.0000027182 0.0000056943 0.0000078182 0.0000083504 0.0000073665 0.0000059309 0.0000053419 0.0000068056 0.0000122772 0.0000248723 0.0000439524 0.0000642579 0.000085093 0.0001570189 0.0001218713 0.0001609434 0.0003155112 0.0002257745 0.0001655082 0.0000810519 0.0000352665 0.0000176503 0.0000152489 0.0000181804 0.000021142 0.0000247364 0.0000245986 0.0000216282 0.0000191701 0.0000303438 0.0000744949 0.0001589823 0.0002431452 0.0003794409 0.0004374071 0.0002816339 0.0002063922 0.0001496708 0.0000840531 0.0000397503 0.0000190289 0.0000157986 0.0000182391 0.0000197124 0.0000195533 0.0000221263 0.0000334687 0.0000516038 0.0000640358 0.00006126 0.0000395815 0.0000208751
0.0000013536 0.0000023756 0.0000026986 0.0000024899 0.0000020635 0.0000017699 0.0000020997 0.000004232 0.0000110022 0.0000270635 0.0000544934 0.0000754094 0.0000902506 0.0000845265 0.0000899737 0.0000985151 0.0001332621 0.0002565444 0.0001124145 0.0000620056 0.0000333992 0.0000261172 0.0000385877 0.0000425369 0.0000404542 0.0000261831 0.0000203416 0.0000165218 0.0000167976 0.0000317155 0.0000844823 0.0002284051 0.0004840447 0.0004177106 0.0004987104 0.000347237 0.0004148075 0.0002004918 0.0000656474 0.0000283932 0.0000200305 0.0000255309 0.0000339699 0.0000367038 0.0000359972 0.0000422565 0.0000592953 0.0000848159 0.0000892735 0.0000757621 0.0000469312 0.0000300444
0.0000021202 0.0000031227 0.0000027639 0.0000018295 0.0000011136 0.000000883 0.0000014566 0.0000039464 0.0000111432 0.0000277004 0.0000549359 0.0000854247 0.0000801975 0.0000799812 0.0000588632 0.0000596271 0.0000815969 0.0000882392 0.0000783782 0.000049577 0.0000365388 0.0000395825 0.0000564935 0.0001045014 0.0000628597 0.0000413169 0.0000292091 0.0000156916 0.0000159035 0.0000302979 0.0000804464 0.0001941481 0.0003702463 0.0006341182 0.000562773 0.0004640782 0.0002404181 0.0001289162 0.0000552981 0.0000245886 0.0000231441 0.0000347848 0.0000482807 0.0000510177 0.0000507019 0.0000795869 0.0001350271 0.0001890202 0.0002467348 0.0001410736 0.0000826349 0.0000539929
0.0000043846 0.0000062244 0.0000051582 0.0000032998 0.0000019097 0.000001448 0.0000022448 0.0000052296 0.0000125899 0.0000270072 0.0000489131 0.0000642658 0.0000646895 0.0000508147 0.0000414046 0.0000392562 0.0000478297 0.000055083 0.0000522943 0.0000447213 0.0000433852 0.0000459509 0.0000703047 0.0000790083 0.0000809702 0.0001160933 0.0000407516 0.000022738 0.0000203752 0.0000322517 0.0000688692 0.0001534376 0.0003143906 0.0004662762 0.0005785602 0.0003233531 0.000169101 0.0000907252 0.0000492817 0.0000343398 0.0000336976 0.0000421901 0.0000516581 0.0000511923 0.0000590616 0.0001091204 0.000282654 0.0003829979 0.0004140863 0.0002740659 0.0001398693 0.0000853544
0.000008699 0.0000122562 0.0000109453 0.0000076308 0.0000049425 0.0000041432 0.0000059712 0.0000116237 0.0000211851 0.0000344295 0.0000459248 0.0000494521 0.0000428951 0.0000323146 0.0000261875 0.0000303487 0.0000493075 0.0000666356 0.0000688107 0.0000541736 0.0000407476 0.0000531965 0.0000718654 0.0001002093 0.0001066189 0.0000923457 0.000062399 0.000036237 0.0000318286 0.0000419772 0.0000823538 0.0001628129 0.0002750873 0.0004396192 0.0003955 0.000265162 0.0001646944 0.0001192165 0.0001029289 0.0000805057 0.0000731003 0.0000585957 0.0000510922 0.0000471928 0.0000592936 0.0001382936 0.0002928471 0.0005979606 0.000670691 0.0004069551 0.0001976313 0.0001184841
0.0000172149 0.0000266706 0.0000259306 0.000019496 0.0000139751 0.0000125575 0.0000184566 0.0000387525 0.0000629073 0.0000790021 0.0000770572 0.0000605217 0.0000415198 0.0000264034 0.0000211464 0.000029148 0.0000552838 0.0001208727 0.0001186791 0.0000815413 0.0000397184 0.000048119 0.0001819604 0.0001283537 0.0001977149 0.0001306527 0.0000829733 0.0000576699 0.0000495061 0.000058699 0.0000942969 0.000271406 0.0003931937 0.0002717797 0.0003132973 0.0002349567 0.0003277301 0.0004280213 0.0002168452 0.0002881616 0.000155554 0.0001045012 0.000064659 0.0000513469 0.0000599056 0.000125083 0.0004246693 0.000585764 0.0007192024 0.0005211177 0.0002501972 0.0001562867
0.0000343834 0.0000686533 0.0000687705 0.0000587951 0.0000354085 0.0000361642 0.0000547195 0.0000995219 0.0002531512 0.0002151379 0.0001919244 0.0001400846 0.0000797083 0.0000338193 0.0000240919 0.0000318715 0.0000598317 0.000106676 0.0002243963 0.0000868643 0.0000413637 0.0000499827 0.0000917253 0.0001757176 0.0001881418 0.0001594199 0.0001676321 0.0000672871 0.0000543129 0.000082138 0.0000888365 0.0001268436 0.0001681191 0.0002127892 0.00018227 0.0002554985 0.0004561197 0.0004963979 0.0004642877 0.0004061781 0.0003213488 0.0001719052 0.000091385 0.0000573855 0.0000667447 0.0001000104 0.0001870894 0.0003548669 0.0005639997 0.0004717201 0.0003434059 0.0001850326
0.0000608943 0.0001074407 0.000272218 0.0001017256 0.0000767771 0.0000932425 0.0001565968 0.0002586331 0.0003656227 0.0005190102 0.0004440604 0.0003989641 0.0001316209 0.0000584115 0.0000338271 0.000040756 0.0000622133 0.0000995642 0.0001139953 0.0001002357 0.0000624582 0.0000626859 0.0001069813 0.0001746413 0.0002158106 0.0003013732 0.0001370169 0.0000752006 0.0000515554 0.0000504834 0.0000567166 0.0000625532 0.0000778205 0.000106332 0.0002034344 0.000252781 0.0004417358 0.0007210734 0.0007695074 0.0008078074 0.0004605428 0.00025423 0.0001243294 0.0000708338 0.000050722 0.0000608183 0.0001028512 0.0002171673 0.0004795507 0.0006573672 0.0003234798 0.0002635752
0.0000883022 0.0001567433 0.0001663442 0.0001501266 0.0001387519 0.0002003025 0.0003524683 0.0006388619 0.0007928766 0.0007177517 0.0006795214 0.0003852259 0.0002220111 0.0000754843 0.0000498532 0.0000582241 0.0000765737 0.0001022574 0.0001036596 0.0001699033 0.0001648571 0.0000750613 0.0001791288 0.0002535994 0.0003460321 0.0003415797 0.0001810842 0.0000809884 0.000044191 0.0000319891 0.0000289134 0.0000290392 0.00003302 0.0000614484 0.0002007349 0.0001903154 0.0003362854 0.0005615135 0.0009393936 0.0008420679 0.0006024996 0.0003627206 0.0002319745 0.0000774855 0.0000550546 0.0000502665 0.000070394 0.0001534695 0.0002675952 0.0003286361 0.0003866076 0.0002557465
0.000118993 0.0002002212 0.0001761939 0.0001464853 0.0001886985 0.0003673331 0.0005615395 0.0008298932 0.0008588372 0.0010195735 0.0007461343 0.0004972161 0.0002031622 0.0000819111 0.0000592887 0.0000815305 0.0000929403 0.0001044295 0.0001604141 0.0000887129 0.0000671365 0.0000873806 0.0002135367 0.0004988085 0.000591066 0.0005238904 0.0002270442 0.000097298 0.0000471436 0.0000263252 0.000017422 0.0000135423 0.0000147905 0.0000306411 0.0000550468 0.0001027256 0.0001928036 0.000418485 0.0004467721 0.0005620464 0.0003756197 0.0002177952 0.0001288794 0.0001013779 0.0000806555 0.0000658555 0.0000612932 0.0000990036 0.0001789513 0.000250472 0.0002627714 0.000190927
0.0000804159 0.0001692721 0.0001420281 0.0001436697 0.0001850518 0.0003333515 0.0004763702 0.0008574835 0.0008892401 0.0007124076 0.0007560844 0.0006029525 0.0001702097 0.0000681004 0.0000621869 0.0000851717 0.0001044782 0.0001141785 0.0000918596 0.0000702956 0.0000504388 0.0000798675 0.0002205967 0.000803008 0.0007031809 0.0005585171 0.0002321414 0.000104495 0.000056513 0.0000340999 0.0000190859 0.0000107122 0.0000075093 0.0000106692 0.0000206919 0.0000421137 0.0000899137 0.0001813724 0.0002975643 0.0002072401 0.000175153 0.0001294827 0.0001157402 0.0001219029 0.0001280118 0.0000812073 0.000059738 0.0000830413 0.0001459744 0.0002385852 0.0002439949 0.0001574677
0.000042814 0.0000785033 0.0001541648 0.0001055299 0.000154802 0.000239068 0.0003857315 0.0004785694 0.0005206136 0.0004206301 0.0003293869 0.0002359756 0.000126402 0.0000598762 0.0000615962 0.0000970211 0.0001316124 0.0001180291 0.0000887562 0.0000649334 0.0000555439 0.0000753466 0.0001720675 0.0002809262 0.0003442664 0.0003832337 0.0001757011 0.000093577 0.0000744642 0.0000546684 0.0000370836 0.0000132227 0.0000054742 0.0000045228 0.000007529 0.0000157107 0.0000366106 0.000062118 0.0000808616 0.0000961766 0.0000897362 0.0000889168 0.0000969084 0.0001565011 0.0001232879 0.0000828763 0.0000589941 0.000071882 0.0001194356 0.0001471001 0.0001477506 0.0001246888
0.0000255335 0.0000571288 0.0000734255 0.0000922556 0.0001257352 0.0002914362 0.000311568 0.0002595225 0.0002265654 0.0001818273 0.0001518846 0.0001786434 0.0000901596 0.0000602348 0.0000663455 0.000114969 0.0002508538 0.00015281 0.0001143709 0.0000808252 0.0000645392 0.0000670716 0.0000931428 0.0001379194 0.0001615081 0.0001424572 0.0001032028 0.0000701557 0.0000692897 0.0001076659 0.0000436419 0.0000163463 0.0000053695 0.0000024487 0.0000027887 0.0000061313 0.0000128544 0.0000240008 0.0000452236 0.0000700578 0.0001966233 0.0000732255 0.0000777803 0.0000846502 0.0000805637 0.0000604149 0.0000617662 0.0000576486 0.0000689924 0.0000889434 0.0000952086 0.0001147727
0.0000490559 0.000088432 0.0001137446 0.0001127806 0.0001358103 0.0001828084 0.0002023796 0.0001911483 0.0001043368 0.0000789919 0.0000856039 0.0000965181 0.0000907339 0.0000593481 0.0000696599 0.0001264442 0.0001950453 0.0002262669 0.0001448942 0.0000982559 0.0000733611 0.0000616134 0.0000654346 0.0000772054 0.0001022062 0.0000718458 0.0000518624 0.0000441703 0.0000544558 0.0000536486 0.0000402672 0.00001529 0.0000052762 0.0000019245 0.0000015237 0.0000034726 0.0000098489 0.0000250369 0.000057156 0.000194013 0.00010691 0.0000927837 0.000062901 0.0000473848 0.000037831 0.000039162 0.0000427797 0.0000524657 0.0000675558 0.0000842945 0.0001985986 0.0001323894
0.0000689943 0.0002481354 0.0002159187 0.0002142923 0.0001857765 0.0001741361 0.0002487783 0.0001106534 0.0000678107 0.0000461984 0.0000514163 0.0000609391 0.0000589793 0.0000519609 0.0000610559 0.0001111063 0.0001960027 0.0002111173 0.0001649347 0.0000949188 0.000067427 0.0000649884 0.000045575 0.000045232 0.0000435207 0.0000385662 0.0000275031 0.0000256988 0.0000280539 0.0000277571 0.0000210936 0.0000116599 0.0000047474 0.0000019515 0.0000014823 0.0000037091 0.0000126177 0.0000375192 0.0000947706 0.0001591162 0.0001912041 0.0001540143 0.0000907502 0.0000389512 0.0000247562 0.0000300973 0.0000506612 0.0000766999 0.0001133976 0.0001929867 0.0001541826 0.0001884772
