Models/StaticCorrelations/temp_raster_dens.asc
NCOLS 100
NROWS 100
XLLCORNER 3302900
YLLCORNER 3112000
CELLSIZE 4430
NODATA_VALUE NaN
[rows 0 to 22 of 100, columns 0 to 51 of 100]
0.0000143503 0.0000266469 0.0000312007 0.0000371816 0.0000713404 0.0002228599 0.0000861936 0.0001610851 0.0000318758 0.0000137668 0.0000131364 0.0000207445 0.0000380817 0.0000475678 0.0000618888 0.0000603939 0.0000285503 0.0000067634 0.000002136 0.0000023406 0.000008204 0.0000328067 0.0001226341 0.0002422185 0.0002805585 0.00020544 0.0001733337 0.0001002139 0.0001755794 0.0000455691 0.0000188767 0.0000071985 0.0000025265 0.0000019309 0.0000037119 0.0000068004 0.0000092291 0.0000067853 0.0000036173 0.0000014394 0.0000004542 0.0000001164 0.0000000249 0.0000000057 0.0000000099 0.0000000579 0.0000003106 0.0000013919 0.0000048762 0.0000139395 0.0000297393 0.0000522095
0.000019298 0.0000344834 0.0000424058 0.0000644008 0.0000855862 0.000111764 0.0001448889 0.0000902195 0.0000566845 0.0000347015 0.0000367907 0.0000542034 0.0000777859 0.0001135952 0.0001099902 0.0001343104 0.000038739 0.0000118452 0.0000055246 0.0000059854 0.0000161033 0.0000665565 0.0002114417 0.0006401046 0.000703305 0.0005762675 0.0002519554 0.000241751 0.0001399378 0.0000852635 0.0000362468 0.000013365 0.0000046631 0.0000030667 0.0000051844 0.0000088544 0.0000103797 0.000008826 0.000005006 0.0000021402 0.0000007097 0.0000001899 0.0000000422 0.0000000104 0.000000019 0.0000001104 0.0000005967 0.0000027115 0.0000100595 0.00002732 0.0000611554 0.0000977539
0.000014165 0.0000251265 0.0000364944 0.0000461385 0.0000654857 0.000095385 0.0001075726 0.0000967578 0.0000719879 0.0000729093 0.0000883566 0.0001076843 0.0001407207 0.0002253506 0.0002290172 0.0000728721 0.0000367545 0.0000169654 0.0000128071 0.000012919 0.0000224895 0.0000725518 0.0002780744 0.0005354871 0.0006804647 0.0004170511 0.0002942093 0.0002169628 0.0001883793 0.0000980223 0.000044666 0.000017493 0.0000056181 0.0000029873 0.000004178 0.0000062138 0.0000072425 0.0000061792 0.0000039587 0.0000018319 0.0000006555 0.000000187 0.0000000453 0.0000000136 0.0000000252 0.000000137 0.0000007371 0.000003436 0.0000128789 0.0000385457 0.0000748192 0.0001392496
0.0000077584 0.0000164788 0.0000254161 0.0000386165 0.0000571918 0.0000787184 0.000096208 0.0000912786 0.000086598 0.000127894 0.000197525 0.0002009171 0.0002060271 0.000183346 0.0001292678 0.0000659358 0.000033708 0.0000283865 0.0000283478 0.0000262043 0.0000283907 0.0000622256 0.0001436747 0.0002792006 0.0004180022 0.0003016966 0.0003119613 0.000189228 0.0001445112 0.0000943137 0.0000518075 0.0000184096 0.0000056534 0.000002262 0.0000023111 0.0000031299 0.0000035137 0.0000030965 0.0000020938 0.000001094 0.0000004354 0.000000145 0.0000000512 0.000000031 0.0000000431 0.0000001471 0.0000007154 0.0000032759 0.0000126367 0.0000355149 0.00008082 0.0001191874
0.0000054876 0.0000144389 0.0000343925 0.0000514851 0.0000723974 0.0000793021 0.0000813075 0.0000723434 0.0000851161 0.0001599622 0.0003173278 0.0003149569 0.0003169272 0.0003534595 0.0001474499 0.0000738485 0.0000438617 0.0000466895 0.0000507283 0.00004435 0.000034504 0.0000386368 0.000068598 0.0001137581 0.0001431145 0.0001467319 0.0001349026 0.0002177288 0.0001119855 0.0001075406 0.0000540289 0.0000184528 0.0000049795 0.0000015168 0.0000010253 0.0000011983 0.0000013131 0.0000011731 0.0000008465 0.0000004969 0.0000002606 0.0000001611 0.0000001539 0.0000001735 0.0000001891 0.000000243 0.000000632 0.0000025004 0.0000089341 0.000026093 0.0000451466 0.0000738513
0.0000059533 0.0000174567 0.0000427785 0.000121129 0.0000803454 0.0000851621 0.0000665545 0.0000540844 0.000067932 0.0001363372 0.0002768918 0.0005119325 0.0003558262 0.0002632634 0.0002005305 0.0000807692 0.0000518028 0.0000597629 0.0000668993 0.0000557738 0.0000376875 0.0000272449 0.0000307539 0.0000472362 0.0000591133 0.0000654679 0.0000707508 0.0000744116 0.0000983463 0.0001795366 0.0000593109 0.000015772 0.0000040888 0.0000010056 0.0000004196 0.0000003809 0.0000003989 0.0000003727 0.0000003165 0.000000284 0.0000003264 0.0000005063 0.0000007846 0.0000010653 0.0000011227 0.0000009772 0.0000008837 0.0000016869 0.000005079 0.0000124753 0.0000308214 0.0000471068
0.0000071637 0.0000203066 0.0000463866 0.0000669654 0.000075514 0.0000640378 0.0000522928 0.0000394128 0.000046698 0.0000942805 0.0002092875 0.0002946912 0.000305234 0.0002059476 0.0001293881 0.0000808714 0.0000556628 0.0000539342 0.0000662216 0.000059295 0.000041683 0.0000201329 0.0000166856 0.0000247783 0.0000440827 0.0000381221 0.0000433948 0.0000530493 0.0000715169 0.0001334864 0.0000452763 0.0000126996 0.0000030475 0.0000007394 0.0000002361 0.000000145 0.0000001373 0.0000001661 0.0000002692 0.0000005201 0.0000010187 0.0000018893 0.0000035644 0.0000050385 0.0000056493 0.0000042458 0.0000025404 0.0000015709 0.000002649 0.0000074837 0.0000221084 0.0000686275
0.000008741 0.0000217581 0.0000379017 0.0000489084 0.000051073 0.0000449135 0.0000372404 0.00003303 0.0000370961 0.000060022 0.0001042468 0.0001633001 0.0001481973 0.0001164178 0.0000827638 0.0000910782 0.0000462071 0.0000398442 0.0000485941 0.0001026414 0.0000328938 0.0000151243 0.0000115812 0.0000179814 0.0000227903 0.0000283597 0.0000331277 0.0000430577 0.0000496881 0.0000406436 0.0000289174 0.0000082022 0.0000025023 0.0000008699 0.0000003961 0.0000002295 0.000000195 0.0000002917 0.0000006638 0.0000015721 0.0000033478 0.0000067172 0.0000115583 0.0000193782 0.0000194204 0.0000149518 0.0000057977 0.0000026401 0.0000027581 0.0000064597 0.0000196939 0.0000277923
0.0000112726 0.0000251701 0.0000351433 0.0000395593 0.0000362543 0.0000335252 0.0000358709 0.0000480457 0.000053701 0.0000560996 0.0000588447 0.0000644046 0.0000732547 0.0000638769 0.0000588976 0.0000440414 0.0000387785 0.000031253 0.0000350979 0.0000303519 0.0000239219 0.0000132024 0.0000216398 0.0000260221 0.0000300716 0.0000250224 0.0000273543 0.0000271095 0.0000240898 0.0000175495 0.0000111827 0.0000067939 0.0000037024 0.0000022603 0.0000013325 0.0000008192 0.0000006889 0.0000009616 0.0000019517 0.0000050409 0.0000105696 0.0000197442 0.0000368438 0.0000471416 0.0000566349 0.0000266321 0.0000115416 0.0000050939 0.0000046826 0.0000086768 0.0000175319 0.0000295868
0.0000166376 0.000030237 0.0000385635 0.0000331318 0.0000292621 0.0000308909 0.0000442004 0.0000795568 0.0001882654 0.0000803721 0.0000460773 0.0000347285 0.0000392678 0.0001391947 0.0000415908 0.000034284 0.0000437716 0.0000390096 0.0000325134 0.0000149957 0.0000125354 0.0000237795 0.0000429517 0.0001613793 0.0000632177 0.0000506896 0.0000318777 0.0000199721 0.0000137203 0.000011833 0.0000118503 0.0000120177 0.0000105764 0.000007532 0.0000044724 0.0000027221 0.0000023772 0.0000030718 0.0000062334 0.0000139159 0.0000403484 0.0000594636 0.0000846074 0.0001201639 0.0000740764 0.0000446223 0.0000181691 0.0000088739 0.0000081679 0.0000133194 0.0000281364 0.000062749
0.0000213032 0.0000393279 0.0000366227 0.0000300519 0.0000265048 0.0000334797 0.0000563281 0.0001047041 0.0001651077 0.0001049478 0.0000553546 0.0000313128 0.0000301985 0.0000307841 0.0000345574 0.000037561 0.0000412883 0.0001075427 0.0000290353 0.0000119697 0.000013842 0.0000384848 0.0001051735 0.0001157325 0.0001629845 0.0001068331 0.0000582639 0.0000216316 0.0000126497 0.000015876 0.0000249545 0.000032107 0.0000312986 0.0000221108 0.0000124405 0.00000732 0.0000070436 0.0000086588 0.0000148778 0.0000446786 0.0000843495 0.0002510671 0.0001542123 0.0001487683 0.0001279896 0.0000579156 0.0000255587 0.0000130458 0.0000121891 0.0000195229 0.0000413413 0.0000965692
0.0000261667 0.0000522377 0.0000497302 0.0000424212 0.0000299115 0.0000451579 0.0000791754 0.0001319643 0.0001624348 0.0001366512 0.0000812829 0.0000407512 0.0000233944 0.0000198385 0.0000218248 0.0000227581 0.0000334468 0.0000289228 0.0000241359 0.0000115414 0.0000213548 0.0000586092 0.0001194116 0.0001553728 0.0002069322 0.0002107312 0.0000740779 0.0000271534 0.0000155115 0.0000239383 0.0000463311 0.0000719714 0.000071773 0.000051782 0.0000245842 0.0000167156 0.0000185543 0.0000201861 0.0000284863 0.0000776623 0.0002329081 0.0002027799 0.0002391975 0.0003827322 0.0001611388 0.0000753589 0.0000316528 0.0000166761 0.0000156329 0.0000237362 0.0000515108 0.0001155264
0.0000284358 0.0000508384 0.0002073392 0.0000503776 0.0000513285 0.0000919082 0.0001684105 0.0002466192 0.0002788126 0.0002406014 0.0001416863 0.000066533 0.0000314212 0.0000181275 0.0000137895 0.0000122619 0.0000105636 0.0000093996 0.0000084935 0.0000154695 0.0000394693 0.0000966203 0.0001977845 0.0002500364 0.0002520754 0.0001605525 0.0000879636 0.0000303051 0.0000193711 0.0000325567 0.0000621967 0.0001012947 0.000127122 0.0000710077 0.0000399287 0.0000367846 0.0000402185 0.0000425158 0.0000408544 0.0000928757 0.0002946575 0.0002993011 0.000385698 0.0004371135 0.0002098156 0.0000923836 0.0000421794 0.0000265867 0.0000170252 0.000024868 0.0000577807 0.0001183815
0.000022164 0.0000489599 0.0000559212 0.0000760278 0.0001200058 0.0002239096 0.0004187794 0.0007001627 0.0006565208 0.00048021 0.0002610282 0.0001321492 0.0000504672 0.0000239445 0.0000137299 0.0000080607 0.0000046042 0.0000034851 0.0000064364 0.0000222861 0.000077239 0.0001732145 0.0003371682 0.0006964185 0.0003155814 0.0002097019 0.0000792671 0.0000312849 0.000028938 0.0000440672 0.0000769433 0.0001056442 0.0001104447 0.0000858741 0.0000556243 0.0000631515 0.0000887062 0.0000648136 0.0000503846 0.0000849838 0.0001552824 0.0003097646 0.0007038467 0.0004633485 0.0002148075 0.0000852472 0.0001000736 0.0000291275 0.0000198155 0.0000243724 0.0000502161 0.0001486801
0.0000210915 0.000037918 0.0000595501 0.0001190226 0.0002704983 0.0005220094 0.0008528842 0.0013618922 0.0013735207 0.0007160029 0.00050117 0.0001914295 0.0000910342 0.0000538247 0.0000331554 0.0000122136 0.0000044252 0.0000027878 0.000007262 0.0000296588 0.0001046488 0.0003140339 0.0004903822 0.0005969931 0.0004771716 0.0001919274 0.0000777242 0.0000292584 0.0000300129 0.0000876247 0.0000840182 0.0001218879 0.0001247353 0.000104838 0.0000678066 0.0000763042 0.0001477011 0.0000806381 0.0000586841 0.0000728263 0.0001256833 0.0002378313 0.0003726441 0.0002502143 0.000130134 0.0000674283 0.0000398386 0.0000350998 0.0000270079 0.0000280474 0.0000404649 0.0000672913
0.0000291316 0.0000511939 0.0000856083 0.0001998357 0.0004583366 0.0011459914 0.0013162633 0.0016062628 0.0012713353 0.0008997874 0.0004565129 0.0002488961 0.00015787 0.0001662337 0.0000663617 0.0000225247 0.0000067563 0.0000034565 0.0000082875 0.0000320584 0.0001136121 0.0003058925 0.0007648929 0.0006938558 0.0004666182 0.0001826159 0.0000622739 0.0000260051 0.0000296747 0.0000538832 0.0001231506 0.0001317278 0.0001947146 0.0001166021 0.0000730853 0.0000711829 0.0000864276 0.000097587 0.0000596655 0.0000635283 0.0001170843 0.0001187946 0.0001204223 0.0001052798 0.0000694244 0.0000488922 0.0000420896 0.000039943 0.0000487615 0.0000435514 0.0000379047 0.0000405652
0.0000352523 0.0000684367 0.0001005021 0.0002369437 0.0007049568 0.0010220874 0.0012678513 0.0015259322 0.0010129228 0.0005626966 0.0004968354 0.0003096847 0.0002737105 0.0002312988 0.0001130589 0.0000351006 0.0000097884 0.0000046438 0.0000091807 0.0000301757 0.0000997068 0.000261107 0.000519227 0.0006601372 0.0003897191 0.0001287872 0.0000473599 0.0000220655 0.0000313233 0.0000593167 0.000109913 0.0001555843 0.0001638148 0.0001249742 0.0000748488 0.0000578435 0.0000632412 0.0000672179 0.0000611006 0.000055358 0.0000507527 0.0000508484 0.0000481792 0.0000494228 0.0000616054 0.0000752154 0.0000670975 0.0000728776 0.0000787952 0.0001040408 0.0000427149 0.0000291174
0.0000386903 0.000062569 0.0000911942 0.0002186588 0.0004546418 0.000701651 0.0007816205 0.0007124973 0.0006738621 0.0004872194 0.000279308 0.0003103308 0.0005477332 0.0003919164 0.000144837 0.0000489059 0.0000118976 0.0000062214 0.0000110364 0.0000276314 0.0000759614 0.0002232372 0.0002598763 0.0003081768 0.0001865611 0.0000809544 0.000031037 0.0000196782 0.0000347192 0.0001287356 0.0001377912 0.0002610729 0.0001921229 0.000157399 0.0001054121 0.0000712133 0.0000609399 0.0000682063 0.0000690284 0.0000454107 0.0000304281 0.0000243896 0.0000294617 0.0000482176 0.0000704978 0.0001242181 0.0001085492 0.0001153603 0.0001845822 0.0000981389 0.0000598044 0.0000266263
0.0000504709 0.0000435199 0.0000619601 0.0001355376 0.0003045534 0.0002913149 0.0003376503 0.0004182821 0.0003380716 0.00026562 0.0002401468 0.0002573532 0.0003258577 0.0003039955 0.0002337765 0.0000464781 0.0000119881 0.0000087346 0.0000156666 0.0000301883 0.0000593789 0.0000878955 0.0001300766 0.0002246388 0.0000942514 0.0000405921 0.000020058 0.0000183765 0.0000464476 0.0000952567 0.0002263613 0.0003072309 0.0003155153 0.0002557677 0.000311181 0.0000828003 0.0000598286 0.0001034599 0.0000690827 0.0000463977 0.0000242248 0.0000187004 0.0000263804 0.0000431024 0.0000792576 0.0001341207 0.0001724247 0.0002077863 0.0001893663 0.0001682438 0.0000798597 0.00003556
0.0000164295 0.000025103 0.0000320267 0.0000681843 0.0000979053 0.0001344758 0.0001646458 0.0002565069 0.0002136809 0.0001847129 0.0001592201 0.0001683749 0.0002633692 0.0001666446 0.0000897819 0.0000350859 0.00001022 0.0000111332 0.0000279842 0.0000439246 0.0000560841 0.000055382 0.0000614774 0.0000551193 0.0000418629 0.0000214747 0.0000154543 0.00002085 0.0000458569 0.0002008648 0.000292123 0.0004357067 0.0004944758 0.0004134435 0.0002086192 0.0000916782 0.0000555168 0.0000590382 0.0000776993 0.000037227 0.0000204388 0.0000173235 0.000025222 0.0000429961 0.0000810446 0.0001462843 0.000306564 0.000286635 0.0003468293 0.0002393906 0.0001134866 0.0000604182
0.0000044017 0.0000079743 0.0000130178 0.0000204481 0.000033001 0.0000545743 0.000119572 0.0001152175 0.0001364164 0.0001417802 0.0002160448 0.0001137214 0.0000799205 0.000063257 0.0000378304 0.0000162982 0.000008218 0.0000130438 0.0000333979 0.0000825085 0.0000793189 0.0000695502 0.0000463104 0.0000254873 0.0000170083 0.0000212896 0.0000258335 0.0000392253 0.0000635091 0.0001193616 0.0002193948 0.0003153214 0.0004720451 0.0004448059 0.0001992124 0.0000866317 0.0000415051 0.0000389128 0.0000355009 0.0000287952 0.0000174505 0.0000174614 0.0000253979 0.0000429709 0.0000740323 0.0001500375 0.0002348728 0.0004903437 0.0002728834 0.0002042725 0.0001869054 0.0000827613
0.0000010691 0.000002298 0.0000037304 0.0000060224 0.0000108906 0.0000268392 0.0000444008 0.0000677216 0.0000799688 0.0001105692 0.0001602567 0.0000866394 0.0000430269 0.0000244178 0.0000159819 0.0000110274 0.0000094147 0.0000144552 0.0000343445 0.0000622787 0.0001157526 0.0001333155 0.0000508178 0.0000272345 0.0000161849 0.0000230142 0.0000954246 0.0000726531 0.0001058344 0.0001502543 0.0003084895 0.0005169286 0.000413126 0.0002350461 0.0002185598 0.0000868565 0.0000441461 0.0000333158 0.0000344898 0.0000357108 0.0000331086 0.0000275852 0.000026545 0.0000362949 0.0000607452 0.0001061954 0.0002100147 0.0002880372 0.0002720451 0.0001816947 0.0001236574 0.000104048
0.0000005472 0.0000011068 0.0000016086 0.0000023215 0.0000046508 0.0000106057 0.0000259691 0.0000591996 0.0000801083 0.0000991617 0.0000850886 0.0000808351 0.0000408602 0.0000266185 0.0000240908 0.0000245417 0.0000242704 0.0000238195 0.0000290606 0.0000487947 0.0000669613 0.0000716428 0.0000641242 0.0000391279 0.0000284031 0.0000340391 0.0000530048 0.0001353152 0.0002243694 0.0002274583 0.0002143729 0.000340353 0.0002883056 0.0001453133 0.0001600942 0.000086206 0.000059037 0.0000494085 0.0000458023 0.0001451286 0.0001441459 0.0000397732 0.0000335207 0.000035 0.0000520204 0.0000917208 0.0001814139 0.0002767445 0.0002696145 0.0001966692 0.0001260676 0.0001096093
