Models/StaticCorrelations/temp_raster_pop.asc
NCOLS 100
NROWS 100
XLLCORNER 3302900
YLLCORNER 3112000
CELLSIZE 4430
NODATA_VALUE NaN
[rows 46 to 68 of 100, columns 0 to 51 of 100]
0.0549269211 0.1053360683 0.1849730464 0.4015354477 0.5504414755 0.5476176616 0.3330979565 0.1574112438 0.0745009091 0.0406872844 0.0377052281 0.0689488328 0.1475899604 0.2650127251 0.3230484657 0.2884140563 0.17177299 0.0794407475 0.0368792018 0.0503188029 0.1385015192 0.4011001779 0.8235371349 1.7907734464 2.0074152619 1.588258284 0.7238329454 0.2486660596 0.0739663274 0.0204891163 0.0109653161 0.0235408071 0.0656100433 0.1536219143 0.3040411169 0.5216260926 1.1280389691 1.9903944269 3.3164904936 3.5646074221 2.4080376271 1.3841407485 0.6985787794 0.4065876709 0.317707662 0.2873945666 0.2432471621 0.204990678 0.2352237258 0.3884963098 0.5449650834 0.9916434272
0.0320033029 0.0655474046 0.1173122445 0.1862051411 0.2485170703 0.2464688697 0.1901181678 0.1125333609 0.0599714313 0.0333793702 0.027047554 0.0410716193 0.0758846913 0.114708499 0.134860376 0.1185087012 0.0818356467 0.0473035157 0.0367816338 0.0682798008 0.1693551223 0.383122214 0.7670009543 1.095758947 1.2420598096 0.9317931072 0.5358021556 0.2137750402 0.0714362092 0.0208182422 0.0094796868 0.0159590403 0.037231845 0.0774649479 0.1391040353 0.2735281165 0.57235549 1.2272046955 2.194365963 1.8172345083 1.900421623 1.1715479395 1.1216496058 0.5842279406 0.4640496815 0.4152355507 0.3224978081 0.2649188552 0.2873891297 0.4364753099 0.8739746527 2.2425353402
0.0152678386 0.0326866719 0.0527259097 0.0768548353 0.0954683053 0.0992948807 0.083579031 0.0595638507 0.03770287 0.0261443946 0.0254891474 0.0359177981 0.0578965123 0.0815426212 0.0967561244 0.095340652 0.0831919283 0.0700849871 0.0663716974 0.1053003784 0.2764091769 0.4789213257 0.736976452 0.9167556159 0.9096739931 0.7011811106 0.402669263 0.1938616814 0.0707515067 0.0217579268 0.0084563702 0.0101177162 0.019832105 0.0355893452 0.0630244483 0.1261078783 0.2848842049 0.520948134 0.7600554096 1.130246699 1.5099018223 1.6704780568 1.3789580208 1.0152123181 0.7422611533 1.1387755795 0.7613746807 0.3108199403 0.3088448406 0.4727254249 1.0359709491 2.4422938669
0.0096543796 0.0182351428 0.0245540682 0.0297025239 0.033834975 0.0347006515 0.0314613053 0.0253802387 0.0214972367 0.0272396856 0.0418597326 0.0649677425 0.0972142651 0.158235678 0.1906998293 0.2044507798 0.1976110518 0.1790287534 0.1600595731 0.1683680234 0.3390457253 0.9466049942 0.7397141197 0.8365838872 0.8353418957 0.6295315374 0.4002902657 0.1932402357 0.0736486554 0.0236455299 0.0090463902 0.007524775 0.0104603941 0.015945611 0.0263882393 0.0526031724 0.1029756993 0.1893617978 0.3620081836 0.8562639182 2.0095905516 2.9485189526 2.680067848 1.2941645988 0.9356155718 0.7647168608 0.5789596079 0.3770477292 0.2844125646 0.423216105 0.9401895422 2.2349354038
0.0179737145 0.0274799914 0.0252398598 0.0186042082 0.0135743543 0.011470982 0.0104468273 0.0103557861 0.0149033135 0.0347655174 0.0900748921 0.1333372083 0.1922125899 0.2819923744 0.4434535889 0.4219405764 0.4362949553 0.4478060774 0.3089002671 0.24962544 0.4050790544 0.6274716873 0.8718473757 0.9477868814 0.9514114309 0.7399196783 0.4849803842 0.2099296965 0.079912606 0.02876558 0.0145201927 0.01081112 0.0092895174 0.0087939387 0.0108666598 0.018376226 0.0371835352 0.0843086263 0.2221074456 0.7071404264 2.5369606644 3.17140136 2.1029397627 1.6655987014 1.0118425438 1.0904979927 0.7679042572 0.4152387421 0.2947394063 0.3726355684 0.7292916965 1.6021614534
0.0491099297 0.0662902456 0.0504709793 0.0254456242 0.0110307157 0.0053717649 0.0042117928 0.0061978094 0.0150537818 0.0450883194 0.113616556 0.2471737647 0.2589178573 0.4196447785 0.6734365408 0.7774551495 0.7598617295 0.7682017059 0.4324207189 0.3386226683 0.4098044612 0.6460211311 1.0729807408 1.4258008889 1.2250532973 1.3794389009 0.586142226 0.2708091258 0.0939653978 0.0452560004 0.0317154226 0.0253463851 0.0175022112 0.0103737952 0.0064904672 0.0074595633 0.016902114 0.0489276755 0.1515191206 0.5010371106 1.1390560388 1.8843858241 1.9855034902 1.1803073732 1.2032494403 1.5102257334 0.9015105548 0.6894033151 0.4296974967 0.3145854083 1.032774441 1.0818313556
0.1085312323 0.136491472 0.0867108134 0.041201852 0.015845613 0.0059592964 0.0039686118 0.0075628477 0.0209620558 0.0547640972 0.1286011292 0.1966621279 0.3001013176 0.4833099364 0.8340111938 1.2775791567 0.931448901 0.677746471 0.5062775008 0.3618179737 0.4369615785 0.7086815673 1.1185334658 1.4365706519 1.8013554497 1.1548727485 0.9496541266 0.3237470354 0.1622983589 0.0795957577 0.0703280255 0.0570628304 0.0365914233 0.0178779573 0.0075452379 0.0050515427 0.0113661688 0.0367451792 0.1095565033 0.2765561047 0.56282992 0.9021850462 1.0039816181 1.5147037602 0.7909949662 0.9147677545 1.3534646405 1.1990592919 0.6113613836 0.3081933927 0.2636205 0.2975233647
0.1844509415 0.1911267554 0.1337672308 0.0723031444 0.0322858907 0.0133781839 0.0067686853 0.012523853 0.0349758766 0.0861958768 0.1569323414 0.2376643515 0.3387859876 0.5374341295 0.8034050094 0.9408666786 0.947362268 0.6055499803 0.3881537791 0.3211002491 0.40569398 0.693553174 1.0978876661 1.6035421717 1.2974349074 1.9369317744 0.5998298582 0.6567904738 0.1874942021 0.1371386777 0.1315695604 0.1052696968 0.0611256151 0.0274944468 0.0102620734 0.0053591684 0.0111025394 0.0365646498 0.1036779694 0.2291664495 0.4130747668 0.6145793364 0.9058436239 0.6978238226 0.670846721 0.8831729941 1.2287212559 1.484187406 0.7269487501 0.2681634189 0.1083823847 0.0724994861
0.1824981748 0.2537165543 0.2835314511 0.207565027 0.1450376724 0.0258498499 0.0125930739 0.0201104252 0.0540192765 0.1733857257 0.3180685011 0.4312315503 0.5067707452 0.5805082005 0.7455706046 0.6401627386 0.5971204737 0.4732510585 0.3162015453 0.2248449321 0.3182827354 0.587332118 1.0457556137 0.9285772652 0.9221870251 0.6024472685 0.4256788609 0.21828615 0.209373114 0.1926587714 0.1984698496 0.1428845091 0.0787451788 0.0338260628 0.0124154779 0.006712705 0.0136859633 0.0444996975 0.1287980549 0.2967723256 0.5194995224 0.748507644 0.7453247777 0.6785359853 0.7947220538 0.8135774397 1.0734668335 1.1554036889 0.6452529059 0.2610489066 0.0911533353 0.0363313703
0.2645056133 0.3896601093 0.4162890169 1.2376345394 0.186342871 0.0447787202 0.0224629572 0.0292547681 0.0695320998 0.2079156329 0.7198678597 0.6375515678 0.5855631336 0.8413451219 0.4580084038 0.3614579639 0.3265336025 0.6157639284 0.2095471499 0.1515990921 0.2221720979 0.377653816 0.4733536351 0.5068085039 0.425699732 0.3201365803 0.1962904253 0.1287087056 0.1520196559 0.2226048431 0.2034921131 0.1441306083 0.0773251857 0.0332838906 0.0133066043 0.0097473386 0.020289568 0.0579278596 0.1603673993 0.3845599121 0.7484003236 0.9995122595 1.0659317869 0.7480630152 0.6444097637 0.7940353089 1.265555379 0.8579677081 0.5877636211 0.2883569995 0.1205449373 0.0458850806
0.4840201972 0.6641424005 0.6515129344 0.3937731641 0.2226867038 0.0640647204 0.0373733422 0.0395158052 0.072487558 0.1931013498 0.3314477444 0.4091651866 0.4066907794 0.3265207092 0.2523610788 0.1639453423 0.1700620813 0.1511414434 0.1502592186 0.1302876325 0.1780935586 0.2205805997 0.2385762841 0.2284722215 0.2243846399 0.2559940623 0.1362267321 0.0934379311 0.1189827972 0.1511878389 0.1513889692 0.1068337917 0.0591173031 0.0272347702 0.014535301 0.0180373626 0.0378461013 0.0881306748 0.1998536344 0.4195752543 0.8054626097 1.5112500316 1.5759473566 0.9050692286 0.879913856 1.1789536408 1.2749015531 1.199278778 0.7886489429 0.4334310587 0.2074125813 0.0753104201
0.5913587152 1.0556095121 0.7284405585 0.3632371445 0.1625991548 0.0838016963 0.0577655613 0.0548837047 0.0744237462 0.117346565 0.1608231513 0.1811571062 0.1633740639 0.1272430427 0.0896285101 0.0647502332 0.0534630427 0.0646840633 0.1131179689 0.2110585913 0.2754976312 0.2804913215 0.2128694182 0.1587001503 0.1471436633 0.1286244681 0.1092853848 0.0793566825 0.0839788504 0.0941907246 0.0878346373 0.0658322904 0.0397322018 0.0232875386 0.0217374821 0.038764114 0.0858464116 0.167609891 0.3419863221 0.5371948173 0.7465030496 0.8311935186 0.9586655594 1.1926452752 1.6857051019 1.758605507 2.8884370374 2.0344618579 1.1903290998 0.7004550538 0.3280220935 0.1062843835
0.5517371169 0.8665435365 0.6496341229 0.3352934028 0.158800997 0.0979696307 0.0829588413 0.0922664508 0.1108701003 0.1253984546 0.1193907193 0.0973261424 0.0692361609 0.046457714 0.0310334902 0.0236340074 0.02921599 0.0656824147 0.170169822 0.3609612557 0.5505409656 0.4612240481 0.3090665029 0.1862962874 0.1230293994 0.1016842717 0.0971471057 0.0976793344 0.0956704579 0.0901041337 0.0779158549 0.0615207587 0.042426385 0.0348743086 0.048461542 0.0912996754 0.1809699292 0.3796963657 0.635330763 1.1672872633 0.898285307 0.6823215425 0.8292003706 1.7348681491 2.3072035813 2.946912633 2.1752550666 2.0796063511 1.4641159864 0.9312339002 0.3729988891 0.117531073
0.3381273918 0.4872446927 0.4254388735 0.2493742357 0.1392854644 0.104238978 0.121909988 0.1723926381 0.2426766823 0.2480249422 0.1948984322 0.1011943092 0.0464321736 0.0216513321 0.0124819364 0.013951165 0.0329294783 0.0953755847 0.25103649 0.5218217607 0.740467176 0.6476397857 0.4165415178 0.2435727916 0.1565540872 0.1330351781 0.1430624221 0.1604786507 0.1564830703 0.1461456391 0.1555905687 0.1296701305 0.1028972694 0.0683138596 0.1116951383 0.2236916114 0.3666880531 0.6287765906 1.2586109091 1.8169026076 1.2590110603 0.8173139473 0.8609706432 1.3913080639 2.1604359852 2.2863570184 2.7572201924 1.8511287289 1.3799418622 0.7431533767 0.3204179496 0.1001610022
0.1675078822 0.2649913472 0.2440263223 0.1748226514 0.1176057634 0.1126872862 0.209257068 0.3364355406 0.467704488 0.5050947067 0.311476336 0.1441784364 0.0531236396 0.0184509694 0.0094714367 0.0164181674 0.0499213803 0.1427489325 0.3421847269 0.6477034021 0.84003354 0.7185274068 0.4597353083 0.2832921973 0.1834924995 0.1722620478 0.2174282229 0.2400178501 0.2575939256 0.273774727 0.2722488277 0.349631294 0.1523797301 0.128380663 0.2300632953 0.4369831138 0.7503187047 0.9471970528 1.3756514566 1.8881813175 1.910427684 1.250580324 0.8714123462 1.2194948767 2.4550464225 1.8684945426 2.5030503355 1.7789880394 1.0224440764 0.4942387466 0.1968670118 0.0690442711
0.1018555897 0.1671941085 0.1753619535 0.1460477931 0.1211935854 0.1360752963 0.2658087785 1.0288309758 0.6369425453 0.5938126806 0.3980534191 0.183373746 0.0692906051 0.0254156175 0.0145060557 0.0250786275 0.0743464024 0.2013402209 0.4666084431 0.7708052522 0.9468239535 0.7080493894 0.4258850315 0.2496099235 0.182320144 0.1946861415 0.2611143386 0.3443676623 0.3984856905 0.4273888356 0.5290130968 0.322548256 0.2347156428 0.2172247414 0.3776714731 0.7382089885 1.0692714239 1.6045323031 1.4364945599 1.9789340955 1.1660776303 0.8758408186 1.0958850462 1.6785098792 1.3930088262 1.2793454086 1.535618588 1.608476039 0.5856998985 0.263550478 0.1037207118 0.0414791333
0.0999263805 0.1618876218 0.1897761316 0.1731417678 0.1706412588 0.2355450359 0.3564244065 0.5236677553 0.6212570617 0.5760552869 0.3945092101 0.2069942057 0.0947884724 0.0502857406 0.0379717317 0.0474207475 0.1043620487 0.2634129585 0.5311435177 0.9742114991 0.9075258784 0.643743886 0.3859561793 0.1975735452 0.1551402962 0.1967627003 0.3045096959 0.4686603471 0.597387836 0.6623385658 0.5733323964 0.5321473264 0.4102316848 0.41106101 0.4972858263 0.8814990321 1.4469662608 1.2360001019 2.0850611715 0.98140663 0.7253428426 0.5494268635 0.7166172162 1.3404119889 0.7946662353 0.6368915402 0.5439565104 0.4294012346 0.262136115 0.1123368902 0.0492742 0.0277041849
0.0915564782 0.2383379184 0.2312195661 0.2884796072 0.3188597564 0.3697431806 0.7241121114 0.4512557449 0.5435330493 0.5083680626 0.40067055 0.2443900678 0.1738627349 0.1499682359 0.140996376 0.1367287702 0.1702436279 0.3692678498 0.6223731489 0.685902544 0.6273578727 0.6793741097 0.2930794223 0.1521774945 0.1359394494 0.1989655502 0.3398495384 0.5473412056 0.7573425346 0.8300058243 0.8317855049 0.7528149585 1.1137499319 0.5583396495 0.5368790516 0.8295347513 1.2530925455 0.9652415809 0.6738915303 0.5333924002 0.3115931615 0.2883632876 0.447565474 0.5186913744 0.4977619242 0.3104721483 0.2132878057 0.1488392917 0.0984430628 0.0581828405 0.0324534771 0.0261951534
0.0762390213 0.1592002002 0.3457810059 0.4931875695 0.6561268609 0.5615891598 0.4737418284 0.4368213338 0.4203874787 0.6282434377 0.4515382137 0.4736561276 0.5369523987 0.5588026522 0.5265878218 0.5036898881 0.4245180709 0.474276736 1.371509317 0.4339326173 0.3463801155 0.2783856446 0.1993653358 0.1166402255 0.1363845353 0.2240050332 0.3699618943 0.5621984439 0.7058516628 0.7745023022 0.9788322917 1.0528849139 0.8361408669 0.6896526345 0.5236287912 0.5743923154 1.1532165916 0.4797650919 0.2961442413 0.1908945875 0.1379479599 0.1418486187 0.1948101096 0.2598793101 0.2800553686 0.2319398686 0.1785848467 0.1407832187 0.109357306 0.0789308309 0.053220124 0.039085684
0.0367256978 0.1229813767 0.3418336872 0.905182116 0.7752177729 0.7659938269 0.6253912709 0.4535912554 0.3500706295 0.3696233354 0.5684431585 1.58989057 2.0535882892 1.8158735161 1.7238293525 1.4789261266 1.3365478046 0.6800291671 0.3919913563 0.2946469483 0.1612550696 0.119754598 0.091497654 0.098648332 0.154021501 0.2701207287 0.4709996479 0.6319346791 0.706224951 0.6660978996 0.6600280535 0.7277358536 0.7929515022 0.7165596492 0.5597236042 0.439947992 0.347316767 0.2652852482 0.146851143 0.0869108748 0.0606747744 0.0662442338 0.0992507582 0.1487212654 0.1910740182 0.2284099169 0.2362831086 0.2308196684 0.2361448868 0.1964260151 0.1473437273 0.0676936314
0.0219451955 0.090162205 0.3002920236 0.5193331458 0.7319511684 0.8323239444 0.9408503228 0.4497849407 0.2725239262 0.3591472398 0.8109965493 1.8018925545 4.3294295962 4.5938087448 4.9934560084 3.3796449641 2.0362637703 0.9528863971 0.4165874089 0.2206852385 0.1355313498 0.0676295446 0.0563686104 0.1278995996 0.208496681 0.3340055145 0.5155550021 1.0316818314 0.9691694663 0.6821802232 0.4279571065 0.5180093579 0.8134179603 0.8302784044 0.6150225375 0.4381464674 0.3155724292 0.2189069672 0.1215435802 0.0605229133 0.0331683629 0.0336914741 0.0532626969 0.088051052 0.1432990367 0.2181586256 0.3068942496 0.3265066122 0.3583690165 0.8939887949 0.2240249426 0.1042491338
0.0147165683 0.0620701442 0.1643931363 0.3405707973 0.5223058535 0.6416995551 0.5495322791 0.3768479345 0.2333650642 0.3654815418 1.1290594152 3.2176639328 5.1529363412 9.0559109905 8.4440612647 5.2848118696 3.2056833172 1.3065054059 0.6126153825 0.3437835857 0.1374950363 0.0575282304 0.0437869461 0.1180793667 0.7845167664 0.3030656326 0.4353431574 0.6296616689 0.5001551128 0.3573766468 0.3111267361 0.3934995454 0.5779439169 0.7353016796 0.6331350057 0.5028538591 0.4606462249 0.3212685608 0.1936658518 0.0688173585 0.0256745948 0.0183843233 0.0274067315 0.0519366004 0.1001127807 0.1825403931 0.2746853487 0.3729499517 0.4158360911 0.3819860942 0.2751576152 0.1323659342
0.0106882881 0.0381501243 0.1030082363 0.2188139774 0.3613559396 0.3540483372 0.2990502824 0.224019314 0.1978421457 0.3561673138 0.9871564249 2.9805730419 5.1924193018 7.6407840872 6.2271652938 4.9456892233 3.0561539226 2.3809166308 0.7882260728 0.3025284621 0.1366833574 0.0498091813 0.0339992011 0.096461941 0.1473509603 0.2075299819 0.2425594246 0.2536596721 0.2341999639 0.1899750822 0.2052968762 0.3124741544 0.4333766704 0.5347110363 0.5598625174 0.5641578721 0.5746884917 0.6528536504 0.2891766485 0.0861460195 0.0257069852 0.0115405257 0.0138797812 0.0284556181 0.0610092312 0.1148178179 0.196031413 0.2752738445 0.3474320334 0.3302821917 0.2476532708 0.1326602109
