Models/StaticCorrelations/temp_raster_pop.asc
NCOLS 100
NROWS 100
XLLCORNER 3302900
YLLCORNER 3112000
CELLSIZE 4430
NODATA_VALUE NaN
[rows 23 to 45 of 100, columns 0 to 51 of 100]
0.0059656031 0.0112361389 0.013978631 0.0151969177 0.020979031 0.0512104094 0.1553709109 0.3987395757 0.8989856309 0.6345101017 0.5263966779 0.4123006563 0.4082774175 0.412866741 0.4870596517 0.5540437832 0.5028981202 0.390851758 0.2197602926 0.1930835977 0.2348546611 0.3113313927 0.3758111389 0.4239904354 0.3831780099 0.346086929 0.4510955383 0.9445657338 3.1082943299 1.4143588505 1.2039320948 0.949587973 0.7122058371 0.5492117622 0.4944259442 0.5189848004 0.4914730565 0.4157470304 0.3872701046 0.3881989901 0.4029270668 0.3784621636 0.323482104 0.2751442281 0.3114916219 1.0746686793 1.0986984477 2.2109539016 2.0049396687 1.5789796605 0.986294992 0.8191160241
0.0127964587 0.0238984671 0.0291541223 0.0279586273 0.0301414545 0.0626848751 0.1915188092 0.5058052588 0.7936817545 0.9080976876 0.7254523199 0.5816366252 0.6487571734 1.4216336902 1.380769026 1.5175732197 1.6957666493 0.7315256399 0.3444955674 0.1991094517 0.2037580918 0.3522467255 0.552003572 0.7267789709 0.8927786461 0.6251236816 0.6244799347 1.2041914049 1.2798983114 1.9733142615 1.1299042519 0.7235156898 0.475649777 0.4269824216 0.4872901434 0.6339387728 0.605814823 0.5685171667 0.4356596844 0.4597585536 0.4633231432 0.5081200993 0.4862370511 0.3978899753 0.3167565762 0.4315017686 0.9841599379 2.3841439484 2.7218514167 1.9707098595 2.1427089081 1.2473360973
0.0230436709 0.0443107892 0.0524798781 0.048206305 0.0440302342 0.0814634075 0.2337099691 0.6495952558 1.1370693546 1.3652787689 1.0319435877 0.7361267212 1.0513044645 1.7576173477 4.2704398394 3.0847499084 2.2082766063 1.2271394131 0.5493451434 0.2332997512 0.2127316536 0.4368916797 0.9267945151 1.5256202116 0.9571651632 0.789658719 0.8372560363 0.7703063952 1.066938105 1.273972755 0.9702241011 0.584361274 0.3793489427 0.3808604246 0.5585425662 0.6223546281 0.9667273024 0.5316158722 0.9911164264 0.4061093127 0.4867262357 0.6365621848 0.5514747977 0.36970378 0.2521804946 0.2996130635 0.6549317086 1.1864208502 1.8528248467 2.4404628009 3.3431028337 1.7713868661
0.069360559 0.1016408272 0.1149914201 0.0662841233 0.0569219506 0.093423995 0.2730959906 0.6965529098 1.8199627352 1.8905121158 1.0719624178 0.7864077483 0.9623896761 2.0690238366 4.3548010466 4.6596468579 3.3618388534 1.7382900016 0.616305562 0.2414524339 0.2048362751 0.4641031557 1.3696054327 1.0043638069 0.8573824299 0.6844337123 0.5503254857 0.6187437035 0.8225873499 0.975440661 0.7344470809 0.425596387 0.274895258 0.2961850481 0.3724329032 0.4918940592 0.4961329152 0.4144835753 0.2865613898 0.308716869 0.3985110374 0.4785502546 0.44182231 0.2923357386 0.1833029485 0.1957047122 0.3658564086 0.7915175001 1.588443249 2.9739811534 2.0613220189 1.7705179326
0.073795947 0.7037628324 0.1253513006 0.0791231086 0.065812739 0.0964853809 0.240289715 0.6584889075 0.94838015 1.0521298137 0.9124442698 0.6581337178 0.8183541724 1.5570019017 2.7547239754 3.8933323278 2.9257847316 1.2716296774 0.532275726 0.197844295 0.1690427468 0.3671144172 0.679211251 0.7878448099 0.6530495383 0.4507284868 0.3960667794 0.480594236 0.6156468458 0.6076372833 0.461438057 0.2725647607 0.1725374692 0.1646634301 0.2041182647 0.2444613844 0.2360553607 0.1916917478 0.1496289838 0.1756479506 0.2505310113 0.3182090853 0.2898755343 0.2236875031 0.1656138103 0.1569761893 0.2579004704 0.5653154804 1.2287501461 1.9561727475 1.5458753425 1.0679037466
0.0698373183 0.1044931323 0.1264338003 0.0884602359 0.0849146639 0.0991147588 0.1863639774 0.3044954149 0.4441392085 0.5433960748 0.5843267133 0.5917064111 0.645429539 0.9586756108 1.9600401648 2.7604033598 1.5141780874 0.7467081055 0.2989972259 0.1277893854 0.1109939277 0.2224817876 0.3687360168 0.4516552595 0.3952223655 0.2885090754 0.2604132857 0.5250167593 0.9426686261 0.3131597623 0.2148687514 0.1420782362 0.0895778746 0.0780679965 0.0891692282 0.0990440398 0.0998778608 0.0938245954 0.1010822494 0.1312084943 0.1868024087 0.2332935751 0.272095378 0.3084400752 0.3043032334 0.3112340776 0.288338501 0.4135030072 0.6482939764 0.7983806842 0.747289117 0.5850175727
0.0240678075 0.0502442841 0.0765701117 0.1210412969 0.1359152751 0.1444910127 0.1371163353 0.1729339923 0.2508548154 0.3996715666 0.5889964874 0.723261741 0.7080873278 0.7043791639 0.7997101219 1.1403073182 0.6140905927 0.2985568444 0.135085868 0.0627356921 0.059230551 0.1028153545 0.166117427 0.2070779364 0.2024732406 0.1644699654 0.1731403809 0.2040866192 0.2003540005 0.1476024974 0.0839796327 0.058463912 0.0399767011 0.032405316 0.0332560284 0.0378580118 0.0498172688 0.0852945525 0.1392303625 0.2027154171 0.2562150643 0.3804697156 0.522056862 0.719242127 0.8375913573 0.6831379218 1.0448154548 0.2958907455 0.243656622 0.2616731426 0.2556146884 0.2560748503
0.0148061093 0.0332741891 0.0662032121 0.1323202548 0.251205113 0.2007830804 0.1803821923 0.1798130743 0.2295848221 0.3795044023 0.7023123483 1.0044001956 1.0466648564 0.5939349331 0.3964944099 0.2772585122 0.2012189131 0.0925956478 0.04582996 0.0247500149 0.0247148802 0.0420017167 0.0700252826 0.100214789 0.1187292243 0.1215508325 0.1071347836 0.0863653928 0.064948988 0.0497684651 0.0385430221 0.0292785717 0.0205203228 0.0148494067 0.0136165209 0.0195828258 0.0459897902 0.1260753104 0.3009545085 0.4346195218 0.5422307609 0.7359868714 1.7261048175 1.609406925 1.8145820064 1.5937188843 0.7797494079 0.2993656465 0.1184006179 0.082091236 0.0804561443 0.1056400537
0.0107331074 0.0274639583 0.0611537986 0.1408710868 0.2294796343 0.2862002409 0.2792723515 0.2568039796 0.2592752909 0.3538444416 0.5577823597 1.3426240959 0.9374855112 0.5287492622 0.2456493056 0.1162833376 0.056107356 0.0285228606 0.0136660404 0.0084536636 0.0101561204 0.0197700902 0.0388974489 0.0714130909 0.1561942092 0.2043524695 0.1962289225 0.1162130712 0.0637415788 0.051709729 0.0499553902 0.0401664091 0.0261428886 0.0145834831 0.0122566645 0.0221239989 0.0610253006 0.1806395361 0.4417345589 0.8444767467 0.9401121315 1.3776314285 2.5629968816 2.9330661742 3.0213707887 2.8956478629 1.001762426 0.3171871962 0.098520323 0.0403067206 0.0329029538 0.0497867482
0.0147010076 0.0412060849 0.0838151797 0.1519441788 0.2901632194 0.4203251818 0.3992285173 0.3147613452 0.2979883129 0.2538258524 0.3321509542 0.4297465618 0.4448038476 0.3330358909 0.1864400903 0.0893559083 0.0407419127 0.0176698666 0.0074212061 0.0042153189 0.0059501489 0.0141299149 0.0332881021 0.0748115185 0.1821374923 0.597737611 0.3148663392 0.14874115 0.092486194 0.0968247821 0.1008153968 0.0844858199 0.0468839744 0.0268779695 0.0275439775 0.0490799449 0.1062192233 0.2354717062 0.5091210031 0.8316019827 1.1092957319 2.0622143749 3.6024739858 3.0118751947 3.2560561241 2.7731380861 1.0241802914 0.3089948513 0.1011672254 0.0429794685 0.0341390447 0.0386964089
0.0287644049 0.0801827719 0.1653649939 0.2488617302 0.3814307305 1.0206402192 0.4595930999 0.3102111731 0.2162889399 0.1643190363 0.1440910518 0.1662439125 0.1947425405 0.1966833129 0.1682892937 0.1159582786 0.065773965 0.0298564207 0.0124872114 0.0064603457 0.0074883761 0.016513318 0.0401646994 0.0886874049 0.2010451981 0.2731851062 0.2577072817 0.1669140655 0.1219921936 0.1408411355 0.1761364875 0.1261914945 0.0773245261 0.0554858898 0.076444137 0.1483703153 0.2553536338 0.4102338371 0.5503054585 0.6868727337 0.8697700001 1.2460344992 1.6655070583 1.7863951586 1.885816341 1.8334635497 0.6690373153 0.2510899969 0.1122212834 0.0844725426 0.0854282284 0.0845614032
0.0454572386 0.1405372639 0.2787190959 0.4917534413 0.5624794076 0.5507660446 0.4115466564 0.269119474 0.1593607232 0.0937645827 0.0738297576 0.0935329538 0.1521539644 0.2303424368 0.2574749293 0.2181985434 0.1342592296 0.0711849959 0.0388345919 0.0227217803 0.0218045584 0.0342578596 0.0674838216 0.1652359044 0.2340071522 0.2703195986 0.2163249465 0.1773072346 0.1660261007 0.1924658927 0.1968124146 0.1638861063 0.1159716078 0.1275907295 0.2107708546 0.3970494007 0.7444083549 0.9598408852 0.9962292686 0.6738674617 0.5331887699 0.6058701814 0.6942489873 0.7865969595 0.7450441631 0.581945939 0.3480670895 0.1882971022 0.1720632178 0.2078101818 0.2362357027 0.2345581169
0.0556400538 0.1687958079 0.3759863996 0.6190558662 1.0015811671 0.5996454678 0.3756563962 0.23534582 0.1299864946 0.0664118 0.053276994 0.0936275508 0.2046152324 0.3863006635 0.4964010882 0.465020255 0.315846857 0.26130707 0.1529722315 0.1144997183 0.0699245155 0.1144866216 0.1782480279 0.2876377239 0.9504430525 0.3716277749 0.2979954607 0.2782936767 0.2891181236 0.2997306485 0.2553400478 0.1963233373 0.1878031333 0.2809886644 0.6088240058 0.9573379313 1.4335579536 2.4070358465 2.1670324417 0.8296799971 0.4651102727 0.3735745751 0.3083711798 0.2852713026 0.2524111598 0.1984356004 0.2060123152 0.233750063 0.3599578483 0.4530425373 0.5536523792 0.5569835183
0.0495890976 0.1540151162 0.314744941 0.5873777631 0.8504043441 0.5747316948 0.3480161912 0.2091557946 0.1103052447 0.0559921307 0.055143541 0.1270946262 0.2946452748 0.5785026266 0.9005805926 0.7096175054 1.2359889855 0.5508412323 0.73441065 0.1813448651 0.2234331313 0.3930452062 0.6033569293 0.6858800005 0.6667139744 0.5937712518 0.481717856 0.4315694296 0.6272972666 0.4380226672 0.3151480336 0.2746404162 0.297323375 0.6398819571 1.2901219853 2.5073610274 2.2713659338 2.0536831697 2.2093185651 0.9994253798 0.7546391151 0.3576267549 0.2123610707 0.1402643663 0.0974011667 0.0878198992 0.1577690634 0.612706709 0.5327295936 0.8462904935 1.0170292661 1.1227831972
0.034298679 0.0978418345 0.2076259475 0.3539069339 0.4116345425 0.3780765106 0.2537771286 0.1577004838 0.0843105578 0.0470021542 0.0609312644 0.1597908266 0.4318569916 0.7512611246 0.9810344736 0.8584603721 0.8213000481 1.5973099073 0.4399591376 0.2497833914 0.4027142508 1.1584918561 1.4444949198 1.8070744545 1.2129858791 0.7597606832 0.5754519339 1.2505997086 0.4167873888 0.3582268622 0.4065276167 0.32619792 0.4243274629 0.9515558336 3.3155280181 3.7357072101 3.1962316831 2.598317811 1.9204689323 1.1180005567 0.6937275461 0.481873386 0.2895851467 0.1304278067 0.0734938732 0.0736411136 0.1604583791 0.2753210251 0.5493752304 1.1541066499 1.7612488384 1.7805537067
0.0178259997 0.0509848209 0.101740499 0.1543779018 0.1864258175 0.1782291602 0.1413336733 0.0920225852 0.053029535 0.0357373279 0.0607142208 0.1716793663 0.441793099 1.1110164333 0.9519701314 0.883571301 0.8239793804 0.5540899667 0.3867600631 0.2348906995 0.5647418355 1.3193157189 2.3271513102 3.2823502759 2.0550024408 1.0779062323 0.5857185312 0.3722243458 0.2997177493 0.2455290205 0.2785841922 0.3379462207 0.4802587532 1.1573399946 2.4944691399 4.7186504483 3.9013915457 2.8834802767 1.8286566128 1.0944683189 0.720029257 0.7095345066 0.3236813013 0.1628493721 0.1060398046 0.1136012539 0.1596763236 0.2361467428 0.4115343636 0.6412194894 1.5222304136 1.7293967738
0.0080403624 0.0217173643 0.0406259577 0.0604810011 0.0732007564 0.0733457001 0.0609758367 0.0428130741 0.0272720276 0.025083865 0.0537961291 0.1472227783 0.3723901767 0.5764139382 0.7851162236 1.2473152188 0.6472627548 0.3896882753 0.2097875284 0.2335638781 0.5730124879 1.4490002276 2.8618407044 3.8611982627 3.1551520542 1.2043128403 0.4892706731 0.2301878704 0.1586910878 0.1593082893 0.1925440135 0.251654076 0.4451771583 1.0137462305 2.2753356061 3.3911099705 3.049775591 2.9954528476 2.1898972962 1.1574372235 0.6107634891 0.4150240197 0.3186633222 0.2232684327 0.2224819357 0.2461333766 0.2664978718 0.2794787553 0.2624515053 0.3360452876 0.4520173729 0.5492109857
0.0041531025 0.0100882236 0.017311569 0.0243957883 0.0289037016 0.0288776196 0.024444625 0.0179349767 0.013662777 0.0188180102 0.0462499126 0.1157453059 0.2258420077 0.3638232164 0.6359273399 0.7600487975 0.8041073095 0.3848008002 0.1835856881 0.201366245 0.4956200025 1.2402612917 2.5370294913 3.4205450387 2.1666109635 1.118104931 0.4588193861 0.177626429 0.1544689432 0.1480766945 0.1607952732 0.1709185199 0.3404639203 0.8275773442 1.600479863 2.4301018675 2.6107652115 2.1035153504 1.7960152541 0.911214848 0.4478961093 0.2809840983 0.2733896998 0.3942345976 0.5198110736 0.6064651587 0.5159895543 0.3721740617 0.2204845426 0.1543554936 0.1495988759 0.1584657926
0.0057722106 0.0124172794 0.0190415618 0.0245707487 0.027149451 0.0252934348 0.0198384678 0.0136174411 0.0109417852 0.01845975 0.0476132703 0.1063275565 0.1945747958 0.3576955234 0.5534688184 1.490293476 0.9328400611 0.3653963482 0.161286269 0.200131139 0.3932067374 0.9162575167 1.661074505 2.3318181632 1.4368721446 1.4022677285 0.3707127106 0.1424380651 0.1239629941 0.7042404461 0.1131634152 0.1091370684 0.2507738404 0.6455531394 1.3898517956 2.5044859924 2.0087353836 1.731803914 1.3299638051 0.8294025116 0.4561880765 0.2974884972 0.319589906 0.5852225324 1.1489766047 1.1091781467 0.9656976128 0.4918044174 0.2134536823 0.094128574 0.0587498717 0.0538990619
0.0141583126 0.0300548419 0.0467796821 0.063184948 0.071323678 0.0655526032 0.0477735429 0.0285525523 0.0175891994 0.0232182068 0.0568778741 0.133592042 0.2493507788 0.4445076327 1.3214519539 0.8006985672 0.6396474422 0.3030184088 0.1305948892 0.1550615874 0.8660219914 0.5700982789 1.001473965 1.1507047223 1.1513415159 0.6521670812 0.3382989983 0.1285760377 0.10277892 0.0833125164 0.0817148187 0.0722972229 0.1964003937 0.5993977243 1.4148683653 1.5144245329 2.2517164467 1.730331114 1.926558803 1.7068011739 0.8201694737 0.4535659455 0.4348992998 0.7507495162 1.2685064964 1.7173731517 1.2034393881 0.6348295264 0.2172277948 0.0720101683 0.0317507587 0.0267230764
0.0315317348 0.0636293142 0.1106530086 0.1674529833 0.2085514772 0.1922318206 0.1327240058 0.068589191 0.0328915697 0.030561802 0.0659888196 0.1561060626 0.3229982784 0.6067174832 0.9425408291 1.2044289835 0.65826786 0.2419375617 0.0958050061 0.1183587426 0.1946526872 0.3991079806 0.7186528009 1.4130529519 1.0890013334 0.8007201706 0.3958858541 0.159877986 0.0585427872 0.0277383886 0.0248073068 0.0528507917 0.1677406554 0.5395528568 1.6193858916 1.4083971547 1.6323381217 1.8790191205 2.9424505812 2.4466667855 1.6603306727 0.7664347978 0.5258109139 0.8391189725 1.2346638143 1.6095473266 1.801553357 0.6158397865 0.2094451555 0.0704590083 0.0379785871 0.0391288059
0.0546907099 0.1041333908 0.1802754457 0.3870663994 0.5180064538 0.494669944 0.2869641604 0.1214829411 0.0539477104 0.0381021402 0.063927174 0.1497964411 0.3150230272 0.6021166417 1.089484074 1.8324408318 0.6263121478 0.2037259705 0.0703876452 0.0562546098 0.1251067165 0.3580042519 0.7797250576 1.4219243135 1.8196313766 1.2860730327 0.6325732618 0.2167040509 0.0656315954 0.0209321842 0.0160924886 0.0411024157 0.1386049077 0.4328778454 0.8985233757 1.4473512752 1.6778480991 2.7313631138 3.8914988839 5.4027360133 2.7073892308 1.232578011 0.6611327027 0.590515439 0.8482574922 0.998445488 0.9415605858 0.4915105676 0.1890448164 0.1014103597 0.0943785288 0.118190622
0.0711744591 0.1211065533 0.2188540002 0.4592937314 1.0737699421 0.7691272117 0.3676638439 0.1618402542 0.0720357364 0.0421907338 0.0525980159 0.1102463893 0.2418829555 0.4813688077 0.7585424179 0.6652071967 0.4264603939 0.1430109 0.0501998927 0.0475830929 0.1252289101 0.3729322397 1.1901156672 1.5693435958 2.6271920549 2.2084169761 0.7764791433 0.2567790594 0.0733329623 0.0202833043 0.0128215394 0.0320987931 0.1017621932 0.277301455 0.57941423 0.9462336272 1.5297002803 4.079187967 4.1451197597 5.7581334475 3.3648886165 2.3053969812 0.652109813 0.4068175593 0.4472321102 0.5009187995 0.4239418759 0.2974439173 0.2045653007 0.194865892 0.2621740976 0.3873431688
