evolution$generation,growthRate,gravityWeight,gravityGamma,gravityDecay,logmse,mselog
22,0.014640552075256011,2.733396097520524E-4,8.952205128482166,500.0,25.956695175748557,4.891321888843358
22,0.016353970836512254,6.660000387969797E-5,1.0,338.6655022074835,24.833057159085726,4.940547705854998
22,0.01617559626094207,0.0,3.256923275479627,338.6655022074835,25.110898920613735,4.928098977874216
22,0.015148679143377482,1.8808547247174033E-5,9.509169354823836,260.7218942814234,25.305047348268385,4.8985427116081075
22,0.014713327288522732,0.0,7.079521029040699,302.95872470380084,25.64893103559257,4.897853630008192
22,0.016419066645198852,0.0,10.0,338.6655022074835,25.035904858358375,4.9393498756927245
22,0.015760568193704163,0.0,5.456681105596052,338.66550220748354,25.25408350943415,4.912990337854942
22,0.01585420929846071,0.0,2.533708438767977,391.03130321291366,25.220501263585223,4.915949875970831
22,0.015505709274465108,7.542560832205997E-4,2.538606687828838,9.284801554220245,25.061770677012674,4.9334075242709785
22,0.016656436987807704,0.0,1.4772357419350168,338.6655022074834,24.97192568571715,4.95201162424069
22,0.016934361115067232,8.62072517561239E-6,1.8896713980709097,333.5048881252196,24.874895741863043,4.969382464122514
22,0.016716931514154654,0.0,1.3449238223670716,338.6655022074834,24.95733931798224,4.955505075912372
22,0.016622195951347642,0.0,1.0521006670130348,83.65315102300907,24.980510057037826,4.950082207942619
22,0.016771182128600653,0.0,4.48513813825852,338.66550220748695,24.94491440787778,4.958729892532752
22,0.016790132011754545,4.624687937427383E-6,1.9958090397238601,338.5170782274223,24.91593307637178,4.960065707224761
22,0.01660123842170794,0.0,4.106034538737603,338.6655022074878,24.985877447752713,4.948918398241097
22,0.01699338729371745,1.4241958183402784E-5,2.3343740936209065,335.80937522874405,24.85017861908671,4.973381283636186
22,0.017039334639647553,4.916140618783409E-5,1.0,380.874288980586,24.83854783344638,4.980041942618504
22,0.01678773202801825,0.0,3.5307729094726645,338.6655022074834,24.9412517618384,4.9597309628659625
22,0.017042936560958562,3.693115923251868E-5,7.749950584581219,338.6655022074833,24.838787633367946,4.975313628027299
22,0.014495478675554918,0.0,1.4353353854096293,338.6655022074835,25.730991298345003,4.8988742808193235
22,0.016859865101595983,0.0,1.0,500.0,24.926010384776493,4.964188508328353
22,0.01694875310644321,0.0,1.0,500.0,24.908912260414343,4.969892395310825
22,0.01690133129004517,0.0,1.0,247.39188503508447,24.917797031933937,4.9668204005727254
22,0.016839337691405366,0.0,1.0,338.6655022074834,24.930226169298088,4.962904372660181
22,0.016807563665077987,0.0,4.796347918952742,338.6655022074868,24.936943289770703,4.960941184253673
22,0.016990839550577508,0.0,1.0,338.6655022074835,24.901493657253496,4.972674222386658
22,0.01697948244413163,0.0,1.517156913374544,500.0,24.90345169199334,4.97191840504655
22,0.017039334639647553,2.6574419374465337E-5,1.0491937349220608,338.6655022074835,24.839747114555017,4.978087464621012
22,0.016986482346054245,0.0,1.0,337.8665966354149,24.902241002802445,4.9723838009154795
22,0.016980062453898045,0.0,3.9486080686459486,338.6655022074829,24.903350903964792,4.971956912816166
22,0.016988736701241538,0.0,1.0,337.66551746627243,24.901853735430343,4.9725339910732815
22,0.013793023739365208,1.2140712979877644E-5,2.9502609169357354,264.71312670141634,25.881439456039185,4.911175159576635
22,0.017039334639647553,3.790753656530789E-5,1.706159959283121,338.6655022074835,24.843190504724152,4.978360679559385
22,0.015091541980696472,2.767010426654808E-4,1.9958090397238601,377.00533459516777,26.093314677728905,4.910971962918271
22,0.017039334639647553,5.148066458484326E-6,1.2619784523961393,338.6655022074836,24.87637801709981,4.976312320560146
22,0.017032004574596603,0.0,3.1847798801373037,338.66550220748354,24.89467271853251,4.975445567843734
22,0.017034367804667726,0.0,2.1670197023007733,58.568587243618154,24.894294407547132,4.975606180046433
22,0.017037793282106684,0.0,6.260957563877541,338.6655022074835,24.893748628947794,4.9758392773334155
22,0.017039334639647553,2.0319665487732174E-7,7.905926429833906,338.6655022074835,24.8925720685382,4.9759370336993305
22,0.017039047967652817,0.0,2.1477170869485267,338.57101733001844,24.89354948563739,4.975924742662554
22,0.01757757830950698,0.0,8.142339685209066,466.17709667730713,24.848797884249127,5.016871251753396
22,0.01706194253050299,0.0,10.0,338.6655022074835,24.889988011179604,4.977492378388603
22,0.017543538998965744,0.0,1.305857317060896,338.6655022074834,24.849103562602163,5.014031836967001
22,0.017057048404525522,0.0,10.0,338.66550220748354,24.89073777588097,4.977155972911658
22,0.017049159440719358,0.0,4.9662233761873065,33.761756605952705,24.891959601156138,4.976615194922405
22,0.01704712719426028,0.0,1.9107602437273266,338.6655022074834,24.89227699570278,4.976476183527697
22,0.017042182540212284,0.0,1.3509190896734564,338.66550220748337,24.893053761434185,4.97613846241702
22,0.01704258537188241,0.0,2.186639093440277,338.6655022074834,24.892990240671857,4.976165949022139
22,0.017042364325088166,0.0,1.7498112322940838,338.6655022074834,24.893025091325573,4.9761508656402125
22,0.017044765083585985,0.0,5.04988219998814,338.66550220748337,24.892647266889327,4.976314761090733
22,0.017044992578821985,0.0,2.8053908257532125,236.26780074237547,24.892611542493967,4.9763303005706145
22,0.017815629451419606,0.0,9.799882472883157,252.90674717590755,24.856445935769933,5.03767284062415
22,0.014360532471846089,5.47141622683171E-4,6.900876557437376,338.6655022074835,27.710447391323154,4.930139706998335
22,0.013232853900878229,0.0,6.97596272230381,273.44552669446995,26.17877389566765,4.9334045975971055
22,0.01806835855325035,0.0,4.545297988456976,97.99335175433507,24.88290789928185,5.061561091775841
22,0.013225034138639936,0.0,7.890823954968456,189.09004417882548,26.181369334189313,4.933771590132185
22,0.014199031206126068,3.8997622869347154E-4,1.6784761658867757,84.10681073008755,26.587525002612768,4.935192049967532
22,0.013137852522166371,0.0,2.842933626704891,434.26354033256666,26.210148841903088,4.937991628083688
22,0.014591879083132621,5.275456176253931E-4,1.9958090397238601,382.05645272584405,27.59050754981665,4.937500028950591
22,0.017031045376128515,6.194074305419536E-5,6.832759851061505,338.6655022074833,24.93406535390307,4.974463595835182
22,0.013070066855491613,0.0,4.203052211099724,233.15091168505418,26.232326762234386,4.941435879520897
22,0.012939988964771741,0.0,8.357925080676416,90.1403997838756,26.274398892223513,4.94844535115706
22,0.012726337366786397,2.528837479076616E-5,2.1845733885760437,156.25357600458568,26.14884032374877,4.959692179025795
22,0.012984199780464245,3.899762286934716E-4,2.1683571745491226,172.17919483989095,26.36096726248056,4.955491933243381
22,0.01619869740591528,3.2274471516767196E-4,1.9958090397238601,382.056452725844,26.79687048178194,4.9556838368683085
22,0.012778556522623675,0.0,10.0,369.8682130204108,26.325726819419785,4.957877190726558
22,0.012778556522623675,0.0,7.1885707331478965,500.0,26.325726819419785,4.957877190726558
22,0.012778556522623675,0.0,5.783136693720141,396.6915446145497,26.325726819419785,4.957877190726558
22,0.012778556522623675,0.0,8.493811192003555,447.8443026423389,26.325726819419785,4.957877190726558
22,0.012778556522623675,0.0,8.462453896459227,382.9384270682251,26.325726819419785,4.957877190726558
22,0.012778556522623675,0.0,7.101564107379451,500.0,26.325726819419785,4.957877190726558
22,0.012778556522623675,0.0,8.615467451361251,435.2649202269866,26.325726819419785,4.957877190726558
22,0.012778556522623675,0.0,8.452469544254079,365.2043699327542,26.325726819419785,4.957877190726558
22,0.012778556522623675,0.0,6.057753476907965,382.9334188148037,26.325726819419785,4.957877190726558
22,0.012778556522623675,0.0,10.0,378.9887282027951,26.325726819419785,4.957877190726558
22,0.012778556522623675,0.0,9.309429594545787,473.59185911114594,26.325726819419785,4.957877190726558
22,0.012778556522623675,0.0,8.156730493987856,385.576383382336,26.325726819419785,4.957877190726558
22,0.017039334639647553,0.0,1.035889467714046,238.66702808638973,24.893504042739302,4.975944276375937
22,0.017039334639647553,0.0,1.870272153207772,338.6655022074835,24.893504042739302,4.975944276375937
22,0.017039334639647553,0.0,10.0,338.66550220748337,24.893504042739302,4.975944276375937
22,0.017039334639647553,0.0,6.059334660141355,338.6655022074834,24.893504042739302,4.975944276375937
22,0.017039334639647553,0.0,1.8537267434653435,338.6655022074835,24.893504042739302,4.975944276375937
22,0.017039334639647553,0.0,5.707344596694065,338.66550220748337,24.893504042739302,4.975944276375937
22,0.017039334639647553,0.0,6.490309546647903,338.66550220748354,24.893504042739302,4.975944276375937
22,0.017039334639647553,0.0,2.32697004791555,338.6655022074835,24.893504042739302,4.975944276375937
22,0.017039334639647553,0.0,3.5019265559594945,338.6655022074835,24.893504042739302,4.975944276375937
22,0.017039334639647553,0.0,1.329915495139831,338.66550220748354,24.893504042739302,4.975944276375937
22,0.017039334639647553,0.0,2.0699436525786776,333.6652945152211,24.893504042739302,4.975944276375937
22,0.017039334639647553,0.0,1.5404133335634846,338.6655022074835,24.893504042739302,4.975944276375937
22,0.017039334639647553,0.0,4.22669146021118,338.6655022074835,24.893504042739302,4.975944276375937
22,0.017039334639647553,0.0,1.0,338.6655022074835,24.893504042739302,4.975944276375937
22,0.017039334639647553,0.0,1.0,338.6655022074836,24.893504042739302,4.975944276375937
22,0.017039334639647553,0.0,9.663727499138613,338.6655022074838,24.893504042739302,4.975944276375937
22,0.017039334639647553,0.0,1.2447875237700103,338.66550220748337,24.893504042739302,4.975944276375937
22,0.017039334639647553,0.0,10.0,338.6655022074835,24.893504042739302,4.975944276375937
22,0.017039334639647553,0.0,1.8625659329975064,338.6655022074835,24.893504042739302,4.975944276375937
22,0.017039334639647553,0.0,3.358402339171689,338.6655022074835,24.893504042739302,4.975944276375937
22,0.017039334639647553,0.0,1.0759357652033548,338.6655022074835,24.893504042739302,4.975944276375937
22,0.017039334639647553,0.0,3.455261696084548,338.66550220748354,24.893504042739302,4.975944276375937
22,0.017039334639647553,0.0,1.120570936178815,338.6655022074835,24.893504042739302,4.975944276375937
22,0.017039334639647553,0.0,1.0,338.6655022074834,24.893504042739302,4.975944276375937
22,0.017039334639647553,0.0,1.8813545257196957,338.6655022074835,24.893504042739302,4.975944276375937
22,0.017039334639647553,0.0,1.0,338.66550220748354,24.893504042739302,4.975944276375937
22,0.017039334639647553,0.0,4.0702983611059365,338.6655022074835,24.893504042739302,4.975944276375937
22,0.017039334639647553,0.0,6.063493694437399,338.6655022074834,24.893504042739302,4.975944276375937
22,0.017039334639647553,0.0,1.1145348434939966,338.6655022074833,24.893504042739302,4.975944276375937
22,0.017039334639647553,0.0,1.3289160534998554,338.6655022074835,24.893504042739302,4.975944276375937
22,0.017039334639647553,0.0,6.726019265311848,338.6655022074835,24.893504042739302,4.975944276375937
22,0.017039334639647553,0.0,1.0,226.6801577954311,24.893504042739302,4.975944276375937
22,0.017039334639647553,0.0,2.4761302805063394,338.6655022074835,24.893504042739302,4.975944276375937
22,0.017039334639647553,0.0,3.602642571213567,338.6655022074835,24.893504042739302,4.975944276375937
22,0.017039334639647553,0.0,10.0,338.66550220748354,24.893504042739302,4.975944276375937
22,0.017039334639647553,0.0,1.4560673349841935,338.6655022074835,24.893504042739302,4.975944276375937
22,0.017039334639647553,0.0,1.7121378639570326,338.6655022074834,24.893504042739302,4.975944276375937
22,0.013304066044623118,6.191808351327164E-4,1.9958090397238601,382.056452725844,27.772932254393833,4.963548069441803
22,0.012536986228971836,0.0,2.250912711308991,145.9951915441303,26.400722569527073,4.9735108706025395
22,0.014823475219332095,6.560534340264712E-4,3.0356877053618687,194.86350087806574,28.23883415158977,4.97422743157724
22,0.017039334639647557,0.0,1.0,338.6655022074837,24.893504042739302,4.975944276375938
22,0.017039334639647557,0.0,1.0,338.66550220748275,24.893504042739302,4.975944276375938
22,0.017039334639647557,0.0,1.0,338.6655022074835,24.893504042739302,4.975944276375938
22,0.017039334639647564,0.0,10.0,271.53787696701306,24.893504042739302,4.975944276375938
22,0.017039334639647557,0.0,10.0,338.6655022074833,24.893504042739302,4.975944276375938
22,0.017039334639647557,0.0,9.152725627307246,338.6655022074832,24.893504042739302,4.975944276375938
22,0.01703933463964756,0.0,10.0,500.0,24.893504042739302,4.975944276375938
22,0.017039334639647557,0.0,10.0,338.6655022074835,24.893504042739302,4.975944276375938
22,0.017039334639647557,0.0,1.0,338.6655022074824,24.893504042739302,4.975944276375938
22,0.01703933463964756,0.0,6.20592132997523,500.0,24.893504042739302,4.975944276375938
22,0.017039334639647557,0.0,5.32013699607168,338.6655022074834,24.893504042739302,4.975944276375938
22,0.017039334639647557,0.0,1.0,338.66550220748337,24.893504042739302,4.975944276375938
22,0.017039334639647557,0.0,6.909214950091335,338.66550220748326,24.893504042739302,4.975944276375938
22,0.017039334639647557,0.0,4.6027748173953125,335.652748611281,24.893504042739302,4.975944276375938
22,0.01703933463964756,0.0,1.0,338.66550220748405,24.893504042739302,4.975944276375938
22,0.01703933463964757,0.0,1.0,338.66550220748303,24.893504042739302,4.975944276375944
22,0.01703933463964755,0.0,1.0,338.6655022074836,24.893504042739306,4.975944276375942
22,0.01703933463964755,0.0,6.853737545819406,328.611466790091,24.893504042739306,4.975944276375942
22,0.01703933463964755,0.0,4.036731854404697,338.6655022074831,24.893504042739306,4.975944276375942
22,0.017039334639647546,0.0,5.84731565980276,338.66550220748326,24.893504042739306,4.975944276375942
22,0.017039334639647543,0.0,4.641823316186843,338.6655022074835,24.893504042739306,4.975944276375942
22,0.01703933463964755,0.0,2.142287084033379,338.6655022074835,24.893504042739306,4.975944276375942
22,0.017039334639647543,0.0,1.0,338.6655022074825,24.893504042739306,4.975944276375942
22,0.017039334639647546,0.0,4.2264853508269375,338.6655022074834,24.893504042739306,4.975944276375942
22,0.017039334639647553,6.285804692522212E-5,1.4987060065803943,338.6655022074835,24.91710047276704,4.980581540972826
22,0.017039334639647553,7.677319119226812E-5,1.2649652707086696,338.6655022074838,24.952643691777507,4.982184243362851
22,0.01838547999346268,0.0,7.563289636661437,338.6655022074835,24.94070597851264,5.094154433091083
22,0.017039334639647553,7.230837144872188E-5,1.9554328886695047,338.6655022074835,24.99737875106157,4.980486083416655
22,0.017599949688526784,3.899762286934716E-4,1.6963876419900328,11.613175806653175,24.985607688620387,5.0307956925866835
22,0.01845693462528189,0.0,4.155828896113848,466.38523484624153,24.957119796573807,5.101899606441426
22,0.01845693462528194,0.0,3.5636414295015166,466.09805717091297,24.957119796573814,5.101899606441429
22,0.01232842146611094,3.899762286934716E-4,1.0,117.6309742495346,25.09642045555689,4.983160579063505
22,0.018456934625281973,0.0,9.184283400012585,474.1677862324207,24.957119796573824,5.101899606441434
22,0.017131112187595235,1.033073957995142E-4,10.0,336.35111606335334,25.300424115485978,4.982383737001089
22,0.017039334639647557,1.581393543586166E-4,1.0025163466470344,338.66550220748303,25.291751167892144,4.990880181325136
22,0.018558707483966132,0.0,4.0498062555711725,492.0016194057472,24.982426222414144,5.113185200998704
22,0.017039334639647557,1.7784830785258122E-4,1.0,350.76945922538204,25.411918798989,4.9930177953434995
22,0.018599883461779827,0.0,8.117083284751118,500.0,24.993273554973612,5.117835972210251
22,0.01703933463964755,2.037425720201161E-4,1.0,338.66550220748354,25.580563177811552,4.996056101409805
22,0.017039334639647553,2.0915247961666568E-4,1.0,338.6655022074835,25.615546458285888,4.99669530418752
22,0.01703933463964756,1.7966208398218856E-4,3.7063146006655407,338.6655022074832,25.99097480665089,4.983491673764463
22,0.017039334639647557,2.1067642073410345E-4,1.0,338.6655022074835,25.62539100083231,4.996876338578418
22,0.018811598779108,0.0,3.938655085537828,470.3922943876561,25.05404470386725,5.142518727159641
22,0.01710252817282513,1.705724513736285E-4,3.593628581811924,117.42000687683135,25.9408248584659,4.995862411946382
22,0.018818394976038343,0.0,7.309993949376938,254.13543465803784,25.056123094286537,5.143332385409055
22,0.012375728536136318,3.8997622869347154E-4,1.6508004898096895,115.0838750873398,26.013632962493524,4.992785796834538
22,0.01134338353305906,3.397001479915369E-4,2.3412441087023983,125.87317653503305,25.403545708894203,5.0696243547564155
22,0.00941045852523859,3.3245246192880994E-4,1.9958090397238601,415.9188069822023,25.061729199638417,5.301753849553102
22,0.010665282058261567,3.318735289432388E-4,2.6430824086496654,125.85650710680407,25.179852144242858,5.14022794219836
22,0.017039334639647553,2.349342898638279E-4,1.0,338.66550220748326,25.7808906289004,4.999815626265534
22,0.01095277718822435,3.4534465372843036E-4,1.8433497599726363,123.71420909299577,25.27226165675333,5.110643119100795
22,0.018862875420535663,0.0,9.024786198370402,414.4064329194098,25.06990490028692,5.148690413082541
22,0.01212493602871976,3.623607795789181E-4,2.015475044908144,123.86357677052143,25.821600637037136,5.007239943268691
22,0.018865299863059223,0.0,1.0,338.66550220748337,25.070664839146556,5.148984087379741
22,0.017039334639647553,2.597656898190648E-4,1.0,338.6655022074835,25.936281480647995,5.002936475126453
22,0.008700494395215695,3.6209469114461114E-4,4.284346037410576,130.3305886269005,25.08760722470568,5.422517699524268
22,0.00975023631021703,3.64097265565565E-4,8.121060561350141,132.03754159504655,25.145530671159193,5.245077590081816
22,0.009702765403644557,3.539435862934385E-4,2.004594465396698,117.43666582840109,25.145399333208825,5.2715413508423135
22,0.017039334639647557,2.1458243022413288E-4,10.0,338.6655022074835,26.300373696567398,4.98325370638696
22,0.019278194117810225,0.0,6.382806725915098,464.1497676791995,25.211148115950504,5.201452041871314
22,0.010744782713275402,3.6194125186325075E-4,2.0069183763314586,123.84606224335845,25.37543586618504,5.134472775032781
22,0.019309419321658253,0.0,7.32970846660587,253.2101896440714,25.222507772905736,5.205617971794091
22,0.0195259796597603,0.0,8.956689844575596,220.96101346912903,25.30330820703811,5.235274454073032
22,0.019198838634613094,4.506617672663364E-5,10.0,181.24053233644617,25.582979601961764,5.193208054453639
22,0.01973983759549909,0.0,1.0,500.0,25.385705912982004,5.265868555168962
22,0.006799813477261218,3.881450401266437E-4,4.349158059754962,120.48842193780834,25.365450879535025,5.824535643129553
22,0.017039334639647557,2.209068479298589E-4,9.798461980703271,338.6655022074835,26.352566530932684,4.983857627063497
22,0.019864488982328805,0.0,1.038343459116896,203.17709506818395,25.434511177304874,5.284298872648565
22,0.017039334639647557,2.2228355499081365E-4,10.0,338.66550220748337,26.364008629265175,4.984069671510363
22,0.007442092371893402,3.8997622869347154E-4,1.4152782052171065,130.75899771820414,25.499208297467927,5.682119745761196
22,0.01850131433552586,1.403662717516157E-4,2.0968597203901047,358.5107692030152,26.155180698720994,5.122597510527155
22,0.005396599833308118,4.4994602557250576E-4,4.628938173819614,94.84975053898204,25.447941398566503,6.19747922561153
22,0.0064309794798408084,3.873266745263128E-4,4.433607640123333,121.6492774024627,25.47415758355852,5.91596622087215
22,0.006279272163434407,3.874609765974228E-4,5.892702266892814,126.71483136469492,25.495923696815144,5.9505232179346015
22,0.005536724708666609,4.7681833552074986E-4,1.8231924567527098,107.85025342933191,25.49121702698868,6.163416348415927
22,0.017039334639647553,2.5030314260858543E-4,2.600465376976821,500.0,26.567251571482124,4.9937706122703425
22,0.006822052545325659,3.899762286934716E-4,1.6115556494307106,135.02221050518042,25.58143340346464,5.827775530977465
22,0.01703933463964755,2.3771807461681947E-4,2.270689946683569,338.66550220748337,26.45966340536251,4.996575569547537
22,0.01845150422643022,2.2026782561747514E-4,1.001742071462542,338.66550220748337,26.21930597999974,5.132342565840736
22,0.008561425380377881,3.899762286934716E-4,1.0,114.37191259484781,25.68039165521096,5.4463517564680455
22,0.009074935526183625,2.4087032679062648E-4,1.6849675455463051,133.98262436417602,25.794225857453775,5.373656047412086
22,0.0045341967582467856,5.354821631915938E-4,1.628246444395291,217.8184778651494,25.517366389447247,6.444154317896634
22,0.012615252218510162,2.163924268090435E-4,10.857566901881915,1000.0,24.833576431399607,4.94512335964264
22,0.014367417894671436,1.642563273422135E-4,15.0,936.719387597138,24.885480161183946,4.889891126918977
22,0.012615252218510179,4.2760573227724477E-4,10.921743955587212,1000.0,26.577538187921736,4.952211157108117
22,0.009428033485112437,3.6267970247347514E-4,3.5593077137619153,571.732333891167,25.033896581797663,5.284679985072335
22,0.010161278345503684,4.3914697178496566E-4,3.5593077137619153,569.7372119187132,25.86063754258318,5.177404933896229
22,0.00958593668456207,4.507982363578162E-4,3.5593077137619167,570.2539505015761,25.768482838940006,5.2576717356284455
22,0.009556622209570625,4.3104923574283424E-4,3.559307713761915,567.1685830580126,25.578801461749677,5.262375738510536
22,0.01261525221851022,0.0,10.425766489099694,1000.0,26.376660772122708,4.968245917523752
22,0.009934224594745307,4.673534221517621E-4,3.5593077137619153,563.0350164514621,26.03539906567056,5.2080381486972165
22,0.012615252218510212,0.0,10.577571174342854,955.8548376683984,26.376660772122708,4.9682459175237526
22,0.009132888717382824,3.7700843665832193E-4,3.559307713761916,865.7491928117386,25.04823415185289,5.32909688111307
22,0.009228036536870255,3.97206681873382E-4,3.559307713761916,568.2394759440664,25.197819711031908,5.3147710599150395
22,0.00923307042806394,4.090929749349437E-4,3.546331352884149,570.5698848086545,25.28849965063126,5.31346626584376
22,0.009228036536870255,4.0015646502812737E-4,3.5502656865733995,614.4825281319418,25.216763784886965,5.314131411994046
22,0.009227925839549097,3.914337505937144E-4,3.559307713761916,580.8638565631103,25.157624814495595,5.314911938751538
22,0.009929206581509364,4.623090953874787E-4,3.5593077137619153,569.8245045229628,25.98907758708018,5.208582469900542
22,0.009232747162160038,4.271029023233575E-4,3.553791858486994,571.5061494466654,25.43815201226793,5.3128314593560235
22,0.009230366860712956,4.3956079131145145E-4,3.5855992917141575,574.646557787646,25.54663392633621,5.312693365510517
22,0.009266101264009955,4.411232595004525E-4,3.559307713761916,560.4634684471257,25.573293748127075,5.307241057906911
22,0.00942803348511244,4.513945293899624E-4,3.559307713761916,568.3071482320072,25.720189492903465,5.2815806693282115
22,0.012764093641483171,5.231086328278308E-4,13.283530223459067,751.5725169894703,27.254233726261173,4.963271899338481
22,0.006533670292103311,4.54845960249722E-4,3.5593077137619153,567.1305626893519,25.15575486079171,5.864633443223739
22,0.009228036536870255,4.1821304772768076E-4,3.5479781547612164,564.3694255302729,25.361501663564233,5.3140074397972885
22,0.009585687328857896,4.702090716683134E-4,3.5593077137619153,562.104869506866,25.943343301314066,5.257754043653087
22,0.009228036536870255,4.361861124162953E-4,3.559307713761916,567.4038700973418,25.516471733177337,5.313359739531244
22,0.012615252218510184,0.0,10.57757117434284,1000.0,26.37666077212272,4.968245917523755
22,0.009466513024239988,4.613854006916935E-4,3.5593077137619162,565.6011912114288,25.823830007566503,5.2756299937736175
22,0.009228036536870253,4.1936973041114623E-4,3.559307713761914,570.764560049224,25.370669870341043,5.313834832524719
22,0.009228036536870255,4.388639202067176E-4,3.5593077137619162,567.5541182048213,25.540274111952666,5.313287978191113
22,0.009228036536870253,4.338370760389146E-4,3.559307713761916,567.0888503612953,25.495705834612828,5.313428160485861
22,0.009228036536870255,4.342915432860641E-4,3.559307713761916,567.3507983666751,25.499705506472857,5.313411928714452
22,0.009827178413777012,4.6661833328321984E-4,3.5593077137619153,563.874972871964,25.992911355803955,5.222867018401616
22,0.009228036536870255,4.187137013796462E-4,3.571089157300102,558.6337917947939,25.365625414752227,5.313973236260089
22,0.009309448349796785,4.409109916959329E-4,3.559307713761916,568.683179110659,25.58536181158936,5.300249340836529
22,0.012615252218510162,0.0,10.577571174342856,1000.0,26.376660772122726,4.968245917523753
22,0.012764093641483171,5.231086328278308E-4,13.283530223459069,751.5725169894704,27.254233726261173,4.963271899338481
22,0.009228036536870255,4.2755331265358694E-4,3.54978458824654,561.9917853038843,25.441103684528972,5.313722031577866
22,0.009428033485112442,4.6183898569380436E-4,3.5593077137619162,560.3395309735386,25.815052458305168,5.281589234089068
22,0.009228036536870255,4.407387148485576E-4,3.559307713761916,566.3326210033233,25.557064069647943,5.313258522623079
22,0.00922803653687025,4.420854654001794E-4,3.5593077137619162,567.3176313934064,25.56906968896109,5.313212246524603
22,0.009228036536870255,4.4154958461536893E-4,3.5593077137619162,567.2068374225026,25.564277164880924,5.313226594262857
22,0.00922790260331845,4.3902437327666787E-4,3.559307713761916,568.3763744588014,25.541623268664853,5.313293961316223
22,0.009307360858120261,4.435556273768186E-4,3.559307713761916,568.6750783595428,25.608502320379536,5.300522971148422
22,0.009228036536870255,4.4088707035476633E-4,3.5593077137619167,567.7417109706637,25.558326822095093,5.31323508452235
22,0.009228036536870255,4.409736810071429E-4,3.5593077137619162,567.6758353966342,25.55910422301367,5.31323390311817
22,0.012615252218510157,0.0,10.402753624054863,983.581169573265,26.376660772122726,4.968245917523754
22,0.012615252218510141,0.0,10.541242177318079,932.6083791688673,26.37666077212273,4.968245917523754
22,0.009391065775416317,4.5868421178047624E-4,3.559307713761916,572.6644104585503,25.77355323820628,5.287136209080684
22,0.009407186681835433,4.6135499392107156E-4,3.5593077137619162,564.1223721416475,25.803473316321334,5.284744218854087
22,0.009228036536870255,4.427489120620352E-4,3.5593077137619162,568.3089536113227,25.574969852833043,5.313182640535679
22,0.009233482590217928,4.455452988025029E-4,3.5620892155324992,569.2848660259574,25.60180949274646,5.312220384802743
22,0.009228036536870253,4.4259106030437493E-4,3.5593077137619153,567.7001076232507,25.573582119670185,5.313194918477772
22,0.009428033485112442,4.783914451956637E-4,3.5593077137619162,567.2892227873065,25.96264205800552,5.281422441409425
22,0.009332694732061334,4.615820075817381E-4,3.559307713761916,562.7260931467907,25.780338627691965,5.296341025076978
22,0.00923898348600781,4.4903430239601124E-4,3.5572029440573294,601.7845357232238,25.633818383348054,5.310847658038279
22,0.009228036536870255,4.436514480553086E-4,3.559307713761916,567.6622824068386,25.58309274112743,5.313170827556222
22,0.009302613723402988,4.581061168410693E-4,3.559307713761916,569.3593547652102,25.73849986613653,5.301013499941184
22,0.009228036536870255,4.409736810071429E-4,3.559307713761916,567.0146360437678,25.559133972383236,5.3132431992648606
22,0.00773034655145328,4.60696402832745E-4,3.5593077137619153,567.138506608248,25.29377898700031,5.589437805081633
22,0.012089909571656877,0.0,3.2447320920752083,331.90752396469816,26.533932203013855,5.007269535270349
22,0.006129866089699521,4.352155938658631E-4,3.559307713761915,567.0128601103845,25.244260333458783,5.9705828067147495
22,0.009285166291877407,4.6069932660990445E-4,3.559307713761916,567.1747028701199,25.75612884762345,5.303767441926081
22,0.009286635769369505,4.61448778232849E-4,3.559307713761916,565.0124599555637,25.763476508029232,5.303557631726959
22,0.009229414440335853,4.438788648024233E-4,3.5593077137619162,567.3366129526422,25.58560311274899,5.312949000036242
22,0.009228036536870257,4.4432653873672156E-4,3.559307713761916,567.5818357968128,25.589156160941464,5.313156582624286
22,0.009305460896150962,4.619700759477054E-4,3.559307713761916,567.3435924247094,25.774454204664696,5.300545813682446
22,0.009252179007226028,4.608676666057698E-4,3.5593077137619145,569.822776501806,25.746413446321245,5.3089630082379315
22,0.009228036536870257,4.4501972161047206E-4,3.559307713761916,568.3677989719374,25.595348610164947,5.313129893385284
22,0.009229133527874822,4.4632591485689144E-4,3.559307713761916,567.3673521768216,25.607501217001676,5.312939364924804
22,0.00922992651352001,4.550267886399633E-4,3.559307713761916,566.9668025998277,25.68627086786127,5.31264932370259
22,0.009245284286817231,4.610162720496785E-4,3.559307713761914,570.7628108581026,25.745393892410426,5.310046216005335
22,0.011073382567575918,0.0,6.859274002351148,331.90752396469793,26.81169815705501,5.10753246799898
22,0.009228036536870255,3.9037395607645874E-4,1.0262192834190462,568.5360380571663,25.417247362068167,5.325079790080636
22,0.009228036536870255,4.456101647798832E-4,3.559307713761916,567.2046660594143,25.60070674967265,5.313133323816061
22,0.00922803653687025,4.4484395853977966E-4,3.5593077137619145,566.0008479956955,25.59387317155846,5.313167422723585
22,0.009228036536870255,4.60515201316738E-4,3.559307713761916,582.5159376550995,25.734607448891946,5.312641891376348
22,0.009238614732430445,4.611568388424221E-4,3.559307713761916,573.0239987155791,25.744327279162345,5.311075976392176
22,0.009234790032499732,4.609455078767855E-4,3.559307713761916,569.8775365921043,25.74125228444399,5.311735772589796
22,0.00922827633295923,4.522683816474615E-4,3.5880401526869705,567.8444421847661,25.660502335999084,5.312837474025583
22,0.009228030323196692,4.564468221495227E-4,3.571851745075696,571.1489799253358,25.69818458326692,5.31281901678469
22,0.009228036536870255,4.412505731694312E-4,3.559307713761916,562.9456788583842,25.561794631028338,5.313294215575918
22,0.009228036536870255,4.4113757185272704E-4,3.559307713761916,561.0672278108686,25.56086995556691,5.313323847419093
22,0.009231808420608232,4.6115086964359E-4,3.5593077137619162,579.9186229489593,25.741716609639834,5.312065439243959
22,0.009230048220618686,4.609046913542822E-4,3.5593077137619162,570.1310472578931,25.739276373832777,5.312490985994424
22,0.011057759340448996,0.0010857761923225397,1.0,602.5515090389179,27.896759396341714,5.105522101963878
22,0.012615252218510134,7.431455214694337E-4,10.505320945970155,1000.0,28.244229449704186,5.013041208006875
22,0.009228036536870255,3.9220797038501843E-4,1.0,568.9516228706041,25.46529715667989,5.324628497206561
22,0.009228036536870257,4.4775222328843347E-4,3.5873072865158218,566.9367751091015,25.619715719166855,5.312980604184673
22,0.009228036536870255,4.4661734857388293E-4,3.5593077137619167,570.3041436817473,25.609632824784313,5.313067511298308
22,0.009228036536870259,4.5231585378133655E-4,3.559307713761916,571.9911222468515,25.6609455635588,5.312928713095817
22,0.009242953073580145,4.625566147993085E-4,3.559307713761916,567.7650805955096,25.758625753048314,5.310441256833411
22,0.009228036536870255,4.5436811116019533E-4,3.559307713761915,572.7758597943932,25.67944964212008,5.312880052088041
22,0.009228036536870248,4.6034310710117926E-4,3.5593077137619145,575.3310825705153,25.73332675377797,5.312746035724071
22,0.009228036536870248,4.5904639102308306E-4,3.5593077137619162,575.3142580255746,25.721616017908236,5.312765987925113
22,0.012615252218510137,8.808898642423847E-4,10.53847412125496,986.8479174323114,28.71314967383432,5.058507346012601
22,0.009228036536870255,4.474782061375637E-4,3.5593077137619153,567.2856280847433,25.617512755677815,5.313092013544168
22,0.009228036536870255,4.547715466303272E-4,3.559307713761916,569.6737870088216,25.68322013341528,5.312917366223476
22,0.00922803653687026,4.5409731684501386E-4,3.5593077137619185,569.6963356549056,25.677128752720417,5.312928933890323
22,0.009228036536870264,4.592817422062231E-4,3.559307713761918,572.7865063062222,25.723840399865097,5.312798586591699
22,0.009228036536870262,4.5908793166739043E-4,3.5593077137619185,571.6712267608841,25.72213367575534,5.312817648047372
22,0.009228036536870255,4.5846665981723637E-4,3.559307713761915,571.0134681500696,25.716548029887676,5.312836802009517
22,0.009228036536870255,4.590045000404329E-4,3.559307713761916,571.0471406538326,25.721404703622465,5.312827957762191
22,0.009232816164435697,4.6118665129104127E-4,3.5593077137619162,556.6708095314298,25.74329002546144,5.312245333549513
22,0.009228036536870255,4.6097337583136174E-4,3.559307713761916,579.5601381609451,25.738856358425288,5.312676596466734
22,0.009230136209572226,4.6125487042046305E-4,3.5593077137619167,569.1661675952536,25.742504598738726,5.312486015063895
22,0.010349503255144655,6.900561460983862E-4,6.983617087109929,331.9075239646981,27.630657705402804,5.186855461553053
22,0.010183276802839852,0.0,6.983617087109931,331.90752396469804,27.029550800763285,5.2224368892132205
22,0.012615252218510143,9.090442261104177E-4,10.577571174342847,855.1011401449402,28.798677324996415,5.07100993116686
22,0.004006371713821281,5.821621770911391E-4,6.983617087109928,331.90752396469804,25.392127323063796,6.598214179500667
22,0.009228036536870255,4.510436040122168E-4,3.559307713761917,566.0991479090575,25.649706898984824,5.313037323150978
22,0.009228036536870255,4.579439880671782E-4,3.5593077137619096,568.668848746906,25.711920105508316,5.312879060734786
22,0.009228036536870255,4.496022159049383E-4,3.559307713761916,566.8958111608642,25.636670585427098,5.313054067901075
22,0.009228036536870255,4.5127222249087865E-4,3.559307713761916,567.4657770204414,25.65171242701071,5.313013221532969
22,0.009228036536870257,4.5820633965366024E-4,3.5593077137619114,568.8468714499944,25.71428276179557,5.312872325733864
22,0.009228036536870255,4.568529791730978E-4,3.559307713761916,569.8224821290013,25.702018066891014,5.312879933148657
22,0.009232726440307717,4.612013028954404E-4,3.559307713761916,556.880009822964,25.743383495427665,5.312256281601753
22,0.009228036536870253,4.60573124808626E-4,3.559307713761916,574.527281519429,25.73543469988083,5.312754149242644
22,0.009229955948207401,4.6121666450765617E-4,3.5593077137619167,569.7371128248643,25.742076739217012,5.312507044335455
22,0.009228036536870255,4.609733758313615E-4,3.559307713761916,579.1925066771793,25.738870276960352,5.312681791868232
22,0.009228036536870255,4.5158775063677776E-4,3.559307713761916,566.233336849189,25.65461202664373,5.313025001511553
22,0.009228036536870255,4.5351590613999196E-4,3.559307713761916,567.0314285188183,25.671987277361698,5.312977819478091
22,0.009228036536870255,4.5387199021467805E-4,3.559307713761916,567.1352334786684,25.675198913558496,5.312969933219696
22,0.009228036536870255,4.568091306810305E-4,3.559307713761916,567.3815977563883,25.70172041532378,5.312916109402279
22,0.009228036536870255,4.5533964120007695E-4,3.559307713761916,568.8573095777092,25.688385402936646,5.312919314877009
22,0.009228036536870257,4.585110947334014E-4,3.559307713761919,570.468962096328,25.71697096934865,5.312843987756123
22,0.009228036536870253,4.609733758313617E-4,3.5593077137619153,579.0796291643971,25.73887455388962,5.312683388368149
22,0.009228036536870253,4.5324045439327387E-4,3.559307713761916,567.0758731064551,25.669497887870694,5.312982154991098
22,0.009228036536870255,4.569713664092548E-4,3.559307713761916,568.6731171143068,25.703133818142604,5.312894654744976
22,0.009229280946189833,4.6126235314121976E-4,3.559307713761917,567.6264696893022,25.74234432672393,5.31264536293864
22,0.009231245928148437,4.611280030681021E-4,3.5593077137619162,549.1462036679742,25.74254281501598,5.312613896582871
22,0.01261525221851017,0.0010307457921069074,10.855918497747947,952.659942554263,29.13466194573072,5.122164453119212
22,0.009228036536870255,4.608418289840111E-4,3.559307713761916,569.8817518795864,25.738041026629425,5.312817470157438
22,0.009228036536870255,4.605511655460334E-4,3.559307713761915,570.1352607586723,25.735407117944273,5.31281799552391
22,0.009228036536870255,4.6097337583136163E-4,3.5593077137619162,574.7451944689861,25.739039997830158,5.312745160506842
22,0.013654863641978153,0.0011515146765619672,10.769539664486178,947.6184774418068,29.51922012131651,5.1602171062158835
22,0.004758346573999206,4.606556227353219E-4,3.5593077137619145,566.8119032753456,25.476767587223986,6.3611461685578305
22,0.009228036536870255,4.561360749404877E-4,3.5593077137619162,567.2626893189015,25.69564511914747,5.312928977192403
22,0.00923135703379389,4.620766892009186E-4,3.5593077137619162,568.6690823649293,25.750351745985665,5.312286583289572
22,0.009228036536870255,4.5571499019207126E-4,3.559307713761916,567.2608240059832,25.691841279731136,5.312936084321138
22,0.009231559391125937,4.6361517723801117E-4,3.5593077137619162,572.2457863069869,25.764159766680482,5.312181320883962
22,0.009228036536870255,4.5491368758477307E-4,3.559307713761916,567.2247272803286,25.684604310329615,5.312950325866615
22,0.009228036536870255,4.5822855122194263E-4,3.559307713761916,567.357110327711,25.714543031856678,5.3128937241129
22,0.009228036536870253,4.580469717214517E-4,3.5593077137619153,566.9426213112001,25.712919606287805,5.312902645638815
22,0.009228036536870257,4.6100428716404774E-4,3.5873072865158213,567.834008041838,25.73936432407393,5.312735935550353
22,0.009228036536870252,4.6260884353686605E-4,3.646945965995889,569.8689481699021,25.753314415216007,5.312461735541191
22,0.009227814352582893,4.55425764627115E-4,3.559307713761916,569.7311289366615,25.689053329908162,5.312940818499221
22,0.009228036536870255,4.584685966524428E-4,3.559307713761915,567.1914205860252,25.71671778042592,5.31289240432846
22,0.009228036536870252,4.609733758313617E-4,3.5593077137619153,574.5745343430052,25.73904656057944,5.312747611454245
22,0.009228036536870257,4.5854260801184794E-4,3.559307713761918,567.199865773141,25.717385897254676,5.31289113154561
22,0.009228036536870252,4.609733758313617E-4,3.559307713761916,574.5385318940384,25.739047945531418,5.312748128689136
22,0.009228036536870255,4.7248614933476487E-4,3.559307713761916,766.7078001920312,25.837452355820357,5.310485456927327
22,0.009228036536870255,4.599663573829713E-4,3.5593077137619167,568.8027321731048,25.730179464927296,5.312846058786818
22,0.009228018449961588,4.5936118383984074E-4,3.5593077137619162,568.6560251711425,25.724714492253877,5.312860175901273
22,0.009228036536870255,4.609524568035766E-4,3.559307713761916,570.161552310756,25.73902872988618,5.312811791733068
22,0.009228036536870253,4.609733758313617E-4,3.559307713761916,574.4784731962662,25.73905025625407,5.312748991674054
22,0.009228036536870257,4.598007893638505E-4,3.559307713761919,567.5710978637305,25.728733252100906,5.312866563351871
22,0.009228036536870257,4.5554912001789566E-4,3.559307713761916,566.2673235124995,25.690383560211565,5.312953378749109
22,0.009228036536870253,4.60675618740172E-4,3.5593077137619167,568.7945101697525,25.736583227996203,5.312835771329978
22,0.009228036536870253,4.609733758313617E-4,3.559307713761916,574.2787852727639,25.739057942441182,5.3127518622730365
22,0.01610927660022199,0.0010735407328439101,12.368774935134146,752.7408563197673,29.56493672411089,5.210494616546415
22,0.009228036536870255,4.602514231624309E-4,3.559307713761915,567.3118769925466,25.73281218505473,5.3128637133616206
22,0.00922803653687025,4.61671553144357E-4,3.61833800103204,563.4186661394289,25.74532118281004,5.312674513311069
22,0.009228036536870255,4.5941890617025506E-4,3.559307713761916,567.4776003611507,25.72528865277704,5.312873658121921
22,0.009228036536870255,4.613819505483224E-4,3.559307713761915,578.1201899390103,25.742599659313814,5.312691036937335
22,0.009228036536870253,4.740422986748223E-4,3.559307713761916,687.2206559113288,25.853215030509,5.311204119052489
22,0.009228036536870255,4.50075430971973E-4,3.559307713761916,556.0606586282014,25.641406779632113,5.313203540080161
22,0.009228036536870255,4.579806240146154E-4,3.5593077137619153,564.7796472868464,25.712407717057665,5.312935495162435
22,0.009228036536870255,4.609733758313617E-4,3.559307713761916,573.8246275934271,25.73907544241249,5.31275839831004
22,0.009228036536870255,4.607196278730428E-4,3.559307713761917,568.3661823365175,25.73699734739816,5.312841411815957
22,0.009228036536870255,4.609733758313617E-4,3.5593077137619153,573.7896192146682,25.739076792480045,5.312758902558215
22,0.01609471834544646,0.0010861855555992117,12.748344498767018,443.15002739189356,29.59189003913249,5.227756987742992
22,0.009228036536870248,4.6241151472502137E-4,3.6257279379420493,562.3839802948203,25.75198723136381,5.312652673846748
22,0.009228574663269293,4.6115653510812676E-4,3.559307713761916,567.7955346621657,25.74114471768356,5.312757400148454
22,0.009228036536870255,4.609733758313617E-4,3.5593077137619162,573.5817501263818,25.739084812005615,5.312761897878831
22,0.01365065585715032,0.0012850823518135218,10.701404065694515,969.5990615426117,29.794753542302026,5.235594309938633
22,0.009228036536870255,4.609733758313617E-4,3.559307713761916,573.4717087860577,25.73908905961022,5.312763484401618
22,0.009232928439172226,4.765189830867773E-4,3.561624724655792,550.6735478481263,25.88116242131261,5.31216301091356
22,0.00922803653687025,4.645772133017683E-4,3.562062893102096,580.3223912554731,25.771322341429965,5.312605190003479
22,0.009228036536870257,4.609733758313617E-4,3.5593077137619153,572.9200127251178,25.73911037856774,5.312771447535742
22,0.009228036536870255,4.6176793862176584E-4,3.5758461883956367,572.3347675401152,25.746174291505028,5.3127038079109346
22,0.009228036536870257,4.6157731153273615E-4,3.5873072865158218,566.6035874257904,25.744586575047272,5.312746025162843
22,0.009228036536870252,4.602803416854571E-4,3.559307713761916,565.9530277840432,25.733127187729174,5.3128833212739215
22,0.009228036536870255,4.609733758313617E-4,3.559307713761916,572.8834896680794,25.739111791294,5.312771975239481
22,0.013816186922080073,0.0013451720934638807,10.770974273754616,946.9064075525797,29.921846225142687,5.274396873470673
22,0.00922803653687025,4.5952166188094085E-4,3.559307713761916,565.8249014925844,25.72628245768109,5.312896430985005
22,0.009228036536870255,4.609733758313617E-4,3.559307713761916,572.7707575631807,25.739116152899363,5.3127736044683065
22,0.009228036536870262,4.5942865583757653E-4,3.5613374317947986,564.3953908458489,25.725483278092227,5.312910934870991
22,0.009228036536870255,4.609733758313617E-4,3.559307713761916,572.4199908266127,25.739129734538004,5.3127786778671675
22,0.009228036536870253,4.609733758313614E-4,3.559307713761916,572.4192607793043,25.739129762821875,5.312778688432767
22,0.009228036536870255,4.6881323724577934E-4,3.5804921321015053,570.8988759157945,25.809670284675008,5.312620881985531
22,0.009227210747153405,4.606816895956861E-4,3.559307713761916,574.7024793683859,25.736130003943874,5.312882235782723
22,0.009228036536870255,4.6093119214569273E-4,3.559307713761916,566.7029616252096,25.738972606595276,5.312862841728789
22,0.009228036536870255,4.609733758313617E-4,3.559307713761916,572.1421881787296,25.739140502279376,5.31278270027901
22,0.00922915341167603,4.937610762270754E-4,3.559307713761916,582.2436824833734,26.030647419616084,5.3122433729846525
22,0.009196944309948508,4.4613320986227933E-4,3.5593077137619162,568.1715976814928,25.595073848759853,5.318114502822005
22,0.009228036536870252,4.609733758313617E-4,3.559307713761914,571.8189495136318,25.739153043688194,5.3127873854202345
22,0.009228304190023757,4.610582040848378E-4,3.5593077137619162,569.2626388315355,25.740108555282728,5.3127805651060465
22,0.009228036536870255,4.609733758313617E-4,3.559307713761916,571.7476345117733,25.739155812474337,5.3127884197886655
22,0.00922847590497528,4.7467821713463414E-4,3.559307713761916,572.0733571133532,25.86247807710347,5.3125621391171345
22,0.009228036536870253,4.607038195626777E-4,3.559307713761916,565.2446134893383,25.73697809671733,5.312887674476425
22,0.016908403461245353,2.0390822160461882E-5,1.0801592929780404,112.39529937635308,24.857253115826516,4.969061419817533
22,0.014604531976679555,1.0E-5,5.704431198852539,112.39529937635287,25.596900192561073,4.897533778750504
22,0.014143237336322334,1.6224418473090286E-4,5.704431198852548,112.39529937635307,24.865571294502573,4.898229103817698
22,0.014729610924431489,1.0E-5,1.0,112.3952993763531,25.580840496039304,4.898049643695729
22,0.013801325672051138,2.1177114244921023E-4,5.704431198852552,112.39529937635307,25.087108588030034,4.9057629362333195
22,0.013878218286166845,2.0820093070962026E-4,1.0,112.0065329262712,24.871529035029493,4.91289070095804
22,0.015183779573305689,1.0E-5,12.713240830691378,374.4080986040401,25.374684249118403,4.899680597658471
22,0.015073255491185183,1.0E-5,5.693932390459017,110.23903972876231,25.417753524223183,4.89883015570213
22,0.015418161069691912,1.0E-5,1.4215657614489259,112.034107370194,25.30044357922015,4.904836038302354
22,0.015080725658528901,1.0E-5,5.162424247519276,110.35144377607901,25.415125292958653,4.899001128185832
22,0.01471393863721279,1.0E-5,1.0,112.3952993763531,25.586820430636976,4.898062403755356
22,0.016716528110174614,1.0E-5,8.504388474243118,112.39529937635307,24.90110483136527,4.955220871567969
22,0.016411792188943175,1.0E-5,1.0,112.39529937635307,24.99061582349594,4.939705552246529
22,0.01599300290512522,1.1547799868941057E-4,5.704431198852573,112.39529937635307,25.010256295478705,4.92179591652546
22,0.016944250770048595,4.8748328465228705E-5,2.798375024224006,112.39529937635308,24.86941661820826,4.9734815485799615
22,0.015723577825863998,1.0E-5,5.704431198852551,112.39529937635307,25.178228012102633,4.911585024464512
22,0.014987872541102393,1.0E-5,1.0,112.39529937635314,25.48213866338524,4.898912193885672
22,0.015841392207651593,1.0E-5,13.170414704649069,262.9289142574358,25.136733945194024,4.914880706818253
22,0.01625027726786658,1.0E-5,5.704431198852551,112.39529937635307,25.010774959896388,4.931212677162294
22,0.012459531633309172,1.8788006205400042E-4,7.703660942006141,112.39529937635308,24.909258857525614,4.961890264965412
22,0.01251222126236961,1.7032054738903095E-4,13.170414704649046,262.9289142574358,24.97066597356803,4.95661719838011
22,0.015128174033525472,1.0E-5,1.0,112.04966327951374,25.42863331663434,4.900227359120676
22,0.015639590734592375,1.6009230939891477E-4,3.4776990759599706,112.39529937635308,25.275138202505712,4.917795650546167
22,0.018181380909183142,1.0E-5,5.704431198852551,112.39529937635308,24.942401937985395,5.073264897838154
22,0.010775113601216716,2.557588731035769E-4,11.25831944220945,190.85781416695883,24.967238349148314,5.110065304763853
22,0.012973922156517062,1.8759369936615034E-4,1.0,112.39529937635307,25.180136362147095,4.943922993548684
22,0.010272566083235013,2.806473997150948E-4,5.704431198852536,112.91864717937054,25.00124497390444,5.177171660794274
22,0.013229056150889706,1.3956255254561755E-4,1.0,75.59596624029813,25.398744648475038,4.932243305873228
22,0.01393687611891254,1.6517993825739844E-5,5.704431198852551,12.396825255259342,25.791458447216147,4.907905339836264
22,0.018844900575806352,1.0E-5,1.1657599277569184,12.396825255259342,25.06772822778592,5.146806554514595
22,0.013779756976501285,1.0E-5,1.1406925941289676,112.39529937635305,25.92645991314356,4.912357333489603
22,0.013726710359982814,1.0E-5,5.70443119885255,112.3952993763529,25.9236746231853,4.913139967708663
22,0.018979037908405154,1.0E-5,1.4600649053571864,109.19105808785326,25.17533178991235,5.16442707726934
22,0.012683925702205685,9.906736022623207E-5,12.713240830691381,380.94196034042903,25.498836654290802,4.950502994394405
22,0.009833499814164889,2.658817419856429E-4,5.704431198852551,112.39529937635315,25.175427415818085,5.238861170437198
22,0.01901486749099055,1.0E-5,5.70443119885255,112.39529937635295,25.19734307616227,5.168090122709348
22,0.013475117011029825,1.0E-5,10.420601639091467,39.02987608068663,26.01326141748863,4.922136074725517
22,0.01598705632666697,2.320289999772347E-4,5.704431198852551,112.39529937635295,26.088162485674776,4.930426400636015
22,0.007026456727637836,4.189963513611574E-4,5.704431198852553,112.39529937635312,25.19346986226098,5.7656109474306785
22,0.012601078502130459,2.9407156294222465E-4,5.704431198852553,43.009371069242896,25.466051114661123,4.982834269254665
22,0.010324526850244918,3.7225665439826855E-4,5.70443119885255,112.39529937635311,25.360969567596435,5.170566832062561
22,0.0071685326249512115,4.670265620761568E-4,5.704431198852553,118.08281142121066,25.296901243068298,5.730855493303084
22,0.0076311537709810974,4.550686869494356E-4,5.704431198852552,107.89329449927399,25.310863388738337,5.630242293410735
22,0.005799965048124906,4.7358526016518855E-4,5.704431198852552,105.86234496543659,25.281879981194997,6.07636183621682
22,0.01613582619832835,2.747428331544487E-4,5.704431198852552,120.20020485004031,26.494821820002546,4.941886492400364
22,0.015115177018397744,3.7863734798447124E-4,5.704431198852553,53.711859494402866,26.947041476731766,4.94342219873635
22,0.01635237497303506,2.2588655374216254E-4,5.719258931505788,91.2274167933898,26.165612208306214,4.9500531297905646
22,0.007387364646921588,4.704129909770269E-4,3.7822933506282324,112.39529937635305,25.39292983855965,5.6895972274569155
22,0.005678176385355827,4.698579451640659E-4,5.704431198852542,99.76585241606537,25.303263934518164,6.111216158240765
22,0.009731280874388945,2.3869775752169534E-4,5.70443119885255,112.3952993763531,25.41022066505836,5.2556812497870276
22,0.01225277724160248,3.297269741846267E-4,5.704431198852552,112.3952993763531,25.625532107314086,4.98114244856787
22,0.013521793087846196,5.225438108209905E-4,5.70443119885255,112.39529937635312,27.421927890969645,4.94996036690415
22,0.015138958658647707,5.038918872610147E-4,5.704431198852552,112.39529937635312,27.656902404815963,4.948466697565504
22,0.012618432942596826,5.012758608769039E-5,5.704431198852551,112.39529937635307,25.97260676909603,4.962311558015639
22,0.004782923431118262,5.303298477432374E-4,5.70443119885283,112.3952993763524,25.359867495169166,6.369173145398444
22,0.012256045335818712,3.599416507640579E-4,6.634799295574222,112.39529937635311,25.910462848430257,4.9813661567806555
22,0.018046646363197773,1.16886434806481E-4,5.70443119885255,112.39529937635307,25.804380081798822,5.067490229566823
22,0.006632833485788509,4.999378188691775E-4,5.704431198852551,112.39529937635307,25.396197699414092,5.858373233535276
22,0.0127889120564917,4.0849077624184913E-4,6.169617322898363,112.3952993763531,26.499218815314546,4.956395709650603
22,0.004675228726588875,5.450003254020933E-4,6.825816515767866,112.39529937635328,25.382209648126064,6.402224983596271
22,0.004275015382278625,5.419560773903311E-4,5.704431198852551,112.39529937635307,25.39029440217777,6.529437489222128
22,0.012432019120029648,1.0E-5,5.70443119885255,21.180407385091492,26.359591826695475,4.980399372599333
22,0.012443972294809903,1.0E-5,5.704431198852568,4.236507215462785,26.423919737057002,4.977940648440896
22,0.01987616253154878,1.0E-5,6.273261795284248,111.89469902253262,25.529775627929393,5.286879306329982
22,0.019885471936327098,1.0E-5,6.273261795284473,112.46889202896082,25.533475608838295,5.288276849466712
22,0.019885814383345538,1.0E-5,6.2732617952846415,114.35714436388467,25.533600890858324,5.2883211163400015
22,0.005160262654997875,5.50055773623119E-4,5.704431198852551,139.28354077198767,25.4274787770201,6.251386728489514
22,0.009557662798446123,2.2165477901058488E-4,5.704431198852551,112.39529937635308,25.616919471976356,5.283690317836829
22,0.019891575334200075,1.0E-5,6.273261795284552,116.7938766969264,25.53587893883254,5.289179693949981
22,0.019922578242950163,1.0E-5,6.273261795285911,101.73162740209271,25.548302985041985,5.293928776119742
22,0.013478073731239333,6.507380514526892E-4,13.401245522190568,377.4942631510709,28.02040255083795,4.975086855757023
22,0.013250506827668845,6.014309370668852E-4,5.704431198852549,108.57092324008802,27.761996196614632,4.97535277616964
22,0.01995855467851039,1.0E-5,6.273261795284265,71.19298423345232,25.56283616939185,5.29966102882309
22,0.01716895841890768,2.270779963171558E-4,5.70443119885255,112.39529937635307,26.449872858132924,5.002089661029673
22,0.004697225469113646,5.581423399039575E-4,5.70443119885255,112.39529937635307,25.428225248161862,6.394810890077043
22,0.012091384973941867,1.0E-5,5.704431198852551,142.41952341993274,26.46212181664351,5.005602309343873
22,0.005586929280580199,4.1887910188078217E-4,5.704431198852552,110.3976872437845,25.521405557916097,6.138555156389439
22,0.01690245484930784,2.5357851689865345E-4,5.704431198852551,112.39529937635307,26.571183741938828,4.98592995836422
22,0.004660059148557042,5.608333558851707E-4,5.704431198852552,112.39529937635307,25.435312361096567,6.406293945415442
22,0.0077903068956743805,3.035905634895489E-4,5.704431198852553,112.3952993763531,25.595256192816677,5.602432184446796
22,0.011888658009745175,1.0E-5,6.45704594687312,154.2387204239599,26.521874930283378,5.022804054898687
22,0.013078232290979819,5.982714263322758E-4,1.9851850050259716,112.29524782606914,27.632878603870513,4.992458335266802
22,0.013499783098763747,5.288555978855943E-4,5.704431198852553,42.169340942699655,27.453993943880246,4.993216027406575
22,0.017381030824963683,2.446035443799373E-4,5.003033251681,112.39529937635307,26.64870155877552,5.02406766296889
22,0.009182281524419314,2.36973467408118E-4,5.70443119885255,112.3952993763531,25.627656142070002,5.343378712953844
22,0.004151924220088878,5.826646797271064E-4,5.704431198852552,112.39529937635307,25.475896276973447,6.56825332990376
22,0.01331429043564255,6.454566425924413E-4,5.704431198852552,112.39529937635307,27.96880734649057,4.984319459274366
22,0.010182139059151324,4.6966581591207133E-4,13.598091001309056,262.9289142574352,26.173166394002873,5.1887446361520695
22,0.008807702593627008,2.389331872241087E-4,5.602045749197669,112.45813451575093,25.750221755203597,5.4088362510427865
22,0.013274868899816016,6.454566425924413E-4,5.704431198852552,112.39529937635307,27.962124852268193,4.985361917796365
22,0.013274868899816016,6.454566425924413E-4,5.704431198852554,112.39529937635307,27.962124852268193,4.985361917796365
22,0.01856851775736353,1.8381544030714108E-4,5.725151338762795,89.79696884099657,26.559109356197492,5.135379257912166
22,0.011307619148048582,5.223767428603325E-4,13.414872837580369,336.94083750524373,26.898142804607247,5.069003398533422
22,0.003154255819698592,5.91333001215251E-4,5.704431198852548,102.3950714733232,25.48303989325228,6.914347014960064
22,0.011317420175031737,1.0E-5,14.722706353397353,489.64924903815637,26.68277369094022,5.078369486129228
22,0.011738592029021909,6.187998786109383E-4,5.704431198852539,105.31105989497416,27.555326148466218,5.058678592342812
22,0.011250261155131037,1.0E-5,6.073056408315557,161.22002623906616,26.701201367369205,5.085825583069626
22,0.0029192128711648126,6.160238110479759E-4,5.704431198852552,112.3952993763531,25.515702990771683,6.997999294949857
22,0.014883589414641022,7.014485429004018E-4,13.624292176790926,500.0,28.426577967848292,4.99083211991044
22,0.015085206663993706,6.622179052508321E-4,5.704431198852547,110.08475753647448,28.313659539755424,4.992066019180636
22,0.012513037808298136,6.454566425924413E-4,5.704431198852548,112.39529937635307,27.829297858515677,5.014921300182436
22,0.011168037040265899,1.0E-5,5.162424247519276,128.21669005652376,26.723523796359068,5.095101033646007
22,0.006827320696114091,5.401276097326086E-4,5.704431198852548,112.3952993763531,25.730549559120174,5.811984412219949
22,0.012044471435888403,6.371154221711866E-4,12.714144924711677,409.8274683719937,27.70504979422696,5.031130537638384
22,0.0026532577892638444,6.210811478764229E-4,5.704431198852554,117.40171447187979,25.521530786365243,7.096911532647403
22,0.015654953596226758,6.229270654555774E-4,13.755336172042323,235.70842583087747,28.256508807797555,4.9974384615696685
22,0.012035906762246452,6.486903465006672E-4,5.704431198852551,109.58212883597857,27.757436741239307,5.043808465192172
22,0.006504397658707178,5.502497462555876E-4,5.704431198852552,118.28393323090309,25.71988157931553,5.889836373714632
22,0.006497814199896312,5.452616642754053E-4,5.704431198852553,112.39529937635317,25.681579660303225,5.8922094039375
22,0.012085422228898182,6.593384965637942E-4,5.704431198852548,111.01481303471003,27.815337344482547,5.042968594581802
22,0.015198067716788147,6.594642504183331E-4,5.704431198852549,110.266565769676,28.320134854554887,4.994525860393852
22,0.01509529066104462,6.790763589973535E-4,13.342232903734141,251.05030191044898,28.379597862154718,4.9954714349273415
22,0.0026968830495848538,6.423399320226531E-4,5.704431198852548,212.39377349744686,25.53571481230416,7.0669409765473805
22,0.010010678884519984,5.249331647183499E-4,5.704431198852557,112.39529937635314,26.561807874334516,5.222227437761247
22,0.003257548064501129,6.249712955318855E-4,5.704431198852553,112.39529937635307,25.56235764339097,6.8743475592677425
22,0.0031353058661342153,6.059595869873801E-4,5.704431198852547,68.54228799592482,25.54860396735623,6.929965720978498
22,0.0028373361763803524,6.287402762630237E-4,6.055890940479485,112.39529937635315,25.54355937511976,7.028542947705434
22,0.01866782156708639,2.6622458759100446E-4,12.773151446582128,368.06592899602543,27.14229242369534,5.1523674181518775
22,0.007490583271838276,5.590565250588506E-4,5.704431198852549,112.39529937635305,26.080209197356485,5.66283705938575
22,0.018143492995763753,3.4378907044444335E-4,3.726118456743924,112.39529937635308,27.45506695883102,5.124188579308933
22,0.011171926488379696,6.454566425924412E-4,5.704431198852554,212.3937734974468,27.572343695215032,5.097852191046412
22,0.012406550703518102,6.881321197090313E-4,13.400722812125666,277.02498344329933,27.999953875657397,5.029005429078321
22,0.015270124843765751,6.78470227399665E-4,13.40118399094335,273.48227088869817,28.402005318230156,4.999836645662657
22,0.002998249924217005,6.316643465745226E-4,5.704431198852553,118.76451383154557,25.561976011751092,6.967371129183532
22,0.0031796392476223616,6.292381987717766E-4,5.704431198852549,112.39529937635321,25.572292460965432,6.902282256155687
22,0.02156346350489934,1.0E-5,5.7044311988524985,112.39529937635307,26.17413230365632,5.5803835626741
22,0.0070753154233596975,5.666170069639742E-4,5.701700644377637,114.11882591955955,26.01745089121245,5.755033424074261
22,0.006741919990254944,3.069198141563996E-4,5.704431198852554,112.39529937635314,25.93913947419286,5.843135876554853
22,0.011766983150984019,6.78470227399665E-4,13.40118399094335,222.56355135504762,27.84926187028268,5.069240623831638
22,0.00839473531057421,5.696453822178172E-4,5.704431198852548,112.3952993763531,26.433039807483695,5.48319295449512
22,0.007744483443691207,5.770548178444879E-4,13.5515751575358,211.9515867520161,26.303166494847318,5.6092357007902445
22,0.010972103702446797,6.609721846187171E-4,13.401444089030408,208.70733060753136,27.619885343767383,5.133740739745905
22,0.003972568917711668,6.213440888082315E-4,5.704431198852554,178.44994333443847,25.61393777696221,6.617958022412514
22,0.0104087617072664,1.0E-5,12.71324083069138,360.86502227309416,26.91776066825301,5.18852640249594
22,0.015554626348685248,6.72375836015502E-4,13.558792450156846,239.58640575692303,28.421138020116246,5.010230228860535
22,0.004338833565524729,6.160580333382634E-4,5.704431198852548,113.39528411756397,25.678687112228012,6.507122955913106
22,0.005141068184108248,6.063754562149288E-4,4.707228841359866,112.3575441664156,25.801046223370438,6.26119966681623
22,0.00974405136293522,5.78278822657936E-4,7.213662190736044,112.39529937635315,26.86941095883882,5.265808050532001
22,0.006377989479529514,5.859514114178535E-4,5.70443119885255,114.54871474032369,25.970128965634256,5.923216315580823
22,0.0021582390153571866,6.438464861017716E-4,6.296034791256023,112.39529937635307,25.562469347075087,7.290204913513632
22,0.004420047316082975,6.210918191252194E-4,6.567642315720631,112.39529937635308,25.729338824745657,6.482524474188816
22,0.00275345260837031,6.356433364537453E-4,5.704431198852551,91.00702605402368,25.5773687423115,7.062564880896352
22,0.003927339522540207,6.201034300056649E-4,5.704431198852552,112.39529937635307,25.627415935155632,6.6421776481676735
22,0.01022755360572657,6.286945030900521E-4,5.704431198852529,107.21751346552247,27.29044488527831,5.210305354489998
22,0.00227057250163491,6.45456642592441E-4,5.704431198852553,119.27926291043721,25.566063443966446,7.243575706334137
22,0.011047704168045763,6.78470227399665E-4,13.40118399094335,152.27479199011944,27.72061522352508,5.134432701624425
22,0.010041827155467236,1.0E-5,5.162424247519276,107.04209234464842,27.00636057603461,5.2410883837746205
22,0.002416923776033808,6.454566425924412E-4,5.704431198852551,112.39529937635307,25.57489963635934,7.1874321727403
22,0.003806260511469532,6.244284913570004E-4,5.704431198852552,112.39529937635307,25.631730647379005,6.682960901865328
22,0.002236706901613367,6.454566425924405E-4,5.70443119885256,112.39529937635302,25.569506670272276,7.257916894460421
22,0.0014887819936040569,6.433403747551372E-4,5.704431198852548,176.21485583664816,25.56640595783423,7.554033153934379
22,0.019050438342519363,2.9027344004321217E-4,2.686094145011219,112.39529937635307,27.35665475091602,5.2277508642098525
22,0.005341108609651239,3.635255294899871E-4,12.745050663708117,410.73892548217,25.96455078226886,6.205869118825998
22,0.0037657898443343,6.330330773340144E-4,5.704431198852548,112.39529937635308,25.67454217262117,6.69666581990848
22,0.0043860593521634,6.297344486749428E-4,5.70443119885255,112.39529937635312,25.781049296000305,6.492287778231025
22,0.0029096176041913946,6.454566425924413E-4,5.704431198852549,112.39529937635315,25.61332897411819,7.000674418272186
22,0.004001173442168935,4.691507278691822E-4,5.740276964459986,112.39529937635307,25.692469075395074,6.625374935475317
22,0.003326437590787346,6.404155630329243E-4,5.704431198852551,88.39886024071946,25.658285678255087,6.853329295430156
22,0.0033379927493821133,6.45456642592441E-4,5.704431198852552,112.39529937635305,25.672576488621274,6.84532858317177
22,0.001977222308022083,6.454566425924413E-4,5.704431198852549,112.3952993763531,25.570129199454534,7.361457493392018
22,0.00278158598463807,6.459386536440688E-4,5.704431198852552,112.39529937635305,25.602069122529034,7.048359343588677
22,0.0032789825645277524,6.454566425924415E-4,5.704431198852552,112.39529937635307,25.663126744802298,6.866341195231681
22,0.0033611058792012045,6.454566425924412E-4,5.704431198852552,112.39529937635307,25.676382467256623,6.837131969067804
22,0.0029682995939438184,6.454566425924412E-4,5.704431198852553,112.39529937635308,25.62010719197481,6.979008406777117
22,0.002942662851105063,6.454566425924413E-4,5.704431198852548,112.39529937635312,25.617091086305724,6.988458677182576
22,0.0032068398492430435,6.45456642592441E-4,5.704431198852552,112.39529937635308,25.652109090947366,6.892197776308042
22,0.003183666907516729,6.454566425924413E-4,5.704431198852548,112.39529937635312,25.648698053775455,6.9005423336140685
22,0.003213820079414238,6.454566425924413E-4,5.704431198852546,112.39529937635314,25.653148886672067,6.889687935110716
22,0.0026345092715240157,6.454566425924413E-4,5.704431198852551,112.3952993763531,25.58768734947874,7.10388502898622
22,0.0020022787756934063,6.483625418359497E-4,5.704431198852553,112.39529937635307,25.574004218201704,7.351216621102558
22,0.0046571180064038644,6.338233866669798E-4,5.704431198852553,111.07087980157691,25.875971140532105,6.407479491907282
22,0.0022078157906010743,6.487490345062274E-4,5.704431198852553,112.39529937635307,25.57648077511391,7.269191016567584
22,0.0031717507779426405,6.454566425924413E-4,5.704431198852552,112.39529937635304,25.64696862006537,6.904840741388359
22,0.0026456223417566805,6.462600370345009E-4,5.704431198852552,112.39529937635305,25.59144058123463,7.099640647795909
22,0.0026359937297098374,6.456248848074863E-4,5.704431198852552,112.39529937635308,25.58839981685312,7.103316009945615
22,0.014938769970046208,8.471517204210302E-4,5.704431198852552,112.39529937635307,28.890338419171584,5.056249835412002
22,0.0018414322486562905,6.267770542392426E-4,5.704431198852548,113.68682678626965,25.57374156046418,7.417521368654426
22,0.003921672273184903,6.359517471284525E-4,5.704431198852549,112.3952993763531,25.72240373309259,6.644052892966653
22,0.003426131501005625,6.454566425924412E-4,5.704431198852555,112.39529937635308,25.68739842760895,6.814173339833524
22,0.00444181474659793,6.454566425924413E-4,5.704431198852607,112.39529937635305,25.90696015697947,6.47488676370738
22,0.004451255651893441,6.454566425924413E-4,5.704431198852605,112.39529937635307,25.90932070922339,6.4719025158308225
22,0.011302032409585888,7.237286951826694E-4,13.40118399094335,422.1750884453966,27.963417112839753,5.111194375982742
22,0.016436986713654685,6.78470227399665E-4,11.689888207360294,136.49100606136275,28.56310772347413,5.06639732097951
22,0.008086098752918365,6.153318743132812E-4,5.704431198852554,118.4698081924612,26.681754569884355,5.545245476795848
22,0.0034754763598434505,6.45456642592441E-4,5.704431198852552,112.3952993763531,25.69605430655355,6.796850928440385
22,0.004518694382353794,6.448229514209533E-4,5.96676984602354,112.39529937635304,25.9216840691927,6.451089093597562
22,0.0030005757057747647,6.493312143154665E-4,5.704431198852549,112.39529937635315,25.642664644979245,6.967079262991687
22,0.008531461783107906,6.038768304130257E-4,5.704431198852557,107.97318556027143,26.721797566304055,5.462611858102602
22,0.00434649718702185,6.454566425924413E-4,5.704431198852553,112.39529937635312,25.883374947387164,6.5051904892883705
22,0.003452682876920403,6.454566425924415E-4,4.314374601366147,112.39529937635263,25.71250080764596,6.804591248751471
22,0.0032278441731625274,6.454566425924412E-4,5.704431198852552,112.39529937635307,25.655255074584517,6.884650597077569
22,0.0032278441731625274,6.454566425924413E-4,5.704431198852552,112.39529937635315,25.655255074584517,6.884650597077569
22,0.0032278441731625283,6.454566425924412E-4,5.704431198852553,112.39529937635307,25.655255074584517,6.884650597077569
22,0.0032278441731625274,6.454566425924413E-4,5.704431198852552,112.39529937635318,25.655255074584517,6.884650597077569
22,0.0032278441731625265,6.454566425924412E-4,5.704431198852552,112.39529937635308,25.655255074584517,6.884650597077569
22,0.00605161365347107,2.909719171343932E-4,5.7044311988525545,112.39529937635328,26.28598722531884,6.024451114014784
22,0.008714757034374594,5.990523292105976E-4,5.704431198852548,112.48906193728986,26.73669864941657,5.429078009082234
22,0.004270885466826155,6.454566425924413E-4,5.704431198852681,112.39529937635307,25.865005644554913,6.529454757293294
22,0.003622939494841865,6.45456642592441E-4,5.704431198852553,112.39529937635315,25.72337369531422,6.745596881848376
22,0.004775356989005624,6.454566425924413E-4,5.704431198852565,112.39529937635307,25.992666078361054,6.371335458347895
22,0.014051128700809302,1.4007082902050744E-4,7.984760836900855,6.368386046845501,24.87623955974759,4.910229897605166
22,0.014756288591305237,5.417637540756186E-4,2.4428246201235075,6.3683860468454885,25.61490718742389,4.870717854504639
22,0.014957737536037817,5.0E-5,7.685203402343394,41.48249075222634,25.111141324285537,4.899742303374329
22,0.013706648169122366,2.0485630255579428E-4,7.164341768152366,6.368386046845499,25.047536713079836,4.924211145782606
22,0.01401968108980386,5.0E-5,7.156622882357056,6.368386046845501,25.459599827325928,4.906072244112318
22,0.011874198780919897,2.000615789539627E-4,4.708092373268144,33.048837236388955,25.07253892816353,5.026301701821064
22,0.014087056593310946,5.0E-5,1.0,36.586327086925856,25.677573126353742,4.904286393695409
22,0.014010036169082283,5.0E-5,7.626426527130731,36.58305199150739,25.460993410552014,4.907432357712836
22,0.013706648169122336,2.239670464832039E-4,6.597791067806253,6.368386046845506,25.165998680721206,4.925798464820792
22,0.01389425563362806,5.0E-5,7.6874592217938815,6.368386046845369,25.505928496340854,4.908986572145391
22,0.013706648169122457,5.0E-5,1.0,6.3683860468454965,26.01808723818607,4.905031423436454
22,0.016647203591915172,1.1592584811776529E-4,3.314476088340329,33.04883723638893,25.243826663488747,4.96530190695022
22,0.01816379043802255,5.0E-5,2.621347077059379,16.455635699490486,25.145930678834144,5.076928414268555
22,0.013340178339747245,2.5342684579172237E-4,8.55131399618348,6.3683860468456395,25.339701765304255,4.942446954945805
22,0.01252289300647046,1.3310489382766086E-4,4.8214354679565385,33.04883723638892,25.3070791637305,4.975089695508509
22,0.012977766966067644,2.705237609847275E-4,8.011883205146264,6.368386046845625,25.372979538401694,4.959908319612487
22,0.013804519518059014,5.0E-5,6.642902469840116,6.368386046845511,25.547828854470676,4.91119746181411
22,0.013706648169122402,2.560658413670082E-4,7.164341768152363,6.368386046845531,25.475628268614965,4.931332037663074
22,0.013789196638618724,5.0E-5,6.400072941510635,6.368386046845549,25.559013327474517,4.911516163066536
22,0.01816379043802254,5.0E-5,2.8650272765186395,16.455635699490486,25.172570985037865,5.0772985955653
22,0.013781885617535655,5.0E-5,6.412387584666829,6.368386046845521,25.56149034620841,4.911729262889893
22,0.01816379043802254,5.0E-5,2.8670405229730305,16.455635699490486,25.17275258272463,5.077300948603166
22,0.01816379043802254,5.0E-5,2.9227857597869287,16.455635699490482,25.17755173389033,5.0773619643296835
22,0.013709166906211993,5.0E-5,8.132843799813898,6.368386046845714,25.57653119824295,4.914125853068994
22,0.018646812402923537,5.0E-5,1.033322503482919,43.931172479697395,25.205528849089507,5.1300273406725
22,0.017568678227127706,2.26987088011334E-4,1.0,33.04883723638893,25.377856507458358,5.038745631326955
22,0.013706648169122412,5.0E-5,10.0,6.368386046845497,25.57711550566755,4.9142046507341135
22,0.013706648169122716,5.0E-5,7.164341768152367,6.368386046845504,25.579976521888458,4.914158418545498
22,0.013706648169122392,5.0E-5,7.164341768152369,6.353252436733496,25.580043246082337,4.91415687752294
22,0.013773765251069348,5.0E-5,1.0,49.841784966666324,25.748104848046104,4.912338676537008
22,0.013706648169122433,5.0E-5,7.164341768152366,6.368386046845516,25.579976521888565,4.9141584185455045
22,0.013706648169122424,5.0E-5,7.164341768152365,6.368386046845519,25.57997652188857,4.9141584185455045
22,0.013706648169122421,5.0E-5,7.164341768152361,6.3683860468455435,25.57997652188857,4.9141584185455045
22,0.01917784833972874,5.0E-5,1.0,33.04883723638888,25.347608735185194,5.195035872635326
22,0.013706648169122405,5.0E-5,7.164341768152365,6.368386046845504,25.57997652188858,4.9141584185455045
22,0.017905004685829035,2.2667319280201875E-4,1.0,33.04883723638892,25.51172491289672,5.07069867178946
22,0.01860694974556773,5.0E-5,8.82835223995938,36.008762209680036,25.397731669209783,5.125407973083639
22,0.018601298033295827,5.0E-5,4.892610783012827,33.04883723638894,25.393562100189513,5.126115562351796
22,0.01870991570719434,5.0E-5,1.8455602118640644,40.85440811065686,25.389522772638717,5.138567218772011
22,0.018623628830424146,5.0E-5,7.512015775103148,34.33525476154452,25.405234364640148,5.128893889466895
22,0.018646812402923537,5.0E-5,8.421605177863757,49.410192022052776,25.41134781400888,5.127566178291971
22,0.013706648169122393,5.0E-5,7.164341768152365,6.368386046845497,25.579976521888582,4.914158418545506
22,0.013706648169122393,5.0E-5,7.164341768152368,6.368386046845497,25.579976521888582,4.914158418545506
22,0.013706648169122392,5.0E-5,7.164341768152367,6.368386046845497,25.579976521888582,4.914158418545506
22,0.013706648169122388,5.0E-5,7.164341768152363,6.3683860468454965,25.579976521888586,4.914158418545508
22,0.013706648169122366,5.0E-5,7.164341768152351,6.368386046845499,25.579976521888593,4.914158418545509
22,0.018646812402923534,5.0E-5,9.003278178294043,34.08145916819208,25.413851165385477,5.1304331548530415
22,0.018646812402923537,5.0E-5,9.447494661709003,32.652371552216735,25.41389735078251,5.130420786821503
22,0.013704141741322014,5.0E-5,7.1664159325418435,6.364697348983761,25.580942597949374,4.914235178327263
22,0.013689542248269501,5.0E-5,7.337061693990709,6.368386046844132,25.585685764359685,4.914703472973196
22,0.018646812402923534,5.0E-5,8.920235344147287,33.45255989196938,25.414089437009476,5.130727221342604
22,0.018646812402923537,5.0E-5,8.920235344147287,33.4525598919694,25.414089437009476,5.130727221342604
22,0.018646812402923534,5.0E-5,8.920235344147287,33.45255989196939,25.414089437009476,5.130727221342604
22,0.013539156663261713,5.0E-5,7.56869134323316,6.36838604684539,25.642487090264606,4.919752983190755
22,0.018696373574273752,5.0E-5,9.832305603803464,33.33035784016576,25.432930327958694,5.13549807479007
22,0.018707607982555156,5.0E-5,9.05750472067442,32.81160691360162,25.438217321698357,5.13791727432486
22,0.018707988788981524,5.0E-5,8.899059532888868,33.44846899745146,25.438309921958272,5.13791998421463
22,0.015919979592458593,1.8495141053042705E-4,4.82341042602515,33.04883723638892,25.635173493566867,4.940332329779083
22,0.01322182781855531,5.0E-5,8.838468429229756,6.368386046845606,25.761387300488607,4.9326869136838765
22,0.013706648169122466,2.88870320183776E-4,7.867452011916427,6.3683860468454885,25.794029675739896,4.937268197665962
22,0.018842451747705158,5.141345213575491E-5,2.932522628140959,28.81904339138075,25.490768729664577,5.154698044416618
22,0.016205090932221094,1.8305184468290808E-4,4.821435467956539,33.04883723638892,25.7257808035845,4.952707453671728
22,0.013706648169122397,3.1063689146344135E-4,7.164341768152365,6.368386046845497,25.981577380201006,4.940939064297058
22,0.008382627823277467,4.4867088011765397E-4,7.087227651150904,6.368386046845507,25.545169697914247,5.522307579251761
22,0.016253644389355906,2.0262768189345163E-4,4.817997682639158,33.04883723638895,25.927744244506442,4.95865404196181
22,0.013706648169122426,3.8780013296417916E-4,7.164341768152365,6.368386046845499,26.611398784329847,4.9580071652474675
22,0.01816379043802255,1.0916288766534164E-4,2.6947639417642106,16.455635699490482,25.615718346043106,5.085599675224582
22,0.012516327778353637,5.0E-5,10.0,6.3683860468454885,26.017614619162554,4.972606291791098
22,0.013706648169122393,4.182035779441577E-4,7.164341768152367,6.368386046845497,26.82642035811816,4.9658330966977875
22,0.015792214100358203,3.4756028683435717E-4,7.403624385376154,6.368386046845501,26.9110866382056,4.968869688389138
22,0.012335125691383873,5.0E-5,8.280970158510257,36.5827975950909,26.078861788004904,4.985855991467896
22,0.01370664816912242,0.0010731553941093278,3.153890382270169,6.3683860468454965,26.085758750585804,5.005307747020402
22,0.017191360967184478,2.0895011199966278E-4,9.62152964570524,4.40004568572918,26.303244905805492,5.017916795860105
22,0.01728894947614099,1.9541167855389085E-4,4.766990081770812,33.04883723638893,26.232340245949132,5.02542005748847
22,0.017288949476141676,1.95411678553891E-4,4.821435467956537,33.04883723638893,26.232509196528127,5.025478165196095
22,0.013706648169122466,5.255722554773116E-4,7.164341768152365,6.368386046845501,27.46548301961695,4.998331719146351
22,0.017848909915458712,1.7040659716425986E-4,4.82309561425304,33.04883723638892,26.21362816676631,5.0699035451768895
22,0.017288949476140986,1.9541167855390026E-4,4.829381843272392,33.04883723638895,26.232533469915687,5.025486794617442
22,0.01816379043802254,1.3412091949548463E-4,2.863088440790114,16.455635699490486,25.868641343773124,5.090558571390389
22,0.016725105671389913,3.660736582265421E-4,7.917370573269852,34.79312016140889,27.26721508450626,5.025188734688678
22,0.01369994615767818,5.538708473750036E-4,7.3886444736425485,6.371735875897314,27.61207838257092,5.008749181571242
22,0.017884980665168356,1.7031884192727608E-4,4.052231239779992,33.04883723638892,26.222465280117937,5.072844971303364
22,0.013706648169122615,5.668120169328195E-4,6.935091291902741,6.368386046845506,27.66463242568466,5.011948628817659
22,0.01166993802091194,5.0E-5,8.769594743066765,6.368386046846622,26.301124852731796,5.041071840371506
22,0.018430511619492756,1.2637945952418019E-4,4.823453007061601,34.048821977599744,26.038668699649612,5.121409048818093
22,0.011380237045819816,5.0E-5,7.391713165506831,6.368386046845495,26.393217989265608,5.0696777132827995
22,0.013042742414660925,5.62267109745434E-4,9.054707656769967,6.368386046855057,27.531810836115625,5.030143098763503
22,0.01694221762825976,3.7454067411882497E-4,7.917370573269547,34.831847380682156,27.363572469650197,5.043288204568078
22,0.00976441905874147,2.184840139801842E-4,5.01339742814961,33.04883723638894,25.632938229599766,5.273078769126027
22,0.018956313014587625,1.6798808238512855E-4,1.0,33.048837236388906,25.705959582690838,5.182997390876356
22,0.01927643236184819,5.0E-5,4.297542821712057,33.04883723638892,25.661025595579442,5.210143026180235
22,0.00782655708534854,0.00130556104811275,7.972988418853999,3.708179289660988,25.639369670059995,5.604255733315183
22,0.019288918958562898,5.0E-5,3.9085170898649153,33.04883723638892,25.66511640854044,5.211769477422961
22,0.017891499800495092,2.2136087318920894E-4,2.0489114732240674,33.04883723638893,26.48403748803737,5.082824526095012
22,0.01928891895856286,5.0E-5,4.741226660771391,33.048837236388955,25.666702639999986,5.211927870044377
22,0.013706648169122449,6.642488673364452E-4,7.320037940779389,6.368386046845484,28.099828482231928,5.051657212029677
22,0.017927451237159036,2.011353410618132E-4,4.80885357046642,33.048837236388934,26.488951495135833,5.08446151062297
22,0.019288918958562738,5.0E-5,4.821435467956539,33.04883723638892,25.666818239513987,5.211950727525537
22,0.013593298180482547,6.926857374683361E-4,7.285685879106102,6.368386046845487,28.192710447536577,5.065584321748205
22,0.019288918958562867,5.0E-5,4.821435467956539,33.048837236388934,25.66681823951404,5.2119507275255526
22,0.019288918958562884,5.0E-5,4.821435467956535,33.04883723638895,25.66681823951405,5.211950727525557
22,0.019288918958562863,5.0E-5,4.822175015923495,33.04883723638892,25.666819291096395,5.211950942521956
22,0.018138268354061012,2.174130558186053E-4,5.093927921512325,33.04883723638892,26.675755078364453,5.110432742730437
22,0.019288918958562867,5.0E-5,4.850241641818493,33.048837236389,25.666859020126854,5.211959155619624
22,0.01924870487969226,6.901438104789369E-5,4.358901428378539,33.04883723638896,25.82664493244201,5.210158950728421
22,0.01920024495204753,8.38734221132262E-5,4.866557907523459,33.048837236388934,25.9444332040718,5.20692187754634
22,0.019288918958562884,5.179180105565514E-5,4.821435467956535,33.04883723638895,25.683547380274756,5.212299331214267
22,0.019129449933424927,2.0224152464463845E-4,1.0261429217222822,33.04883723638896,25.937832054599127,5.211274334060321
22,0.018289380523221006,0.001620746087415292,1.0,6.368386046841534,25.711043116558166,5.3551013015420885
22,0.01903246262794296,1.9541167855389075E-4,1.1765376134176337,33.04883723638892,26.063685971338426,5.199400980527993
22,0.019462364433065968,5.0E-5,3.576304397930649,33.04883723638887,25.732588977917352,5.235548013326041
22,0.015035278786712,0.0013055610481127488,5.744737302035195,5.121696828670089,27.575809354230074,5.107202255710682
22,0.01928891895856301,6.536367458516711E-5,4.894245728250926,33.048837236388934,25.80964193741199,5.21502038728623
22,0.01561990545051415,6.843464174061692E-4,9.082629043967852,6.368386046845501,28.46130643142819,5.091384738131928
22,0.019687471723320703,5.0E-5,7.990043432618085,40.89735428169234,25.825542331404296,5.266232800972723
22,0.01914728574529477,1.9934858991027917E-4,1.0,33.04883723638895,25.89931122328722,5.212866257612446
22,0.018909652240318486,1.3638353054609516E-4,3.8972850488025816,33.048837236388934,26.290445006847406,5.180167104100356
22,0.019156133149398315,2.0451987238065414E-4,1.0,33.04883723638893,25.921910135219832,5.214863920260974
22,0.010784595851149503,5.0E-5,10.0,6.368386046845894,26.568650181131524,5.1369744704776625
22,0.019347395656765378,1.709643414567983E-4,1.0,33.04883723638895,25.870694493475895,5.235923059823746
22,0.01973879556775795,5.0E-5,9.316164625695759,40.66237839402087,25.845051505992675,5.272212648448793
22,0.018506685071771483,1.7421328864974277E-4,4.823990989883722,33.04883723638894,26.46376690448763,5.140619264609723
22,0.013706648169122374,0.0016365424633231493,2.673568585775101,6.368386046845495,26.435616008450705,5.141884605650734
22,0.019287304818877138,1.87477893235452E-4,1.0,33.048837236389204,25.908951703001623,5.230157301184449
22,0.018643146380390076,1.76047055644126E-4,2.001310905246302,33.048837236388884,26.38654482385582,5.155050032164184
22,0.010404810103265579,1.0646752118234217E-4,6.477185104579116,6.3683860468455045,26.302882369478695,5.1812092669490815
22,0.02016080150748061,5.0E-5,1.0788638572537845,50.0,25.831931658386793,5.339099523281305
22,0.019157017576249838,2.0655107110571728E-4,1.0,33.04883723638894,25.92977073009592,5.215299909410788
22,0.019275055478773936,1.9541167855389085E-4,1.0,33.04883723638892,25.933616986522157,5.229711567409168
22,0.019275174826963816,1.9541167855389085E-4,1.0,33.04883723638892,25.933662478040937,5.229728087804418
22,0.003207575636671495,4.943305981484373E-4,7.7003706619272965,44.26961397114889,25.83390341344537,6.920769110410026
22,0.018468687646839132,1.9541167855389088E-4,4.5604267439506465,33.04883723638894,26.612198477804952,5.141040774904592
22,0.01806416117085754,0.001305561048112751,7.0081797279983675,0.422250266535773,25.889120245924147,5.485394125529025
22,0.011409610549065807,0.0013055610481127503,6.207804139987545,4.46641421154459,25.981991397157618,5.219850647821146
22,0.01847648733995698,2.150356871537163E-4,4.8214354679565385,33.04883723638886,26.756376673785883,5.147086785474905
22,0.018761319070517035,1.8308496995067351E-4,9.1224094587681,33.04883723638892,26.614760411644536,5.170716968469564
22,0.01861418894365969,1.9541167855389183E-4,4.9534688440708114,33.04883723638893,26.656852705150666,5.158518104431723
22,0.01928891895856287,1.9054669007699721E-4,1.060227606862359,33.04883723638893,25.995388654414977,5.231643079884739
22,0.018644703982857877,1.9541167855389085E-4,3.774684069859499,33.04883723638893,26.66136540984007,5.161317390957065
22,0.018642875899288685,1.9541167855389094E-4,5.067094999610548,33.04883723638893,26.665625641284624,5.1620889384349145
22,0.01999364587861539,5.0E-5,8.910302337152995,40.50111011515143,25.942804218056605,5.311233767840987
22,0.01888753509837032,1.8250684424061535E-4,10.0,33.04883723638892,26.648317938861478,5.182444171908105
22,0.013706648169122461,8.421396701612258E-4,7.314507282979971,6.368386046845497,28.717708911338644,5.136743518588038
22,0.019288918958562863,9.743721492965061E-5,4.82143546795654,33.04883723638893,26.097244177967475,5.2217245948562665
22,0.019274193556196723,1.9541167855389085E-4,1.0975671978691788,33.04883723638892,26.056075522409913,5.230910251244656
22,0.018685670795294745,1.9541167855389107E-4,5.195526094512625,33.04883723638892,26.6785585168945,5.16741751400927
22,0.018687855928371862,1.9541167855389104E-4,5.226242330562744,33.04883723638892,26.67926603178345,5.167721300825864
22,0.020454404588106576,5.0E-5,1.080768870563683,49.98637895791334,25.945027892431174,5.387109022722734
22,0.018749923821843633,1.959011404757568E-4,5.655210372675417,33.04883723638892,26.701840996097722,5.175992748775159
22,0.01895452441815415,1.8192598596733367E-4,4.273793883121376,33.04883723638892,26.65847959336857,5.196790435705643
22,0.0189220005578382,1.840854542117841E-4,9.895377891827893,33.04883723638892,26.670119021832477,5.187670024410097
22,0.019012173894767226,1.7900923874941961E-4,8.687316391024677,33.04883723638892,26.660467738790537,5.203162560681335
22,0.019286799207347084,1.1841269350392652E-4,4.49984134124465,33.04883723638892,26.27350541408164,5.225919609993394
22,0.019282236722583515,1.2033862206710342E-4,4.4387314932624236,33.04883723638892,26.28765327487519,5.225701798174244
22,0.019288918958563078,1.1923796096413014E-4,4.924497822576605,33.048837236388934,26.281966734158214,5.226665454029547
22,0.0,7.068101940350354E-4,7.318381387383945,6.368386046845491,25.976144007965008,8.309906137365093
22,0.0,7.694796787328748E-4,5.686906790901893,48.48450249118299,25.978992857252074,8.26093948835942
22,0.013706648169122398,8.620542823660185E-4,7.164341768152362,6.368386046845499,28.775118616117965,5.146758720335585
22,0.018893708835595987,1.8763609766957713E-4,7.3013043663968595,33.04883723638891,26.68715799216904,5.192831012029074
22,0.018829537241878566,1.9541167855389096E-4,5.637934679299119,33.04883723638893,26.72153741360256,5.185751884644001
22,0.018878135171327564,1.95411678553891E-4,4.806046713150084,33.048837236388934,26.733961905382497,5.190870656643189
22,0.0,0.0013186897560225517,1.0,36.58632708692584,26.010024123796157,7.941495950960137
22,0.019688021327858587,2.3372427585784458E-4,1.0,33.04883723638893,26.221536292970494,5.295872138757506
22,0.019278974763951958,1.250249172044669E-4,4.367177692995994,33.04883723638892,26.324648142882175,5.226290183455404
22,0.01889939570288927,1.9541167855389096E-4,5.225919811706253,33.04883723638892,26.740986478317925,5.1940682883949965
22,0.018880059348132902,2.0288476026062094E-4,4.934724367934637,33.04883723638892,26.786972243432896,5.193182196171197
22,0.01928891895856287,1.230677253559701E-4,4.8214354679565385,33.04883723638892,26.313155495313854,5.2274737988354785
22,0.018965754081003396,1.888220146270924E-4,8.43257891323609,33.04883723638891,26.717252958561563,5.200407951731063
22,0.019288918958562863,1.9541167855389085E-4,1.2881736076108155,33.04883723638893,26.2811420903808,5.235648733075612
22,0.018199753430407774,4.143934823634962E-4,9.53356645367381,4.400045685729187,27.80426547621393,5.177005905839175
22,0.019156121388925758,1.556398304387098E-4,4.9901611828751635,33.04883723638893,26.52682853271717,5.217380586751122
22,0.01899955181060753,1.864147756337279E-4,6.255346595372011,33.04883723638893,26.708170797127483,5.205842294924305
22,0.01891387563556819,1.9541167855389066E-4,5.636137108715806,33.048837236388934,26.745922863540944,5.196442251295958
22,0.02064020892229145,5.0E-5,8.482851181562218,34.3364444776188,26.18036075292681,5.4193390664311964
22,0.019288918958563113,1.249022708582053E-4,5.054110479153926,33.04883723638893,26.328548277691134,5.2280709565519805
22,0.018914590745821275,1.9541167855389058E-4,5.638489091521263,33.048837236388955,26.746132897092295,5.196536782765679
22,0.01892147468950882,1.9541167855389088E-4,4.986279542015726,33.048837236388934,26.746863212472796,5.196601837795888
22,0.013706648169122393,9.006447032368614E-4,7.164341768152369,6.368386046845497,28.88709820383844,5.16806012391906
22,0.019212751625074465,1.5466228829577207E-4,4.642668547850593,33.048837236388934,26.536383966390595,5.224465534177875
22,0.019182004266023598,1.6301605171609399E-4,6.208892769251754,33.04883723638893,26.592421703061227,5.223897546704153
22,0.019157643386196244,2.0786959180242815E-4,1.598895545433587,33.04883723638894,26.575092444745735,5.224384712316309
22,0.018924561491146658,1.9541167855389088E-4,4.889704567087696,33.04883723638889,26.74754425306264,5.196887629523118
22,0.019287517655890596,1.37382375848221E-4,3.906547440023194,33.04883723638893,26.42449006840859,5.230150668533433
22,0.018941056751470165,1.9541167855389107E-4,5.420379058701019,32.04885249517799,26.753103009896474,5.1995463088769025
22,0.013706648169122239,9.429597178222525E-4,6.274475541838137,6.368386046845524,28.954344446572076,5.177645775639857
22,0.018949813233394616,1.9464595742606922E-4,6.155585120163079,32.39356929527965,26.75162186432574,5.201468736040505
22,0.01894528625480019,1.9541167855389096E-4,5.226025682195012,33.04883723638892,26.75419036402325,5.1999530852320435
22,0.018948784261141282,1.9541167855389088E-4,4.924838978539418,33.04883723638893,26.754581768990978,5.200043245678151
22,0.019288918958562884,1.400373263375841E-4,4.676894215407895,33.04883723638893,26.448257723310086,5.231350161829793
22,0.01370664816912243,9.287260225942104E-4,7.164341768152365,6.368386046845497,28.965336623906417,5.184089807348434
22,0.0189297174651661,2.0454245067616535E-4,6.398028980703986,33.048837236388906,26.81495067545002,5.201771129646347
22,0.0189607383359808,1.954116785538906E-4,6.602420620863763,33.0488372363891,26.760910740082355,5.203462160052483
22,0.018985814012347224,1.9541167855389085E-4,4.899450250195392,33.04883723638892,26.765133593316694,5.204810664953617
22,0.019288918958564844,1.480010290413993E-4,4.756543265919225,34.048821977599864,26.510144433911208,5.233407665693275
22,0.018990605516664955,1.9541167855389118E-4,4.988049073280678,33.04883723638892,26.76669054842321,5.205535353129649
22,0.019057928928972078,1.864339179765249E-4,6.006748649301156,33.04883723638896,26.724921432359434,5.21324655521838
22,0.018997593121316082,1.9541167855389085E-4,4.72617035782074,33.04883723638892,26.768108194685514,5.2061588951193905
22,0.0211788339957232,3.9308293761213556E-4,1.0,17.377549053712304,26.307855260888637,5.562927979163304
22,0.008928344794465819,1.5757135072262112E-4,4.8997231468899525,33.04883723638892,26.379235402613123,5.412197384423232
22,0.019288918958562863,1.5471188439329628E-4,4.527582378878458,33.04883723638895,26.56018638969546,5.234788453251731
