0 823.071701187205 577.369961376285 1171.45835597298 892.196334085832 849.531404340683 944.55520454483 1062.91441807419 889.091377303952 1136.98212087346 1037.06067845958 654.243952781159 1077.12615394397 1194.54696932091 985.062128824682 1038.61205129906 894.385179131212 522.268121049112 771.00393006369 1124.59785660307 865.369286640705 1164.57312339148 595.875170399303 725.499411683144 1130.09554973104 783.476156147605 926.03541718038 994.738826804823 1042.722383594 1365.75950188117 1124.40577490336 978.139625694509 1236.12353886866 1011.20313540958 1089.94630342718 764.004597366588 914.532769331496 1091.01437067138 735.765984173276 1122.37195843742 688.236029467654 802.783043952754 1070.7895514761 915.118884662184 870.872356695791 629.8011758041 1240.59559601791 991.803231176931 661.032975883915 871.143075632314
823.071701187205 0 375.766597406725 1034.86832731889 690.592970116273 712.941375686588 807.965175890734 926.324389420099 687.488013334392 1000.39209221937 835.45731449002 452.6405888116 940.536125289876 992.943605351354 783.458764855123 837.008687329501 757.795150477117 307.513441778929 556.249250793507 988.007827948971 728.77925798661 1027.98309473739 459.285141745207 510.744732412961 993.505521076942 581.872792178046 724.43205321082 858.148798150727 841.11901962444 1229.16947322707 987.815746249261 841.549597040414 1099.53351021456 874.613106755487 953.356274773086 627.414568712492 699.778090061313 954.424342017284 521.011304903093 985.781929783324 486.632665498095 601.179679983194 869.186187506536 713.515520692624 734.282328041696 428.197811834541 1104.00556736382 855.213202522836 459.429611914356 669.539711662755
577.369961376284 375.766597406725 0 789.166587507967 380.436706718136 467.239635875667 562.263436079814 680.622649609178 377.331749936255 754.690352408447 525.301051091883 142.484325413463 694.834385478955 682.787341953217 473.302501456986 526.852423931364 512.093410666196 74.963017268632 323.69882628321 742.306088138051 483.077518175689 782.281354926468 213.583401934287 278.194307902664 747.803781266022 271.716528779909 414.275789812683 612.447058339807 530.962756226303 983.467733416151 742.114006438341 595.847857229493 853.831770403641 628.911366944566 707.654534962166 381.712828901572 467.227665551016 708.722602206363 288.460880392796 740.080189972404 176.476402099958 291.023416585057 559.029924108399 403.359257294488 488.580588230775 118.041548436404 858.303827552898 609.511462711915 149.273348516219 359.383448264618
1171.45835597298 1034.86832731889 789.166587507967 0 1103.99296021751 1061.32803047237 1156.35183067651 1274.71104420588 1100.88800343563 1348.77874700515 1248.85730459126 866.040578912842 1288.92278007565 1406.3435954526 1196.85875495636 1250.40867743074 1106.18180526289 734.064747180795 982.800556195372 1336.39448273475 1077.16591277239 1376.36974952317 807.671796530985 937.296037814826 1341.89217586272 995.272782279288 1137.83204331206 1206.5354529365 1254.51900972568 1577.55612801285 1336.20240103504 1189.93625182619 1447.92016500034 1222.99976154126 1301.74292955886 975.80122349827 1126.32939546318 1302.81099680306 947.562610304959 1334.1685845691 900.032655599337 1014.57967008444 1282.58617760778 1126.91551079387 1082.66898282747 841.597801935783 1452.3922221496 1203.59985730861 872.829602015598 1082.939701764
892.196334085832 690.592970116273 380.436706718136 1103.99296021751 0 782.066008585215 877.089808789361 995.449022318726 692.158122645803 1069.51672511799 840.127423801431 457.31069812301 1009.6607581885 997.613714662765 788.128874166533 841.678796640912 826.919783375743 389.78938997818 638.525198992757 1057.1324608476 797.903890885237 1097.10772763602 528.409774643834 593.020680612211 1062.63015397557 586.542901489456 729.102162522231 927.273431049354 845.789128935851 1298.2941061257 1056.94037914789 910.674229939041 1168.65814311319 943.737739654114 1022.48090767171 696.539201611119 782.054038260563 1023.54897491591 603.287253102344 1054.90656268195 491.302774809506 605.849789294605 873.856296817947 718.185630004035 803.406960940323 432.867921145951 1173.13020026245 924.337835421463 464.099721225767 674.209820974165
849.531404340683 712.941375686588 467.239635875667 1061.32803047237 782.066008585215 0 834.424879044212 952.784092573577 778.961051803334 1026.85179537285 926.930352958962 544.113627280542 966.995828443354 1084.4166438203 874.931803324065 928.481725798443 784.254853630595 412.137795548495 660.873604563073 1014.46753110245 755.238961140088 1054.44279789087 485.744844898685 615.369086182527 1019.96522423042 673.345830646988 815.905091679762 884.608501304205 932.592058093382 1255.62917638055 1014.27544940274 868.009300193892 1125.99321336804 901.072809908965 979.815977926564 653.87427186597 804.402443830879 980.884045170762 625.635658672659 1012.2416329368 578.105703967037 692.652718452136 960.659225975478 804.988559161567 760.742031195174 519.670850303483 1130.4652705173 881.672905676314 550.902650383298 761.012750131697
944.55520454483 807.965175890734 562.263436079814 1156.35183067651 877.089808789361 834.424879044212 0 1047.80789277772 873.984852007481 1121.87559557699 1021.95415316311 639.137427484688 1062.0196286475 1179.44044402444 969.955603528211 1023.50552600259 879.278653834741 507.161595752641 755.897404767219 1109.4913313066 850.262761344234 1149.46659809501 580.768645102832 710.392886386673 1114.98902443457 768.369630851134 910.928891883909 979.632301508352 1027.61585829753 1350.6529765847 1109.29924960689 963.033100398039 1221.01701357219 996.096610113111 1074.83977813071 748.898072070117 899.426244035025 1075.90784537491 720.659458876805 1107.26543314095 673.129504171183 787.676518656283 1055.68302617962 900.012359365713 855.765831399321 614.694650507629 1225.48907072144 976.69670588046 645.926450587445 856.036550335843
1062.91441807419 926.324389420099 680.622649609178 1274.71104420588 995.449022318726 952.784092573577 1047.80789277772 0 992.344065536846 1240.23480910636 1140.31336669247 757.496641014053 1180.37884217687 1297.79965755381 1088.31481705758 1141.86473953195 997.637867364106 625.520809282006 874.256618296584 1227.85054483596 968.621974873599 1267.82581162438 699.127858632197 828.752099916038 1233.34823796393 886.728844380499 1029.28810541327 1097.99151503772 1145.97507182689 1469.01219011406 1227.65846313625 1081.3923139274 1339.37622710155 1114.45582364248 1193.19899166008 867.257285599482 1017.78545756439 1194.26705890427 839.01867240617 1225.62464667031 791.488717700548 906.035732185648 1174.04223970899 1018.37157289508 974.125044928685 733.053864036994 1343.84828425081 1095.05591940982 764.285664116809 974.395763865208
889.091377303952 687.488013334392 377.331749936255 1100.88800343563 692.158122645803 778.961051803334 873.984852007481 992.344065536845 0 1066.41176833611 837.02246701955 454.20574134113 1006.55580140662 994.508757880884 785.023917384653 838.573839859031 823.814826593863 386.684433196299 635.420242210877 1054.02750406572 794.798934103356 1094.00277085414 525.304817861954 589.915723830331 1059.52519719369 583.437944707576 725.99720574035 924.168474267474 842.68417215397 1295.18914934382 1053.83542236601 907.569273157161 1165.55318633131 940.632782872233 1019.37595088983 693.434244829239 778.949081478683 1020.44401813403 600.182296320463 1051.80160590007 488.197818027625 602.744832512724 870.751340036066 715.080673222155 800.302004158443 429.762964364071 1170.02524348056 921.232878639582 460.994764443886 671.104864192285
1136.98212087346 1000.39209221937 754.690352408447 1348.77874700515 1069.51672511799 1026.85179537285 1121.87559557699 1240.23480910636 1066.41176833611 0 1214.38106949174 831.564343813322 1254.44654497613 1371.86736035308 1162.38251985684 1215.93244233122 1071.70557016337 699.588512081275 948.324321095852 1301.91824763523 1042.68967767287 1341.89351442365 773.195561431465 902.819802715306 1307.4159407632 960.796547179767 1103.35580821254 1172.05921783698 1220.04277462616 1543.07989291333 1301.72616593552 1155.46001672667 1413.44392990082 1188.52352644174 1267.26669445934 941.32498839875 1091.85316036366 1268.33476170354 913.086375205439 1299.69234946958 865.556420499817 980.103434984916 1248.10994250826 1092.43927569435 1048.19274772795 807.121566836262 1417.91598705008 1169.12362220909 838.353366916078 1048.46346666448
1037.06067845958 835.45731449002 525.301051091883 1248.85730459126 840.127423801431 926.930352958962 1021.95415316311 1140.31336669247 837.02246701955 1214.38106949174 0 602.175042496758 1154.52510256225 1142.47805903651 932.993218540281 986.543141014659 971.784127749491 534.653734351927 783.389543366505 1201.99680522135 942.768235258984 1241.97207200976 673.274119017582 737.885024985959 1207.49449834932 731.407245863204 873.966506895978 1072.1377754231 990.653473309598 1443.15845049945 1201.80472352164 1055.53857431279 1313.52248748694 1088.60208402786 1167.34525204546 841.403545984866 926.918382634311 1168.41331928966 748.151597476091 1199.7709070557 636.167119183253 750.714133668352 1018.72064119169 863.049974377783 948.27130531407 577.732265519699 1317.99454463619 1069.20217979521 608.964065599514 819.074165347913
654.243952781159 452.6405888116 142.484325413463 866.040578912842 457.31069812301 544.113627280542 639.137427484688 757.496641014053 454.20574134113 831.564343813322 602.175042496758 0 771.70837688383 759.661333358092 550.17649286186 603.726415336239 588.967402071071 151.837008673507 400.572817688084 819.180079542925 559.951509580564 859.155346331343 290.457393339161 355.068299307538 824.677772670896 348.590520184784 491.149781217558 689.321049744681 607.836747631178 1060.34172482103 818.987997843215 672.721848634368 930.705761808515 705.785358349441 784.528526367041 458.586820306446 544.101656955891 785.596593611238 365.334871797671 816.954181377278 253.350393504833 367.897407989932 635.903915513274 480.233248699362 565.45457963565 194.915539841278 935.177818957773 686.38545411679 226.147339921094 436.257439669492
1077.12615394397 940.536125289876 694.834385478955 1288.92278007565 1009.6607581885 966.995828443354 1062.0196286475 1180.37884217687 1006.55580140662 1254.44654497613 1154.52510256225 771.70837688383 0 1312.01139342358 1102.52655292735 1156.07647540173 1011.84960323388 639.732545151783 888.468354166361 1242.06228070574 982.833710743376 1282.03754749416 713.339594501974 842.963835785815 1247.55997383371 900.940580250276 1043.49984128305 1112.20325090749 1160.18680769667 1483.22392598384 1241.87019900603 1095.60404979718 1353.58796297133 1128.66755951225 1207.41072752985 881.469021469258 1031.99719343417 1208.47879477405 853.230408275947 1239.83638254009 805.700453570325 920.247468055425 1188.25397557877 1032.58330876485 988.336780798462 747.265599906771 1358.06002012058 1109.2676552796 778.497399986586 988.607499734985
1194.54696932091 992.943605351354 682.787341953217 1406.3435954526 997.613714662765 1084.4166438203 1179.44044402444 1297.79965755381 994.508757880884 1371.86736035308 1142.47805903651 759.661333358092 1312.01139342358 0 1090.47950940161 1144.02943187599 1129.27041861082 692.140025213261 940.875834227839 1359.48309608268 1100.25452612032 1399.4583628711 830.760409878916 895.371315847293 1364.98078921065 888.893536724538 1031.45279775731 1229.62406628444 1148.13976417093 1600.64474136078 1359.29101438297 1213.02486517412 1471.00877834827 1246.08837488919 1324.83154290679 998.889836846201 1084.40467349564 1325.89961015099 905.637888337425 1357.25719791703 793.653410044587 908.200424529686 1176.20693205303 1020.53626523912 1105.7575961754 735.218556381033 1475.48083549753 1226.68847065654 766.450356460848 976.560456209247
985.062128824682 783.458764855123 473.302501456986 1196.85875495636 788.128874166533 874.931803324065 969.955603528211 1088.31481705758 785.023917384653 1162.38251985684 932.993218540281 550.17649286186 1102.52655292735 1090.47950940161 0 934.544591379761 919.785578114593 482.65518471703 731.390993731607 1149.99825558645 890.769685624087 1189.97352237487 621.275569382684 685.886475351061 1155.49594871442 679.408696228306 821.967957261081 1020.1392257882 938.654923674701 1391.15990086455 1149.80617388674 1003.54002467789 1261.52393785204 1036.60353439296 1115.34670241056 789.404996349969 874.919832999413 1116.41476965476 696.153047841194 1147.7723574208 584.168569548356 698.715584033455 966.722091556797 811.051424742885 896.272755679173 525.733715884801 1265.9959950013 1017.20363016031 556.965515964617 767.075615713015
1038.61205129906 837.008687329501 526.852423931364 1250.40867743074 841.678796640912 928.481725798443 1023.50552600259 1141.86473953195 838.573839859031 1215.93244233122 986.543141014659 603.726415336239 1156.07647540173 1144.02943187599 934.544591379761 0 973.335500588972 536.205107191408 784.940916205985 1203.54817806083 944.319608098465 1243.52344484924 674.825491857062 739.436397825439 1209.0458711888 732.958618702685 875.517879735459 1073.68914826258 992.204846149079 1444.70982333893 1203.35609636112 1057.08994715227 1315.07386032642 1090.15345686734 1168.89662488494 842.954918824347 928.469755473792 1169.96469212914 749.702970315572 1201.32227989518 637.718492022734 752.265506507833 1020.27201403118 864.601347217263 949.822678153551 579.283638359179 1319.54591747567 1070.75355263469 610.515438438995 820.625538187393
894.385179131212 757.795150477117 512.093410666196 1106.18180526289 826.919783375743 784.254853630595 879.278653834741 997.637867364106 823.814826593863 1071.70557016337 971.784127749491 588.967402071071 1011.84960323388 1129.27041861082 919.785578114593 973.335500588972 0 456.991570339024 705.727379353601 1059.32130589298 800.092735930617 1099.2965726814 530.598619689214 660.222860973055 1064.81899902095 718.199605437517 860.758866470291 929.462276094734 977.445832883911 1300.48295117108 1059.12922419327 912.863074984421 1170.84698815857 945.926584699493 1024.66975271709 698.728046656499 849.256218621407 1025.73781996129 670.489433463188 1057.09540772733 622.959478757566 737.506493242665 1005.51300076601 849.842333952095 805.595805985703 564.524625094012 1175.31904530783 926.526680466842 595.756425173827 805.866524922226
522.268121049112 307.513441778929 74.963017268632 734.064747180795 389.78938997818 412.137795548495 507.161595752641 625.520809282006 386.684433196299 699.588512081275 534.653734351927 151.837008673507 639.732545151783 692.140025213261 482.65518471703 536.205107191408 456.991570339024 0 255.445670655414 687.204247810878 427.975677848517 727.179514599296 158.481561607114 209.941152274868 692.701940938849 281.069212039953 423.628473072727 557.345218012634 540.315439486347 928.365893088979 687.012166111169 540.746016902321 798.729930076469 573.809526617394 652.552694634994 326.610988574399 398.97450992322 653.620761879191 220.207724765001 684.978349645232 185.829085360002 300.376099845101 568.382607368443 412.711940554532 433.478747903603 127.394231696448 803.201987225726 554.409622384743 158.626031776263 368.736131524662
771.00393006369 556.249250793507 323.69882628321 982.800556195372 638.525198992757 660.873604563073 755.897404767219 874.256618296584 635.420242210877 948.324321095852 783.389543366505 400.572817688084 888.468354166361 940.875834227839 731.390993731607 784.940916205985 705.727379353601 255.445670655414 0 935.940056825456 676.711486863094 975.915323613874 407.217370621692 458.676961289446 941.437749953427 529.80502105453 672.364282087305 806.081027027212 789.051248500925 1177.10170210356 935.747975125746 789.481825916899 1047.46573909105 822.545335631971 901.288503649571 575.346797588977 647.710318937798 902.356570893768 468.943533779578 933.714158659809 434.564894374579 549.111908859679 817.118416383021 661.447749569109 682.214556918181 376.130040711025 1051.9377962403 803.14543139932 407.361840790841 617.471940539239
1124.59785660307 988.007827948971 742.306088138051 1336.39448273475 1057.1324608476 1014.46753110245 1109.4913313066 1227.85054483596 1054.02750406572 1301.91824763523 1201.99680522135 819.180079542925 1242.06228070574 1359.48309608268 1149.99825558645 1203.54817806083 1059.32130589298 687.204247810878 935.940056825456 0 1030.30541340247 1329.50925015325 760.811297161069 890.43553844491 1295.0316764928 948.412282909371 1090.97154394215 1159.67495356659 1207.65851035577 1530.69562864293 1289.34190166512 1143.07575245628 1401.05966563042 1176.13926217135 1254.88243018895 928.940724128354 1079.46889609326 1255.95049743314 900.702110935042 1287.30808519919 853.17215622942 967.71917071452 1235.72567823786 1080.05501142395 1035.80848345756 794.737302565866 1405.53172277968 1156.7393579387 825.969102645681 1036.07920239408
865.369286640705 728.77925798661 483.077518175689 1077.16591277239 797.903890885237 755.238961140088 850.262761344234 968.621974873599 794.798934103356 1042.68967767287 942.768235258984 559.951509580564 982.833710743376 1100.25452612032 890.769685624087 944.319608098465 800.092735930617 427.975677848517 676.711486863094 1030.30541340247 0 1070.28068019089 501.582727198707 631.206968482549 1035.80310653044 689.18371294701 831.742973979784 900.446383604227 948.429940393404 1271.46705868057 1030.11333170276 883.847182493914 1141.83109566806 916.910692208987 995.653860226586 669.712154165992 820.240326130901 996.721927470783 641.473540972681 1028.07951523682 593.943586267059 708.490600752158 976.4971082755 820.826441461589 776.579913495196 535.508732603505 1146.30315281732 897.510787976336 566.74053268332 776.850632431719
1164.57312339148 1027.98309473739 782.281354926468 1376.36974952317 1097.10772763602 1054.44279789087 1149.46659809501 1267.82581162438 1094.00277085414 1341.89351442365 1241.97207200976 859.155346331343 1282.03754749416 1399.4583628711 1189.97352237487 1243.52344484924 1099.2965726814 727.179514599296 975.915323613874 1329.50925015325 1070.28068019089 0 800.786563949486 930.410805233328 1335.00694328122 988.387549697789 1130.94681073056 1199.65022035501 1247.63377714418 1570.67089543135 1329.31716845354 1183.05101924469 1441.03493241884 1216.11452895977 1294.85769697737 968.915990916771 1119.44416288168 1295.92576422156 940.67737772346 1327.2833519876 893.147423017838 1007.69443750294 1275.70094502628 1120.03027821237 1075.78375024598 834.712569354284 1445.5069895681 1196.71462472711 865.944369434099 1076.0544691825
595.875170399303 459.285141745207 213.583401934287 807.671796530985 528.409774643834 485.744844898685 580.768645102832 699.127858632197 525.304817861954 773.195561431465 673.274119017582 290.457393339161 713.339594501974 830.760409878916 621.275569382684 674.825491857062 530.598619689214 158.481561607114 407.217370621692 760.811297161069 501.582727198707 800.786563949486 0 361.712852241146 766.30899028904 419.689596705607 562.248857738382 630.952267362825 678.935824152002 1001.97294243917 760.619215461359 614.353066252512 872.336979426659 647.416575967584 726.159743985184 400.21803792459 550.746209889498 727.227811229381 371.979424731278 758.585398995422 324.449470025657 438.996484510756 707.002992034098 551.332325220186 507.085797253794 266.014616362102 876.809036575916 628.016671734933 297.246416441918 507.356516190316
725.499411683144 510.744732412961 278.194307902664 937.296037814826 593.020680612211 615.369086182527 710.392886386673 828.752099916038 589.915723830331 902.819802715306 737.885024985959 355.068299307538 842.963835785815 895.371315847293 685.886475351061 739.436397825439 660.222860973055 209.941152274868 458.676961289446 890.43553844491 631.206968482549 930.410805233328 361.712852241146 0 895.933231572881 484.300502673984 626.859763706759 760.576508646666 743.546730120379 1131.59718372301 890.2434567452 743.977307536353 1001.9612207105 777.040817251425 855.783985269025 529.842279208431 602.205800557252 856.852052513222 423.439015399032 888.209640279263 389.060375994034 503.607390479133 771.613898002475 615.943231188563 636.710038537635 330.625522330479 1006.43327785976 757.640913018774 361.857322410295 571.967422158693
1130.09554973104 993.505521076942 747.803781266022 1341.89217586272 1062.63015397557 1019.96522423042 1114.98902443457 1233.34823796393 1059.52519719369 1307.4159407632 1207.49449834932 824.677772670897 1247.55997383371 1364.98078921065 1155.49594871442 1209.0458711888 1064.81899902095 692.701940938849 941.437749953427 1295.0316764928 1035.80310653044 1335.00694328122 766.30899028904 895.933231572881 0 953.909976037342 1096.46923707012 1165.17264669456 1213.15620348374 1536.1933217709 1294.83959479309 1148.57344558425 1406.55735875839 1181.63695529932 1260.38012331692 934.438417256325 1084.96658922123 1261.44819056112 906.199804063013 1292.80577832716 858.669849357392 973.216863842491 1241.22337136583 1085.55270455192 1041.30617658553 800.234995693837 1411.02941590765 1162.23705106667 831.466795773653 1041.57689552205
783.476156147605 581.872792178046 271.716528779909 995.272782279288 586.542901489456 673.345830646988 768.369630851134 886.728844380499 583.437944707576 960.796547179767 731.407245863204 348.590520184784 900.940580250276 888.893536724538 679.408696228306 732.958618702685 718.199605437517 281.069212039953 529.80502105453 948.412282909371 689.18371294701 988.387549697789 419.689596705607 484.300502673984 953.909976037342 0 620.381984584004 818.553253111127 737.068950997624 1189.57392818747 948.220201209661 801.954052000814 1059.93796517496 835.017561715887 913.760729733486 587.819023672892 673.333860322336 914.828796977684 494.567075164117 946.186384743724 382.582596871279 497.129611356378 765.13611887972 609.465452065808 694.686783002096 324.147743207724 1064.41002232422 815.617657483236 355.37954328754 565.489643035938
926.03541718038 724.43205321082 414.275789812683 1137.83204331206 729.102162522231 815.905091679762 910.928891883909 1029.28810541327 725.99720574035 1103.35580821254 873.966506895978 491.149781217558 1043.49984128305 1031.45279775731 821.967957261081 875.517879735459 860.758866470291 423.628473072727 672.364282087305 1090.97154394215 831.742973979784 1130.94681073056 562.248857738382 626.859763706759 1096.46923707012 620.381984584004 0 961.112514143902 879.628212030398 1332.13318922025 1090.77946224244 944.513313033589 1202.49722620774 977.576822748661 1056.31999076626 730.378284705667 815.893121355111 1057.38805801046 637.126336196891 1088.7456457765 525.141857904053 639.688872389152 907.695379912495 752.024713098583 837.246044034871 466.707004240499 1206.96928335699 958.17691851601 497.938804320314 708.048904068713
994.738826804823 858.148798150727 612.447058339807 1206.5354529365 927.273431049354 884.608501304205 979.632301508352 1097.99151503772 924.168474267474 1172.05921783698 1072.1377754231 689.321049744681 1112.20325090749 1229.62406628444 1020.1392257882 1073.68914826258 929.462276094734 557.345218012634 806.081027027212 1159.67495356659 900.446383604227 1199.65022035501 630.952267362825 760.576508646666 1165.17264669456 818.553253111127 961.112514143902 0 1077.79948055752 1400.83659884469 1159.48287186688 1013.21672265803 1271.20063583218 1046.2802323731 1125.0234003907 799.08169433011 949.609866295018 1126.0914676349 770.843081136798 1157.44905540094 723.313126431176 837.860140916276 1105.86664843962 950.195981625706 905.949453659314 664.878272767622 1275.67269298144 1026.88032814045 696.110072847438 906.220172595836
1042.722383594 841.11901962444 530.962756226303 1254.51900972568 845.789128935851 932.592058093382 1027.61585829753 1145.97507182689 842.68417215397 1220.04277462616 990.653473309598 607.836747631178 1160.18680769667 1148.13976417093 938.654923674701 992.204846149079 977.445832883911 540.315439486347 789.051248500925 1207.65851035577 948.429940393404 1247.63377714418 678.935824152002 743.546730120379 1213.15620348374 737.068950997624 879.628212030398 1077.79948055752 0 1448.82015563387 1207.46642865606 1061.20027944721 1319.18419262136 1094.26378916228 1173.00695717988 847.065251119287 932.580087768731 1174.07502442408 753.813302610511 1205.43261219012 641.828824317673 756.375838802772 1024.38234632611 868.711679512203 953.933010448491 583.393970654119 1323.65624977061 1074.86388492963 614.625770733934 824.735870482333
1365.75950188117 1229.16947322707 983.467733416151 1577.55612801285 1298.2941061257 1255.62917638055 1350.6529765847 1469.01219011406 1295.18914934382 1543.07989291333 1443.15845049945 1060.34172482103 1483.22392598384 1600.64474136078 1391.15990086455 1444.70982333893 1300.48295117108 928.365893088979 1177.10170210356 1530.69562864293 1271.46705868057 1570.67089543135 1001.97294243917 1131.59718372301 1536.1933217709 1189.57392818747 1332.13318922025 1400.83659884469 1448.82015563387 0 1530.50354694322 1384.23739773438 1642.22131090852 1417.30090744945 1496.04407546705 1170.10236940645 1320.63054137136 1497.11214271125 1141.86375621314 1528.46973047729 1094.33380150752 1208.88081599262 1476.88732351596 1321.21665670205 1276.97012873566 1035.89894784397 1646.69336805778 1397.9010032168 1067.13074792378 1277.24084767218
1124.40577490336 987.815746249261 742.114006438341 1336.20240103504 1056.94037914789 1014.27544940274 1109.29924960689 1227.65846313625 1053.83542236601 1301.72616593552 1201.80472352164 818.987997843215 1241.87019900603 1359.29101438297 1149.80617388674 1203.35609636112 1059.12922419327 687.012166111169 935.747975125746 1289.34190166512 1030.11333170276 1329.31716845354 760.619215461359 890.2434567452 1294.83959479309 948.220201209661 1090.77946224244 1159.48287186688 1207.46642865606 1530.50354694322 0 1142.88367075657 1400.86758393071 1175.94718047164 1254.69034848924 928.748642428644 1079.27681439355 1255.75841573343 900.510029235332 1287.11600349948 852.98007452971 967.52708901481 1235.53359653815 1079.86292972424 1035.61640175785 794.545220866156 1405.33964107997 1156.54727623899 825.777020945972 1035.88712069437
978.139625694509 841.549597040414 595.847857229493 1189.93625182619 910.674229939041 868.009300193892 963.033100398039 1081.3923139274 907.56927315716 1155.46001672667 1055.53857431279 672.721848634368 1095.60404979718 1213.02486517412 1003.54002467789 1057.08994715227 912.863074984421 540.746016902321 789.481825916899 1143.07575245628 883.847182493914 1183.05101924469 614.353066252512 743.977307536353 1148.57344558425 801.954052000814 944.513313033588 1013.21672265803 1061.20027944721 1384.23739773438 1142.88367075657 0 1254.60143472187 1029.68103126279 1108.42419928039 782.482493219796 933.010665184705 1109.49226652459 754.243880026485 1140.84985429063 706.713925320863 821.260939805963 1089.2674473293 933.596780515393 889.350252549 648.279071657309 1259.07349187112 1010.28112703014 679.510871737124 889.620971485523
1236.12353886866 1099.53351021456 853.831770403641 1447.92016500034 1168.65814311319 1125.99321336804 1221.01701357219 1339.37622710155 1165.55318633131 1413.44392990082 1313.52248748694 930.705761808515 1353.58796297133 1471.00877834827 1261.52393785204 1315.07386032642 1170.84698815857 798.729930076469 1047.46573909105 1401.05966563042 1141.83109566806 1441.03493241884 872.336979426659 1001.9612207105 1406.55735875839 1059.93796517496 1202.49722620774 1271.20063583218 1319.18419262136 1642.22131090852 1400.86758393071 1254.60143472187 0 1287.66494443694 1366.40811245454 1040.46640639394 1190.99457835885 1367.47617969873 1012.22779320063 1398.83376746478 964.697838495011 1079.24485298011 1347.25136050345 1191.58069368954 1147.33416572315 906.262984831456 1517.05740504527 1268.26504020429 937.494784911272 1147.60488465967
1011.20313540958 874.613106755487 628.911366944566 1222.99976154126 943.737739654114 901.072809908965 996.096610113111 1114.45582364248 940.632782872233 1188.52352644174 1088.60208402786 705.785358349441 1128.66755951225 1246.08837488919 1036.60353439296 1090.15345686734 945.926584699493 573.809526617394 822.545335631971 1176.13926217135 916.910692208987 1216.11452895977 647.416575967584 777.040817251425 1181.63695529932 835.017561715887 977.576822748661 1046.2802323731 1094.26378916228 1417.30090744945 1175.94718047164 1029.68103126279 1287.66494443694 0 1141.48770899546 815.546002934869 966.074174899778 1142.55577623966 787.307389741558 1173.9133640057 739.777435035936 854.324449521035 1122.33095704438 966.660290230465 922.413762264073 681.342581372381 1292.1370015862 1043.34463674521 712.574381452197 922.684481200596
1089.94630342718 953.356274773086 707.654534962166 1301.74292955886 1022.48090767171 979.815977926564 1074.83977813071 1193.19899166008 1019.37595088983 1267.26669445934 1167.34525204546 784.528526367041 1207.41072752985 1324.83154290679 1115.34670241056 1168.89662488494 1024.66975271709 652.552694634994 901.288503649571 1254.88243018895 995.653860226586 1294.85769697737 726.159743985184 855.783985269025 1260.38012331692 913.760729733486 1056.31999076626 1125.0234003907 1173.00695717988 1496.04407546705 1254.69034848924 1108.42419928039 1366.40811245454 1141.48770899546 0 894.289170952469 1044.81734291738 1221.29894425726 866.050557759158 1252.6565320233 818.520603053536 933.067617538635 1201.07412506198 1045.40345824807 1001.15693028167 760.085749389981 1370.88016960379 1122.08780476281 791.317549469797 1001.4276492182
764.004597366588 627.414568712492 381.712828901572 975.80122349827 696.539201611119 653.87427186597 748.898072070117 867.257285599482 693.434244829239 941.32498839875 841.403545984866 458.586820306446 881.469021469258 998.889836846201 789.404996349969 842.954918824347 698.728046656499 326.610988574399 575.346797588977 928.940724128354 669.712154165992 968.915990916771 400.21803792459 529.842279208431 934.438417256325 587.819023672892 730.378284705667 799.08169433011 847.065251119287 1170.10236940645 928.748642428644 782.482493219796 1040.46640639394 815.546002934869 894.289170952469 0 718.875636856783 895.357238196666 540.108851698563 926.714825962707 492.578896992941 607.125911478041 875.132419001383 719.461752187471 675.215224221079 434.144043329387 1044.9384635432 796.146098702218 465.375843409203 675.485943157601
914.532769331496 699.778090061313 467.227665551016 1126.32939546318 782.054038260563 804.402443830879 899.426244035025 1017.78545756439 778.949081478683 1091.85316036366 926.918382634311 544.101656955891 1031.99719343417 1084.40467349564 874.919832999413 928.469755473792 849.256218621407 398.97450992322 647.710318937798 1079.46889609326 820.240326130901 1119.44416288168 550.746209889498 602.205800557252 1084.96658922123 673.333860322336 815.893121355111 949.609866295018 932.580087768731 1320.63054137136 1079.27681439355 933.010665184705 1190.99457835885 966.074174899778 1044.81734291738 718.875636856783 0 1045.88541016157 612.472373047384 1077.24299792762 578.093733642386 692.640748127485 960.647255650827 804.976588836915 825.743396185987 519.658879978831 1195.46663550811 946.674270667127 550.890680058647 761.000779807046
1091.01437067138 954.424342017284 708.722602206363 1302.81099680306 1023.54897491591 980.884045170762 1075.90784537491 1194.26705890427 1020.44401813403 1268.33476170354 1168.41331928966 785.596593611238 1208.47879477405 1325.89961015099 1116.41476965476 1169.96469212914 1025.73781996129 653.620761879191 902.356570893768 1255.95049743314 996.721927470783 1295.92576422156 727.227811229381 856.852052513222 1261.44819056112 914.828796977684 1057.38805801046 1126.0914676349 1174.07502442408 1497.11214271125 1255.75841573343 1109.49226652459 1367.47617969873 1142.55577623966 1221.29894425726 895.357238196666 1045.88541016157 0 867.118625003355 1253.7245992675 819.588670297733 934.135684782832 1202.14219230617 1046.47152549226 1002.22499752587 761.153816634178 1371.94823684799 1123.15587200701 792.385616713994 1002.49571646239
735.765984173276 521.011304903093 288.460880392796 947.562610304959 603.287253102344 625.635658672659 720.659458876805 839.01867240617 600.182296320463 913.086375205439 748.151597476091 365.334871797671 853.230408275947 905.637888337425 696.153047841194 749.702970315572 670.489433463188 220.207724765001 468.943533779578 900.702110935042 641.473540972681 940.67737772346 371.979424731278 423.439015399032 906.199804063013 494.567075164117 637.126336196891 770.843081136798 753.813302610511 1141.86375621314 900.510029235332 754.243880026485 1012.22779320063 787.307389741558 866.050557759158 540.108851698563 612.472373047384 867.118625003355 0 898.476212769395 399.326948484166 513.873962969265 781.880470492607 626.209803678695 646.976611027767 340.892094820612 1016.69985034989 767.907485508907 372.123894900427 582.233994648826
1122.37195843742 985.781929783324 740.080189972404 1334.1685845691 1054.90656268195 1012.2416329368 1107.26543314095 1225.62464667031 1051.80160590007 1299.69234946958 1199.7709070557 816.954181377278 1239.83638254009 1357.25719791703 1147.7723574208 1201.32227989518 1057.09540772733 684.978349645232 933.714158659809 1287.30808519919 1028.07951523682 1327.2833519876 758.585398995422 888.209640279263 1292.80577832716 946.186384743724 1088.7456457765 1157.44905540094 1205.43261219012 1528.46973047729 1287.11600349948 1140.84985429063 1398.83376746478 1173.9133640057 1252.6565320233 926.714825962707 1077.24299792762 1253.7245992675 898.476212769395 0 850.946258063773 965.493272548873 1233.49978007221 1077.8291132583 1033.58258529191 792.511404400219 1403.30582461403 1154.51345977305 823.743204480035 1033.85330422843
688.236029467654 486.632665498095 176.476402099958 900.032655599337 491.302774809506 578.105703967037 673.129504171183 791.488717700548 488.197818027625 865.556420499817 636.167119183253 253.350393504833 805.700453570325 793.653410044587 584.168569548356 637.718492022734 622.959478757566 185.829085360002 434.56489437458 853.17215622942 593.943586267059 893.147423017838 324.449470025657 389.060375994034 858.669849357392 382.582596871279 525.141857904053 723.313126431176 641.828824317673 1094.33380150752 852.980074529711 706.713925320863 964.697838495011 739.777435035936 818.520603053536 492.578896992941 578.093733642386 819.588670297733 399.326948484166 850.946258063774 0 401.889484676427 669.895992199769 514.225325385857 599.446656322145 228.907616527774 969.169895644268 720.377530803285 260.139416607589 470.249516355988
802.783043952754 601.179679983194 291.023416585057 1014.57967008444 605.849789294605 692.652718452136 787.676518656283 906.035732185648 602.744832512724 980.103434984916 750.714133668352 367.897407989932 920.247468055425 908.200424529686 698.715584033455 752.265506507833 737.506493242665 300.376099845101 549.111908859679 967.71917071452 708.490600752158 1007.69443750294 438.996484510756 503.607390479133 973.216863842491 497.129611356378 639.688872389152 837.860140916276 756.375838802772 1208.88081599262 967.52708901481 821.260939805963 1079.24485298011 854.324449521035 933.067617538635 607.125911478041 692.640748127485 934.135684782832 513.873962969265 965.493272548873 401.889484676427 0 784.443006684869 628.772339870957 713.993670807245 343.454631012873 1083.71691012937 834.924545288384 374.686431092688 584.796530841087
1070.7895514761 869.186187506536 559.029924108399 1282.58617760778 873.856296817947 960.659225975479 1055.68302617962 1174.04223970899 870.751340036066 1248.10994250826 1018.72064119169 635.903915513274 1188.25397557877 1176.20693205303 966.722091556797 1020.27201403118 1005.51300076601 568.382607368443 817.118416383021 1235.72567823786 976.497108275501 1275.70094502628 707.002992034098 771.613898002475 1241.22337136583 765.13611887972 907.695379912495 1105.86664843962 1024.38234632611 1476.88732351596 1235.53359653815 1089.2674473293 1347.25136050345 1122.33095704438 1201.07412506198 875.132419001383 960.647255650827 1202.14219230617 781.880470492607 1233.49978007222 669.895992199769 784.443006684869 0 896.778847394299 982.000178330587 611.461138536215 1351.72341765271 1102.93105281173 642.69293861603 852.803038364429
915.118884662184 713.515520692624 403.359257294488 1126.91551079387 718.185630004035 804.988559161567 900.012359365713 1018.37157289508 715.080673222155 1092.43927569435 863.049974377783 480.233248699362 1032.58330876485 1020.53626523912 811.051424742885 864.601347217263 849.842333952095 412.711940554532 661.447749569109 1080.05501142395 820.826441461589 1120.03027821237 551.332325220186 615.943231188563 1085.55270455192 609.465452065808 752.024713098583 950.195981625706 868.711679512203 1321.21665670205 1079.86292972424 933.596780515393 1191.58069368954 966.660290230465 1045.40345824807 719.461752187471 804.976588836915 1046.47152549226 626.209803678695 1077.8291132583 514.225325385857 628.772339870957 896.778847394299 0 826.329511516675 455.790471722303 1196.0527508388 947.260385997814 487.022271802119 697.132371550517
870.872356695791 734.282328041696 488.580588230775 1082.66898282747 803.406960940323 760.742031195174 855.765831399321 974.125044928685 800.302004158443 1048.19274772795 948.27130531407 565.45457963565 988.336780798462 1105.7575961754 896.272755679173 949.822678153551 805.595805985703 433.478747903603 682.214556918181 1035.80848345756 776.579913495196 1075.78375024598 507.085797253794 636.710038537635 1041.30617658553 694.686783002096 837.246044034871 905.949453659314 953.933010448491 1276.97012873566 1035.61640175785 889.350252549 1147.33416572315 922.413762264073 1001.15693028167 675.215224221079 825.743396185987 1002.22499752587 646.976611027767 1033.58258529191 599.446656322145 713.993670807245 982.000178330587 826.329511516675 0 541.011802658591 1151.8062228724 903.013858031422 572.243602738406 782.353702486805
629.8011758041 428.197811834541 118.041548436404 841.597801935783 432.867921145951 519.670850303483 614.694650507629 733.053864036994 429.762964364071 807.121566836262 577.732265519699 194.915539841278 747.265599906771 735.218556381033 525.733715884801 579.283638359179 564.524625094012 127.394231696448 376.130040711025 794.737302565866 535.508732603505 834.712569354284 266.014616362102 330.625522330479 800.234995693837 324.147743207724 466.707004240499 664.878272767622 583.393970654119 1035.89894784397 794.545220866156 648.279071657309 906.262984831456 681.342581372382 760.085749389981 434.144043329387 519.658879978831 761.153816634178 340.892094820612 792.511404400219 228.907616527774 343.454631012873 611.461138536215 455.790471722303 541.011802658591 0 910.735041980713 661.942677139731 201.704562944035 411.814662692433
1240.59559601791 1104.00556736382 858.303827552898 1452.3922221496 1173.13020026245 1130.4652705173 1225.48907072144 1343.84828425081 1170.02524348056 1417.91598705008 1317.99454463619 935.177818957773 1358.06002012058 1475.48083549753 1265.9959950013 1319.54591747567 1175.31904530783 803.201987225726 1051.9377962403 1405.53172277968 1146.30315281732 1445.5069895681 876.809036575916 1006.43327785976 1411.02941590765 1064.41002232422 1206.96928335699 1275.67269298144 1323.65624977061 1646.69336805778 1405.33964107997 1259.07349187112 1517.05740504527 1292.1370015862 1370.88016960379 1044.9384635432 1195.46663550811 1371.94823684799 1016.69985034989 1403.30582461403 969.169895644268 1083.71691012937 1351.72341765271 1196.0527508388 1151.8062228724 910.735041980713 0 1272.73709735354 941.966842060529 1152.07694180893
991.803231176931 855.213202522836 609.511462711915 1203.59985730861 924.337835421463 881.672905676314 976.69670588046 1095.05591940983 921.232878639582 1169.12362220909 1069.20217979521 686.38545411679 1109.2676552796 1226.68847065654 1017.20363016031 1070.75355263469 926.526680466842 554.409622384743 803.145431399321 1156.7393579387 897.510787976336 1196.71462472711 628.016671734933 757.640913018775 1162.23705106667 815.617657483236 958.17691851601 1026.88032814045 1074.86388492963 1397.9010032168 1156.54727623899 1010.28112703014 1268.26504020429 1043.34463674521 1122.08780476281 796.146098702218 946.674270667127 1123.15587200701 767.907485508907 1154.51345977305 720.377530803285 834.924545288384 1102.93105281173 947.260385997814 903.013858031422 661.942677139731 1272.73709735354 0 693.174477219546 903.284576967945
