0 822.679722549388 590.192318694102 1171.45835597298 905.018691403653 849.531404340683 944.555204544828 1062.91441807419 901.913734621772 1136.98212087346 1049.8830357774 667.06631009898 1077.12615394397 1207.36932663873 997.884486142499 1051.43440861688 894.385179131208 521.876142411296 770.611951425873 1124.59785660306 865.3692866407 1164.57312339148 595.875170399301 725.107433045328 1130.09554973103 796.298513465423 938.857774498197 994.738826804821 1055.54474091182 1365.75950188116 1124.40577490335 978.139625694505 1236.12353886865 1011.20313540958 1089.94630342718 764.004597366585 914.140790693679 1091.01437067138 735.374005535457 1122.37195843742 701.058386785473 815.605401270571 1083.61190879391 927.941241979999 870.872356695789 642.623533121921 1240.59559601791 991.803231176929 673.855333201735 883.965432950133
822.679722549388 0 376.404560059776 1034.47634868107 691.230932769328 712.549397048774 807.573197252919 925.932410782283 688.125975987447 1000.00011358155 836.095277143071 453.278551464655 940.144146652061 993.581568004406 784.096727508174 837.646649982552 757.4031718393 307.513441778935 556.249250793511 987.615849311155 728.387279348792 1027.59111609957 458.893163107392 510.744732412967 993.113542439125 582.510754831098 725.070015863872 857.756819512912 841.75698227749 1228.77749458926 987.423767611444 841.157618402597 1099.14153157674 874.221128117673 952.964296135272 627.022590074677 699.778090061317 954.032363379467 521.011304903095 985.389951145509 487.270628151148 601.817642636246 869.824150159589 714.153483345674 733.89034940388 428.835774487595 1103.613588726 854.82122388502 460.067574567409 670.177674315807
590.192318694102 376.404560059776 0 801.988944825785 380.436706718135 480.061993193488 575.085793397633 693.445006926996 377.331749936254 767.512709726263 525.301051091879 142.484325413462 707.656742796775 682.787341953214 473.302501456982 526.85242393136 524.915767984014 75.6009799216846 324.336788936261 755.128445455869 495.899875493506 795.103712244285 226.405759252106 278.832270555716 760.626138583839 271.716528779906 414.27578981268 625.269415657626 530.962756226298 996.29009073397 754.936363756157 608.67021454731 866.654127721459 641.733724262386 720.476892279986 394.535186219391 467.865628204067 721.544959524181 289.098843045845 752.902547290223 176.476402099956 291.023416585053 559.029924108396 403.359257294481 501.402945548594 118.041548436403 871.126184870716 622.333820029734 149.273348516217 359.383448264615
1171.45835597298 1034.47634868107 801.988944825785 0 1116.81531753534 1061.32803047237 1156.35183067651 1274.71104420587 1113.71036075346 1348.77874700514 1261.67966190908 878.862936230664 1288.92278007565 1419.16595277042 1209.68111227418 1263.23103474856 1106.18180526289 733.672768542979 982.408577557556 1336.39448273475 1077.16591277238 1376.36974952316 807.671796530984 936.904059177011 1341.89217586272 1008.09513959711 1150.65440062988 1206.5354529365 1267.3413670435 1577.55612801285 1336.20240103504 1189.93625182619 1447.92016500034 1222.99976154126 1301.74292955886 975.801223498269 1125.93741682536 1302.81099680306 947.17063166714 1334.1685845691 912.855012917157 1027.40202740225 1295.4085349256 1139.73786811168 1082.66898282747 854.420159253604 1452.39222214959 1203.59985730861 885.651959333418 1095.76205908182
905.018691403653 691.230932769328 380.436706718135 1116.81531753534 0 794.888365903039 889.912166107184 1008.27137963655 692.158122645805 1082.33908243581 840.12742380143 457.310698123014 1022.48311550633 997.613714662765 788.128874166533 841.678796640911 839.742140693565 390.427352631236 639.163161645812 1069.95481816542 810.726248203057 1109.93008495384 541.232131961657 593.658643265268 1075.45251129339 586.542901489457 729.102162522231 940.095788367177 845.789128935849 1311.11646344352 1069.76273646571 923.496587256862 1181.48050043101 956.560096971938 1035.30326498954 709.361558928942 782.692000913618 1036.37133223373 603.925215755396 1067.72891999977 491.302774809507 605.849789294605 873.856296817947 718.185630004032 816.229318258145 432.867921145954 1185.95255758027 937.160192739285 464.099721225768 674.209820974166
849.531404340683 712.549397048774 480.061993193488 1061.32803047237 794.888365903039 0 834.424879044214 952.784092573577 791.783409121158 1026.85179537284 939.752710276783 556.935984598367 966.995828443356 1097.23900113812 887.754160641886 941.304083116264 784.254853630595 411.745816910682 660.481625925259 1014.46753110245 755.238961140087 1054.44279789087 485.744844898687 614.977107544714 1019.96522423042 686.16818796481 828.727448997584 884.608501304207 945.414415411202 1255.62917638055 1014.27544940274 868.009300193891 1125.99321336804 901.072809908967 979.815977926567 653.874271865971 804.010465193065 980.884045170762 625.243680034843 1012.2416329368 590.92806128486 705.475075769957 973.4815832933 817.810916479385 760.742031195175 532.493207621307 1130.4652705173 881.672905676315 563.725007701121 773.835107449519
944.555204544828 807.573197252919 575.085793397633 1156.35183067651 889.912166107184 834.424879044214 0 1047.80789277772 886.807209325303 1121.87559557699 1034.77651048093 651.959784802511 1062.0196286475 1192.26280134226 982.777960846031 1036.32788332041 879.27865383474 506.769617114827 755.505426129404 1109.4913313066 850.262761344232 1149.46659809501 580.768645102832 710.000907748859 1114.98902443457 781.191988168955 923.751249201729 979.632301508352 1040.43821561535 1350.6529765847 1109.29924960688 963.033100398036 1221.01701357218 996.096610113112 1074.83977813071 748.898072070117 899.03426539721 1075.90784537491 720.267480238988 1107.26543314095 685.951861489005 800.498875974102 1068.50538349745 912.83471668353 855.76583139932 627.517007825452 1225.48907072144 976.69670588046 658.748807905266 868.858907653664
1062.91441807419 925.932410782283 693.445006926997 1274.71104420587 1008.27137963655 952.784092573577 1047.80789277772 0 1005.16642285467 1240.23480910635 1153.13572401029 770.318998331875 1180.37884217686 1310.62201487163 1101.13717437539 1154.68709684977 997.637867364103 625.128830644191 873.864639658767 1227.85054483596 968.621974873595 1267.82581162437 699.127858632195 828.360121278223 1233.34823796393 899.551201698318 1042.11046273109 1097.99151503772 1158.79742914471 1469.01219011406 1227.65846313625 1081.3923139274 1339.37622710155 1114.45582364248 1193.19899166008 867.25728559948 1017.39347892657 1194.26705890427 838.626693768352 1225.62464667031 804.311075018368 918.858089503466 1186.86459702681 1031.19393021289 974.125044928683 745.876221354815 1343.84828425081 1095.05591940982 777.10802143463 987.218121183027
901.913734621772 688.125975987447 377.331749936254 1113.71036075346 692.158122645805 791.783409121158 886.807209325303 1005.16642285467 0 1079.23412565393 837.022467019549 454.205741341133 1019.37815872445 994.508757880884 785.023917384652 838.57383985903 836.637183911684 387.322395849355 636.058204863931 1066.84986138354 807.621291421176 1106.82512817196 538.127175179776 590.553686483387 1072.34755451151 583.437944707576 725.99720574035 936.990831585296 842.684172153968 1308.01150666164 1066.65777968383 920.391630474981 1178.37554364913 953.455140190057 1032.19830820766 706.256602147061 779.587044131737 1033.26637545185 600.820258973516 1064.62396321789 488.197818027626 602.744832512724 870.751340036066 715.080673222151 813.124361476264 429.762964364073 1182.84760079839 934.055235957404 460.994764443887 671.104864192285
1136.98212087346 1000.00011358155 767.512709726263 1348.77874700514 1082.33908243581 1026.85179537284 1121.87559557699 1240.23480910635 1079.23412565393 0 1227.20342680956 844.386701131141 1254.44654497613 1384.68971767089 1175.20487717466 1228.75479964904 1071.70557016337 699.196533443457 947.932342458034 1301.91824763523 1042.68967767286 1341.89351442364 773.195561431462 902.427824077489 1307.41594076319 973.618904497585 1116.17816553036 1172.05921783698 1232.86513194398 1543.07989291333 1301.72616593551 1155.46001672667 1413.44392990081 1188.52352644174 1267.26669445934 941.324988398746 1091.46118172584 1268.33476170354 912.694396567618 1299.69234946958 878.378777817635 992.925792302732 1260.93229982608 1105.26163301216 1048.19274772795 819.943924154082 1417.91598705007 1169.12362220909 851.175724233896 1061.28582398229
1049.8830357774 836.095277143071 525.301051091879 1261.67966190908 840.12742380143 939.752710276783 1034.77651048093 1153.13572401029 837.022467019549 1227.20342680956 0 602.175042496757 1167.34745988007 1142.47805903651 932.993218540277 986.543141014655 984.606485067309 535.29169700498 784.027506019556 1214.81916253916 955.590592576801 1254.79442932758 686.096476335401 738.522987639011 1220.31685566713 731.407245863201 873.966506895975 1084.96013274092 990.653473309593 1455.98080781727 1214.62708083945 1068.36093163061 1326.34484480475 1101.42444134568 1180.16760936328 854.225903302686 927.556345287362 1181.23567660748 748.78956012914 1212.59326437352 636.167119183251 750.714133668348 1018.72064119169 863.049974377776 961.093662631889 577.732265519698 1330.81690195401 1082.02453711303 608.964065599512 819.07416534791
667.06631009898 453.278551464655 142.484325413462 878.862936230663 457.310698123014 556.935984598366 651.959784802511 770.318998331874 454.205741341133 844.386701131141 602.175042496757 0 784.530734201653 759.661333358092 550.17649286186 603.726415336238 601.789759388892 152.474971326563 401.210780341139 832.002436860747 572.773866898384 871.977703649163 303.279750656984 355.706261960595 837.500129988717 348.590520184784 491.149781217558 702.143407062504 607.836747631176 1073.16408213885 831.810355161036 685.544205952189 943.528119126337 718.607715667265 797.350883684864 471.409177624269 544.739619608946 798.418950929059 365.972834450724 829.776538695101 253.350393504834 367.897407989932 635.903915513275 480.233248699359 578.276936953472 194.915539841281 948.000176275594 699.207811434612 226.147339921095 436.257439669493
1077.12615394397 940.144146652061 707.656742796775 1288.92278007565 1022.48311550633 966.995828443356 1062.0196286475 1180.37884217686 1019.37815872445 1254.44654497613 1167.34745988007 784.530734201653 0 1324.8337507414 1115.34891024517 1168.89883271955 1011.84960323388 639.340566513969 888.076375528546 1242.06228070574 982.833710743373 1282.03754749415 713.339594501974 842.571857148001 1247.55997383371 913.762937568097 1056.32219860087 1112.20325090749 1173.00916501449 1483.22392598384 1241.87019900603 1095.60404979718 1353.58796297133 1128.66755951225 1207.41072752985 881.469021469258 1031.60521479635 1208.47879477405 852.83842963813 1239.83638254009 818.522810888147 933.069825373244 1201.07633289659 1045.40566608267 988.336780798462 760.087957224594 1358.06002012058 1109.2676552796 791.319757304408 1001.42985705281
1207.36932663873 993.581568004406 682.787341953214 1419.16595277042 997.613714662765 1097.23900113812 1192.26280134226 1310.62201487163 994.508757880884 1384.68971767089 1142.47805903651 759.661333358092 1324.8337507414 0 1090.47950940161 1144.02943187599 1142.09277592864 692.777987866314 941.513796880891 1372.3054534005 1113.07688343814 1412.28072018892 843.582767196736 896.009278500346 1377.80314652847 888.893536724535 1031.45279775731 1242.44642360226 1148.13976417093 1613.4670986786 1372.11337170079 1225.84722249194 1483.83113566609 1258.91073220702 1337.65390022462 1011.71219416402 1085.0426361487 1338.72196746881 906.275850990475 1370.07955523485 793.653410044585 908.200424529683 1176.20693205303 1020.53626523911 1118.57995349322 735.218556381033 1488.30319281535 1239.51082797436 766.450356460847 976.560456209245
997.884486142499 784.096727508174 473.302501456982 1209.68111227418 788.128874166533 887.754160641886 982.777960846031 1101.13717437539 785.023917384652 1175.20487717466 932.993218540277 550.17649286186 1115.34891024517 1090.47950940161 0 934.544591379757 932.607935432412 483.293147370082 732.028956384659 1162.82061290427 903.592042941903 1202.79587969268 634.097926700504 686.524438004114 1168.31830603224 679.408696228303 821.967957261077 1032.96158310602 938.654923674695 1403.98225818237 1162.62853120456 1016.36238199571 1274.34629516986 1049.42589171078 1128.16905972838 802.227353667788 875.557795652465 1129.23712697258 696.791010494243 1160.59471473862 584.168569548353 698.715584033451 966.722091556794 811.051424742879 909.095112996992 525.7337158848 1278.81835231911 1030.02598747813 556.965515964614 767.075615713012
1051.43440861688 837.646649982552 526.85242393136 1263.23103474856 841.678796640911 941.304083116264 1036.32788332041 1154.68709684977 838.57383985903 1228.75479964904 986.543141014655 603.726415336238 1168.89883271955 1144.02943187599 934.544591379757 0 986.15785790679 536.84306984446 785.578878859037 1216.37053537865 957.141965416281 1256.34580216706 687.647849174882 740.074360478492 1221.86822850661 732.958618702681 875.517879735455 1086.5115055804 992.204846149073 1457.53218065675 1216.17845367893 1069.91230447009 1327.89621764423 1102.97581418516 1181.71898220276 855.777276142166 929.107718126843 1182.78704944696 750.340932968621 1214.144637213 637.718492022731 752.265506507829 1020.27201403117 864.601347217257 962.64503547137 579.283638359178 1332.36827479349 1083.57590995251 610.515438438993 820.62553818739
894.385179131208 757.4031718393 524.915767984014 1106.18180526289 839.742140693565 784.254853630595 879.27865383474 997.637867364103 836.637183911684 1071.70557016337 984.606485067309 601.789759388892 1011.84960323388 1142.09277592864 932.607935432412 986.15785790679 0 456.599591701208 705.335400715785 1059.32130589298 800.092735930612 1099.29657268139 530.598619689213 659.83088233524 1064.81899902095 731.021962755336 873.581223788109 929.462276094733 990.268190201728 1300.48295117108 1059.12922419326 912.863074984417 1170.84698815857 945.926584699493 1024.66975271709 698.728046656497 848.864239983591 1025.73781996129 670.097454825369 1057.09540772733 635.781836075385 750.328850560483 1018.33535808383 862.664691269911 805.595805985701 577.346982411833 1175.31904530782 926.526680466841 608.578782491647 818.688882240045
521.876142411296 307.513441778935 75.6009799216846 733.672768542979 390.427352631236 411.745816910682 506.769617114827 625.128830644191 387.322395849355 699.196533443457 535.29169700498 152.474971326563 639.340566513969 692.777987866314 483.293147370082 536.84306984446 456.599591701208 0 255.44567065542 686.812269173063 427.5836992107 726.787535961479 158.0895829693 209.941152274875 692.309962301033 281.707174693006 424.26643572578 556.95323937482 540.953402139398 927.973914451164 686.620187473352 540.354038264505 798.337951438653 573.417547979581 652.16071599718 326.219009936585 398.974509923226 653.228783241375 220.207724765004 684.586371007417 186.467048013056 301.014062498154 569.020570021497 413.349903207582 433.086769265788 128.032194349503 802.81000858791 554.017643746928 159.263994429317 369.374094177715
770.611951425873 556.249250793511 324.336788936261 982.408577557556 639.163161645812 660.481625925259 755.505426129404 873.864639658767 636.058204863931 947.932342458034 784.027506019556 401.21078034114 888.076375528546 941.513796880891 732.028956384659 785.578878859037 705.335400715785 255.44567065542 0 935.54807818764 676.319508225277 975.523344976056 406.825391983877 458.676961289451 941.04577131561 530.442983707583 673.002244740357 805.689048389397 789.689211153975 1176.70972346574 935.355996487928 789.089847279081 1047.07376045323 822.153356994157 900.896525011757 574.954818951162 647.710318937802 901.964592255952 468.94353377958 933.322180021994 435.202857027633 549.749871512731 817.756379036073 662.085712222158 681.822578280365 376.76800336408 1051.54581760249 802.753452761505 407.999803443894 618.109903192292
1124.59785660306 987.615849311155 755.12844545587 1336.39448273475 1069.95481816542 1014.46753110245 1109.4913313066 1227.85054483596 1066.84986138354 1301.91824763523 1214.81916253916 832.002436860748 1242.06228070574 1372.3054534005 1162.82061290427 1216.37053537865 1059.32130589298 686.812269173064 935.54807818764 0 1030.30541340247 1329.50925015325 760.811297161068 890.043559807095 1295.0316764928 961.234640227191 1103.79390125996 1159.67495356659 1220.48086767358 1530.69562864293 1289.34190166512 1143.07575245627 1401.05966563042 1176.13926217135 1254.88243018895 928.940724128353 1079.07691745545 1255.95049743314 900.310132297224 1287.30808519918 865.994513547241 980.541528032339 1248.54803555568 1092.87736874177 1035.80848345756 807.559659883688 1405.53172277968 1156.7393579387 838.791459963502 1048.9015597119
865.3692866407 728.387279348792 495.899875493506 1077.16591277238 810.726248203057 755.238961140087 850.262761344232 968.621974873595 807.621291421176 1042.68967767286 955.590592576801 572.773866898384 982.833710743373 1113.07688343814 903.592042941903 957.141965416281 800.092735930612 427.5836992107 676.319508225277 1030.30541340247 0 1070.28068019088 501.582727198704 630.814989844732 1035.80310653044 702.006070264827 844.565331297601 900.446383604224 961.25229771122 1271.46705868057 1030.11333170276 883.847182493909 1141.83109566806 916.910692208985 995.653860226584 669.712154165989 819.848347493083 996.72192747078 641.081562334861 1028.07951523682 606.765943584877 721.312958069975 989.319465593318 833.648798779403 776.579913495193 548.331089921325 1146.30315281731 897.510787976332 579.562890001139 789.672989749537
1164.57312339148 1027.59111609957 795.103712244286 1376.36974952316 1109.93008495384 1054.44279789087 1149.46659809501 1267.82581162437 1106.82512817196 1341.89351442364 1254.79442932758 871.977703649164 1282.03754749415 1412.28072018892 1202.79587969268 1256.34580216706 1099.29657268139 726.78753596148 975.523344976056 1329.50925015325 1070.28068019088 0 800.786563949484 930.018826595511 1335.00694328122 1001.20990701561 1143.76916804838 1199.650220355 1260.456134462 1570.67089543135 1329.31716845354 1183.05101924469 1441.03493241884 1216.11452895976 1294.85769697736 968.915990916769 1119.05218424386 1295.92576422156 940.28539908564 1327.2833519876 905.969780335657 1020.51679482075 1288.5233023441 1132.85263553018 1075.78375024597 847.534926672104 1445.50698956809 1196.71462472711 878.766726751918 1088.87682650032
595.875170399301 458.893163107392 226.405759252106 807.671796530984 541.232131961657 485.744844898687 580.768645102832 699.127858632195 538.127175179776 773.195561431462 686.096476335401 303.279750656984 713.339594501974 843.582767196736 634.097926700503 687.647849174881 530.598619689213 158.0895829693 406.825391983877 760.811297161068 501.582727198704 800.786563949484 0 361.320873603332 766.308990289038 432.511954023427 575.071215056201 630.952267362825 691.758181469819 1001.97294243917 760.619215461356 614.353066252509 872.336979426658 647.416575967585 726.159743985184 400.218037924589 550.354231251683 727.22781122938 371.587446093461 758.585398995421 337.271827343477 451.818841828575 719.825349351918 564.154682538003 507.085797253793 278.836973679924 876.809036575915 628.016671734933 310.068773759739 520.178873508136
725.107433045328 510.744732412967 278.832270555716 936.904059177011 593.658643265268 614.977107544714 710.000907748859 828.360121278222 590.553686483386 902.427824077489 738.522987639011 355.706261960595 842.571857148001 896.009278500346 686.524438004114 740.074360478492 659.830882335239 209.941152274875 458.676961289451 890.043559807095 630.814989844731 930.018826595511 361.320873603332 0 895.541252935065 484.938465327038 627.497726359812 760.184530008852 744.18469277343 1131.2052050852 889.851478107383 743.585328898536 1001.56924207268 776.648838613612 855.392006631211 529.450300570616 602.205800557257 856.460073875407 423.439015399035 887.817661641448 389.698338647088 504.245353132186 772.251860655529 616.581193841613 636.31805989982 331.263484983535 1006.04129922194 757.24893438096 362.495285063349 572.605384811747
1130.09554973103 993.113542439125 760.626138583839 1341.89217586272 1075.45251129339 1019.96522423042 1114.98902443457 1233.34823796393 1072.34755451151 1307.41594076319 1220.31685566713 837.500129988718 1247.55997383371 1377.80314652847 1168.31830603224 1221.86822850661 1064.81899902095 692.309962301033 941.04577131561 1295.0316764928 1035.80310653044 1335.00694328122 766.308990289038 895.541252935065 0 966.732333355161 1109.29159438793 1165.17264669456 1225.97856080155 1536.1933217709 1294.83959479309 1148.57344558424 1406.55735875839 1181.63695529932 1260.38012331692 934.438417256323 1084.57461058342 1261.44819056111 905.807825425194 1292.80577832715 871.492206675211 986.039221160309 1254.04572868365 1098.37506186974 1041.30617658553 813.057353011658 1411.02941590765 1162.23705106667 844.289153091472 1054.39925283987
796.298513465424 582.510754831098 271.716528779906 1008.09513959711 586.542901489457 686.16818796481 781.191988168955 899.551201698318 583.437944707576 973.618904497585 731.407245863201 348.590520184784 913.762937568097 888.893536724535 679.408696228303 732.958618702681 731.021962755336 281.707174693006 530.442983707583 961.234640227191 702.006070264827 1001.20990701561 432.511954023428 484.938465327038 966.732333355161 0 620.381984584001 831.375610428948 737.068950997619 1202.39628550529 961.042558527479 814.776409318632 1072.76032249278 847.839919033708 926.583087051307 600.641380990712 673.971822975389 927.651154295503 495.205037817167 959.008742061544 382.582596871277 497.129611356375 765.136118879718 609.465452065803 707.509140319916 324.147743207724 1077.23237964204 828.440014801056 355.379543287539 565.489643035936
938.857774498197 725.070015863872 414.27578981268 1150.65440062988 729.102162522231 828.727448997584 923.751249201729 1042.11046273109 725.99720574035 1116.17816553036 873.966506895975 491.149781217558 1056.32219860087 1031.45279775731 821.967957261077 875.517879735455 873.581223788109 424.26643572578 673.002244740357 1103.79390125996 844.565331297601 1143.76916804838 575.071215056202 627.497726359812 1109.29159438793 620.381984584001 0 973.934871461722 879.628212030393 1344.95554653807 1103.60181956025 957.335670351406 1215.31958352555 990.399180066482 1069.14234808408 743.200642023486 816.531084008163 1070.21041532828 637.764298849941 1101.56800309432 525.141857904051 639.688872389149 907.695379912492 752.024713098577 850.06840135269 466.707004240498 1219.79164067481 970.99927583383 497.938804320312 708.04890406871
994.738826804821 857.756819512912 625.269415657626 1206.5354529365 940.095788367177 884.608501304207 979.632301508352 1097.99151503772 936.990831585296 1172.05921783698 1084.96013274092 702.143407062504 1112.20325090749 1242.44642360226 1032.96158310602 1086.5115055804 929.462276094733 556.95323937482 805.689048389397 1159.67495356659 900.446383604224 1199.650220355 630.952267362825 760.184530008852 1165.17264669456 831.375610428948 973.934871461722 0 1090.62183787534 1400.83659884469 1159.48287186688 1013.21672265803 1271.20063583218 1046.28023237311 1125.0234003907 799.081694330109 949.217887657203 1126.0914676349 770.451102498981 1157.44905540094 736.135483748998 850.682498234095 1118.68900575744 963.018338943523 905.949453659313 677.700630085445 1275.67269298143 1026.88032814045 708.932430165259 919.042529913657
1055.54474091182 841.75698227749 530.962756226298 1267.3413670435 845.789128935849 945.414415411202 1040.43821561535 1158.79742914471 842.684172153968 1232.86513194398 990.653473309593 607.836747631176 1173.00916501449 1148.13976417093 938.654923674695 992.204846149073 990.268190201728 540.953402139398 789.689211153975 1220.48086767358 961.25229771122 1260.456134462 691.75818146982 744.18469277343 1225.97856080155 737.068950997619 879.628212030393 1090.62183787534 0 1461.64251295168 1220.28878597387 1074.02263676502 1332.00654993917 1107.0861464801 1185.8293144977 859.887608437105 933.218050421781 1186.8973817419 754.451265263559 1218.25496950794 641.828824317669 756.375838802767 1024.38234632611 868.711679512195 966.755367766308 583.393970654117 1336.47860708843 1087.68624224745 614.625770733931 824.735870482329
1365.75950188116 1228.77749458926 996.29009073397 1577.55612801285 1311.11646344352 1255.62917638055 1350.6529765847 1469.01219011406 1308.01150666164 1543.07989291333 1455.98080781727 1073.16408213885 1483.22392598384 1613.4670986786 1403.98225818237 1457.53218065675 1300.48295117108 927.973914451165 1176.70972346574 1530.69562864293 1271.46705868057 1570.67089543135 1001.97294243917 1131.2052050852 1536.1933217709 1202.39628550529 1344.95554653807 1400.83659884469 1461.64251295168 0 1530.50354694322 1384.23739773437 1642.22131090852 1417.30090744945 1496.04407546705 1170.10236940645 1320.23856273355 1497.11214271124 1141.47177757533 1528.46973047729 1107.15615882534 1221.70317331044 1489.70968083378 1334.03901401987 1276.97012873566 1048.72130516179 1646.69336805778 1397.9010032168 1079.9531052416 1290.06320499
1124.40577490335 987.423767611444 754.936363756158 1336.20240103504 1069.76273646571 1014.27544940274 1109.29924960688 1227.65846313625 1066.65777968383 1301.72616593551 1214.62708083945 831.810355161036 1241.87019900603 1372.11337170079 1162.62853120456 1216.17845367893 1059.12922419326 686.620187473352 935.355996487928 1289.34190166512 1030.11333170276 1329.31716845354 760.619215461356 889.851478107384 1294.83959479309 961.042558527479 1103.60181956025 1159.48287186688 1220.28878597387 1530.50354694322 0 1142.88367075656 1400.86758393071 1175.94718047164 1254.69034848924 928.748642428641 1078.88483575573 1255.75841573343 900.118050597513 1287.11600349947 865.802431847529 980.349446332627 1248.35595385597 1092.68528704205 1035.61640175784 807.367578183976 1405.33964107997 1156.54727623898 838.599378263791 1048.70947801219
978.139625694505 841.157618402597 608.670214547311 1189.93625182619 923.496587256862 868.009300193891 963.033100398036 1081.3923139274 920.391630474981 1155.46001672667 1068.36093163061 685.544205952189 1095.60404979718 1225.84722249194 1016.36238199571 1069.91230447009 912.863074984417 540.354038264505 789.089847279081 1143.07575245627 883.847182493909 1183.05101924469 614.353066252509 743.585328898537 1148.57344558424 814.776409318632 957.335670351406 1013.21672265803 1074.02263676502 1384.23739773437 1142.88367075656 0 1254.60143472186 1029.68103126279 1108.42419928039 782.482493219794 932.618686546887 1109.49226652458 753.851901388666 1140.84985429063 719.536282638682 834.08329712378 1102.08980464712 946.419137833208 889.350252548998 661.101428975129 1259.07349187112 1010.28112703014 692.333229054944 902.443328803341
1236.12353886865 1099.14153157674 866.654127721459 1447.92016500034 1181.48050043101 1125.99321336804 1221.01701357218 1339.37622710155 1178.37554364913 1413.44392990081 1326.34484480475 943.528119126337 1353.58796297133 1483.83113566609 1274.34629516986 1327.89621764423 1170.84698815857 798.337951438653 1047.07376045323 1401.05966563042 1141.83109566806 1441.03493241884 872.336979426658 1001.56924207269 1406.55735875839 1072.76032249278 1215.31958352555 1271.20063583218 1332.00654993917 1642.22131090852 1400.86758393071 1254.60143472186 0 1287.66494443694 1366.40811245454 1040.46640639394 1190.60259972104 1367.47617969873 1011.83581456281 1398.83376746477 977.520195812831 1092.06721029793 1360.07371782127 1204.40305100736 1147.33416572315 919.085342149278 1517.05740504527 1268.26504020429 950.317142229092 1160.42724197749
1011.20313540958 874.221128117673 641.733724262387 1222.99976154126 956.560096971938 901.072809908967 996.096610113112 1114.45582364248 953.455140190057 1188.52352644174 1101.42444134568 718.607715667265 1128.66755951225 1258.91073220702 1049.42589171078 1102.97581418516 945.926584699493 573.417547979581 822.153356994157 1176.13926217135 916.910692208985 1216.11452895976 647.416575967585 776.648838613613 1181.63695529932 847.839919033708 990.399180066482 1046.28023237311 1107.0861464801 1417.30090744945 1175.94718047164 1029.68103126279 1287.66494443694 0 1141.48770899547 815.54600293487 965.682196261964 1142.55577623966 786.915411103742 1173.9133640057 752.599792353758 867.146806838856 1135.1533143622 979.482647548284 922.413762264074 694.164938690205 1292.1370015862 1043.34463674521 725.39673877002 935.506838518417
1089.94630342718 952.964296135272 720.476892279986 1301.74292955886 1035.30326498954 979.815977926567 1074.83977813071 1193.19899166008 1032.19830820766 1267.26669445934 1180.16760936328 797.350883684864 1207.41072752985 1337.65390022462 1128.16905972838 1181.71898220276 1024.66975271709 652.16071599718 900.896525011757 1254.88243018895 995.653860226584 1294.85769697736 726.159743985184 855.392006631212 1260.38012331692 926.583087051307 1069.14234808408 1125.0234003907 1185.8293144977 1496.04407546705 1254.69034848924 1108.42419928039 1366.40811245454 1141.48770899547 0 894.289170952469 1044.42536427956 1221.29894425726 865.658579121341 1252.6565320233 831.342960371357 945.889974856455 1213.8964823798 1058.22581556588 1001.15693028167 772.908106707805 1370.88016960379 1122.08780476281 804.139906787619 1014.25000653602
764.004597366585 627.022590074677 394.535186219391 975.801223498269 709.361558928942 653.874271865971 748.898072070117 867.25728559948 706.256602147061 941.324988398746 854.225903302686 471.409177624269 881.469021469258 1011.71219416402 802.227353667788 855.777276142166 698.728046656497 326.219009936585 574.954818951162 928.940724128353 669.712154165989 968.915990916769 400.218037924589 529.450300570617 934.438417256323 600.641380990712 743.200642023486 799.081694330109 859.887608437105 1170.10236940645 928.748642428641 782.482493219794 1040.46640639394 815.54600293487 894.289170952469 0 718.483658218968 895.357238196665 539.716873060746 926.714825962706 505.401254310762 619.94826879586 887.954776319203 732.284109505288 675.215224221078 446.966400647209 1044.9384635432 796.146098702217 478.198200727024 688.308300475421
914.140790693679 699.778090061317 467.865628204067 1125.93741682536 782.692000913618 804.010465193065 899.03426539721 1017.39347892657 779.587044131737 1091.46118172584 927.556345287362 544.739619608946 1031.60521479635 1085.0426361487 875.557795652465 929.107718126843 848.864239983591 398.974509923226 647.710318937802 1079.07691745545 819.848347493083 1119.05218424386 550.354231251683 602.205800557257 1084.57461058342 673.971822975389 816.531084008163 949.217887657203 933.218050421781 1320.23856273355 1078.88483575573 932.618686546888 1190.60259972104 965.682196261964 1044.42536427956 718.483658218968 0 1045.49343152376 612.472373047386 1076.8510192898 578.731696295439 693.278710780537 961.285218303879 805.614551489964 825.351417548171 520.296842631886 1195.07465687029 946.282292029311 551.5286427117 761.638742460098
1091.01437067138 954.032363379467 721.544959524181 1302.81099680306 1036.37133223373 980.884045170762 1075.90784537491 1194.26705890427 1033.26637545185 1268.33476170354 1181.23567660748 798.41895092906 1208.47879477405 1338.72196746881 1129.23712697258 1182.78704944696 1025.73781996129 653.228783241375 901.964592255952 1255.95049743314 996.72192747078 1295.92576422156 727.22781122938 856.460073875407 1261.44819056111 927.651154295503 1070.21041532828 1126.0914676349 1186.8973817419 1497.11214271124 1255.75841573343 1109.49226652458 1367.47617969873 1142.55577623966 1221.29894425726 895.357238196665 1045.49343152376 0 866.726646365536 1253.7245992675 832.411027615553 946.958042100651 1214.96454962399 1059.29388281008 1002.22499752587 773.976173952 1371.94823684799 1123.15587200701 805.207974031814 1015.31807378021
735.374005535456 521.011304903095 289.098843045845 947.17063166714 603.925215755396 625.243680034843 720.267480238988 838.626693768351 600.820258973515 912.694396567618 748.78956012914 365.972834450724 852.83842963813 906.275850990475 696.791010494243 750.340932968621 670.097454825368 220.207724765004 468.94353377958 900.310132297224 641.08156233486 940.28539908564 371.587446093461 423.439015399035 905.807825425194 495.205037817167 637.764298849941 770.451102498981 754.451265263559 1141.47177757532 900.118050597512 753.851901388665 1011.83581456281 786.915411103741 865.65857912134 539.716873060745 612.472373047386 866.726646365536 0 898.084234131577 399.964911137217 514.511925622314 782.518433145657 626.847766331742 646.584632389949 341.530057473664 1016.30787171207 767.515506871089 372.761857553478 582.871957301876
1122.37195843742 985.389951145509 752.902547290223 1334.1685845691 1067.72891999977 1012.2416329368 1107.26543314095 1225.62464667031 1064.62396321789 1299.69234946958 1212.59326437352 829.776538695101 1239.83638254009 1370.07955523485 1160.59471473862 1214.144637213 1057.09540772733 684.586371007417 933.322180021994 1287.30808519918 1028.07951523682 1327.2833519876 758.585398995421 887.817661641449 1292.80577832715 959.008742061544 1101.56800309432 1157.44905540094 1218.25496950794 1528.46973047729 1287.11600349947 1140.84985429063 1398.83376746477 1173.9133640057 1252.6565320233 926.714825962706 1076.8510192898 1253.7245992675 898.084234131578 0 863.768615381594 978.315629866692 1246.32213739004 1090.65147057612 1033.58258529191 805.333761718042 1403.30582461403 1154.51345977305 836.565561797856 1046.67566154625
701.058386785473 487.270628151148 176.476402099956 912.855012917156 491.302774809507 590.928061284859 685.951861489004 804.311075018368 488.197818027626 878.378777817634 636.167119183251 253.350393504834 818.522810888146 793.653410044585 584.168569548353 637.718492022731 635.781836075385 186.467048013056 435.202857027633 865.99451354724 606.765943584877 905.969780335656 337.271827343477 389.698338647088 871.49220667521 382.582596871277 525.141857904051 736.135483748997 641.828824317669 1107.15615882534 865.802431847529 719.536282638682 977.52019581283 752.599792353758 831.342960371357 505.401254310762 578.731696295439 832.411027615552 399.964911137217 863.768615381594 0 401.889484676425 669.895992199768 514.225325385853 612.269013639965 228.907616527774 981.992252962087 733.199888121105 260.139416607588 470.249516355986
815.605401270571 601.817642636246 291.023416585053 1027.40202740225 605.849789294605 705.475075769957 800.498875974102 918.858089503466 602.744832512724 992.925792302732 750.714133668348 367.897407989932 933.069825373244 908.200424529683 698.715584033451 752.265506507829 750.328850560483 301.014062498154 549.749871512731 980.541528032339 721.312958069975 1020.51679482075 451.818841828575 504.245353132186 986.039221160309 497.129611356375 639.688872389149 850.682498234095 756.375838802767 1221.70317331044 980.349446332627 834.08329712378 1092.06721029793 867.146806838856 945.889974856455 619.94826879586 693.278710780537 946.958042100651 514.511925622315 978.315629866692 401.889484676425 0 784.443006684866 628.77233987095 726.816028125064 343.454631012872 1096.53926744719 847.746902606203 374.686431092686 584.796530841084
1083.61190879391 869.824150159588 559.029924108396 1295.4085349256 873.856296817947 973.4815832933 1068.50538349745 1186.86459702681 870.751340036066 1260.93229982608 1018.72064119169 635.903915513275 1201.07633289659 1176.20693205303 966.722091556794 1020.27201403117 1018.33535808383 569.020570021497 817.756379036073 1248.54803555568 989.319465593318 1288.5233023441 719.825349351918 772.251860655529 1254.04572868365 765.136118879718 907.695379912492 1118.68900575744 1024.38234632611 1489.70968083378 1248.35595385597 1102.08980464712 1360.07371782127 1135.1533143622 1213.8964823798 887.954776319203 961.285218303879 1214.96454962399 782.518433145657 1246.32213739004 669.895992199768 784.443006684866 0 896.778847394293 994.822535648407 611.461138536215 1364.54577497053 1115.75341012955 642.692938616029 852.803038364427
927.941241979999 714.153483345674 403.359257294481 1139.73786811168 718.185630004032 817.810916479385 912.83471668353 1031.19393021289 715.080673222151 1105.26163301216 863.049974377776 480.233248699359 1045.40566608267 1020.53626523911 811.051424742879 864.601347217257 862.664691269911 413.349903207582 662.085712222158 1092.87736874177 833.648798779403 1132.85263553018 564.154682538003 616.581193841614 1098.37506186974 609.465452065803 752.024713098577 963.018338943523 868.711679512195 1334.03901401987 1092.68528704205 946.419137833208 1204.40305100736 979.482647548284 1058.22581556588 732.284109505288 805.614551489964 1059.29388281008 626.847766331742 1090.65147057612 514.225325385853 628.77233987095 896.778847394293 0 839.151868834491 455.7904717223 1208.87510815661 960.082743315631 487.022271802114 697.132371550512
870.872356695789 733.89034940388 501.402945548594 1082.66898282747 816.229318258145 760.742031195175 855.76583139932 974.125044928683 813.124361476264 1048.19274772795 961.093662631889 578.276936953473 988.336780798462 1118.57995349322 909.095112996992 962.64503547137 805.595805985701 433.086769265788 681.822578280365 1035.80848345756 776.579913495193 1075.78375024597 507.085797253793 636.31805989982 1041.30617658553 707.509140319916 850.06840135269 905.949453659313 966.755367766308 1276.97012873566 1035.61640175784 889.350252548998 1147.33416572315 922.413762264074 1001.15693028167 675.215224221078 825.351417548171 1002.22499752587 646.584632389949 1033.58258529191 612.269013639966 726.816028125064 994.822535648407 839.151868834491 0 553.834159976413 1151.8062228724 903.013858031421 585.065960056227 795.176059804625
642.62353312192 428.835774487595 118.041548436403 854.420159253604 432.867921145954 532.493207621306 627.517007825451 745.876221354815 429.762964364073 819.943924154081 577.732265519698 194.915539841281 760.087957224593 735.218556381033 525.7337158848 579.283638359178 577.346982411832 128.032194349503 376.76800336408 807.559659883688 548.331089921324 847.534926672104 278.836973679924 331.263484983535 813.057353011658 324.147743207724 466.707004240498 677.700630085444 583.393970654117 1048.72130516179 807.367578183976 661.101428975129 919.085342149277 694.164938690205 772.908106707804 446.966400647209 520.296842631886 773.976173951999 341.530057473664 805.333761718041 228.907616527774 343.454631012872 611.461138536215 455.7904717223 553.834159976412 0 923.557399298534 674.765034457552 201.704562944036 411.814662692434
1240.59559601791 1103.613588726 871.126184870716 1452.39222214959 1185.95255758027 1130.4652705173 1225.48907072144 1343.84828425081 1182.84760079839 1417.91598705007 1330.81690195401 948.000176275594 1358.06002012058 1488.30319281535 1278.81835231911 1332.36827479349 1175.31904530782 802.81000858791 1051.54581760249 1405.53172277968 1146.30315281731 1445.50698956809 876.809036575915 1006.04129922194 1411.02941590765 1077.23237964204 1219.79164067481 1275.67269298143 1336.47860708843 1646.69336805778 1405.33964107997 1259.07349187112 1517.05740504527 1292.1370015862 1370.88016960379 1044.9384635432 1195.07465687029 1371.94823684799 1016.30787171207 1403.30582461403 981.992252962087 1096.53926744719 1364.54577497053 1208.87510815661 1151.8062228724 923.557399298535 0 1272.73709735354 954.789199378349 1164.89929912675
991.803231176929 854.82122388502 622.333820029734 1203.59985730861 937.160192739285 881.672905676315 976.69670588046 1095.05591940982 934.055235957404 1169.12362220909 1082.02453711303 699.207811434612 1109.2676552796 1239.51082797436 1030.02598747813 1083.57590995251 926.526680466841 554.017643746928 802.753452761505 1156.7393579387 897.510787976332 1196.71462472711 628.016671734933 757.24893438096 1162.23705106667 828.440014801056 970.99927583383 1026.88032814045 1087.68624224745 1397.9010032168 1156.54727623898 1010.28112703014 1268.26504020429 1043.34463674521 1122.08780476281 796.146098702217 946.282292029311 1123.15587200701 767.515506871089 1154.51345977305 733.199888121106 847.746902606203 1115.75341012955 960.082743315631 903.013858031421 674.765034457553 1272.73709735354 0 705.996834537367 916.106934285765
