0 932.104002975405 720.636603208712 1046.92671013043 1047.20883633282 963.457226438014 910.790816044678 963.477669228372 971.726454230184 1012.42650602616 1180.25681899647 805.573216284378 954.274669315421 1006.11585075471 826.584127224756 877.00739871982 784.504820492978 575.499788673106 824.235597687683 1016.90852953885 744.735243737906 1039.80217642648 515.574076472088 836.202383593228 1009.30282101493 617.911957518704 1069.51670187281 889.377211519047 856.873206214168 1262.33879784085 1006.02156277268 864.663390553626 1111.3321083121 1125.12895750691 1203.87212552451 682.914448351996 967.76443695549 966.24398104694 788.99765179727 1023.83623436786 837.295867679819 945.925753013684 907.137357381215 728.533525351394 774.667491463565 711.739128810448 1140.00038937664 905.781179795648 816.95483594433 1014.44352962667
932.104002975405 0 403.78133106623 1143.70369078195 730.353564190334 764.422829008667 956.057652746224 1060.2546498799 642.237109962155 1109.20348667768 863.401546853989 488.717944141896 1051.05164996695 1102.89283140624 923.361107876283 973.784379371348 881.281801144505 376.465391243759 625.201200258336 1113.68551019038 841.512224389433 1136.57915707801 612.351057123615 506.713039325198 1106.07980166646 714.688938170232 752.661429730329 986.154192170574 953.650186865695 1359.11577849238 1102.79854342421 961.440371205154 1208.10908896363 926.094560077566 1004.83772809517 779.691429003524 768.730039526143 1063.02096169847 589.963254367923 1120.61321501939 520.440595537337 629.070480871202 1003.91433803274 825.310506002921 871.444472115093 382.249784542418 1236.77737002817 1002.55816044718 500.099563801848 697.588257484188
720.636603208712 403.78133106623 0 932.236291015261 378.504410572116 552.955429241974 744.590252979532 848.787250113207 443.40378232101 897.73608691099 473.333173480574 136.868790523678 839.584250200256 891.425431639549 711.893708109591 762.316979604655 669.814401377813 164.997991477067 413.733800491644 902.218110423684 630.044824622741 925.111757311314 400.883657356923 307.879711684053 894.612401899766 503.221538403539 362.593056356913 774.686792403882 742.182787099003 1147.64837872569 891.33114365752 749.972971438462 996.641689196936 714.627160310873 793.370328328473 568.224029236831 557.26263975945 851.553561931775 378.49585460123 909.145815252694 168.591441919119 239.002107497787 792.44693826605 613.843106236229 659.9770723484 183.416456901273 1025.30997026148 791.090760680483 148.25041018363 307.519884110773
1046.92671013043 1143.70369078195 932.236291015261 0 1258.80852413936 1175.05691424456 1122.39050385123 1175.07735703492 1183.32614203673 1224.0261938327 1391.85650680302 1017.17290409093 1165.87435712197 1217.71553856126 1038.1838150313 1088.60708652637 996.104508299527 787.099476479655 1035.83528549423 1228.5082173454 956.334931544455 1251.40186423303 727.173764278637 1047.80207139978 1220.90250882148 829.511645325253 1281.11638967936 1100.9768993256 1068.47289402072 1473.9384856474 1217.62125057923 1076.26307836018 1322.93179611865 1336.72864531346 1415.47181333106 894.514136158545 1179.36412476204 1177.84366885349 1000.59733960382 1235.43592217441 1048.89555548637 1157.52544082023 1118.73704518776 940.133213157943 986.267179270114 923.338816616997 1351.60007718319 1117.3808676022 1028.55452375088 1226.04321743322
1047.20883633282 730.353564190334 378.504410572116 1258.80852413937 0 879.527662366078 1071.16248610364 1175.35948323731 769.976015445113 1224.30832003509 838.124626359875 448.930867988588 1166.15648332436 1217.99766476365 1038.46594123369 1088.88921272876 996.386634501916 491.57022460117 740.306033615748 1228.79034354779 956.617057746845 1251.68399043542 727.455890481027 634.451944808157 1221.18463502387 829.793771527643 727.384509236214 1101.25902552799 1068.75502022311 1474.22061184979 1217.90337678162 1076.54520456257 1323.21392232104 1041.19939343498 1119.94256145258 894.796262360935 883.834872883554 1178.12579505588 705.068087725334 1235.7180483768 495.163675043222 603.793560377088 1119.01917139015 940.415339360332 986.549305472504 509.988690025377 1351.88220338558 1117.66299380459 474.822643307733 672.311336990074
963.457226438014 764.422829008667 552.955429241974 1175.05691424456 879.527662366078 0 987.410876208833 1091.60787334251 804.045280263446 1140.55671014029 1012.57564502973 637.89204231764 1082.40487342956 1134.24605486885 954.714331338892 1005.13760283396 912.635024607114 407.818614706368 656.554423720945 1145.03873365299 872.865447852042 1167.93238054061 643.704280586224 668.52120962649 1137.43302512907 746.042161632841 901.835527906073 1017.50741563318 985.003410328304 1390.46900195499 1134.15176688682 992.793594667763 1239.46231242624 901.072809908965 979.815977926564 811.044652466133 800.083262988752 1094.37418516108 621.316477830532 1151.966438482 669.614693713081 778.244579046946 1035.26756149535 856.66372946553 902.797695577702 544.05795484371 1268.13059349078 1033.91138390978 649.273661977592 846.762355659932
910.790816044678 956.057652746224 744.590252979532 1122.39050385123 1071.16248610364 987.410876208833 0 1038.94146294917 995.680104001004 1087.89029974696 1204.21046876729 829.526866055198 1029.73846303622 1081.57964447551 902.047920945556 952.47119244062 859.968614213778 599.453438443926 848.189247458503 1092.37232325965 820.199037458706 1115.26597014728 591.037870192888 860.156033364047 1084.76661473573 693.375751239505 1093.47035164363 964.841005239847 932.336999934968 1337.80259156165 1081.48535649349 940.127184274427 1186.7959020329 1149.08260727773 1227.82577529533 758.378242072797 991.718086726309 1041.70777476774 812.951301568089 1099.30002808866 861.249517450638 969.879402784504 982.601151102015 803.997319072194 850.131285184366 735.692778581267 1215.46418309745 981.244973516448 840.908485715149 1038.39717939749
963.477669228372 1060.2546498799 848.787250113207 1175.07735703492 1175.35948323731 1091.60787334251 1038.94146294917 0 1099.87710113468 1140.57715293065 1308.40746590097 933.723863188873 1082.42531621992 1134.26649765921 954.73477412925 1005.15804562431 912.655467397472 703.650435577601 952.386244592178 1145.05917644334 872.8858906424 1167.95282333097 643.724723376582 964.353030497722 1137.45346791943 746.062604423199 1197.66734877731 1017.52785842354 985.023853118662 1390.48944474535 1134.17220967718 992.814037458121 1239.4827552166 1253.27960441141 1332.02277242901 811.065095256491 1095.91508385998 1094.39462795143 917.148298701765 1151.98688127235 965.446514584313 1074.07639991818 1035.28800428571 856.684172255888 902.81813836806 839.889775714943 1268.15103628114 1033.93182670014 945.105482848825 1142.59417653116
971.726454230184 642.237109962155 443.40378232101 1183.32614203673 769.976015445113 804.045280263446 995.680104001004 1099.87710113468 0 1148.82593793246 903.023998108769 528.340395396675 1090.67410122173 1142.51528266102 962.983559131063 1013.40683062613 920.904252399285 416.087842498538 664.823651513116 1153.30796144516 881.134675644213 1176.20160833279 651.973508378395 546.335490579978 1145.70225292124 754.311389425011 792.283880985108 1025.77664342535 993.272638120475 1398.73822974716 1142.42099467899 1001.06282245993 1247.73154021841 965.717011332345 1044.46017934994 819.313880258303 808.352490780922 1102.64341295325 629.585705622702 1160.23566627417 560.063046792116 668.692932125982 1043.53678928752 864.932957257701 911.066923369872 421.872235797198 1276.39982128295 1042.18061170195 539.722015056627 737.210708738968
1012.42650602616 1109.20348667768 897.73608691099 1224.0261938327 1224.30832003509 1140.55671014029 1087.89029974696 1140.57715293065 1148.82593793246 0 1357.35630269875 982.672699986656 1131.3741530177 1183.21533445699 1003.68361092703 1054.1068824221 961.604304195256 752.599272375384 1001.33508138996 1194.00801324113 921.834727440184 1216.90166012876 692.673560174366 1013.30186729551 1186.40230471721 795.011441220982 1246.61618557509 1066.47669522132 1033.97268991645 1439.43828154313 1183.12104647496 1041.7628742559 1288.43159201438 1302.22844120919 1380.97160922679 860.013932054274 1144.86392065777 1143.34346474922 966.097135499548 1200.93571807014 1014.3953513821 1123.02523671596 1084.23684108349 905.633009053672 951.766975165843 888.838612512726 1317.09987307892 1082.88066349793 994.054319646608 1191.54301332895
1180.25681899647 863.401546853989 473.333173480574 1391.85650680302 838.124626359875 1012.57564502973 1204.21046876729 1308.40746590097 903.023998108769 1357.35630269875 0 596.489006311437 1299.20446598802 1351.04564742731 1171.51392389735 1221.93719539241 1129.43461716557 624.618207264825 873.354016279403 1361.83832621144 1089.6650404105 1384.73197309907 860.503873144682 767.499927471812 1354.23261768752 962.841754191298 822.213272144672 1234.30700819164 1201.80300288676 1607.26859451345 1350.95135944528 1209.59318722622 1456.26190498469 1174.24737609863 1252.99054411623 1027.84424502459 1016.88285554721 1311.17377771953 838.116070388989 1368.76603104045 628.211657706878 698.622323285545 1252.06715405381 1073.46332202399 1119.59728813616 643.036672689032 1484.93018604924 1250.71097646824 607.870625971389 767.140099898532
805.573216284378 488.717944141896 136.868790523678 1017.17290409093 448.930867988588 637.89204231764 829.526866055198 933.723863188873 528.340395396675 982.672699986656 596.489006311437 0 924.520863275922 976.362044715214 796.830321185257 847.253592680321 754.751014453478 249.934604552732 498.67041356731 987.15472349935 714.981437698407 1010.04837038698 485.820270432589 392.816324759719 979.549014975432 588.158151479205 485.748889187776 859.623405479548 827.119400174668 1232.58499180135 976.267756733186 834.909584514127 1081.5783022726 799.563773386539 878.306941404139 653.160642312497 642.199252835116 936.490175007441 463.432467676896 994.082428328359 253.528054994784 362.15794032865 877.383551341715 698.779719311894 744.913685424066 268.353069976939 1110.24658333715 876.027373756149 233.187023259296 430.675716941636
954.274669315421 1051.05164996695 839.584250200256 1165.87435712197 1166.15648332436 1082.40487342956 1029.73846303622 1082.42531621992 1090.67410122173 1131.3741530177 1299.20446598802 924.520863275922 0 1125.06349774626 945.5317742163 995.955045711364 903.452467484522 694.44743566465 943.183244679228 1135.85617653039 863.68289072945 1158.74982341802 634.521723463632 955.150030584772 1128.25046800647 736.859604510248 1188.46434886435 1008.32485851059 975.820853205712 1381.2864448324 1124.96920976423 983.61103754517 1230.27975530364 1244.07660449846 1322.81977251606 801.86209534354 1086.71208394703 1085.19162803848 907.945298788814 1142.7838813594 956.243514671363 1064.87340000523 1026.08500437276 847.481172342938 893.615138455109 830.686775801992 1258.94803636819 1024.72882678719 935.902482935874 1133.39117661821
1006.11585075471 1102.89283140624 891.425431639549 1217.71553856126 1217.99766476365 1134.24605486885 1081.57964447551 1134.26649765921 1142.51528266102 1183.21533445699 1351.04564742731 976.362044715214 1125.06349774626 0 997.372955655592 1047.79622715066 955.293648923814 746.288617103942 995.02442611852 1187.69735796969 915.524072168742 1210.59100485731 686.362904902924 1006.99121202406 1180.09164944577 788.70078594954 1240.30553030365 1060.16603994988 1027.662034645 1433.12762627169 1176.81039120352 1035.45221898446 1282.12093674294 1295.91778593775 1374.66095395535 853.703276782833 1138.55326538633 1137.03280947778 959.786480228106 1194.62506279869 1008.08469611066 1116.71458144452 1077.92618581205 899.32235378223 945.456319894401 882.527957241284 1310.78921780748 1076.57000822648 987.743664375166 1185.23235805751
826.584127224756 923.361107876283 711.893708109591 1038.1838150313 1038.46594123369 954.714331338892 902.047920945556 954.73477412925 962.983559131063 1003.68361092703 1171.51392389735 796.830321185256 945.5317742163 997.372955655592 0 868.264503620699 775.761925393856 566.756893573984 815.492702588562 1008.16563443973 735.992348638785 1031.05928132736 506.831181372966 827.459488494106 1000.55992591581 609.169062419583 1060.77380677369 880.634316419925 848.130311115046 1253.59590274173 997.278667673563 855.920495454505 1102.58921321298 1116.38606240779 1195.12923042539 674.171553252875 959.021541856368 957.501085947818 780.254756698148 1015.09333926874 828.552972580697 937.182857914563 898.394462282093 719.790630252272 765.924596364444 702.996233711326 1131.25749427752 897.038284696526 808.211940845208 1005.70063452755
877.00739871982 973.784379371348 762.316979604655 1088.60708652637 1088.88921272876 1005.13760283396 952.47119244062 1005.15804562431 1013.40683062613 1054.1068824221 1221.93719539241 847.253592680321 995.955045711364 1047.79622715066 868.264503620699 0 826.18519688892 617.180165069049 865.915974083626 1058.58890593479 786.415620133849 1081.48255282242 557.254452868031 877.88275998917 1050.98319741087 659.592333914647 1111.19707826875 931.057587914989 898.55358261011 1304.0191742368 1047.70193916863 906.343766949569 1153.01248470804 1166.80933390286 1245.55250192046 724.594824747939 1009.44481335143 1007.92435744288 830.678028193213 1065.5166107638 878.976244075762 987.606129409627 948.817733777157 770.213901747336 816.347867859508 753.419505206391 1181.68076577259 947.461556191591 858.635212340273 1056.12390602261
784.504820492978 881.281801144505 669.814401377813 996.104508299527 996.386634501916 912.635024607114 859.968614213778 912.655467397472 920.904252399284 961.604304195256 1129.43461716557 754.751014453478 903.452467484522 955.293648923814 775.761925393856 826.18519688892 0 524.677586842206 773.413395856784 966.086327707949 693.913041907006 988.979974595579 464.751874641188 785.380181762328 958.480619184031 567.089755687805 1018.69450004191 838.555009688147 806.051004383268 1211.51659600995 955.199360941785 813.841188722727 1060.5099064812 1074.30675567601 1153.04992369361 632.092246521097 916.94223512459 915.42177921604 738.17544996637 973.014032536959 786.473665848919 895.103551182784 856.315155550315 677.711323520494 723.845289632666 660.916926979548 1089.17818754575 854.958977964748 766.13263411343 963.621327795771
575.499788673106 376.465391243759 164.997991477067 787.099476479655 491.57022460117 407.818614706368 599.453438443926 703.650435577601 416.087842498538 752.599272375384 624.618207264825 249.934604552732 694.44743566465 746.288617103942 566.756893573984 617.180165069049 524.677586842206 0 255.445670655414 757.081295888078 484.908010087134 779.974942775707 255.746842821316 280.563771861582 749.475587364159 358.084723867933 513.878090141165 629.549977868275 597.045972563396 1002.51156419008 746.194329121913 604.836156902855 851.50487466133 569.490345775267 648.233513792866 423.087214701225 398.97450992322 706.416747396168 220.207724765001 764.009000717087 281.657255948173 390.287141282038 647.310123730443 468.706291700622 514.840257812794 156.100517078802 880.173155725874 645.953946144877 261.316224212684 458.804917895025
824.235597687683 625.201200258336 413.733800491644 1035.83528549423 740.306033615748 656.554423720945 848.189247458503 952.386244592178 664.823651513116 1001.33508138996 873.354016279403 498.67041356731 943.183244679227 995.02442611852 815.492702588562 865.915974083626 773.413395856784 255.445670655414 0 1005.81710490266 733.643819101712 1028.71075179028 504.482651835894 529.299580876159 998.211396378737 606.82053288251 762.613899155742 878.285786882853 845.781781577974 1251.24737320466 994.930138136491 853.571965917433 1100.24068367591 818.226154789844 896.969322807444 671.823023715802 647.710318937798 955.152556410746 468.943533779578 1012.74480973166 530.39306496275 639.022950296616 896.045932745021 717.4421007152 763.576066827371 404.836326093379 1128.90896474045 894.689755159454 510.052033227262 707.540726909602
1016.90852953885 1113.68551019038 902.218110423684 1228.5082173454 1228.79034354779 1145.03873365299 1092.37232325965 1145.05917644334 1153.30796144516 1194.00801324113 1361.83832621144 987.15472349935 1135.85617653039 1187.69735796969 1008.16563443973 1058.58890593479 966.086327707949 757.081295888078 1005.81710490266 0 926.316750952878 1221.38368364145 697.155583687059 1017.7838908082 1190.8843282299 799.493464733676 1251.09820908778 1070.95871873402 1038.45471342914 1443.92030505583 1187.60306998766 1046.2448977686 1292.91361552707 1306.71046472188 1385.45363273948 864.495955566968 1149.34594417046 1147.82548826191 970.579159012242 1205.41774158283 1018.87737489479 1127.50726022866 1088.71886459619 910.115032566365 956.248998678537 893.32063602542 1321.58189659162 1087.36268701062 998.536343159302 1196.02503684164
744.735243737906 841.512224389433 630.044824622741 956.334931544455 956.617057746844 872.865447852042 820.199037458706 872.8858906424 881.134675644213 921.834727440184 1089.6650404105 714.981437698407 863.68289072945 915.524072168742 735.992348638785 786.415620133849 693.913041907006 484.908010087134 733.643819101712 926.316750952878 0 949.210397840507 424.982297886116 745.610605007256 918.711042428959 527.320178932733 978.924923286839 798.785432933075 766.281427628196 1171.74701925488 915.429784186714 774.071611967655 1020.74032972613 1034.53717892094 1113.28034693854 592.322669766025 877.172658369518 875.652202460969 698.405873211298 933.244455781887 746.704089093847 855.333974427713 816.545578795243 637.941746765422 684.075712877594 621.147350224476 1049.40861079067 815.189401209677 726.363057358359 923.851751040699
1039.80217642648 1136.57915707801 925.111757311314 1251.40186423303 1251.68399043542 1167.93238054062 1115.26597014728 1167.95282333097 1176.20160833279 1216.90166012876 1384.73197309907 1010.04837038698 1158.74982341802 1210.59100485731 1031.05928132736 1081.48255282242 988.979974595579 779.974942775707 1028.71075179028 1221.38368364145 949.210397840507 0 720.049230574689 1040.67753769583 1213.77797511753 822.387111621306 1273.99185597541 1093.85236562165 1061.34836031677 1466.81395194346 1210.49671687529 1069.13854465623 1315.8072624147 1329.60411160951 1408.34727962711 887.389602454598 1172.23959105809 1170.71913514954 993.472805899871 1228.31138847046 1041.77102178242 1150.40090711629 1111.61251148382 933.008679453995 979.142645566166 916.214282913049 1344.47554347925 1110.25633389825 1021.42999004693 1218.91868372927
515.574076472088 612.351057123615 400.883657356923 727.173764278637 727.455890481026 643.704280586224 591.037870192888 643.724723376582 651.973508378395 692.673560174366 860.503873144682 485.820270432589 634.521723463632 686.362904902924 506.831181372966 557.254452868031 464.751874641188 255.746842821316 504.482651835894 697.155583687059 424.982297886116 720.049230574689 0 516.449437741438 689.549875163141 298.159011666915 749.763756021021 569.624265667257 537.120260362378 942.585851989065 686.268616920895 544.910444701837 791.579162460312 805.376011655123 884.119179672723 363.161502500207 648.0114911037 646.49103519515 469.24470594548 704.083288516069 517.542921828029 626.172807161895 587.384411529425 408.780579499604 454.914545611776 391.986182958658 820.247443524856 586.028233943859 497.201890092541 694.690583774881
836.202383593228 506.713039325198 307.879711684053 1047.80207139978 634.451944808157 668.52120962649 860.156033364047 964.353030497722 546.335490579978 1013.30186729551 767.499927471812 392.816324759719 955.150030584772 1006.99121202406 827.459488494106 877.88275998917 785.380181762328 280.563771861582 529.299580876159 1017.7838908082 745.610605007256 1040.67753769583 516.449437741438 0 1010.17818228428 618.787318788055 656.759810348152 890.252572788397 857.748567483518 1263.2141591102 1006.89692404204 865.538751822977 1112.20746958145 830.192940695388 908.936108712988 683.789809621347 672.828420143966 967.11934231629 494.061634985746 1024.71159563721 424.53897615516 533.168861489025 908.012718650565 729.408886620744 775.542852732916 286.348165160241 1140.875750646 906.656541064998 404.197944419671 601.686638102011
1009.30282101493 1106.07980166646 894.612401899766 1220.90250882148 1221.18463502387 1137.43302512907 1084.76661473573 1137.45346791943 1145.70225292124 1186.40230471721 1354.23261768752 979.549014975432 1128.25046800647 1180.09164944577 1000.55992591581 1050.98319741087 958.480619184031 749.47558736416 998.211396378737 1190.8843282299 918.711042428959 1213.77797511753 689.549875163141 1010.17818228428 0 791.887756209758 1243.49250056386 1063.3530102101 1030.84900490522 1436.31459653191 1179.99736146374 1038.63918924468 1285.30790700315 1299.10475619797 1377.84792421557 856.89024704305 1141.74023564654 1140.21977973799 962.973450488323 1197.81203305891 1011.27166637087 1119.90155170474 1081.11315607227 902.509324042447 948.643290154619 885.714927501501 1313.9761880677 1079.7569784867 990.930634635384 1188.41932831772
617.911957518704 714.688938170232 503.221538403539 829.511645325253 829.793771527643 746.042161632841 693.375751239505 746.062604423199 754.311389425011 795.011441220982 962.841754191298 588.158151479205 736.859604510248 788.70078594954 609.169062419583 659.592333914647 567.089755687805 358.084723867933 606.82053288251 799.493464733676 527.320178932733 822.387111621306 298.159011666915 618.787318788055 791.887756209758 0 852.101637067638 671.962146713874 639.458141408995 1044.92373303568 788.606497967512 647.248325748453 893.917043506928 907.713892701739 986.457060719339 465.499383546823 750.349372150317 748.828916241767 571.582586992097 806.421169562686 619.880802874646 728.510688208511 689.722292576042 511.118460546221 557.252426658392 494.324064005275 922.585324571472 688.366114990475 599.539771139157 797.028464821497
1069.51670187281 752.661429730329 362.593056356913 1281.11638967936 727.384509236214 901.835527906073 1093.47035164363 1197.66734877731 792.283880985108 1246.61618557509 822.213272144672 485.748889187776 1188.46434886435 1240.30553030365 1060.77380677369 1111.19707826875 1018.69450004191 513.878090141165 762.613899155742 1251.09820908778 978.924923286839 1273.99185597541 749.763756021021 656.759810348152 1243.49250056386 852.101637067638 0 1123.56689106798 1091.0628857631 1496.52847738979 1240.21124232162 1098.85307010256 1345.52178786103 1063.50725897497 1142.25042699257 917.10412790093 906.142738423549 1200.43366059587 727.375953265329 1258.02591391679 517.471540583217 587.882206161885 1141.32703693015 962.723204900327 1008.8571710125 532.296555565372 1374.19006892558 1139.97085934458 497.130508847728 656.399982774871
889.377211519047 986.154192170574 774.686792403882 1100.9768993256 1101.25902552799 1017.50741563318 964.841005239847 1017.52785842354 1025.77664342535 1066.47669522132 1234.30700819164 859.623405479548 1008.32485851059 1060.16603994988 880.634316419925 931.057587914989 838.555009688147 629.549977868275 878.285786882853 1070.95871873402 798.785432933075 1093.85236562165 569.624265667257 890.252572788397 1063.3530102101 671.962146713874 1123.56689106798 0 910.923395409337 1316.38898703602 1060.07175196785 918.713579748796 1165.38229750727 1179.17914670208 1257.92231471968 736.964637547166 1021.81462615066 1020.29417024211 843.047840992439 1077.88642356303 891.346056874988 999.975942208854 961.187546576384 782.583714546563 828.717680658735 765.789318005617 1194.05057857181 959.831368990817 871.005025139499 1068.49371882184
856.873206214168 953.650186865695 742.182787099003 1068.47289402072 1068.75502022311 985.003410328304 932.336999934968 985.023853118662 993.272638120475 1033.97268991645 1201.80300288676 827.119400174668 975.820853205712 1027.662034645 848.130311115046 898.55358261011 806.051004383268 597.045972563396 845.781781577974 1038.45471342914 766.281427628196 1061.34836031677 537.120260362378 857.748567483518 1030.84900490522 639.458141408995 1091.0628857631 910.923395409337 0 1283.88498173114 1027.56774666298 886.209574443917 1132.87829220239 1146.6751413972 1225.4183094148 704.460632242287 989.31062084578 987.79016493723 810.54383568756 1045.38241825815 858.842051570109 967.471936903975 928.683541271505 750.079709241684 796.213675353856 733.285312700738 1161.54657326694 927.327363685939 838.50101983462 1035.98971351696
1262.33879784085 1359.11577849238 1147.64837872569 1473.9384856474 1474.22061184979 1390.46900195499 1337.80259156165 1390.48944474535 1398.73822974716 1439.43828154313 1607.26859451345 1232.58499180136 1381.2864448324 1433.12762627169 1253.59590274173 1304.0191742368 1211.51659600995 1002.51156419008 1251.24737320466 1443.92030505583 1171.74701925488 1466.81395194346 942.585851989065 1263.2141591102 1436.31459653191 1044.92373303568 1496.52847738979 1316.38898703602 1283.88498173114 0 1433.03333828966 1291.6751660706 1538.34388382908 1552.14073302389 1630.88390104149 1109.92622386897 1394.77621247247 1393.25575656392 1216.00942731425 1450.84800988484 1264.3076431968 1372.93752853066 1334.14913289819 1155.54530086837 1201.67926698054 1138.75090432742 1567.01216489362 1332.79295531262 1243.96661146131 1441.45530514365
1006.02156277268 1102.79854342421 891.33114365752 1217.62125057923 1217.90337678162 1134.15176688682 1081.48535649349 1134.17220967718 1142.42099467899 1183.12104647496 1350.95135944528 976.267756733186 1124.96920976423 1176.81039120352 997.278667673563 1047.70193916863 955.199360941785 746.194329121914 994.930138136491 1187.60306998766 915.429784186714 1210.49671687529 686.268616920895 1006.89692404204 1179.99736146374 788.606497967512 1240.21124232162 1060.07175196785 1027.56774666298 1433.03333828966 0 1035.35793100243 1282.02664876091 1295.82349795572 1374.56666597332 853.608988800804 1138.4589774043 1136.93852149575 959.692192246078 1194.53077481667 1007.99040812863 1116.62029346249 1077.83189783002 899.228065800201 945.362031912373 882.433669259255 1310.69492982545 1076.47572024446 987.649376393138 1185.13807007548
864.663390553626 961.440371205154 749.972971438462 1076.26307836018 1076.54520456257 992.793594667763 940.127184274427 992.814037458121 1001.06282245993 1041.7628742559 1209.59318722622 834.909584514127 983.61103754517 1035.45221898446 855.920495454505 906.343766949569 813.841188722727 604.836156902855 853.571965917433 1046.2448977686 774.071611967655 1069.13854465623 544.910444701837 865.538751822977 1038.63918924468 647.248325748453 1098.85307010256 918.713579748796 886.209574443917 1291.6751660706 1035.35793100243 0 1140.66847654185 1154.46532573666 1233.20849375426 712.250816581746 997.100805185239 995.580349276689 818.334020027019 1053.17260259761 866.632235909568 975.262121243433 936.473725610964 757.869893581143 804.003859693314 741.075497040197 1169.33675760639 935.117548025397 846.291204174079 1043.77989785642
1111.3321083121 1208.10908896363 996.641689196936 1322.93179611865 1323.21392232104 1239.46231242624 1186.7959020329 1239.4827552166 1247.73154021841 1288.43159201438 1456.26190498469 1081.5783022726 1230.27975530364 1282.12093674294 1102.58921321298 1153.01248470804 1060.5099064812 851.50487466133 1100.24068367591 1292.91361552707 1020.74032972613 1315.8072624147 791.579162460312 1112.20746958145 1285.30790700315 893.917043506928 1345.52178786103 1165.38229750727 1132.87829220239 1538.34388382908 1282.02664876091 1140.66847654185 0 1401.13404349514 1479.87721151274 958.91953434022 1243.76952294371 1242.24906703516 1065.00273778549 1299.84132035608 1113.30095366804 1221.93083900191 1183.14244336944 1004.53861133962 1050.67257745179 987.744214798672 1416.00547536487 1181.78626578387 1092.95992193255 1290.44861561489
1125.12895750691 926.094560077565 714.627160310873 1336.72864531346 1041.19939343498 901.072809908965 1149.08260727773 1253.27960441141 965.717011332345 1302.22844120919 1174.24737609863 799.563773386539 1244.07660449846 1295.91778593775 1116.38606240779 1166.80933390286 1074.30675567601 569.490345775267 818.226154789844 1306.71046472188 1034.53717892094 1329.60411160951 805.376011655123 830.192940695388 1299.10475619797 907.71389270174 1063.50725897497 1179.17914670208 1146.6751413972 1552.14073302389 1295.82349795572 1154.46532573666 1401.13404349514 0 1141.48770899546 972.716383535032 961.75499405765 1256.04591622998 782.988208899431 1313.63816955089 831.286424781979 939.916310115845 1196.93929256425 1018.33546053443 1064.4694266466 705.729685912608 1429.80232455968 1195.58311497868 810.945393046491 1008.43408672883
1203.87212552451 1004.83772809517 793.370328328473 1415.47181333106 1119.94256145258 979.815977926564 1227.82577529533 1332.02277242901 1044.46017934994 1380.97160922679 1252.99054411623 878.306941404139 1322.81977251606 1374.66095395535 1195.12923042539 1245.55250192046 1153.04992369361 648.233513792866 896.969322807444 1385.45363273948 1113.28034693854 1408.34727962711 884.119179672723 908.936108712988 1377.84792421557 986.45706071934 1142.25042699257 1257.92231471968 1225.4183094148 1630.88390104149 1374.56666597332 1233.20849375426 1479.87721151274 1141.48770899546 0 1051.45955155263 1040.49816207525 1334.78908424758 861.73137691703 1392.38133756849 910.029592799579 1018.65947813344 1275.68246058185 1097.07862855203 1143.2125946642 784.472853930208 1508.54549257728 1274.32628299628 889.68856106409 1087.17725474643
682.914448351996 779.691429003524 568.224029236831 894.514136158545 894.796262360935 811.044652466133 758.378242072797 811.065095256491 819.313880258303 860.013932054274 1027.84424502459 653.160642312497 801.86209534354 853.703276782833 674.171553252875 724.594824747939 632.092246521097 423.087214701225 671.823023715802 864.495955566968 592.322669766025 887.389602454598 363.161502500207 683.789809621347 856.89024704305 465.499383546823 917.10412790093 736.964637547166 704.460632242287 1109.92622386897 853.608988800804 712.250816581746 958.91953434022 972.716383535032 1051.45955155263 0 815.351862983609 813.831407075059 636.585077825389 871.423660395978 684.883293707938 793.513179041803 754.724783409334 576.120951379513 622.254917491684 559.326554838567 987.587815404764 753.368605823767 664.542261972449 862.03095565479
967.76443695549 768.730039526143 557.26263975945 1179.36412476204 883.834872883554 800.083262988752 991.718086726309 1095.91508385998 808.352490780922 1144.86392065777 1016.88285554721 642.199252835116 1086.71208394703 1138.55326538633 959.021541856368 1009.44481335143 916.94223512459 398.97450992322 647.710318937798 1149.34594417046 877.172658369518 1172.23959105809 648.0114911037 672.828420143966 1141.74023564654 750.349372150317 906.142738423549 1021.81462615066 989.31062084578 1394.77621247247 1138.4589774043 997.100805185239 1243.76952294371 961.75499405765 1040.49816207525 815.351862983609 0 1098.68139567855 612.472373047384 1156.27364899947 673.921904230557 782.551789564422 1039.57477201283 860.970939983006 907.104906095178 548.365165361186 1272.43780400826 1038.21859442726 653.580872495068 851.069566177408
966.24398104694 1063.02096169847 851.553561931775 1177.84366885349 1178.12579505588 1094.37418516108 1041.70777476774 1094.39462795143 1102.64341295325 1143.34346474922 1311.17377771953 936.490175007441 1085.19162803848 1137.03280947778 957.501085947818 1007.92435744288 915.42177921604 706.416747396169 955.152556410746 1147.82548826191 875.652202460969 1170.71913514954 646.49103519515 967.11934231629 1140.21977973799 748.828916241767 1200.43366059587 1020.29417024211 987.79016493723 1393.25575656392 1136.93852149575 995.580349276689 1242.24906703516 1256.04591622998 1334.78908424758 813.831407075059 1098.68139567855 0 919.914610520333 1154.75319309092 968.212826402881 1076.84271173675 1038.05431610428 859.450484074456 905.584450186628 842.65608753351 1270.91734809971 1036.69813851871 947.871794667393 1145.36048834973
788.99765179727 589.963254367923 378.49585460123 1000.59733960382 705.068087725334 621.316477830532 812.951301568089 917.148298701764 629.585705622702 966.097135499548 838.116070388989 463.432467676896 907.945298788814 959.786480228106 780.254756698148 830.678028193213 738.17544996637 220.207724765001 468.943533779578 970.579159012241 698.405873211298 993.472805899871 469.24470594548 494.061634985746 962.973450488323 571.582586992097 727.375953265329 843.047840992439 810.54383568756 1216.00942731425 959.692192246077 818.334020027019 1065.00273778549 782.98820889943 861.73137691703 636.585077825389 612.472373047384 919.914610520332 0 977.506863841251 495.155119072337 603.785004406202 860.807986854607 682.204154824786 728.338120936958 369.598380202966 1093.67101885004 859.45180926904 474.814087336848 672.302781019189
1023.83623436786 1120.61321501939 909.145815252694 1235.43592217441 1235.7180483768 1151.966438482 1099.30002808866 1151.98688127235 1160.23566627417 1200.93571807014 1368.76603104045 994.082428328359 1142.7838813594 1194.62506279869 1015.09333926874 1065.5166107638 973.014032536959 764.009000717087 1012.74480973166 1205.41774158283 933.244455781887 1228.31138847046 704.083288516069 1024.71159563721 1197.81203305891 806.421169562686 1258.02591391679 1077.88642356303 1045.38241825815 1450.84800988484 1194.53077481667 1053.17260259761 1299.84132035608 1313.63816955089 1392.38133756849 871.423660395978 1156.27364899947 1154.75319309092 977.506863841251 0 1025.8050797238 1134.43496505767 1095.6465694252 917.042737395375 963.176703507547 900.248340854429 1328.50960142063 1094.29039183963 1005.46404798831 1202.95274167065
837.295867679819 520.440595537337 168.591441919119 1048.89555548637 495.163675043222 669.614693713081 861.249517450638 965.446514584313 560.063046792116 1014.3953513821 628.211657706878 253.528054994784 956.243514671363 1008.08469611065 828.552972580697 878.976244075762 786.473665848919 281.657255948173 530.39306496275 1018.87737489479 746.704089093847 1041.77102178242 517.542921828029 424.53897615516 1011.27166637087 619.880802874646 517.471540583217 891.346056874988 858.842051570109 1264.3076431968 1007.99040812863 866.632235909568 1113.30095366804 831.28642478198 910.029592799579 684.883293707938 673.921904230557 968.212826402881 495.155119072337 1025.8050797238 0 393.880591724091 909.106202737156 730.502370707335 776.636336819507 300.07572137238 1141.96923473259 907.75002515159 228.115213639374 462.398368337077
945.925753013684 629.070480871202 239.002107497787 1157.52544082023 603.793560377088 778.244579046946 969.879402784504 1074.07639991818 668.692932125982 1123.02523671596 698.622323285545 362.15794032865 1064.87340000523 1116.71458144452 937.182857914563 987.606129409627 895.103551182785 390.287141282038 639.022950296616 1127.50726022866 855.333974427713 1150.40090711629 626.172807161895 533.168861489025 1119.90155170474 728.510688208511 587.882206161885 999.975942208854 967.471936903975 1372.93752853066 1116.62029346249 975.262121243434 1221.93083900191 939.916310115845 1018.65947813344 793.513179041803 782.551789564422 1076.84271173675 603.785004406202 1134.43496505767 393.880591724091 0 1017.73608807102 839.132256041201 885.266222153372 408.705606706245 1250.59912006645 1016.37991048546 373.539559988602 532.809033915745
907.137357381215 1003.91433803274 792.44693826605 1118.73704518776 1119.01917139015 1035.26756149535 982.601151102015 1035.28800428571 1043.53678928752 1084.23684108349 1252.06715405381 877.383551341715 1026.08500437276 1077.92618581205 898.394462282093 948.817733777157 856.315155550315 647.310123730443 896.045932745021 1088.71886459619 816.545578795243 1111.61251148382 587.384411529425 908.012718650565 1081.11315607227 689.722292576042 1141.32703693015 961.187546576384 928.683541271505 1334.14913289819 1077.83189783002 936.473725610964 1183.14244336944 1196.93929256425 1275.68246058185 754.724783409334 1039.57477201283 1038.05431610428 860.807986854607 1095.6465694252 909.106202737156 1017.73608807102 0 800.343860408731 846.477826520903 783.549463867785 1211.81072443398 977.591514852985 888.765171001667 1086.25386468401
728.533525351394 825.310506002921 613.843106236229 940.133213157943 940.415339360332 856.66372946553 803.997319072194 856.684172255888 864.932957257701 905.633009053672 1073.46332202399 698.779719311894 847.481172342938 899.32235378223 719.790630252272 770.213901747336 677.711323520494 468.706291700622 717.4421007152 910.115032566365 637.941746765422 933.008679453995 408.780579499604 729.408886620744 902.509324042447 511.118460546221 962.723204900327 782.583714546563 750.079709241684 1155.54530086837 899.228065800201 757.869893581143 1004.53861133962 1018.33546053443 1097.07862855203 576.120951379513 860.970939983006 859.450484074456 682.204154824786 917.042737395375 730.502370707335 839.132256041201 800.343860408731 0 667.873994491082 604.945631837964 1033.20689240416 798.987682823165 710.161338971846 907.650032654187
774.667491463565 871.444472115093 659.9770723484 986.267179270114 986.549305472504 902.797695577702 850.131285184366 902.81813836806 911.066923369872 951.766975165843 1119.59728813616 744.913685424066 893.615138455109 945.456319894401 765.924596364444 816.347867859508 723.845289632666 514.840257812794 763.576066827371 956.248998678537 684.075712877594 979.142645566166 454.914545611776 775.542852732916 948.643290154619 557.252426658392 1008.8571710125 828.717680658735 796.213675353856 1201.67926698054 945.362031912373 804.003859693314 1050.67257745179 1064.4694266466 1143.2125946642 622.254917491684 907.104906095178 905.584450186628 728.338120936958 963.176703507547 776.636336819507 885.266222153372 846.477826520903 667.873994491082 0 651.079597950136 1079.34085851633 845.121648935336 756.295305084018 953.783998766358
711.739128810448 382.249784542418 183.416456901274 923.338816616997 509.988690025377 544.05795484371 735.692778581267 839.889775714943 421.872235797198 888.838612512726 643.036672689032 268.353069976939 830.686775801992 882.527957241284 702.996233711326 753.419505206391 660.916926979548 156.100517078802 404.83632609338 893.320636025419 621.147350224476 916.214282913049 391.986182958658 286.348165160241 885.714927501501 494.324064005275 532.296555565372 765.789318005617 733.285312700738 1138.75090432742 882.433669259255 741.075497040197 987.744214798671 705.729685912609 784.472853930208 559.326554838567 548.365165361186 842.65608753351 369.598380202966 900.248340854429 300.07572137238 408.705606706245 783.549463867785 604.945631837964 651.079597950136 0 1016.41249586322 782.193286282219 279.734689636891 477.223383319232
1140.00038937664 1236.77737002817 1025.30997026148 1351.60007718319 1351.88220338558 1268.13059349078 1215.46418309745 1268.15103628114 1276.39982128295 1317.09987307892 1484.93018604924 1110.24658333715 1258.94803636819 1310.78921780748 1131.25749427752 1181.68076577259 1089.17818754575 880.173155725874 1128.90896474045 1321.58189659162 1049.40861079067 1344.47554347925 820.247443524856 1140.875750646 1313.9761880677 922.585324571472 1374.19006892558 1194.05057857181 1161.54657326694 1567.01216489362 1310.69492982545 1169.33675760639 1416.00547536487 1429.80232455968 1508.54549257728 987.587815404764 1272.43780400826 1270.91734809971 1093.67101885004 1328.50960142063 1141.96923473259 1250.59912006645 1211.81072443398 1033.20689240416 1079.34085851633 1016.41249586322 0 1210.45454684842 1121.6282029971 1319.11689667944
905.781179795648 1002.55816044718 791.090760680483 1117.3808676022 1117.66299380459 1033.91138390978 981.244973516448 1033.93182670014 1042.18061170195 1082.88066349793 1250.71097646824 876.027373756149 1024.72882678719 1076.57000822648 897.038284696526 947.461556191591 854.958977964748 645.953946144877 894.689755159454 1087.36268701062 815.189401209677 1110.25633389825 586.028233943859 906.656541064998 1079.7569784867 688.366114990475 1139.97085934458 959.831368990817 927.327363685939 1332.79295531262 1076.47572024446 935.117548025397 1181.78626578387 1195.58311497868 1274.32628299628 753.368605823767 1038.21859442726 1036.69813851871 859.451809269041 1094.29039183963 907.75002515159 1016.37991048545 977.591514852985 798.987682823165 845.121648935336 782.193286282219 1210.45454684842 0 887.408993416101 1084.89768709844
