0 781.012134440796 448.990352799942 218.741892190513 986.561313818012 742.990147975993 609.753350219151 366.643084022507 830.330174652121 201.882518451905 361.512575879801 574.065446891108 138.335326251821 184.09790911124 272.874438372946 226.220366579015 228.52134611204 478.982370232998 766.869930568416 334.357794311229 136.57683694723 209.077913914963 426.030827834305 675.784929602984 229.598597750003 288.384850558824 443.450640090543 302.205738374166 114.154126691877 563.546137503443 217.042388732 191.839746705572 280.983002233292 898.786935833445 827.587605268324 416.340316103701 946.070201875668 115.161118994202 708.159426625941 416.724473740024 560.804464449392 359.902074251277 241.821555406155 168.228763135452 347.215242599399 548.777941892414 508.951962389237 490.403977649951 548.051979659985 428.404185043323
781.012134440797 0 347.704400840444 986.359949036575 276.97308117627 419.012926597062 703.784179177912 956.345645181383 67.2145375334219 969.500575297967 839.714140672526 365.584622936787 905.953383097882 951.715965957302 757.970927560425 797.014973985006 760.741445532761 356.750003110846 151.868822413477 1015.84698484465 720.8547193414 976.695970761024 482.310798133233 123.589232534182 997.216654596065 537.502688915406 730.772487856938 891.908299533042 837.836452149103 1279.09512326015 975.443845326399 865.080268965118 1048.60105907935 652.616623501402 719.451482572161 645.630623943668 331.069093720729 882.779175840264 115.449060956532 1006.4270348989 464.126295789338 588.350645150916 824.264441122593 715.277448556834 815.094130418293 238.058710141141 1160.29444652686 886.098289323582 403.973622314584 677.81404948018
448.990352799942 347.704400840444 0 654.33816739572 553.253580217659 600.706301151648 647.716600977363 624.323863540529 397.022441051768 637.478793657112 507.692359031672 140.757713290755 573.931601457028 619.694184316447 425.94914591957 464.993192344152 428.719663891906 81.9365065950875 333.562196968063 683.825203203797 388.832937700546 644.67418912017 198.534182318172 242.477196002631 665.194872955211 205.480907274552 398.750706216084 559.886517892188 505.814670508249 947.073341619299 643.422063685544 533.058487324264 716.579277438499 834.309998055989 865.550856026536 435.3299019758 512.762468275315 550.757394199409 274.851693025588 674.405253258046 155.481677275609 256.328863510062 492.242659481738 383.25566691598 483.072348777438 115.470208292061 828.272664886007 616.693518421531 125.817184199194 345.792267839326
218.741892190513 986.359949036574 654.33816739572 0 1191.90912841379 948.337962571771 815.101164814929 571.990898618285 1035.6779892479 35.518609742832 430.466279856059 779.413261486885 218.07639060538 59.6385593982495 342.080291042868 295.174070555273 433.869160707818 684.330184828776 972.217745164193 539.705608907007 341.924651543008 35.2945866904121 631.378642430083 881.132744198762 256.11781596799 493.732665154602 526.611271366874 507.553552969944 200.315883097545 768.893952099221 374.858823619587 397.187561301349 79.0768479098519 1104.13475042922 1032.9354198641 621.688130699479 1151.41801647145 115.47267805672 913.507241221718 622.072288335802 766.15227904517 533.906463750644 289.740046623206 347.213388915241 552.563057195177 754.125756488191 714.299776985015 695.751792245729 753.399794255763 548.656436439475
986.561313818012 276.97308117627 553.253580217659 1191.90912841379 0 640.55540814758 925.326660728431 1161.8948245586 222.380781595351 1175.04975467518 1045.26332004974 571.133802314002 1111.5025624751 1157.26514533452 963.52010693764 1002.56415336222 966.290624909976 562.299182488061 373.411303963996 1221.39616422187 926.403898718615 1182.24515013824 703.853279683752 343.39382396794 1202.76583397328 743.051868292621 936.321667234153 1097.45747891026 1043.38563152632 1484.64430263737 1180.99302470361 1070.62944834233 1254.15023845657 874.159105051921 940.99396412268 867.173105494187 552.611575271248 1088.32835521748 336.991542507051 1211.97621427612 669.675475166553 793.899824528131 1029.81362049981 920.82662793405 1020.64330979551 443.607889518357 1365.84362590408 1107.6407708741 609.522801691799 883.363228857396
742.990147975993 419.012926597061 600.706301151647 948.337962571771 640.55540814758 0 309.780353951484 691.596661498582 468.330966808386 931.478588833163 1087.3637538605 618.58652324799 855.08796070714 913.693979492498 998.725616353647 952.071544559717 626.246305305066 609.75190342205 279.488444166029 883.916725203744 612.45704185769 938.67398429622 542.415057519782 376.591132845386 952.590570782231 790.50458922661 983.774388168142 715.152070125829 840.005304672579 1107.02277014341 882.348118524714 738.121681860571 1010.57907261455 277.148934074297 343.983793145055 343.352629699703 266.082816200035 844.75718937546 360.482427975999 741.678051216099 717.128196100541 841.35254546212 967.672733386856 817.585067846368 540.842162512584 491.060610452345 895.54546284406 525.43995049061 656.975522625788 930.815949791384
609.753350219152 703.784179177912 647.716600977364 815.101164814929 925.326660728431 309.780353951484 0 398.880702243397 753.102219389237 798.241791076322 954.126956103661 772.791695068529 718.980349180982 780.457181735656 865.488818596805 818.834746802875 395.06309219144 670.386535865711 564.25969674688 591.200765948558 482.199165912873 805.437186539379 511.023762683761 661.362385426237 816.482959256073 695.347037332989 889.207194857141 422.7387148981 706.768506915737 814.306810888228 721.98173929565 500.829937348725 877.342274857709 306.097980310593 234.898649745471 229.089496828974 550.854068780886 711.520391618619 645.25368055685 448.962091960914 787.515659053383 746.785352151119 834.435935630015 703.321934975639 273.90987339953 747.504190069835 602.829503588875 232.723991235425 757.851165976968 836.248756480383
366.643084022507 956.345645181383 624.323863540529 571.990898618285 1161.8948245586 691.596661498582 398.880702243397 0 1005.66368539271 555.131524879677 711.016689907017 749.398957631694 474.801385887731 537.346915539012 622.378552400161 575.724480606231 209.435287732952 654.315880973585 942.203441309002 207.900022586824 296.571361454384 562.326920342734 601.364338574892 851.11844034357 572.303995962822 584.439778413259 751.208239068482 75.3586163634601 463.658240719093 431.006067526494 392.579174316155 202.496752898781 634.232008661064 687.914287857691 616.714957292569 431.423680215202 932.670376327983 468.410125421974 883.492937366527 65.6613485991798 758.92986767654 655.957002105711 591.32566943337 475.986362113391 263.098193761957 724.111452633 219.528760227141 188.621019372221 734.458428540133 736.161784021263
830.330174652121 67.2145375334219 397.022441051768 1035.6779892479 222.380781595351 468.330966808386 753.102219389237 1005.66368539271 0 1018.81861550929 889.032180883851 414.902663148111 955.271423309207 1001.03400616863 807.28896777175 846.333014196331 810.059485744085 406.068043322171 201.186862624802 1065.16502505598 770.172759552725 1026.01401097235 531.628838344558 172.907272745507 1046.53469480739 586.820729126731 780.090528068263 941.226339744367 887.154492360428 1328.41316347148 1024.76188553772 914.398309176442 1097.91909929068 701.934663712727 768.769522783486 694.948664154993 380.387133932054 932.097216051588 164.767101167857 1055.74507511022 513.444336000662 637.668685362241 873.582481333918 764.595488768159 864.412170629618 287.376750352466 1209.61248673819 935.416329534907 453.291662525909 727.132089691505
201.882518451905 969.500575297967 637.478793657112 35.518609742832 1175.04975467518 931.478588833163 798.241791076321 555.131524879677 1018.81861550929 0 409.302797064438 762.553887748278 201.217016866773 38.4750766066287 320.916808251247 274.010587763652 417.00978696921 667.470811090168 955.358371425586 522.846235168399 325.065277804401 40.7207289726862 614.519268691476 864.273370460154 256.707039265192 476.873291415994 505.447788575254 490.694179231336 179.152400305924 752.034578360613 357.999449880979 380.328187562742 100.615442123265 1087.27537669062 1016.07604612549 604.828756960871 1134.55864273284 98.613304318112 896.647867483111 605.212914597194 749.292905306562 512.742980959024 268.576563831585 326.049906123621 535.703683456569 737.266382749584 697.440403246407 678.892418507122 736.540420517156 527.492953647854
361.512575879801 839.714140672526 507.692359031672 430.466279856059 1045.26332004974 1087.3637538605 954.126956103661 711.016689907016 889.032180883851 409.302797064438 0 632.767453122838 461.943850043565 385.616106951169 136.355995818279 149.109440178186 572.89495199655 573.94624642717 825.571936800146 678.731400195739 480.95044283174 435.668399085913 657.005989296895 734.486935834714 525.917670038111 335.356226420246 127.875077426975 646.579344258676 276.127771760754 911.664635788509 565.160887017066 536.213352590081 491.699813547035 1243.16054171795 1171.96121115283 760.713921988211 1004.7722081074 401.364035630294 766.861432857671 761.098079624534 567.370756523249 257.490136751704 176.358907315773 332.294132758384 691.588848483909 607.479948124144 853.325568273746 834.777583534461 554.618271733842 174.230987838006
574.065446891108 365.584622936787 140.757713290755 779.413261486885 571.133802314002 618.58652324799 772.791695068529 749.398957631694 414.902663148111 762.553887748278 632.767453122838 0 699.006695548193 744.769278407612 551.024240010735 590.068286435317 553.794757983071 166.029567905898 351.442419064406 808.900297294962 513.908031791711 769.749283211335 323.609276409337 260.357418098974 790.269967046376 330.556001365717 523.825800307249 684.961611983353 630.889764599414 1072.14843571046 768.497157776709 658.133581415429 841.654371529664 852.190220152331 919.02507922309 560.404996066966 530.642690371658 675.832488290574 292.731915121931 799.480347349211 151.196382275612 381.403957601227 617.317753572903 508.330761007145 608.147442868603 133.350430388404 953.347758977172 741.768612512697 91.0437088008578 470.867361930491
138.335326251821 905.953383097882 573.931601457028 218.07639060538 1111.5025624751 855.08796070714 718.980349180982 474.801385887731 955.271423309207 201.217016866773 461.943850043565 699.006695548193 0 202.606054893352 373.305712536709 326.651640742779 337.748345073871 603.923618890084 891.811179225502 397.764309655134 248.674649678377 208.41241232983 550.972076491391 800.72617826007 113.39729984825 413.32609921591 558.08884155438 410.36404023939 199.264570607358 585.507134631843 172.677122787365 299.998048570796 245.444685024769 1008.01393479528 936.814604230155 528.438128834848 1071.01145053275 109.887108788926 833.100675283027 524.882775605248 685.745713106478 484.843322908362 342.252829569918 293.170011792537 456.44224156123 673.7191905495 572.358477733142 598.562279515176 672.993228317071 545.444908504401
184.09790911124 951.715965957301 619.694184316447 59.6385593982495 1157.26514533452 913.693979492498 780.457181735656 537.346915539012 1001.03400616863 38.4750766066287 385.616106951169 744.769278407612 202.606054893352 0 297.230118137978 250.323897650383 399.225177628545 649.686201749503 937.573762084921 505.061625827734 307.280668463735 64.8406786281037 596.73465935081 846.488761119489 259.740095794514 459.086672475776 481.761098461985 472.909569890671 155.465710192656 734.249969019948 359.388487907558 362.543578222076 116.628337923523 1069.49076734995 998.291436784829 587.044147620206 1116.77403339217 100.002342344691 878.863258142446 587.428305256529 728.78675807768 489.056290845755 244.889873718317 302.363216010352 517.919074115904 719.481773408918 679.655793905742 661.107809166456 716.034273288274 503.806263534586
272.874438372946 757.970927560424 425.94914591957 342.080291042868 963.52010693764 998.725616353647 865.488818596805 622.378552400161 807.288967771749 320.916808251247 136.355995818279 551.024240010735 373.305712536709 297.230118137978 0 64.3713959316111 484.256814489694 492.203033315068 743.828723688044 590.093262688883 392.312305324884 347.282410272722 575.262776184793 652.743722722612 437.279532531255 235.663274139865 209.107726075224 557.94120675182 187.741782947563 823.026498281654 476.522749510211 447.575215083225 403.313824733843 1154.5224042111 1083.32307364598 672.075784481355 923.028994995296 312.978046817103 685.118219745569 672.459942117678 505.36335974177 265.632892509844 91.6208630691978 209.434726263957 602.950710977053 525.736735012042 764.687430766891 746.139446027605 492.610874952363 220.07273472046
226.220366579015 797.014973985006 464.993192344152 295.174070555273 1002.56415336222 952.071544559717 818.834746802875 575.72448060623 846.33301419633 274.010587763652 149.109440178186 590.068286435317 326.651640742778 250.323897650383 64.3713959316111 0 437.602742695764 531.24707973965 782.872770112625 543.439190894953 345.658233530954 300.376189785127 614.306822609374 691.787769147193 390.625460737325 274.707320564446 245.254431689002 511.28713495789 140.835562459968 776.372426487723 429.86867771628 400.921143289295 356.407604246248 1107.86833241717 1036.66900185205 625.421712687424 962.073041419877 266.071826329508 724.16226617015 625.805870323748 544.407406166351 304.676938934425 41.0666980149865 244.43485355057 556.296639183122 564.780781436623 718.033358972961 699.485374233675 531.654921376944 270.947541328219
228.52134611204 760.74144553276 428.719663891906 433.869160707818 966.290624909976 626.246305305066 395.06309219144 209.435287732952 810.059485744085 417.00978696921 572.89495199655 553.794757983071 337.748345073871 399.225177628545 484.256814489694 437.602742695764 0 458.711681324962 746.59924166038 291.686069256817 100.967161805761 424.205182432268 405.760138926269 655.514240694948 435.250955148962 417.307564563296 600.239278350966 144.997942084611 325.536502808626 554.934207672318 349.909248651557 128.757446704632 496.110270750597 684.096677805734 612.897347240613 299.596473432774 867.320020134467 330.288387511507 687.888737717905 259.516677450469 563.325668027918 488.824788255748 453.203931522903 325.017401395875 132.524984571688 528.507252984377 413.38408907843 286.904326522718 538.854228891511 578.288192585013
478.982370232998 356.750003110846 81.9365065950875 684.330184828776 562.299182488061 609.75190342205 670.386535865711 654.315880973585 406.068043322171 667.470811090168 573.94624642717 166.029567905898 603.923618890084 649.686201749503 492.203033315068 531.24707973965 458.711681324962 0 342.607799238465 713.817220636853 418.824955133602 674.666206553226 207.028458156904 251.522798273034 695.186890388266 271.734794670049 465.004593611582 589.878535325244 567.991412677188 977.065359052355 673.4140811186 563.05050475732 746.571294871555 843.355600326391 868.624376666755 465.321919408856 521.808070545717 580.749411632465 283.89729529599 704.397270691102 221.735564671107 322.58275090556 558.496546877236 449.509554311478 513.064366210494 124.515810562463 858.264682319063 646.685535854587 175.805498297772 412.046155234824
766.869930568416 151.868822413477 333.562196968063 972.217745164194 373.411303963996 279.488444166029 564.25969674688 942.203441309002 201.186862624802 955.358371425586 825.571936800146 351.442419064406 891.811179225502 937.573762084921 743.828723688044 782.872770112625 746.59924166038 342.607799238465 0 1001.70478097227 706.712515469019 962.553766888644 444.764581330147 109.447028661802 983.074450723684 523.360485043025 716.630283984557 877.766095660661 823.694248276722 1264.95291938777 961.301641454018 850.938065092737 1034.45885520697 513.09214107037 579.927000141128 552.520847412837 191.544611289696 868.636971967883 93.3383237924148 992.284831026519 449.984091916957 574.208441278535 810.122237250212 701.135244684454 761.207557005087 223.916506268761 1146.15224265448 779.919293286006 389.831418442203 663.6718456078
334.357794311229 1015.84698484465 683.825203203797 539.705608907007 1221.39616422187 883.916725203744 591.200765948558 207.900022586824 1065.16502505598 522.846235168399 678.731400195739 808.900297294962 397.764309655134 505.061625827734 590.093262688883 543.439190894953 291.686069256817 713.817220636853 1001.70478097227 0 301.035996332179 530.041630631457 660.86567823816 910.619780006839 495.266919730225 552.154488701981 718.922949357205 216.12252419994 431.372951007815 279.711520428778 278.27927087692 177.018999905014 601.946718949786 880.234351562852 809.035020997731 574.400472540465 1124.99044003314 436.124835710696 942.994277029796 165.207752369995 818.431207339809 623.671712394433 559.040379722092 443.701072402113 403.741602487986 783.612792296269 212.449283359216 380.941083077382 793.959768203402 703.876494309985
136.57683694723 720.8547193414 388.832937700546 341.924651543008 926.403898718615 612.45704185769 482.199165912872 296.571361454384 770.172759552724 325.065277804401 480.95044283174 513.908031791711 248.674649678377 307.280668463735 392.312305324884 345.658233530954 100.967161805761 418.824955133602 706.712515469019 301.035996332179 0 332.260673267458 365.873412734909 615.627514503587 346.177259753468 322.384133586462 505.315847374132 232.134015806043 233.591993643816 564.284134747681 275.934807495952 150.269280452646 404.165761585787 771.232751527166 700.033420962045 285.807209985398 853.530756687091 238.343878346697 648.002011526544 346.652751171901 523.438941836557 393.901357278915 361.259422358093 230.093970419041 219.66105829312 488.620526793017 475.630164410188 374.040400244151 498.96750270015 483.364761608179
209.077913914963 976.695970761024 644.67418912017 35.2945866904121 1182.24515013824 938.673984296221 805.437186539379 562.326920342734 1026.01401097235 40.7207289726862 435.668399085913 769.749283211335 208.41241232983 64.8406786281037 347.282410272722 300.376189785127 424.205182432268 674.666206553226 962.553766888643 530.041630631457 332.260673267458 0 621.714664154533 871.468765923212 256.869450997661 484.068686879052 531.813390596729 497.889574694394 205.518002327399 759.22997382367 365.194845344037 387.523583025799 94.9401736952737 1094.47077215367 1023.27144158855 612.024152423929 1141.75403819589 105.808699781169 903.843262946168 612.408310060252 756.48830076962 539.108582980499 294.94216585306 349.682779456389 542.899078919627 744.461778212641 704.635798709465 686.087813970179 743.735815980213 553.85855566933
426.030827834306 482.310798133233 198.534182318172 631.378642430083 703.853279683752 542.415057519782 511.023762683761 601.364338574892 531.628838344558 614.519268691475 657.005989296894 323.609276409337 550.972076491391 596.73465935081 575.262776184793 614.306822609374 405.760138926269 207.028458156904 444.764581330147 660.86567823816 365.873412734909 621.714664154533 0 405.729513344709 642.235347989574 354.794537539774 548.064336481306 536.926992926551 515.039870278495 924.113816653662 620.462538719907 510.098962358627 693.619752472862 795.428070165897 728.858017732934 359.747770667585 623.964852637399 527.797869233772 404.236293749959 651.445728292409 338.333240394191 405.642493775284 641.556289746961 442.564734311792 460.112823811801 298.321771410643 805.31313992037 593.733993455895 308.668747317776 495.105898104548
675.784929602984 123.589232534182 242.477196002631 881.132744198762 343.39382396794 376.591132845386 661.362385426237 851.118440343571 172.907272745507 864.273370460154 734.486935834714 260.357418098974 800.72617826007 846.488761119489 652.743722722612 691.787769147194 655.514240694948 251.522798273034 109.447028661802 910.619780006839 615.627514503587 871.468765923212 405.729513344709 0 891.989449758252 432.275484077593 625.545283019126 786.68109469523 732.609247311291 1173.86791842234 870.216640488586 759.853064127305 943.373854241541 610.194829749727 677.029688820486 592.330678804936 288.647299969054 777.551971002451 50.7365247193268 901.199830061088 358.899090951525 483.123440313104 719.03723628478 610.050243719022 709.86692558048 132.831505303329 1055.06724168905 832.79834418485 298.746417476772 572.586844642368
229.598597750003 997.216654596064 665.19487295521 256.11781596799 1202.76583397328 952.590570782231 816.482959256073 572.303995962822 1046.53469480739 256.707039265192 525.917670038111 790.269967046375 113.39729984825 259.740095794514 437.279532531255 390.625460737325 435.250955148962 695.186890388266 983.074450723684 495.266919730225 346.177259753468 256.869450997661 642.235347989573 891.989449758252 0 504.589370714092 622.062661548927 507.866650314481 263.238390601904 683.009744706935 270.179732862456 397.500658645887 274.690701206852 1105.51654487037 1034.31721430525 625.940738909939 1162.27472203094 173.860928783473 924.363946781209 622.385385680339 777.00898460466 576.106594406545 406.226649564464 378.451265144716 553.944851636321 764.982462047681 669.861087808233 696.064889590267 764.256499815254 609.418728498948
288.384850558824 537.502688915406 205.480907274552 493.732665154602 743.051868292621 790.504589226609 695.347037332989 584.439778413258 586.82072912673 476.873291415994 335.356226420246 330.556001365717 413.32609921591 459.086672475776 235.663274139865 274.707320564446 417.307564563296 271.734794670049 523.360485043025 552.154488701981 322.384133586462 484.068686879052 354.794537539774 432.275484077593 504.589370714092 0 226.414573604657 520.002432764917 315.528798728543 815.402627117482 489.203073439486 409.636441096323 555.973775197381 984.380622947283 913.181292382162 482.960338331426 702.560756350277 390.151891958291 464.64998110055 634.521168130775 284.895121096751 83.992730898635 301.956787702033 190.250266847611 496.592039801109 305.268496367023 726.748656779989 630.213209445202 272.142636307344 173.456135227899
443.450640090543 730.772487856938 398.750706216084 526.611271366874 936.321667234153 983.774388168142 889.207194857141 751.208239068482 780.090528068263 505.447788575254 127.875077426975 523.825800307249 558.088841554381 481.761098461985 209.107726075224 245.254431689002 600.239278350967 465.004593611582 716.630283984557 718.922949357205 505.315847374133 531.813390596729 548.064336481306 625.545283019125 622.062661548927 226.414573604657 0 686.770893420142 372.27276327157 982.171087772706 647.098951227808 576.404901751547 587.84480505785 1178.24078047144 1107.04144990631 676.820495855578 895.830555291809 497.50902714111 657.919780042082 801.289628786 458.42910370766 148.548483936116 272.503898826588 288.398357403015 690.452197325262 498.538295308555 893.517117435213 824.073366969355 445.676618918253 65.2893350224173
302.205738374166 891.908299533042 559.886517892188 507.553552969944 1097.45747891026 715.152070125829 422.7387148981 75.3586163634601 941.226339744367 490.694179231336 646.579344258676 684.961611983353 410.36404023939 472.909569890671 557.94120675182 511.28713495789 144.997942084611 589.878535325244 877.766095660661 216.12252419994 232.134015806043 497.889574694394 536.926992926551 786.68109469523 507.866650314482 520.002432764918 686.770893420142 0 399.220895070752 479.370662615441 340.862716152007 138.05940725044 569.794663012722 711.772300512394 640.572969947273 388.502238253537 956.22578495523 403.972779773633 819.055591718186 125.440006080977 694.492522028199 591.51965645737 526.888323785029 411.54901646505 201.279678406856 659.674106984659 279.307417708938 248.399676854018 670.021082891793 671.724438372922
114.154126691877 837.836452149103 505.814670508249 200.315883097545 1043.38563152632 840.005304672579 706.768506915737 463.658240719092 887.154492360428 179.152400305924 276.127771760754 630.889764599414 199.264570607358 155.465710192656 187.741782947563 140.835562459968 325.536502808626 567.991412677188 823.694248276722 431.372951007815 233.591993643816 205.518002327399 515.039870278495 732.609247311291 263.238390601904 315.528798728543 372.27276327157 399.220895070752 0 664.306186600585 313.6924027431 288.854903402157 261.549416788521 995.802092530031 924.60276196491 513.355472800287 1002.89451958397 137.144100314963 764.983744334247 513.73963043661 585.228884330448 345.498417098522 156.436751287107 168.564792545768 444.230399295985 605.60225960072 605.967119085823 587.419134346537 572.476399541041 377.757417736788
563.546137503443 1279.09512326015 947.073341619299 768.893952099221 1484.64430263737 1107.02277014341 814.306810888228 431.006067526494 1328.41316347148 752.034578360613 911.664635788509 1072.14843571046 585.507134631843 734.249969019948 823.026498281654 776.372426487723 554.934207672318 977.065359052355 1264.95291938777 279.711520428778 564.284134747681 759.229973823671 924.113816653662 1173.86791842234 683.009744706935 815.402627117483 982.171087772706 479.370662615441 664.306186600586 0 439.800784574763 440.267138320516 815.057129883454 1103.34039650252 1032.1410659374 837.648610955966 1348.09648497282 665.31317890291 1206.2424154453 388.313797309665 1081.67934575531 886.919850809935 791.973615314863 706.949210817615 666.989740903487 1046.86093071177 228.640951838597 604.047128017052 1057.2079066189 967.124632725487
217.042388732 975.443845326398 643.422063685544 374.858823619587 1180.99302470361 882.348118524714 721.98173929565 392.579174316155 1024.76188553772 357.999449880979 565.160887017066 768.497157776709 172.677122787365 359.388487907558 476.522749510211 429.86867771628 349.909248651557 673.4140811186 961.301641454017 278.27927087692 275.934807495952 365.194845344037 620.462538719907 870.216640488585 270.179732862456 489.203073439486 647.098951227808 340.862716152007 313.6924027431 439.800784574763 0 235.242179299754 402.227118038975 1011.01532490994 939.815994344823 555.698286652422 1123.42183335412 266.669541803132 902.591137511542 419.4540022412 761.622687330054 560.720297131939 445.46986654342 371.877074272717 465.552163074119 743.209652778015 435.273819957533 565.620234806713 748.870202540647 632.052496180588
191.839746705572 865.080268965118 533.058487324264 397.187561301349 1070.62944834233 738.121681860571 500.829937348725 202.496752898781 914.398309176443 380.328187562742 536.213352590081 658.133581415429 299.998048570796 362.543578222076 447.575215083226 400.921143289295 128.757446704632 563.05050475732 850.938065092737 177.018999905014 150.269280452646 387.523583025799 510.098962358627 759.853064127306 397.500658645887 409.636441096323 576.404901751547 138.05940725044 288.854903402157 440.267138320516 235.242179299754 0 459.428671344128 789.863522963019 718.664192397898 411.47184998828 979.195396689973 293.606788105038 792.227561150262 252.578142616298 667.664491460275 481.153664788776 416.522332116435 301.183024796456 244.400361127194 632.846076416735 351.613167983022 350.909492075707 643.193052323868 561.358446704327
280.983002233292 1048.60105907935 716.579277438499 79.0768479098519 1254.15023845657 1010.57907261455 877.342274857708 634.232008661063 1097.91909929068 100.615442123265 491.699813547035 841.654371529664 245.444685024769 116.628337923523 403.313824733844 356.407604246249 496.110270750597 746.571294871555 1034.45885520697 601.946718949786 404.165761585787 94.9401736952736 693.619752472862 943.373854241541 274.690701206852 555.973775197381 587.84480505785 569.794663012722 261.549416788521 815.057129883454 402.227118038975 459.428671344128 0 1166.375860472 1095.17652990688 683.929240742258 1213.65912651422 173.105279479355 975.748351264497 684.31339837858 828.393389087949 595.13999744162 350.973580314182 408.446922606217 614.804167237955 816.36686653097 776.540887027793 757.992902288508 815.640904298542 609.889970130451
898.786935833445 652.616623501403 834.309998055988 1104.13475042922 874.159105051922 277.148934074297 306.097980310593 687.914287857691 701.934663712727 1087.27537669062 1243.16054171796 852.190220152331 1008.01393479528 1069.49076734995 1154.5224042111 1107.86833241717 684.096677805734 843.355600326391 513.09214107037 880.234351562852 771.232751527166 1094.47077215367 795.428070165897 610.194829749727 1105.51654487037 984.380622947284 1178.24078047144 711.772300512394 995.802092530031 1103.34039650252 1011.01532490994 789.863522963019 1166.375860472 0 81.6556499883345 518.123082443268 499.686513104376 1000.55397723291 594.08612488034 737.995677575208 950.731893004882 1035.81893776541 1123.46952124431 992.355520589933 562.943459013823 724.664307356686 891.863089203169 521.757576849719 890.579219530129 1125.28234209468
827.587605268324 719.451482572161 865.550856026537 1032.9354198641 940.99396412268 343.983793145055 234.898649745471 616.714957292569 768.769522783486 1016.07604612549 1171.96121115283 919.02507922309 936.814604230155 998.291436784829 1083.32307364598 1036.66900185205 612.897347240613 868.624376666755 579.927000141128 809.035020997731 700.033420962045 1023.27144158855 728.858017732934 677.029688820486 1034.31721430525 913.181292382162 1107.04144990631 640.572969947273 924.60276196491 1032.1410659374 939.815994344823 718.664192397897 1095.17652990688 81.6556499883345 0 446.923751878147 566.521372175135 929.354646667791 660.920983951099 666.796347010086 1005.34991410256 964.619607200292 1052.27019067919 921.156190024812 491.744128448702 791.499166427444 820.663758638048 450.558246284597 957.414078600887 1054.08301152956
416.340316103701 645.630623943668 435.329901975801 621.688130699479 867.173105494187 343.352629699703 229.089496828974 431.423680215202 694.948664154992 604.828756960871 760.71392198821 560.404996066966 528.438128834848 587.044147620206 672.075784481355 625.421712687424 299.596473432774 465.321919408857 552.520847412837 574.400472540465 285.807209985398 612.024152423928 359.747770667585 592.330678804936 625.940738909939 482.960338331426 676.820495855578 388.502238253537 513.355472800287 837.648610955966 555.698286652422 411.47184998828 683.929240742258 518.123082443268 446.923751878147 0 584.426344529105 518.107357503168 587.100125322605 481.505069932719 575.12896005182 534.398653149556 641.022901514564 490.935235974076 225.38950741966 535.117491068272 635.37248156068 300.10559448046 545.464466975405 623.86205747882
946.070201875668 331.069093720729 512.762468275315 1151.41801647145 552.611575271247 266.082816200035 550.854068780886 932.670376327984 380.387133932054 1134.55864273284 1004.7722081074 530.642690371658 1071.01145053275 1116.77403339217 923.028994995296 962.073041419878 867.320020134468 521.808070545717 191.544611289696 1124.99044003315 853.530756687092 1141.7540381959 623.964852637399 288.647299969054 1162.27472203093 702.560756350277 895.830555291809 956.225784955231 1002.89451958397 1348.09648497282 1123.42183335412 979.195396689973 1213.65912651422 499.686513104376 566.521372175135 584.426344529105 0 1047.83724327513 272.538595099667 982.751766045501 629.184363224209 753.408712585787 989.322508557464 880.335515991706 781.915877341986 403.116777576012 1136.61917767346 766.513665320012 569.031689749455 842.872116915051
115.161118994202 882.779175840263 550.757394199409 115.47267805672 1088.32835521748 844.75718937546 711.520391618618 468.410125421973 932.097216051588 98.613304318112 401.364035630294 675.832488290574 109.887108788926 100.002342344691 312.978046817103 266.071826329508 330.288387511507 580.749411632465 868.636971967882 436.124835710696 238.343878346697 105.808699781169 527.797869233772 777.551971002451 173.860928783473 390.151891958291 497.50902714111 403.972779773633 137.144100314963 665.31317890291 266.669541803133 293.606788105038 173.105279479355 1000.55397723291 929.354646667791 518.107357503168 1047.83724327513 0 809.926468025408 518.491515139491 662.571505848859 454.474447251595 274.063792825706 255.765984535628 448.982283998866 650.54498329188 610.719003788704 592.171019049418 649.819021059452 486.73344788986
708.159426625941 115.449060956532 274.851693025588 913.507241221719 336.991542507051 360.482427975999 645.25368055685 883.492937366527 164.767101167857 896.647867483111 766.861432857671 292.731915121931 833.100675283026 878.863258142446 685.118219745569 724.16226617015 687.888737717905 283.89729529599 93.3383237924148 942.994277029795 648.002011526544 903.843262946168 404.236293749959 50.7365247193268 924.363946781209 464.64998110055 657.919780042082 819.055591718186 764.983744334247 1206.2424154453 902.591137511543 792.227561150262 975.748351264498 594.08612488034 660.920983951099 587.100125322606 272.538595099667 809.926468025408 0 933.574327084044 391.273587974482 515.49793733606 751.411733307737 642.424740741979 742.241422603437 165.206002326286 1087.44173871201 827.56779070252 331.120914499728 604.961341665324
416.724473740024 1006.4270348989 674.405253258046 622.072288335802 1211.97621427612 741.678051216099 448.962091960914 65.6613485991798 1055.74507511022 605.212914597194 761.098079624534 799.480347349211 524.882775605249 587.428305256529 672.459942117678 625.805870323748 259.516677450469 704.397270691102 992.28483102652 165.207752369995 346.652751171901 612.408310060252 651.445728292409 901.199830061088 622.38538568034 634.521168130776 801.289628786 125.440006080977 513.73963043661 388.313797309665 419.4540022412 252.578142616298 684.313398378581 737.995677575208 666.796347010087 481.505069932719 982.751766045501 518.491515139491 933.574327084045 0 809.011257394058 706.038391823229 641.407059150887 526.067751830908 313.179583479474 774.192842350517 176.836490010312 238.702409089738 784.539818257651 786.24317373878
560.804464449393 464.126295789338 155.481677275609 766.15227904517 669.675475166553 717.128196100541 787.515659053383 758.92986767654 513.444336000662 749.292905306563 567.370756523248 151.196382275612 685.745713106478 728.786758077681 505.363359741769 544.407406166351 563.325668027918 221.735564671107 449.984091916957 818.431207339808 523.438941836557 756.48830076962 338.333240394191 358.899090951525 777.008984604661 284.895121096751 458.42910370766 694.492522028199 585.228884330448 1081.67934575531 761.622687330054 667.664491460275 828.393389087949 950.731893004882 1005.34991410256 575.12896005182 629.184363224209 662.571505848859 391.273587974482 809.011257394057 0 316.007261001638 571.656873303937 462.669880738179 617.67835291345 231.892103240955 962.878669022018 751.299522557543 70.417908283076 405.470665330902
359.902074251277 588.350645150916 256.328863510062 533.906463750645 793.899824528131 841.35254546212 746.785352151119 655.957002105711 637.668685362241 512.742980959024 257.490136751704 381.403957601227 484.843322908362 489.056290845755 265.632892509844 304.676938934425 488.824788255748 322.58275090556 574.208441278535 623.671712394433 393.901357278915 539.108582980499 405.642493775284 483.123440313104 576.106594406545 83.992730898635 148.548483936116 591.51965645737 345.498417098523 886.919850809935 560.720297131938 481.153664788776 595.139997441621 1035.81893776541 964.619607200292 534.398653149556 753.408712585787 454.474447251595 515.49793733606 706.038391823228 316.007261001638 0 331.926406072012 241.09290171753 548.030354619239 356.116452602533 798.265880472441 681.651524263332 303.254776212231 95.5900455593576
241.821555406155 824.264441122592 492.242659481738 289.740046623206 1029.81362049981 967.672733386856 834.435935630014 591.32566943337 873.582481333917 268.576563831585 176.358907315773 617.317753572904 342.252829569918 244.889873718317 91.6208630691978 41.0666980149866 453.203931522903 558.496546877236 810.122237250212 559.040379722092 361.259422358093 294.94216585306 641.556289746961 719.03723628478 406.226649564464 301.956787702033 272.503898826588 526.888323785029 156.436751287107 791.973615314862 445.46986654342 416.522332116434 350.973580314182 1123.46952124431 1052.27019067919 641.022901514564 989.322508557464 274.063792825706 751.411733307737 641.407059150887 571.656873303937 331.926406072012 0 260.036042377709 571.897828010262 592.03024857421 733.6345478001 715.086563060814 558.904388514531 298.197008465805
168.228763135452 715.277448556834 383.25566691598 347.213388915241 920.82662793405 817.585067846368 703.321934975639 475.986362113391 764.595488768159 326.049906123621 332.294132758384 508.330761007145 293.170011792537 302.363216010352 209.434726263957 244.434853550569 325.017401395875 449.509554311478 701.135244684454 443.701072402113 230.093970419041 349.682779456389 442.564734311792 610.050243719022 378.451265144715 190.250266847611 288.398357403015 411.54901646505 168.564792545768 706.949210817615 371.877074272717 301.183024796456 408.446922606217 992.355520589933 921.156190024812 490.935235974076 880.335515991706 255.765984535628 642.424740741979 526.067751830908 462.669880738179 241.09290171753 260.036042377709 0 443.711297883234 483.043256008451 618.295240480121 598.090639834264 449.917395948772 273.351902355795
347.215242599399 815.094130418292 483.072348777438 552.563057195177 1020.64330979551 540.842162512584 273.909873399529 263.098193761957 864.412170629617 535.703683456569 691.588848483909 608.147442868604 456.44224156123 517.919074115904 602.950710977053 556.296639183123 132.524984571688 513.064366210494 761.207557005087 403.741602487986 219.66105829312 542.899078919626 460.112823811801 709.86692558048 553.944851636321 496.592039801109 690.452197325261 201.279678406856 444.230399295985 666.989740903487 465.552163074119 244.400361127194 614.804167237956 562.943459013823 491.744128448702 225.38950741966 781.915877341985 448.982283998866 742.241422603437 313.179583479474 617.67835291345 548.030354619239 571.897828010262 443.711297883234 0 582.85993786991 467.046995107435 171.948556235683 593.206913777043 637.493758948503
548.777941892414 238.058710141141 115.470208292061 754.125756488191 443.607889518356 491.060610452345 747.504190069835 724.111452633 287.376750352466 737.266382749584 607.479948124143 133.350430388404 673.719190549499 719.481773408918 525.736735012041 564.780781436623 528.507252984377 124.515810562463 223.916506268761 783.612792296268 488.620526793017 744.461778212641 298.321771410643 132.831505303329 764.982462047682 305.268496367023 498.538295308555 659.674106984659 605.60225960072 1046.86093071177 743.209652778015 632.846076416735 816.36686653097 724.664307356686 791.499166427445 535.117491068272 403.116777576013 650.54498329188 165.206002326285 774.192842350517 231.892103240955 356.116452602533 592.030248574209 483.043256008451 582.859937869909 0 928.060253978478 716.481107514003 171.739429766201 445.579856931797
508.951962389238 1160.29444652686 828.272664886007 714.299776985015 1365.84362590408 895.545462844061 602.829503588875 219.528760227141 1209.61248673818 697.440403246408 853.325568273747 953.347758977172 572.358477733142 679.655793905742 764.687430766891 718.033358972961 413.38408907843 858.264682319063 1146.15224265448 212.449283359216 475.630164410188 704.635798709465 805.31313992037 1055.06724168905 669.861087808233 726.748656779989 893.517117435213 279.307417708938 605.967119085823 228.640951838597 435.273819957533 351.613167983022 776.540887027794 891.863089203169 820.663758638048 635.37248156068 1136.61917767346 610.719003788704 1087.44173871201 176.836490010312 962.878669022019 798.265880472442 733.6345478001 618.295240480121 467.046995107435 928.060253978478 0 392.569820717699 938.407229885612 878.470662387993
490.403977649952 886.098289323582 616.693518421532 695.751792245729 1107.6407708741 525.43995049061 232.723991235425 188.621019372221 935.416329534907 678.892418507122 834.777583534461 741.768612512697 598.562279515176 661.107809166456 746.139446027605 699.485374233675 286.904326522718 646.685535854587 779.919293286005 380.941083077382 374.040400244151 686.087813970179 593.733993455895 832.79834418485 696.064889590267 630.213209445203 824.073366969355 248.399676854018 587.419134346537 604.047128017052 565.620234806713 350.909492075707 757.992902288508 521.757576849719 450.558246284597 300.10559448046 766.513665320011 592.171019049418 827.56779070252 238.702409089738 751.299522557543 681.651524263333 715.086563060814 598.090639834264 171.948556235683 716.481107514003 392.569820717699 0 726.828083421136 771.114928592597
