0 475.583609732573 276.765484517323 137.520136043702 606.144409206109 402.990881162627 346.065402555988 212.532187093727 499.797973182854 126.259114662315 249.077588264582 345.107960456003 94.0142757010801 133.285872864571 187.838760997731 171.001118734394 141.041637736983 315.070230505138 445.136812817643 227.448538982345 91.2937707573708 126.571782795097 261.674601815551 398.605272191002 143.19066463579 162.791639866233 285.808836698825 173.118445877617 60.2872171389983 342.600214442011 146.033695145512 121.635577439383 179.415287682929 473.649549563503 454.471633609014 246.9846460307 516.563126202188 81.5541068239194 414.926004606201 235.635317348309 309.297754169205 212.398659476735 178.474251821295 110.434760038314 194.006673397148 329.024906627202 329.943448868888 270.360727892529 308.141314921522 250.096863156467
475.583609732573 0 215.274279871504 604.041345405151 164.144058648082 223.725540659931 386.494070590575 552.407271985509 51.5489687483798 592.780324023765 490.669936969639 238.319732953909 559.671607832549 599.80708222602 469.215586051159 496.959135061103 460.270807347379 230.799450319601 110.377332254696 626.382197789072 455.969465095494 593.092992156546 289.672313395976 92.2553910483153 608.847996767258 315.994018332215 424.343154928643 512.993530769398 516.222602351187 758.755750920085 611.69102727698 520.56923624611 645.936497044379 347.983471001633 405.33541829002 387.598686406357 200.76352940176 548.075316185369 89.779488202485 575.510402240091 266.948029988427 347.473323683981 516.361696950795 436.561863481762 480.329176414481 161.462569689064 669.818533760671 494.538798893577 259.983344693321 385.171527363713
276.765484517323 215.274279871504 0 405.223220189901 345.835079345039 298.175691361808 340.517602349452 353.589146770258 239.488643321785 393.962198808514 291.851811754389 84.7986305949333 360.853482617298 400.98895701077 270.397460835908 298.141009845852 261.452682132128 54.7609006440685 184.827482956573 427.564072573821 257.151339880244 394.274866941296 130.152578192341 138.295942329932 410.029871552008 117.175893116965 225.525029713393 314.175405554148 317.404477135936 559.937625704834 412.87290206173 321.751111030859 447.118371829128 422.43362170351 448.923833402479 253.72177363837 275.213680103637 349.257190970118 154.616674745131 376.69227702484 68.1299047731772 148.65519846873 317.543571735544 237.743738266512 310.219186251381 68.7155767661326 471.000408545419 386.573240746762 66.9734655254941 186.353402148463
137.520136043702 604.041345405151 405.223220189901 0 734.602144878687 531.63342727201 474.70794866537 341.17473320311 628.255708855432 25.2381746221805 277.082325629757 473.565696128581 145.377995535125 42.9003773721114 233.560167741314 199.005856099569 269.684183846366 443.527966177716 573.594548490221 356.091085091728 219.936316866753 22.7266293597306 390.132337488129 527.06300786358 194.554384469835 291.249375538811 338.254733564539 301.760991986999 132.156925478939 467.16878689604 235.192684867162 250.278123548765 58.0822804062413 602.292095672886 583.114179718396 375.627192140083 645.205672311571 71.2989064674311 543.383740278779 364.277863457691 437.755489841783 340.856395149313 184.747531433393 235.909961925153 322.64921950653 457.48264229978 458.585994978271 399.003274001912 436.5990505941 364.861820725253
606.144409206109 164.144058648082 345.835079345039 734.602144878687 0 357.376751512434 520.145281443078 682.968071459045 128.827496809583 723.3411234973 621.230736443175 293.21106766809 690.232407306084 730.367881699556 599.776385524695 627.519934534639 590.831606820914 361.360249793137 244.028543107199 756.942997262608 586.53026456903 723.653791630082 423.323524248479 225.906601900819 739.408796240794 446.554817805751 554.903954402179 643.554330242934 646.783401824722 889.316550393621 742.251826750516 651.130035719646 776.497296517914 481.634681854136 538.986629142523 521.249897258861 334.414740254263 678.636115658904 223.430699054988 706.071201713627 358.196035430859 478.034123157517 646.92249642433 567.122662955298 613.980387266984 292.0233691626 800.379333234207 628.19000974608 332.807084149134 515.732326837249
402.990881162627 223.725540659931 298.175691361808 531.633427272009 357.376751512434 0 176.101125416633 401.960225173425 247.939904110212 520.372405890623 573.571348459944 321.221144444213 487.078879262602 527.399164092879 552.116997541463 565.114409962701 326.08364200386 309.182873585503 127.2264940864 491.539787819073 332.53116137019 520.685074023404 249.517985016726 175.15680253862 536.255268197312 398.895429822519 507.244566418947 375.311379994638 454.400508367306 608.308704108 492.869432713179 386.382070902591 573.528578911237 149.750844303354 207.102791591741 177.205741232415 126.904840525549 475.667398052227 159.259094051811 425.063355428007 349.849441478732 430.374735174285 572.587543049602 477.440855657927 269.936231240538 244.363981179369 519.371486948586 284.145853719634 342.884756183625 468.072938854018
346.065402555988 386.494070590576 340.517602349453 474.70794866537 520.145281443079 176.101125416633 0 245.243074799549 410.708434040857 463.446927283983 586.26540088625 407.019588789533 425.055130240253 470.473685486239 525.026573619399 508.188931356062 217.567437948526 309.774352835989 289.995024017044 334.822637445197 269.700088281543 463.759595416765 231.139254805267 337.925332469264 474.231519174963 417.803781051244 533.625764281252 242.902664848228 397.475029760666 451.591553734124 384.353228657845 277.865866847257 516.603100304597 146.968122050272 127.790206095783 147.441318492504 289.673370456194 418.741919445587 322.027623982456 268.34620505413 392.191352466377 456.75593303659 515.662064442962 436.961093650426 161.420027185204 380.281667335689 362.65433657471 127.428703345758 391.034913218693 494.454136716322
212.532187093727 552.407271985508 353.589146770258 341.17473320311 682.968071459044 401.960225173425 245.243074799549 0 576.621635435789 329.913711821723 452.73218542399 421.931622708938 271.500931728913 336.940470023979 391.493358157139 374.655715893801 104.680137767652 361.414719797398 515.854123773836 113.206153393479 156.812788100669 330.226379954505 305.320769805996 475.428934443937 320.677320663623 338.84780586734 454.669789097348 44.2088788813732 263.941814298406 222.028665028051 211.330688542018 104.84332673143 383.069884842337 372.827221807064 353.649305852575 258.718886078822 515.532470212986 285.208703983327 491.749666859136 38.7833163480572 405.262896887182 377.799957852686 382.128848980702 308.458167458316 154.150187996575 405.848568880138 133.091447868637 133.204167386701 404.106457639499 415.498161532418
499.797973182854 51.5489687483798 239.488643321785 628.255708855432 128.827496809583 247.939904110212 410.708434040856 576.62163543579 0 616.994687474046 514.88430041992 262.53409640419 583.885971282829 624.021445676301 493.42994950144 521.173498511384 484.485170797659 255.013813769882 134.591695704977 650.596561239353 480.183828545775 617.307355606827 313.886676846257 116.469754498596 633.062360217539 340.208381782496 448.557518378924 537.207894219679 540.436965801468 782.970114370366 635.905390727261 544.783599696391 670.15086049466 372.197834451914 429.549781740301 411.813049856638 224.977892852041 572.28967963565 113.993851652766 599.724765690372 291.162393438708 371.687687134262 540.576060401075 460.776226932043 504.543539864762 185.676933139345 694.032897210952 518.753162343858 284.197708143602 409.385890813994
126.259114662315 592.780324023764 393.962198808514 25.2381746221805 723.3411234973 520.372405890623 463.446927283983 329.913711821723 616.994687474045 0 265.643768981007 462.304674747194 134.116974153738 31.4618207233609 222.121611092563 187.567299450819 258.423162464979 432.266944796329 562.333527108834 344.830063710341 208.675295485366 21.9819430570196 378.871316106742 515.801986482193 183.293363088448 279.988354157424 326.816176915789 290.499970605612 120.718368830189 455.907765514654 223.931663485775 239.017102167379 67.9924617285751 591.031074291499 571.853158337009 364.366170758696 633.944650930184 60.0378850860443 532.122718897392 353.016842076304 426.494468460396 329.595373767926 173.308974784642 224.648940543767 311.388198125143 446.221620918393 447.324973596884 387.742252620525 425.338029212713 353.423264076503
249.077588264582 490.66993696964 291.851811754389 277.082325629758 621.230736443176 573.571348459944 586.265400886251 452.73218542399 514.884300419921 265.643768981007 0 344.034656154003 334.214274031343 252.422774673346 87.8332537558502 87.4527431573909 381.241636067246 330.156557742204 460.223140054709 467.648537312608 331.493769087633 273.826094064597 390.669854399916 413.691599428068 383.390662966053 196.005681362035 82.0544783182299 413.318444207879 206.524700205718 582.800212772273 386.233693475774 361.835575769646 319.836612736152 697.829278801646 694.671631939277 473.710733930232 550.609337201773 271.776725297815 430.012331843267 475.835315678571 306.667297960378 155.875167112699 106.855305047082 224.245193253233 434.20667172741 344.111233864269 570.143447199151 510.560726222792 305.510858712695 119.694806697938
345.107960456003 238.319732953909 84.7986305949333 473.565696128581 293.21106766809 321.221144444213 407.019588789533 421.931622708938 262.53409640419 462.304674747194 344.034656154003 0 429.195958555978 469.33143294945 338.739936774588 366.483485784533 329.795158070808 110.978668668075 207.872936038978 495.906548512502 325.493815818924 462.617342879976 194.412481731828 161.341395412337 478.372347490688 185.518369055645 277.707874113006 382.517881492828 385.746953074616 628.280101643514 481.21537800041 390.093586969539 515.460847767808 445.479074785916 502.831022074303 322.06424957705 298.259133186042 417.599666908798 177.662127827536 445.03475296352 77.4244611691618 200.838042868344 385.886047674224 306.086214205192 378.561662190061 91.0295265735661 539.342884484099 454.915716685443 52.0355098874371 238.536246548077
94.0142757010801 559.671607832548 360.853482617298 145.377995535125 690.232407306084 487.078879262602 425.055130240253 271.500931728913 583.885971282829 134.116974153738 334.214274031343 429.195958555978 0 141.143732355994 272.975446764491 256.137804501154 220.031365421249 399.158228605113 529.224810917618 230.150188761898 175.381768857346 134.42964228652 345.762599915526 482.693270290977 64.2700931260519 246.879637966208 370.945522465586 232.087190512803 145.423902905758 339.033835822009 104.908393523379 180.604322074569 179.655337574053 552.639277247769 533.461361293279 331.072644130675 600.651124302163 89.4119663153421 499.014002706176 294.604061983495 393.38575226918 296.48665757671 253.521020169144 195.571445805074 272.996401081413 413.112904727178 346.311623009116 349.350455576795 392.229313021497 334.184861256442
133.285872864571 599.80708222602 400.98895701077 42.9003773721114 730.367881699556 527.399164092879 470.473685486239 336.940470023979 624.021445676301 31.4618207233609 252.422774673346 469.33143294945 141.143732355994 0 208.900616784902 174.346305143157 265.449920667235 439.293702998585 569.36028531109 351.856821912597 215.702053687622 39.6441458069505 385.898074308998 522.828744684449 190.320121290704 287.01511235968 313.595182608128 297.526728807868 115.66601010667 462.934523716909 230.958421688031 246.043860369635 85.6546644785059 598.057832493755 578.879916539265 371.392928960952 640.97140913244 67.0646432883003 539.149477099648 360.04360027856 433.521226662652 336.622131970182 160.087980476981 229.273116313634 318.414956327399 453.248379120649 454.35173179914 394.769010822781 432.364787414969 347.540233384008
187.838760997731 469.215586051159 270.397460835908 233.560167741314 599.776385524695 552.116997541463 525.026573619399 391.493358157138 493.42994950144 222.121611092563 87.8332537558502 338.739936774588 272.975446764491 208.900616784902 0 47.049205352864 320.002808800395 308.702206823723 438.768789136228 406.409710045756 270.254941820782 230.303936176153 361.742656847854 392.237248509587 322.151835699201 156.423616184818 130.431554441163 352.079616941028 146.273258706484 521.561385505422 324.994866208923 300.596748502794 276.314454847708 652.610720626915 633.432804672425 425.945817094111 529.154986283292 223.462820766308 408.557980924786 414.59648841172 301.902838697162 151.110707849482 66.4517672425554 145.703342261198 372.967844460559 322.656882945788 508.904619932299 449.321898955941 300.746399449479 147.93101936292
171.001118734394 496.959135061103 298.141009845853 199.005856099569 627.519934534639 565.114409962701 508.188931356062 374.655715893801 521.173498511384 187.567299450819 87.4527431573909 366.483485784532 256.137804501154 174.346305143158 47.049205352864 0 303.165166537057 336.445755833668 466.512338146172 389.572067782419 253.417299557445 195.749624534408 389.486205857798 419.980797519531 305.314193435864 184.167165194762 148.625151092173 335.241974677691 128.44823067553 504.723743242085 308.157223945586 283.759106239457 241.760143205964 635.773078363578 616.595162409088 409.108174830774 556.898535293236 193.700255767627 436.30152993473 397.758846148383 330.673279497735 188.868510438532 28.7788355168939 170.9488571471 356.130202197222 350.400431955732 492.066977668962 432.484256692603 329.516840250051 185.68882195197
141.041637736983 460.270807347378 261.452682132128 269.684183846366 590.831606820914 326.08364200386 217.567437948526 104.680137767652 484.485170797659 258.423162464979 381.241636067246 329.795158070808 220.031365421249 265.449920667235 320.002808800395 303.165166537057 0 269.278255159267 427.683065960222 178.655063571215 64.6763234625389 258.735830597761 213.184305167866 383.292469805807 269.207754355959 246.711341229209 362.533324459218 65.266396551541 192.451264941662 311.028616702227 179.329463838841 72.8421020282527 311.579335485593 345.151584956041 325.973669001552 170.077406871933 439.655887043421 213.718154626583 399.613202221006 127.783268022233 313.126432249052 285.663493214556 310.638299623958 231.937328831422 65.5087087896857 313.712104242007 222.091399542813 141.862763285067 311.969993001369 323.361696894288
315.070230505138 230.799450319601 54.7609006440685 443.527966177716 361.360249793137 309.182873585503 309.774352835988 361.414719797398 255.013813769882 432.266944796329 330.156557742204 110.978668668075 399.158228605113 439.293702998585 308.702206823724 336.445755833668 269.278255159267 0 200.352653404671 435.389645600961 264.976912907383 432.579612929111 97.1672457782839 153.82111277803 448.334617539823 155.48063910478 263.829775701208 322.000978581287 355.709223123752 567.763198731973 436.064045868587 329.576684057999 485.423117816943 437.358499843504 418.180583889015 244.675675368943 290.738850551735 387.561936957933 170.141845193229 384.517850051979 106.434650760992 186.959944456546 355.848317723359 276.048484254327 318.04475927852 84.2407472142303 478.825981572559 394.398813773902 105.278211513309 224.658148136278
445.136812817643 110.377332254696 184.827482956573 573.594548490221 244.028543107199 127.2264940864 289.995024017044 515.854123773836 134.591695704977 562.333527108834 460.223140054709 207.872936038978 529.224810917618 569.36028531109 438.768789136228 466.512338146172 427.683065960222 200.352653404671 0 593.794456401915 423.381723708338 562.646195241615 233.803978355377 61.8085941333846 578.401199852327 285.547221417284 393.896358013712 480.405789382242 485.775805436256 722.202602708412 581.244230362049 487.981494858953 615.489700129448 251.484424428102 308.836371716489 291.099639832826 104.264482828229 517.628519270438 45.910885646576 538.957254028418 236.501233073497 317.02652676905 485.914900035864 406.115066566831 383.83012984095 131.015772774134 633.265385548998 398.039752320046 229.53654777839 354.724730448783
227.448538982345 626.382197789071 427.564072573821 356.091085091727 756.942997262607 491.539787819073 334.822637445197 113.206153393479 650.596561239352 344.83006371034 467.648537312607 495.906548512501 230.150188761898 351.856821912596 406.409710045756 389.572067782419 178.655063571215 435.389645600961 593.794456401915 0 230.787713904232 345.142731843122 379.295695609559 549.4038602475 279.326577696608 373.92289936853 498.748596007445 133.788441527021 278.858166187023 160.470406282933 138.55074133907 119.759678620047 394.711822144609 462.406784452712 443.228868498223 336.188797313626 605.112032858634 300.125055871945 565.724592662699 90.9605362455498 479.237822690745 423.529918979032 397.04520086932 323.374519346934 231.620099231379 479.823494683701 130.578114663592 222.783730032349 478.081383443062 461.228122658765
91.2937707573709 455.969465095494 257.151339880244 219.936316866753 586.53026456903 332.531161370189 269.700088281543 156.812788100669 480.183828545775 208.675295485366 331.493769087633 325.493815818924 175.381768857346 215.702053687622 270.254941820782 253.417299557445 64.6763234625389 264.976912907383 423.381723708338 230.787713904232 0 208.987963618148 208.882962915981 378.991127553923 224.558157792056 218.329071912081 344.805922767245 117.399046884559 142.703397962049 363.161267035245 227.401188301777 124.97475236127 261.831468505981 397.284235289059 378.106319334569 176.524926238263 446.103406409751 163.97028764697 395.311859969122 179.915918355251 308.825089997168 267.936091522583 260.890432644346 182.189461851809 117.641359122703 309.410761990123 274.224049875831 193.995413618085 307.668650749485 305.634295202316
126.571782795097 593.092992156546 394.274866941296 22.7266293597306 723.653791630082 520.685074023404 463.759595416765 330.226379954504 617.307355606827 21.9819430570196 273.826094064597 462.617342879976 134.42964228652 39.6441458069505 230.303936176153 195.749624534408 258.735830597761 432.579612929111 562.646195241615 345.142731843122 208.987963618148 0 379.183984239524 516.114654614975 183.60603122123 280.301022290205 334.998501999378 290.812638738394 128.900693913778 456.220433647435 224.244331618557 239.32977030016 61.454436776365 591.343742424281 572.165826469791 364.678838891477 634.257319062966 60.350553218826 532.435387030174 353.329510209086 426.807136593178 329.908041900707 181.491299868232 224.961608676548 311.700866257925 446.534289051175 447.637641729666 388.054920753307 425.650697345495 361.605589160092
261.674601815551 289.672313395976 130.152578192341 390.132337488129 423.323524248479 249.517985016726 231.139254805267 305.320769805996 313.886676846257 378.871316106742 390.669854399916 194.412481731828 345.762599915526 385.898074308998 361.742656847854 389.486205857799 213.184305167866 97.1672457782839 233.803978355377 379.295695609559 208.882962915981 379.183984239524 0 231.490611115434 394.938988850236 208.521089128911 324.343072358919 265.907028589885 312.899418583425 511.669248740571 379.970095877185 273.482734066597 432.027489127356 358.723401812783 339.545485858293 166.040577338221 317.677202617005 334.166308268346 215.592902628625 328.423900060578 181.826328309265 247.473241114257 408.88876774749 267.865496299776 252.572230430716 167.674560277984 422.732031581157 318.256541961296 180.669889061582 285.171444793989
398.605272191002 92.2553910483154 138.295942329932 527.063007863579 225.906601900819 175.15680253862 337.925332469264 475.428934443937 116.469754498596 515.801986482193 413.691599428068 161.341395412337 482.693270290977 522.828744684449 392.237248509587 419.980797519531 383.292469805807 153.82111277803 61.8085941333846 549.4038602475 378.991127553923 516.114654614974 231.490611115434 0 531.869659225687 239.015680790643 347.364817387072 436.015193227827 439.244264809615 681.777413378513 534.712689735408 443.590898704538 568.958159502807 299.414732880322 356.766680168709 339.029948285046 152.194791280449 471.096978643797 31.5977859219429 498.532064698519 189.969692446856 270.494986142409 439.383359409223 359.58352594019 431.760438293169 84.4842321474928 592.840196219099 445.970060772266 183.005007151749 308.193189822142
143.19066463579 608.847996767258 410.029871552008 194.554384469835 739.408796240794 536.255268197312 474.231519174963 320.677320663623 633.062360217539 183.293363088448 383.390662966052 478.372347490688 64.2700931260519 190.320121290704 322.151835699201 305.314193435864 269.207754355959 448.334617539823 578.401199852328 279.326577696608 224.558157792056 183.60603122123 394.938988850236 531.869659225687 0 296.056026900918 420.121911400296 281.263579447513 194.600291840468 388.210224756718 154.084782458089 229.780711009279 228.831726508763 601.815666182479 582.637750227989 380.249033065385 649.827513236873 138.588355250052 548.190391640886 343.780450918205 442.56214120389 345.66304651142 302.697409103854 244.747834739784 322.172790016123 462.289293661887 395.488011943826 398.526844511505 441.405701956207 383.361250191152
162.791639866233 315.994018332215 117.175893116965 291.24937553881 446.554817805751 398.89542982252 417.803781051243 338.847805867339 340.208381782496 279.988354157424 196.005681362035 185.518369055645 246.879637966208 287.01511235968 156.423616184818 184.167165194762 246.711341229209 155.48063910478 285.547221417284 373.922899368531 218.329071912081 280.301022290205 208.521089128911 239.015680790644 296.056026900918 0 129.678899321039 299.434064651229 203.430632484846 489.074574828197 298.899057410639 268.109937825568 333.144527178038 523.153360164222 526.210012104269 291.561968659227 375.933418564348 235.283346319028 255.336413205843 361.950936121921 149.708162768847 52.8090680763762 203.569727084454 123.769893615421 295.477845348462 169.435315226844 456.2590676425 371.831899843844 148.551723521163 90.5072717561087
285.808836698826 424.343154928643 225.525029713393 338.254733564539 554.903954402179 507.244566418948 533.625764281252 454.669789097348 448.557518378924 326.816176915789 82.0544783182299 277.707874113006 370.945522465586 313.595182608128 130.431554441163 148.625151092173 362.533324459218 263.829775701208 393.896358013712 498.748596007445 344.805922767245 334.998501999378 324.343072358919 347.364817387072 420.121911400296 129.678899321038 0 415.256047881238 257.614887689261 613.900271467112 422.964941910018 392.935634464483 381.009020670934 631.50249676065 642.031995334278 407.383951889235 484.282555160776 332.949133232597 363.685549802271 477.77291935193 240.340515919382 89.5483850717026 168.027712981864 190.843644797693 411.299828578471 277.784451823272 572.081050872509 487.653883073852 239.184076671699 53.3680246569412
173.118445877617 512.993530769398 314.175405554148 301.760991986999 643.554330242934 375.311379994638 242.902664848228 44.2088788813732 537.207894219679 290.499970605612 413.318444207879 382.517881492828 232.087190512803 297.526728807868 352.079616941028 335.241974677691 65.266396551541 322.000978581287 480.405789382242 133.788441527021 117.399046884559 290.812638738394 265.907028589885 436.015193227827 281.263579447513 299.434064651229 415.256047881238 0 224.528073082295 250.557357815949 171.916947325907 65.4295855153192 343.656143626227 370.486811855744 351.308895901254 219.305144862711 488.883625034199 245.794962767216 452.335925643026 67.3120091359551 365.849155671072 338.386216636575 342.715107764591 269.044426242205 114.736446780464 366.434827664027 161.620140656534 148.072773475682 364.692716423389 376.084420316308
60.2872171389983 516.222602351187 317.404477135936 132.156925478939 646.783401824722 454.400508367306 397.475029760666 263.941814298406 540.436965801468 120.718368830189 206.524700205718 385.746953074616 145.423902905759 115.66601010667 146.273258706484 128.44823067553 192.451264941662 355.709223123751 485.775805436256 278.858166187024 142.703397962049 128.900693913778 312.899418583425 439.244264809615 194.600291840468 203.430632484846 257.614887689261 224.528073082295 0 394.00984164669 197.44332235019 173.045204644061 174.911212585334 525.059176768182 505.881260813692 298.394273235379 567.972753406867 87.1850110227671 455.564997224814 287.044944552987 349.936746787818 236.460426671019 135.92136376243 123.602555169908 245.416300601826 369.663899245816 381.353076073567 321.770355097208 348.780307540135 242.700344209257
342.600214442011 758.755750920084 559.937625704834 467.16878689604 889.31655039362 608.308704108001 451.591553734124 222.028665028051 782.970114370365 455.907765514654 582.800212772273 628.280101643514 339.033835822009 462.934523716909 521.561385505422 504.723743242085 311.028616702227 567.763198731973 722.202602708412 160.470406282933 363.161267035245 456.220433647435 511.669248740571 681.777413378512 388.210224756719 489.074574828197 613.900271467111 250.557357815949 394.00984164669 0 247.434388399181 265.813404486607 503.59546920472 579.17570074164 559.99778478715 465.067365013397 721.880949147562 411.202757676258 698.098145793711 199.783047880122 611.611375821757 538.681594438698 512.196876328986 438.5261948066 360.49866693115 612.197047814713 116.207270138182 339.552646321277 610.454936574074 576.379798118431
146.033695145512 611.69102727698 412.87290206173 235.192684867162 742.251826750516 492.869432713179 384.353228657845 211.330688542018 635.905390727261 223.931663485776 386.233693475774 481.21537800041 104.908393523379 230.958421688032 324.994866208923 308.157223945585 179.329463838841 436.064045868587 581.24423036205 138.55074133907 227.401188301777 224.244331618557 379.970095877185 534.712689735409 154.084782458089 298.899057410639 422.964941910017 171.916947325907 197.44332235019 247.434388399181 0 120.434078887673 269.470026906091 511.937375665361 492.759459710871 336.863197581252 606.44167775274 179.22665564738 551.033422150608 215.094597168247 445.405171713612 348.506077021141 315.630357032486 247.590865249506 232.294499499005 465.132324171609 254.712175586289 308.648553994387 444.248732465929 386.204280700874
121.635577439383 520.56923624611 321.751111030859 250.278123548765 651.130035719646 386.382070902591 277.865866847257 104.84332673143 544.783599696391 239.017102167378 361.835575769645 390.093586969539 180.604322074569 246.043860369634 300.596748502794 283.759106239457 72.8421020282526 329.576684057999 487.981494858953 119.759678620047 124.97475236127 239.32977030016 273.482734066597 443.590898704538 229.780711009279 268.109937825568 392.935634464483 65.4295855153192 173.045204644061 265.813404486607 120.434078887673 0 292.173275187993 405.450013854773 386.272097900283 230.375835770664 499.954315942152 194.312094328982 459.911631119737 127.946456986012 373.424861147783 317.71695743607 291.232239326358 217.561557803971 125.807137688417 374.010533140739 222.254588506591 202.161192183799 372.2684219001 355.415161115803
179.41528768293 645.936497044378 447.118371829128 58.0822804062413 776.497296517914 573.528578911237 516.603100304598 383.069884842337 670.150860494659 67.9924617285751 319.836612736152 515.460847767808 179.655337574053 85.6546644785059 276.314454847708 241.760143205964 311.579335485593 485.423117816943 615.489700129448 394.711822144609 261.831468505981 61.454436776365 432.027489127357 568.958159502807 228.831726508763 333.144527178038 381.009020670934 343.656143626226 174.911212585334 503.59546920472 269.470026906091 292.173275187993 0 644.187247312113 625.009331357624 417.52234377931 687.100823950798 113.194058106658 585.278891918006 406.173015096919 479.65064148101 382.75154678854 227.501818539787 277.805113564381 364.544371145758 499.377793939008 500.481146617498 440.898425641139 478.494202233327 407.616107831648
473.649549563504 347.983471001633 422.43362170351 602.292095672886 481.634681854137 149.750844303354 146.968122050272 372.827221807064 372.197834451915 591.0310742915 697.829278801646 445.479074785915 552.639277247769 598.057832493756 652.610720626915 635.773078363578 345.151584956042 437.358499843505 251.484424428102 462.406784452712 397.284235289059 591.343742424281 358.723401812783 299.414732880322 601.815666182479 523.153360164222 631.50249676065 370.486811855744 525.059176768182 579.17570074164 511.937375665361 405.450013854773 644.187247312114 0 74.0993243750942 275.02546550002 251.162770867252 546.326066453104 283.517024393514 395.930352061646 474.107371820434 554.632665515987 643.246211450478 564.545240657942 289.00417419272 368.621911521071 490.238483582226 255.012850353274 467.142686525328 592.33086919572
454.471633609014 405.335418290021 448.923833402479 583.114179718396 538.986629142524 207.102791591741 127.790206095783 353.649305852575 429.549781740302 571.85315833701 694.671631939276 502.831022074302 533.461361293279 578.879916539266 633.432804672425 616.595162409088 325.973669001552 418.180583889015 308.836371716489 443.228868498223 378.106319334569 572.165826469791 339.545485858293 356.766680168709 582.637750227989 526.21001210427 642.031995334278 351.308895901254 505.881260813692 559.99778478715 492.759459710871 386.272097900283 625.009331357624 74.0993243750942 0 255.84754954553 308.514718155639 527.148150498614 340.868971681901 376.752436107156 500.597583519403 565.162164089616 624.068295495989 545.367324703452 269.82625823823 425.973858809458 471.060567627736 235.834934398784 499.441144271719 602.860367769349
246.9846460307 387.598686406358 253.72177363837 375.627192140083 521.249897258861 177.205741232415 147.441318492504 258.718886078822 411.813049856639 364.366170758696 473.710733930232 322.06424957705 331.072644130675 371.392928960952 425.945817094111 409.108174830774 170.077406871933 244.675675368943 291.099639832826 336.188797313626 176.524926238263 364.678838891477 166.040577338221 339.029948285046 380.249033065385 291.561968659227 407.383951889236 219.305144862711 298.394273235379 465.067365013397 336.863197581252 230.375835770664 417.52234377931 275.02546550002 255.847549545531 0 290.777986271976 319.6611629203 323.132239798238 281.822016333403 305.395523755294 330.514120644573 416.581307917675 321.434620526 113.929996108611 305.98119574825 376.130147853983 179.614307639192 304.239084507611 368.212324324306
516.563126202188 200.76352940176 275.213680103637 645.205672311571 334.414740254263 126.904840525549 289.673370456194 515.532470212986 224.977892852041 633.944650930184 550.609337201773 298.259133186042 600.651124302164 640.97140913244 529.154986283292 556.898535293236 439.655887043421 290.738850551735 104.264482828229 605.112032858634 446.103406409751 634.257319062966 317.677202617005 152.194791280449 649.827513236873 375.933418564348 484.282555160776 488.883625034199 567.972753406867 721.880949147562 606.44167775274 499.954315942152 687.100823950798 251.162770867252 308.514718155639 290.777986271976 0 589.239643091788 136.29708279364 538.635600467568 326.887430220561 407.412723916114 576.301097182928 496.501263713895 383.508476280099 221.401969921198 632.943731988147 397.718098759196 319.922744925454 445.110927595846
81.5541068239194 548.075316185368 349.257190970118 71.2989064674311 678.636115658904 475.667398052227 418.741919445587 285.208703983327 572.289679635649 60.0378850860443 271.776725297815 417.599666908798 89.4119663153421 67.0646432883002 223.462820766308 193.700255767627 213.718154626583 387.561936957933 517.628519270438 300.125055871945 163.97028764697 60.350553218826 334.166308268346 471.096978643797 138.588355250052 235.283346319028 332.949133232597 245.794962767216 87.185011022767 411.202757676258 179.22665564738 194.312094328983 113.194058106658 546.326066453103 527.148150498613 319.6611629203 589.239643091788 0 487.417711058996 308.311834237909 381.789460622 284.89036592953 179.44193110145 179.943932705371 266.683190286747 401.516613079997 402.619965758488 343.037244782129 380.633021374317 319.889906269081
414.926004606201 89.779488202485 154.616674745131 543.383740278779 223.430699054988 159.259094051811 322.027623982455 491.749666859136 113.993851652766 532.122718897392 430.012331843267 177.662127827536 499.014002706176 539.149477099648 408.557980924786 436.301529934731 399.613202221006 170.141845193229 45.910885646576 565.724592662699 395.311859969122 532.435387030174 215.592902628625 31.5977859219429 548.190391640886 255.336413205842 363.685549802271 452.335925643026 455.564997224814 698.098145793712 551.033422150607 459.911631119737 585.278891918006 283.517024393513 340.868971681901 323.132239798237 136.29708279364 487.417711058996 0 514.852797113718 206.290424862055 286.815718557608 455.704091824422 375.904258355389 415.862729806361 100.804964562692 609.160928634298 430.072352285457 199.325739566949 324.513922237341
235.635317348309 575.51040224009 376.69227702484 364.277863457691 706.071201713626 425.063355428007 268.346205054131 38.7833163480572 599.724765690371 353.016842076305 475.835315678571 445.03475296352 294.604061983495 360.043600278561 414.596488411721 397.758846148383 127.783268022233 384.51785005198 538.957254028418 90.9605362455498 179.915918355251 353.329510209086 328.423900060578 498.532064698519 343.780450918205 361.950936121921 477.77291935193 67.3120091359551 287.044944552988 199.783047880121 215.094597168247 127.946456986012 406.173015096919 395.930352061646 376.752436107157 281.822016333404 538.635600467568 308.311834237909 514.852797113718 0 428.366027141764 400.903088107268 405.231979235284 331.561297712898 177.253318251156 428.951699134719 110.845830720707 156.307297641283 427.209587894081 438.601291787
309.297754169205 266.948029988428 68.1299047731772 437.755489841783 358.196035430859 349.849441478732 392.191352466376 405.262896887182 291.162393438709 426.494468460396 306.667297960378 77.4244611691618 393.38575226918 433.521226662652 301.902838697162 330.673279497735 313.126432249052 106.434650760992 236.501233073497 479.237822690745 308.825089997168 426.807136593178 181.826328309265 189.969692446856 442.56214120389 149.708162768847 240.340515919382 365.849155671072 349.936746787818 611.611375821758 445.405171713612 373.424861147783 479.65064148101 474.107371820434 500.597583519403 305.395523755294 326.887430220561 381.789460622 206.290424862055 428.366027141764 0 163.470684674719 350.075841387426 270.276007918394 361.892936368305 120.389326883057 522.674158662343 438.246990863686 38.900663727854 201.168888354452
212.398659476735 347.473323683981 148.655198468731 340.856395149312 478.034123157517 430.374735174285 456.75593303659 377.799957852686 371.687687134262 329.595373767925 155.875167112699 200.838042868344 296.48665757671 336.622131970181 151.110707849482 188.868510438532 285.663493214556 186.959944456546 317.02652676905 423.529918979033 267.936091522583 329.908041900707 247.473241114257 270.494986142409 345.66304651142 52.8090680763762 89.5483850717026 338.386216636576 236.460426671019 538.681594438698 348.506077021141 317.71695743607 382.75154678854 554.632665515988 565.162164089616 330.514120644573 407.412723916114 284.89036592953 286.815718557608 400.903088107268 163.470684674719 0 208.271072328223 169.68918377945 334.429997333809 200.91462057861 495.211219627847 410.78405182919 162.314245427036 50.3767575067728
178.474251821295 516.361696950794 317.543571735544 184.747531433393 646.92249642433 572.587543049602 515.662064442963 382.128848980702 540.576060401075 173.308974784642 106.855305047082 385.886047674224 253.521020169144 160.087980476981 66.4517672425554 28.7788355168939 310.638299623958 355.848317723359 485.914900035864 397.04520086932 260.890432644346 181.491299868232 408.88876774749 439.383359409223 302.697409103854 203.569727084454 168.027712981864 342.715107764591 135.92136376243 512.196876328986 315.630357032486 291.232239326358 227.501818539787 643.246211450478 624.068295495989 416.581307917675 576.301097182928 179.44193110145 455.704091824422 405.231979235284 350.075841387426 208.271072328223 0 190.351419036791 363.603335284123 369.802993845423 499.540110755863 439.957389779504 348.919402139743 205.091383841661
110.434760038314 436.561863481762 237.743738266512 235.909961925153 567.122662955298 477.440855657927 436.961093650426 308.458167458316 460.776226932043 224.648940543767 224.245193253233 306.086214205192 195.571445805074 229.273116313634 145.703342261198 170.9488571471 231.937328831421 276.048484254327 406.115066566831 323.374519346934 182.189461851809 224.961608676548 267.865496299776 359.58352594019 244.747834739784 123.769893615421 190.843644797693 269.044426242205 123.602555169908 438.5261948066 247.590865249506 217.561557803972 277.805113564381 564.545240657942 545.367324703452 321.434620526 496.501263713895 179.943932705371 375.904258355389 331.561297712897 270.276007918394 169.68918377945 190.351419036791 0 284.902364491586 290.003160376391 425.869429233477 361.256418986967 269.119568670711 175.929101317689
194.006673397148 480.329176414481 310.219186251381 322.64921950653 613.980387266984 269.936231240538 161.420027185204 154.150187996575 504.543539864762 311.388198125143 434.20667172741 378.561662190061 272.996401081413 318.414956327399 372.967844460559 356.130202197222 65.5087087896857 318.04475927852 383.83012984095 231.620099231379 117.641359122703 311.700866257925 252.572230430716 431.760438293169 322.172790016123 295.477845348462 411.299828578471 114.736446780464 245.416300601826 360.49866693115 232.294499499005 125.807137688417 364.544371145758 289.00417419272 269.82625823823 113.929996108611 383.508476280099 266.683190286747 415.862729806361 177.253318251157 361.892936368305 334.429997333809 363.603335284122 284.902364491586 0 362.47860836126 271.561449771736 85.7153525217453 360.736497120622 372.128201013541
329.024906627202 161.462569689064 68.7155767661326 457.48264229978 292.0233691626 244.363981179369 380.281667335689 405.848568880138 185.676933139345 446.221620918393 344.111233864268 91.0295265735661 413.112904727178 453.248379120649 322.656882945788 350.400431955732 313.712104242007 84.2407472142304 131.015772774134 479.823494683701 309.410761990123 446.534289051175 167.674560277984 84.4842321474928 462.289293661887 169.435315226844 277.784451823272 366.434827664027 369.663899245816 612.197047814713 465.132324171609 374.010533140739 499.377793939008 368.621911521071 425.973858809458 305.981195748249 221.401969921198 401.516613079997 100.804964562692 428.951699134719 120.389326883056 200.91462057861 369.802993845423 290.003160376391 362.47860836126 0 523.259830655299 438.832662856642 112.693138312978 238.612824258342
329.943448868888 669.818533760669 471.000408545419 458.585994978271 800.379333234205 519.371486948586 362.65433657471 133.091447868637 694.03289721095 447.324973596884 570.143447199151 539.342884484099 346.311623009116 454.35173179914 508.9046199323 492.066977668962 222.091399542813 478.825981572559 633.265385548998 130.578114663592 274.22404987583 447.637641729666 422.732031581157 592.840196219098 395.488011943826 456.259067642501 572.081050872509 161.620140656534 381.353076073567 116.207270138182 254.712175586289 222.254588506591 500.481146617498 490.238483582226 471.060567627736 376.130147853983 632.943731988147 402.619965758488 609.160928634297 110.845830720707 522.674158662343 495.211219627847 499.540110755863 425.869429233477 271.561449771736 523.259830655299 0 250.615429161862 521.51771941466 532.90942330758
270.360727892529 494.538798893577 386.573240746762 399.003274001912 628.190009746081 284.145853719634 127.428703345758 133.204167386701 518.753162343858 387.742252620525 510.560726222792 454.915716685442 349.350455576795 394.769010822781 449.321898955941 432.484256692603 141.862763285067 394.398813773902 398.039752320046 222.783730032349 193.995413618085 388.054920753307 318.256541961296 445.970060772266 398.526844511505 371.831899843844 487.653883073852 148.072773475682 321.770355097208 339.552646321277 308.648553994387 202.161192183799 440.898425641139 255.012850353274 235.834934398784 179.614307639191 397.718098759196 343.037244782129 430.072352285457 156.307297641283 438.246990863686 410.78405182919 439.957389779504 361.256418986968 85.7153525217453 438.832662856642 250.615429161862 0 437.090551616003 448.482255508922
