0 382.753873896455 231.819576935257 113.389809697201 458.751035386394 322.406736576253 257.152272198521 171.827355746086 388.682038648641 104.483466706134 180.659285588918 289.514523510255 52.5108400818014 111.903468643309 128.440794331777 135.380401401779 112.857700935508 241.214284620525 369.430532564411 114.757803201465 62.1169886752389 108.94397078833 207.147688392731 331.247069158001 81.6628942465527 149.79576510789 201.526346465779 131.589380067566 77.6375805585862 225.847447477706 98.5310528129719 78.600126411261 145.817692121985 361.919753116864 337.924651494104 175.113370577483 395.531305508957 68.1040474141717 354.17372355832 176.734576679311 275.403056979326 189.35462163798 147.431224888385 72.2054300262652 156.590479643517 273.731935221058 196.055046495621 224.075323638696 273.029547921081 190.326531879703
382.753873896455 0 161.606821602146 489.242785923312 100.734086512735 165.416384896063 270.113794247082 436.869401013304 30.6650897749821 480.336442932245 377.753777955966 175.329263564234 428.363816307912 487.75644486942 354.355223136324 383.111530023614 352.2459896668 170.22099724288 75.1447177270408 425.619638415159 331.585473867583 484.796947014441 211.465809304129 64.2839480558747 457.515870472663 255.887186274915 328.612205970805 396.631425334783 398.07094187588 536.7092826914 474.384029039083 389.461961624955 521.670668348096 257.912312607973 306.950375544151 311.4091436575 139.960451319761 443.957023640283 66.4397421878739 463.238116375641 215.492288613826 273.926403905246 395.16235351022 342.939320850414 375.814268746362 117.213766605513 506.916881709315 369.372072709259 189.086751163533 305.26183512517
231.819576935257 161.606821602146 0 338.308488962114 237.603983092085 238.555147439125 265.079362794971 285.935104052107 167.534986354333 329.402145971048 226.819480994769 68.3674712159461 277.429519346715 336.822147908223 203.420926175126 232.177233062417 201.311692705602 37.688464736889 148.283480270103 274.685341453962 180.651176906386 333.862650053244 95.5571058043424 110.100016863692 306.581573511466 104.952889313717 177.677909009607 245.697128373586 247.136644914683 385.774985730203 323.449732077885 238.527664663758 370.736371386899 331.051075151035 345.851742090554 185.326083856711 213.099213862824 293.022726679085 133.026671264011 312.303819414443 77.9700477816433 122.992106944049 244.228056549023 192.005023889217 245.044471413611 52.5848829267498 355.982584748118 312.529315408791 56.5517339912824 154.327538163972
113.389809697201 489.242785923312 338.308488962114 0 565.239947413251 428.895648603111 363.641184225378 278.316267772944 495.170950675498 29.5789235291091 212.123293592182 396.003435537112 114.875088017095 35.4384983866061 187.60034145815 166.844409405043 219.346612962365 347.703196647382 475.919444591268 221.246715228323 168.605900702096 27.5258564014434 313.636600419588 437.735981184858 144.027142181846 256.284677134747 258.465479612305 238.078292094423 131.541405790301 332.336359504563 186.617405112265 185.089038438118 49.2249938097361 468.408665143721 444.413563520961 281.60228260434 502.020217535814 58.9976997054748 460.662635585177 283.223488706168 381.891969006183 295.843533664837 151.976390638512 178.694342053122 263.079391670374 380.220847247916 302.543958522478 330.564235665553 379.518459947938 283.030374026491
458.751035386394 100.734086512735 237.603983092085 565.239947413251 0 241.413546386002 346.110955737021 512.866562503243 76.1599009158307 556.333604422185 453.750939445905 216.236054222536 504.360977797852 563.753606359359 430.352384626263 459.108691513553 428.243151156739 246.218158732819 151.14187921698 501.616799905099 407.582635357523 560.794108504381 287.462970794069 140.281109545814 533.513031962603 331.884347764854 404.609367460744 472.628586824723 474.06810336582 612.70644418134 550.381190529022 465.459123114895 597.667829838035 333.909474097912 382.94753703409 387.40630514744 215.957612809701 519.954185130222 142.436903677813 539.23527786558 267.237967474585 349.923565395185 471.159515000159 418.936482340353 451.811430236301 193.210928095452 582.914043199254 445.369234199199 239.728420720678 381.258996615109
322.406736576253 165.416384896063 238.555147439125 428.89564860311 241.413546386002 0 121.933724971798 307.166155716132 171.344549648249 419.989305612044 454.702103792944 252.277589401212 368.016678987711 427.409307549219 431.303548973302 450.111146903094 270.020192369719 247.169323079858 95.704995344022 341.4208220786 271.238336547382 424.44980969424 204.698506666787 141.232273892853 397.168733152462 332.835512111893 405.560531807783 312.432608998224 392.368326059902 452.26659699181 391.001507415105 305.263145288396 461.323531027895 109.732243332689 158.770306268867 163.229074382217 90.3608845534826 383.609886320081 128.90989174409 333.534871078469 292.440614450805 350.874729742225 462.1619703897 386.936175527581 227.634199471078 194.162092442491 381.922695979383 221.192003433976 266.035077000511 382.210160962148
257.152272198521 270.113794247082 265.07936279497 363.641184225378 346.110955737022 121.933724971798 0 194.937467570175 276.041958999269 354.734841234311 430.135566712501 313.254019607427 302.762214609978 362.154843171486 377.91707545536 384.856682525361 157.791504223762 243.131189377894 200.402404695042 229.192133932644 205.98387216965 359.195345316507 179.293296124067 245.929683243873 331.91426877473 328.160460884074 406.948631557193 200.203920852267 327.113861682169 340.037908845854 278.772819269149 193.034457142439 396.069066650162 116.274696343094 92.2795947203346 109.921988410252 195.058293904502 318.355421942349 233.607301095109 221.306182932512 329.660066345071 352.262829491635 396.907506011967 321.681711149848 115.405511325121 292.625632329946 269.694007833426 108.963315288019 305.124767089702 383.598260711559
171.827355746087 436.869401013304 285.935104052107 278.316267772944 512.866562503243 307.166155716132 194.937467570175 0 442.79756576549 269.409924781877 345.58574366466 343.630050627104 215.753480570906 276.829926719052 293.36725240752 300.306859477521 98.1203443072532 295.329811737375 385.634835439376 89.8310430049968 146.312712253141 273.870428864073 261.26321550958 385.36259627485 244.905534735657 294.442400856698 366.452804541522 49.7776409904763 242.564038634329 166.417646703757 181.797144216664 96.058782089955 310.744150197728 299.704948488518 275.709846865759 224.288891067995 380.290724648836 233.030505489914 408.289250675169 47.6859207904158 350.515807602207 318.544769464259 312.357682964127 237.131888102008 139.880103975784 327.847462337908 96.07374569133 94.2650271735654 331.81431340244 349.880200684182
388.682038648641 30.6650897749821 167.534986354332 495.170950675498 76.1599009158308 171.344549648249 276.041958999269 442.79756576549 0 486.264607684432 383.681942708153 181.25742831642 434.291981060099 493.684609621606 360.28338788851 389.039694775801 358.174154418986 176.149161995066 81.0728824792273 431.547803167346 337.51363861977 490.725111766628 217.393974056316 70.2121128080612 463.44403522485 261.815351027101 334.540370722991 402.55959008697 403.999106628067 542.637447443587 480.312193791269 395.390126377142 527.598833100283 263.840477360159 312.878540296337 317.337308409687 145.888616071948 449.885188392469 72.3679069400605 469.166281127827 221.420453366013 279.854568657433 401.090518262407 348.867485602601 381.742433498548 123.141931357699 512.845046461501 375.300237461446 195.014915915719 311.189999877356
104.483466706134 480.336442932245 329.402145971048 29.5789235291091 556.333604422185 419.989305612044 354.734841234311 269.409924781877 486.264607684432 0 202.156333734379 387.097092546045 105.968745026029 25.471538528803 177.633381600347 156.87744954724 210.440269971298 338.796853656316 467.013101600202 212.340372237256 159.69955771103 26.5043803868168 304.730257428522 428.829638193791 135.12079919078 246.865736870611 248.498519754502 229.171949103356 113.892389441352 323.430016513497 177.711062121199 176.182695447052 63.3781017204715 459.502322152654 435.507220529895 272.695939613273 493.113874544748 50.0913567144083 451.75629259411 274.317145715102 372.473028742047 286.424593400702 142.009430780708 169.787999062056 254.173048679307 371.314504256849 293.637615531411 321.657892674487 370.099519683802 272.362325399682
180.659285588918 377.753777955966 226.819480994769 212.123293592182 453.750939445906 454.702103792945 430.135566712501 345.585743664661 383.681942708153 202.156333734379 0 281.784648277261 226.269228000376 187.643630556743 66.1624570330938 57.0015292318334 285.840995449488 253.835421090709 364.430436623923 288.516191120039 235.100283189219 216.730806941036 300.370520160954 326.246973217512 255.421282165127 154.343380304082 61.0241383083765 305.34776798614 151.959671914803 399.60583539628 272.289440731546 252.358514329835 247.807402930031 534.903047630844 510.907946008084 348.096665091462 429.246170216644 235.325434946358 349.173627617831 350.492964597885 248.502938222544 114.835499752529 69.0523527184394 183.84725939908 329.573774157496 268.73183928057 369.813434414194 397.058618152676 246.1294291643 85.5890327225626
289.514523510255 175.329263564234 68.3674712159461 396.003435537112 216.236054222536 252.277589401212 313.254019607427 343.630050627104 181.25742831642 387.097092546045 281.784648277261 0 335.124465921712 394.51709448322 261.115872750124 289.872179637414 259.0066392806 81.8274458449645 162.005922232191 332.38028802896 238.346123481384 391.557596628241 143.731762616799 123.82245882578 364.276520086464 162.647835888715 232.6430762921 303.392074948583 304.83159148968 443.469932305201 381.144678652883 296.222611238756 428.431317961896 344.773517113122 393.811580049301 243.021030431709 226.821655824911 350.717673254083 146.749113226099 369.998765989441 70.7005441268137 177.957274226541 301.92300312402 249.699970464214 302.739417988609 66.3073248888376 413.677531323115 370.224261983788 43.1909973729066 209.292705446465
52.5108400818014 428.363816307912 277.429519346715 114.875088017095 504.360977797852 368.016678987711 302.762214609979 215.753480570906 434.291981060099 105.968745026029 226.269228000375 335.124465921712 0 119.510376374672 174.050736743235 180.990343813236 158.467643346965 286.824227031983 415.040474975869 158.683928026285 107.726931086697 110.429249108225 252.757630804189 376.857011569458 35.7847011040862 195.405707519347 247.136288877237 175.515504892385 123.247522970044 269.773572302526 91.2329019136661 122.526251236081 147.302970441879 407.529695528321 383.534593905562 220.72331298894 441.141247920415 66.0666527180995 399.783665969777 220.66070150413 321.012999390783 234.964564049438 193.041167299842 117.815372437723 202.200422054974 319.341877632516 239.98117132044 269.685266050154 318.639490332539 235.93647429116
111.903468643309 487.75644486942 336.822147908222 35.4384983866061 563.753606359359 427.409307549219 362.154843171486 276.829926719052 493.684609621606 25.471538528803 187.643630556743 394.51709448322 119.510376374672 0 163.120678422711 142.364746369604 217.860271908473 346.21685559349 474.433103537377 219.760374174431 167.119559648204 40.0460117354598 312.150259365696 436.249640130966 148.662430539423 244.457676973937 233.985816576866 236.591951040531 111.484329544678 330.850018450671 185.131064058374 183.602697384226 71.1226077244547 466.922324089829 442.927222467069 280.115941550448 500.533876481922 63.6329880630513 459.176294531285 281.737147652276 370.064968845373 284.016533504028 127.496727603073 177.20800099923 261.593050616482 378.734506194024 301.057617468586 329.077894611662 367.691459787128 258.550710991052
128.440794331777 354.355223136324 203.420926175126 187.60034145815 430.352384626263 431.303548973303 377.91707545536 293.36725240752 360.28338788851 177.633381600347 66.1624570330937 261.115872750124 174.050736743235 163.120678422711 0 37.7688716502303 233.622504192347 230.436866271067 341.031881804281 236.297699862899 182.881791932078 192.207854807004 270.908814364083 302.84841839787 203.202790907986 109.42518658468 112.504643053216 253.129276728999 99.7411806576624 347.38734413914 220.070949474405 200.140023072694 223.284450795999 482.684556373703 458.689454750944 295.878173834322 405.847615397002 183.106943689217 325.775072798189 298.274473340744 235.032478456117 138.760624620915 49.8196951368363 127.514000039578 277.355282900356 245.333284460928 317.594943157054 344.840126895536 232.658969397872 117.760957704961
135.380401401779 383.111530023614 232.177233062417 166.844409405043 459.108691513554 450.111146903094 384.856682525362 300.306859477521 389.039694775801 156.87744954724 57.0015292318334 289.872179637414 180.990343813236 142.364746369604 37.7688716502303 0 240.562111262349 259.193173158357 369.788188691571 243.2373069329 189.82139900208 171.451922753897 299.665121251373 331.60472528516 210.142397977988 138.181493471971 103.343715251956 260.068883799001 106.680787727664 354.326951209141 227.010556544407 207.079630142696 202.528518742892 489.624163443705 465.629061820945 302.817780904324 434.603922284292 190.046550759219 354.531379685479 305.214080410746 263.788785343407 157.155076696108 23.7734685313003 142.240954760272 284.294889970357 274.089591348218 324.534550227056 351.779733965537 261.415276285162 127.908609666142
112.857700935508 352.2459896668 201.311692705602 219.346612962365 428.243151156739 270.020192369719 157.791504223762 98.1203443072532 358.174154418986 210.440269971298 285.840995449488 259.0066392806 158.467643346965 217.860271908473 233.622504192347 240.562111262349 0 210.70640039087 338.922648334756 86.8705817091091 61.6893009066365 214.900774053494 176.639804163076 300.739184928346 187.619697511717 209.818989510194 288.607160183313 57.8823686287325 182.819290419156 197.96022598535 136.451267045614 50.7129049189047 251.774495387149 262.558985142105 238.563883519346 141.638498760969 343.144761302423 174.060850679336 323.665839328665 124.48905966959 265.892396255702 233.921358117755 252.612934748955 177.387139886835 57.2297116687577 243.224050991403 168.167825003265 124.714555663938 247.190902055936 265.256789337678
241.214284620525 170.22099724288 37.688464736889 347.703196647382 246.218158732819 247.169323079858 243.131189377894 295.329811737375 176.149161995066 338.796853656316 253.835421090709 81.8274458449645 286.824227031983 346.21685559349 230.436866271067 259.193173158357 210.70640039087 0 156.897655910836 284.08004913923 190.045884591654 343.257357738512 73.6089323872663 118.714192504426 315.976281196734 131.968829409658 204.693849105548 255.091836058854 274.152585010623 395.169693415471 332.844439763154 247.922372349026 380.131079072167 339.665250791768 323.903568673478 177.621854824502 221.713389503557 302.417434364353 141.640846904745 321.698527099711 100.103730777533 150.008047039989 271.243996644963 219.020963985157 254.439179098879 61.1990585674834 365.377292433386 321.924023094059 73.6981933272391 181.343478259913
369.430532564412 75.1447177270408 148.283480270103 475.919444591269 151.14187921698 95.704995344022 200.402404695042 385.634835439376 81.0728824792273 467.013101600202 364.430436623923 162.005922232191 415.040474975869 474.433103537377 341.031881804281 369.788188691571 338.922648334756 156.897655910836 0 412.296297083116 318.26213253554 471.473605682398 183.664291691323 50.9606067238315 444.19252914062 242.563844942872 315.288864638762 383.30808400274 384.747600543837 523.385941359357 461.06068770704 376.138620292912 508.347327016053 188.200923055932 237.238985992111 241.69775410546 70.2490617677209 430.633682308239 38.638224575068 412.003550801712 202.168947281783 260.603062573203 381.839012178177 329.615979518371 306.102879194321 103.890425273469 460.391375702627 299.660683157219 175.763409831489 291.938493793127
114.757803201465 425.61963841516 274.685341453962 221.246715228323 501.616799905099 341.420822078601 229.192133932644 89.8310430049968 431.547803167346 212.340372237256 288.516191120039 332.38028802896 158.683928026285 219.760374174431 236.297699862899 243.2373069329 86.8705817091091 284.080049139231 412.296297083117 0 135.062949654997 216.800876319452 250.013452911436 374.112833676706 187.835982191036 257.652670639011 309.383251996901 91.9784832016387 185.494486089708 115.699331849381 116.195307976909 38.9892295453338 253.674597653107 333.959614850987 309.964513228228 213.039128469851 414.545391011305 175.960952945293 397.039488077025 66.5864610509858 339.266045004063 297.211527169102 255.288130419506 180.062335557387 128.63034137764 316.597699739764 85.9069308672955 162.778864750483 320.564550804296 298.183437410824
62.1169886752389 331.585473867583 180.651176906386 168.605900702096 407.582635357523 271.238336547382 205.98387216965 146.312712253141 337.51363861977 159.69955771103 235.100283189219 238.346123481384 107.726931086697 167.119559648204 182.881791932078 189.82139900208 61.6893009066365 190.045884591654 318.26213253554 135.062949654997 0 164.160061793226 155.97928836386 280.07866912913 136.878985251448 182.84959056823 255.96734406608 106.07473657462 132.078578158887 246.152593931238 153.747143817867 98.9052728647923 201.03378312688 310.751353087993 286.756251465233 123.944970548611 344.362905480086 123.320138419067 303.005323529449 172.681427615477 245.231880456486 213.260842318538 201.872222488686 126.646427626566 105.422079614645 222.563535192187 216.360192949152 172.906923609825 226.53038625672 244.596273538462
108.94397078833 484.796947014441 333.862650053244 27.5258564014434 560.79410850438 424.44980969424 359.195345316507 273.870428864073 490.725111766628 26.5043803868169 216.730806941036 391.557596628241 110.429249108225 40.0460117354598 192.207854807004 171.451922753897 214.900774053494 343.257357738512 471.473605682398 216.800876319452 164.160061793226 0 309.190761510718 433.290142275987 139.581303272976 251.838838225876 263.072992961158 233.632453185552 128.466862648009 327.890520595693 182.171566203395 180.643199529248 49.0973938896851 463.96282623485 439.967724612091 277.156443695469 497.574378626944 54.5518607966043 456.216796676306 278.777649797298 377.446130097312 291.397694755967 156.583903987365 174.248503144252 258.633552761503 375.775008339045 298.098119613607 326.118396756683 375.072621039068 286.936798606338
207.147688392731 211.465809304129 95.5571058043423 313.636600419588 287.462970794069 204.698506666787 179.293296124067 261.26321550958 217.393974056316 304.730257428522 300.370520160954 143.731762616799 252.757630804189 312.150259365696 270.908814364082 299.665121251373 176.639804163076 73.6089323872663 183.664291691323 250.013452911436 155.97928836386 309.190761510718 0 180.61850927626 281.90968496894 172.440777502673 251.228948175793 221.02523983106 277.109277876379 361.103097187677 298.777843535359 213.855776121232 346.064482844372 284.06077704241 260.06567541965 113.783961570674 246.148962552002 268.350838136559 168.407482685231 287.631930871917 160.137809354442 196.543146110234 311.715944737979 220.742521675872 197.100759049556 123.103375339318 331.310696205592 260.198123844364 135.602510099074 227.878577330158
331.247069158001 64.2839480558747 110.100016863692 437.735981184858 140.281109545814 141.232273892853 245.929683243873 385.36259627485 70.2121128080612 428.829638193791 326.246973217512 123.82245882578 376.857011569458 436.249640130966 302.84841839787 331.60472528516 300.739184928346 118.714192504426 50.9606067238315 374.112833676706 280.078669129129 433.290142275987 180.61850927626 0 406.00906573421 204.380381536461 277.105401232351 345.124620596329 346.564137137426 485.202477952946 422.877224300629 337.955156886501 470.163863609642 233.728201604763 282.766264540942 284.631431713496 115.776340316552 392.450218901829 35.7037977177398 411.731311637187 163.985483875372 222.419599166792 343.655548771766 291.43251611196 344.471963636354 65.7069618670587 455.410076970861 345.18796170605 137.579946425079 253.755030386716
81.6628942465526 457.515870472663 306.581573511466 144.027142181846 533.513031962603 397.168733152462 331.91426877473 244.905534735657 463.44403522485 135.12079919078 255.421282165127 364.276520086464 35.7847011040862 148.662430539423 203.202790907986 210.142397977988 187.619697511717 315.976281196734 444.19252914062 187.835982191036 136.878985251448 139.581303272976 281.90968496894 406.00906573421 0 224.557761684098 276.288343041988 204.667559057136 152.399577134795 298.925626467277 120.384956078417 151.678305400832 176.455024606631 436.681749693073 412.686648070313 249.875367153692 470.293302085166 95.2187068828507 428.935720134529 249.812755668882 350.165053555534 264.116618214189 222.193221464594 146.967426602474 231.352476219726 348.493931797267 269.133225485191 298.837320214905 347.79154449729 265.088528455911
149.79576510789 255.887186274915 104.952889313717 256.284677134747 331.884347764854 332.835512111893 328.160460884074 294.442400856698 261.815351027101 246.865736870611 154.343380304082 162.647835888715 195.405707519347 244.457676973937 109.42518658468 138.181493471971 209.818989510194 131.968829409658 242.563844942872 257.652670639011 182.84959056823 251.838838225876 172.440777502674 204.380381536461 224.557761684099 0 105.201808318921 254.204425178177 153.140905324237 368.742314915252 241.425920250518 221.494993848807 288.712559559531 425.331439823803 408.932840179658 234.174180857268 307.379578535592 210.998914851717 227.30703593678 319.629444116857 136.564441594708 50.516006253362 150.232316958577 98.0092842987706 253.551768218203 146.865247599519 338.949913933166 321.036612213382 134.190932536463 81.8514374732856
201.526346465779 328.612205970805 177.677909009607 258.465479612305 404.609367460744 405.560531807783 406.948631557194 366.452804541522 334.540370722991 248.498519754502 61.0241383083765 232.6430762921 247.136288877237 233.985816576866 112.504643053216 103.343715251956 288.607160183313 204.693849105548 315.288864638762 309.383251996901 255.96734406608 263.072992961158 251.228948175793 277.105401232351 276.288343041988 105.201808318921 0 326.214828863001 189.837308439385 420.472896273141 293.156501608407 273.225575206697 294.149588950153 498.056459519693 487.721010852777 312.962351530388 380.104598231482 262.729496209607 300.03205563267 371.360025474746 199.361366237383 65.6939277673672 115.394538738562 134.705687413918 332.339938891322 219.590267295409 390.680495291056 399.824782886502 196.987857179138 36.4474607374012
131.589380067566 396.631425334783 245.697128373586 238.078292094423 472.628586824723 312.432608998224 200.203920852267 49.7776409904763 402.55959008697 229.171949103357 305.34776798614 303.392074948583 175.515504892385 236.591951040531 253.129276728999 260.068883799001 57.8823686287325 255.091836058854 383.30808400274 91.9784832016387 106.07473657462 233.632453185552 221.02523983106 345.124620596329 204.667559057137 254.204425178177 326.214828863002 0 202.326062955808 194.878082266154 141.559168538143 55.8208064114343 270.506174519207 304.97140177061 280.976300147851 184.050915389474 385.557177930928 192.792529811394 368.051274996648 76.146356352813 310.277831923686 278.306793785738 272.119707285607 196.893912423487 99.6421282972631 287.609486659387 124.534181253727 122.725462735963 291.57633772392 309.642225005662
77.6375805585861 398.07094187588 247.136644914683 131.541405790301 474.06810336582 392.368326059902 327.113861682169 242.564038634329 403.999106628067 113.892389441352 151.959671914803 304.83159148968 123.247522970044 111.484329544678 99.7411806576624 106.680787727664 182.819290419156 274.152585010623 384.747600543837 185.494486089708 132.078578158887 128.466862648009 277.109277876379 346.564137137426 152.399577134795 153.140905324237 189.837308439385 202.326062955808 0 296.584130365949 169.267735701214 149.336809299503 165.340583981663 431.881342600512 407.886240977753 245.074960061131 449.563334136558 103.533320926533 369.490791537745 247.471259567553 278.748197195673 192.699761854328 106.224956525498 130.71639934976 226.552069127165 289.049003200484 266.791729383863 294.036913122345 276.374688137429 178.637493853308
225.847447477706 536.709282691401 385.774985730203 332.336359504563 612.70644418134 452.266596991811 340.037908845854 166.417646703757 542.637447443587 323.430016513497 399.60583539628 443.469932305201 269.773572302526 330.850018450671 347.387344139139 354.326951209141 197.96022598535 395.169693415471 523.385941359358 115.699331849381 246.152593931238 327.890520595693 361.103097187677 485.202477952947 298.925626467277 368.742314915252 420.472896273142 194.878082266154 296.584130365949 0 227.28495225315 150.078873821575 364.764241929348 444.805389764197 420.810288141437 324.128772746092 525.391165924514 287.050597221534 508.129132353266 143.173064749746 450.355689280304 408.301171445343 366.377774695747 291.151979833628 239.719985653881 427.687344016005 81.3059750146889 239.365468449243 431.654195080537 409.273081687065
98.5310528129719 474.384029039083 323.449732077885 186.617405112265 550.381190529022 391.001507415106 278.772819269149 181.797144216664 480.312193791269 177.711062121199 272.289440731546 381.144678652883 91.2329019136661 185.131064058374 220.070949474405 227.010556544407 136.451267045614 332.844439763154 461.06068770704 116.195307976909 153.747143817867 182.171566203395 298.777843535359 422.877224300629 120.384956078417 241.425920250518 293.156501608407 141.559168538143 169.267735701214 227.28495225315 0 88.5699148818386 219.04528753705 383.540300187492 359.545198564732 262.619813806356 464.126076347809 141.331642829236 445.803878700948 178.172081454755 367.033212121954 280.984776780608 239.061380031013 163.835585168893 178.211026714144 365.362090363687 197.492551271065 245.695870709324 364.659703063709 281.956687022331
78.600126411261 389.461961624955 238.527664663758 185.089038438118 465.459123114895 305.263145288397 193.034457142439 96.0587820899549 395.390126377142 176.182695447052 252.358514329835 296.222611238756 122.526251236081 183.602697384226 200.140023072694 207.079630142696 50.7129049189047 247.922372349026 376.138620292912 38.9892295453338 98.9052728647923 180.643199529248 213.855776121232 337.955156886501 151.678305400832 221.494993848807 273.225575206697 55.8208064114343 149.336809299503 150.078873821575 88.5699148818387 0 217.516920862902 297.801938060783 273.806836438023 176.881451679647 378.3877142211 139.803276155089 360.88181128682 100.966003023179 303.108368213858 261.053850378898 219.130453629302 143.904658767183 92.4726645874353 280.440022949559 120.286472839489 159.957508582615 284.406874014092 262.02576062062
145.817692121985 521.670668348096 370.736371386899 49.224993809736 597.667829838035 461.323531027895 396.069066650162 310.744150197728 527.598833100282 63.3781017204715 247.807402930031 428.431317961896 147.302970441879 71.1226077244547 223.284450795999 202.528518742892 251.774495387149 380.131079072167 508.347327016053 253.674597653107 201.03378312688 49.0973938896851 346.064482844372 470.163863609642 176.455024606631 288.712559559531 294.149588950153 270.506174519207 165.340583981663 364.764241929348 219.04528753705 217.516920862902 0 500.836547568505 476.841445945746 314.030165029124 534.448099960598 91.425582130259 493.090518009961 315.651371130952 414.319851430967 328.271416089622 187.66049997636 211.122224477907 295.507274095158 412.6487296727 334.971840947262 362.992118090338 411.946342372722 318.714483364339
361.919753116864 257.912312607973 331.051075151034 468.408665143721 333.909474097912 109.732243332689 116.274696343094 299.704948488518 263.840477360159 459.502322152654 534.903047630844 344.773517113122 407.529695528321 466.922324089829 482.684556373703 489.624163443704 262.558985142105 339.665250791768 188.200923055932 333.959614850987 310.751353087993 463.96282623485 284.06077704241 233.728201604763 436.681749693073 425.331439823803 498.056459519693 304.97140177061 431.881342600512 444.805389764197 383.540300187492 297.801938060782 500.836547568505 0 62.1137908993976 214.689469328595 182.856812265393 423.122902860692 221.405819456 326.073663850855 384.936542162715 443.370657454134 501.67498693031 426.449192068191 220.172992243464 286.658020154401 374.461488751769 213.730796206362 358.531004712421 474.706088674058
337.924651494104 306.950375544151 345.851742090554 444.413563520962 382.947537034091 158.770306268867 92.2795947203346 275.709846865759 312.878540296338 435.507220529895 510.907946008084 393.811580049301 383.534593905562 442.92722246707 458.689454750944 465.629061820945 238.563883519346 323.903568673478 237.238985992111 309.964513228227 286.756251465233 439.967724612091 260.06567541965 282.766264540942 412.686648070313 408.932840179657 487.721010852777 280.976300147851 407.886240977753 420.810288141437 359.545198564732 273.806836438023 476.841445945746 62.1137908993976 0 190.694367705835 231.894875201571 399.127801237932 270.443882392178 302.078562228096 410.432445640654 433.035208787218 477.679885307551 402.454090445432 196.177890620705 335.69608309058 350.46638712901 189.735694583602 385.897146385286 464.370640007142
175.113370577483 311.4091436575 185.326083856711 281.60228260434 387.40630514744 163.229074382217 109.921988410252 224.288891067995 317.337308409687 272.695939613273 348.096665091462 243.021030431709 220.72331298894 280.115941550448 295.878173834322 302.817780904323 141.638498760969 177.621854824502 241.69775410546 213.039128469851 123.944970548611 277.156443695469 113.783961570674 284.631431713496 249.875367153692 234.174180857268 312.962351530388 184.050915389474 245.074960061131 324.128772746092 262.619813806356 176.881451679647 314.030165029124 214.689469328595 190.694367705835 0 236.35364331492 236.316520321311 272.420405122467 250.657606430332 249.906787406811 258.276549464829 314.868604390929 239.64280952881 99.2525058623281 227.116297776554 294.336371764006 162.349870657136 231.205293207045 289.611980684753
395.531305508957 139.960451319761 213.099213862823 502.020217535814 215.957612809701 90.3608845534825 195.058293904502 380.290724648836 145.888616071948 493.113874544748 429.246170216643 226.821655824911 441.141247920414 500.533876481922 405.847615397001 434.603922284292 343.144761302422 221.713389503557 70.2490617677209 414.545391011304 344.362905480086 497.574378626943 246.148962552002 115.776340316552 470.293302085166 307.379578535592 380.104598231482 385.557177930928 449.563334136558 525.391165924514 464.126076347809 378.3877142211 534.448099960598 182.856812265393 231.894875201571 236.35364331492 0 456.734455252785 103.453958167789 406.659440011173 266.984680874504 325.418796165923 446.654745770898 394.431713111092 300.758768403782 168.70615886619 455.047264912087 294.316572366679 240.57914342421 356.754227385847
68.1040474141717 443.957023640283 293.022726679085 58.9976997054747 519.954185130222 383.609886320081 318.355421942349 233.030505489914 449.885188392469 50.0913567144083 235.325434946358 350.717673254083 66.0666527180995 63.6329880630513 183.106943689217 190.046550759219 174.060850679336 302.417434364353 430.633682308239 175.960952945293 123.320138419067 54.5518607966043 268.350838136559 392.450218901829 95.2187068828507 210.998914851717 262.729496209607 192.792529811394 103.533320926533 287.050597221534 141.331642829236 139.803276155089 91.4255821302589 423.122902860692 399.127801237932 236.316520321311 456.734455252785 0 415.376873302148 237.937726423139 336.606206723154 250.557771381808 178.921054291229 133.408579770093 217.793629387345 334.935084964886 257.258196239449 285.278473382524 334.232697664909 251.52968162353
354.17372355832 66.4397421878739 133.026671264011 460.662635585177 142.436903677813 128.90989174409 233.607301095109 408.289250675169 72.3679069400605 451.75629259411 349.173627617831 146.749113226099 399.783665969777 459.176294531285 325.775072798189 354.531379685479 323.665839328665 141.640846904745 38.638224575068 397.039488077025 303.005323529449 456.216796676306 168.407482685231 35.7037977177398 428.935720134529 227.30703593678 300.03205563267 368.051274996648 369.490791537746 508.129132353266 445.803878700948 360.88181128682 493.090518009961 221.405819456 270.443882392178 272.420405122467 103.453958167789 415.376873302148 0 434.657966037506 186.912138275691 245.346253567111 366.582203172085 314.359170512279 339.307775594389 88.6336162673777 478.33673137118 332.865579557287 160.506600825398 276.681684787035
176.734576679311 463.238116375641 312.303819414443 283.223488706168 539.23527786558 333.534871078469 221.306182932512 47.6859207904158 469.166281127827 274.317145715102 350.492964597885 369.998765989441 220.660701504131 281.737147652276 298.274473340744 305.214080410746 124.48905966959 321.698527099711 412.003550801712 66.5864610509858 172.681427615477 278.777649797298 287.631930871917 411.731311637187 249.812755668882 319.629444116857 371.360025474747 76.146356352813 247.471259567553 143.173064749746 178.172081454755 100.966003023179 315.651371130953 326.073663850855 302.078562228096 250.657606430332 406.659440011173 237.937726423139 434.657966037506 0 376.884522964544 344.913484826595 317.264903897352 242.039109035233 166.24881933812 354.216177700244 72.829163737319 120.633742535902 358.183028764777 360.16021088867
275.403056979326 215.492288613826 77.9700477816433 381.891969006183 267.237967474585 292.440614450805 329.660066345071 350.515807602207 221.420453366013 372.473028742047 248.502938222544 70.7005441268137 321.012999390783 370.064968845373 235.032478456117 263.788785343407 265.892396255702 100.103730777533 202.168947281783 339.266045004062 245.231880456486 377.446130097312 160.137809354442 163.985483875372 350.165053555534 136.564441594708 199.361366237383 310.277831923686 278.748197195673 450.355689280303 367.033212121954 303.108368213858 414.319851430967 384.936542162715 410.432445640654 249.906787406811 266.984680874504 336.606206723154 186.912138275691 376.884522964543 0 144.675564171824 275.839608830013 223.616576170207 309.625174963711 106.47034993843 420.563288298218 377.110018958891 35.045325013852 176.010995391748
189.35462163798 273.926403905246 122.992106944049 295.843533664837 349.923565395186 350.874729742225 352.262829491635 318.544769464259 279.854568657433 286.424593400702 114.835499752529 177.957274226541 234.964564049438 284.016533504028 138.760624620915 157.155076696108 233.921358117755 150.008047039989 260.603062573203 297.211527169102 213.260842318538 291.397694755967 196.543146110234 222.419599166792 264.116618214189 50.516006253362 65.6939277673672 278.306793785738 192.699761854328 408.301171445342 280.984776780608 261.053850378897 328.271416089622 443.370657454135 433.035208787219 258.276549464829 325.418796165924 250.557771381808 245.346253567111 344.913484826596 144.675564171824 0 169.205900182714 137.568140828861 277.654136825763 164.90446522985 378.508770463257 345.138980820943 142.30205511358 42.3435569217322
147.431224888385 395.16235351022 244.228056549023 151.976390638512 471.15951500016 462.1619703897 396.907506011968 312.357682964127 401.090518262407 142.009430780709 69.0523527184394 301.92300312402 193.041167299842 127.496727603073 49.8196951368363 23.7734685313003 252.612934748955 271.243996644963 381.839012178177 255.288130419506 201.872222488686 156.583903987365 311.715944737979 343.655548771766 222.193221464594 150.232316958577 115.394538738562 272.119707285607 106.224956525498 366.377774695747 239.061380031013 219.130453629302 187.66049997636 501.674986930311 477.679885307551 314.868604390929 446.654745770898 178.921054291229 366.582203172085 317.264903897352 275.839608830013 169.205900182714 0 154.291778246877 296.345713456963 286.140414834824 336.585373713662 363.830557452143 273.466099771768 139.959433152748
72.2054300262653 342.939320850414 192.005023889217 178.694342053122 418.936482340354 386.936175527581 321.681711149848 237.131888102008 348.867485602601 169.787999062056 183.84725939908 249.699970464214 117.815372437723 177.208000999231 127.514000039578 142.240954760271 177.387139886835 219.020963985157 329.615979518371 180.062335557387 126.646427626566 174.248503144252 220.742521675872 291.43251611196 146.967426602474 98.0092842987706 134.705687413918 196.893912423487 130.71639934976 291.151979833628 163.835585168893 143.904658767182 211.122224477907 426.449192068191 402.454090445432 239.64280952881 394.431713111092 133.408579770093 314.359170512279 242.039109035232 223.616576170207 137.568140828861 154.291778246877 0 221.119918594844 233.917382175018 261.359578851542 288.604762590024 221.243067111962 123.505872827841
156.590479643517 375.814268746362 245.044471413611 263.079391670374 451.811430236301 227.634199471078 115.405511325121 139.880103975784 381.742433498548 254.173048679307 329.573774157496 302.739417988609 202.200422054974 261.593050616482 277.355282900356 284.294889970357 57.2297116687577 254.439179098879 306.102879194321 128.63034137764 105.422079614645 258.633552761503 197.100759049556 344.471963636354 231.352476219726 253.551768218202 332.339938891322 99.6421282972631 226.552069127165 239.719985653881 178.211026714144 92.4726645874353 295.507274095158 220.172992243464 196.177890620705 99.2525058623281 300.758768403782 217.793629387345 339.307775594389 166.24881933812 309.625174963711 277.654136825763 296.345713456963 221.119918594844 0 286.956829699412 209.927584671795 82.3285627652966 290.923680763945 308.989568045687
273.731935221058 117.213766605513 52.5848829267498 380.220847247915 193.210928095452 194.162092442491 292.625632329946 327.847462337908 123.141931357699 371.314504256849 268.73183928057 66.3073248888376 319.341877632516 378.734506194024 245.333284460928 274.089591348218 243.224050991403 61.1990585674834 103.890425273469 316.597699739763 222.563535192187 375.775008339045 123.103375339318 65.7069618670587 348.493931797267 146.865247599519 219.590267295409 287.609486659387 289.049003200484 427.687344016004 365.362090363686 280.440022949559 412.6487296727 286.658020154401 335.69608309058 227.116297776554 168.70615886619 334.935084964886 88.6336162673777 354.216177700245 106.47034993843 164.90446522985 286.140414834824 233.917382175018 286.956829699412 0 397.894943033919 354.441673694592 80.0648124881364 196.239896449774
196.055046495621 506.916881709315 355.982584748118 302.543958522478 582.914043199254 381.922695979383 269.694007833426 96.07374569133 512.845046461502 293.637615531411 369.813434414195 413.677531323115 239.98117132044 301.057617468586 317.594943157054 324.534550227055 168.167825003264 365.377292433386 460.391375702627 85.9069308672955 216.360192949152 298.098119613607 331.310696205592 455.410076970861 269.133225485191 338.949913933166 390.680495291056 124.534181253727 266.791729383863 81.3059750146889 197.492551271065 120.286472839489 334.971840947262 374.461488751769 350.46638712901 294.336371764006 455.047264912087 257.258196239449 478.33673137118 72.829163737319 420.563288298218 378.508770463257 336.585373713661 261.359578851542 209.927584671795 397.894943033919 0 169.021567436816 401.861794098452 379.48068070498
224.075323638696 369.372072709259 312.529315408791 330.564235665553 445.369234199199 221.192003433976 108.963315288019 94.2650271735653 375.300237461446 321.657892674487 397.058618152676 370.224261983788 269.685266050154 329.077894611662 344.840126895535 351.779733965537 124.714555663938 321.924023094059 299.660683157219 162.778864750483 172.906923609825 326.118396756683 260.198123844364 345.18796170605 298.837320214905 321.036612213382 399.824782886502 122.725462735962 294.036913122345 239.365468449243 245.695870709324 159.957508582615 362.992118090338 213.730796206362 189.735694583602 162.349870657136 294.316572366679 285.278473382524 332.865579557287 120.633742535902 377.110018958891 345.138980820943 363.830557452143 288.604762590024 82.3285627652966 354.441673694592 169.021567436816 0 358.408524759125 376.474412040867
