4.374227508979363;4.026479668837963;3.812559982754983;2.5057344988321346;1.5516695845492217;1.7672135369571462;2.5847550900184384;2.6667461607805976;2.6866240817142573;2.7523807999868697;4.340042362104121;3.4460039642590647;2.321096890023314;4.2497289568959;7.06939119228245;3.965487543388633;5.968719721666616;5.307840320821311;4.73025359251949;2.757511026317001;3.4093325439216837;7.193383669405704;5.541435742323794;6.532994777584667;2.5848696013942383;2.90251018021703;2.6381876109429605;1.8759187818999146;2.6987571744917647;6.801925284179107;3.5934449510857056;3.0229602354036893;1.9183634532646519;1.6343785002856008;1.5314616737226856;1.6831932600034443;2.7944716940181413;2.458039596720981;2.9760632117744947;4.135199758573686;3.6591424308166722;2.5752701799842557;2.4901525625861156;2.411233829486475;2.9593716791476643;2.7407984463070405;2.342585530673649;1.4848080589264914;1.458042188297986;2.7753321040711665;5.820523020883426;4.9298673287345265;2.3623273512213725;2.7176813649557188;2.2123339853288173;3.118772804056809;1.8138595966703466;1.6654498660841661;2.879629442465186;2.3365234446316783;2.188498566757689;2.178572025171794;1.914804441062288;2.850452606963122;2.4847656398550857;3.0935829761706004;3.827450135014245;3.0393640064330145;4.130352636605475;9.812428818903635;3.0411330071947402;3.713958781063641;2.963828726167953;3.5878301181040912;10.281498087157166;7.023219408206824;3.3490035512696603;2.282781506673701;2.8901063882185634;2.7620120536084696;4.620525399002277;6.49024868250728;2.6091470475243423;2.2351056968391814;1.6272860123146318;1.3720212046577762;1.6081983858954758;2.291650520240066;5.8624060014326576;4.716311633648731;4.0686992505539665;7.991227199193224;2.919140307065151;2.912193694411995;2.2604793932104608;1.575448286146734;1.93760570377455;2.216815994673911;3.3188777957873428;5.673777199593405
2.994731845595883;3.9025078317495905;4.492910946048759;2.4321390759414183;2.242229089520354;3.353017719170705;5.9832258839396415;9.501320643579481;5.693578223760948;4.622703090542456;4.584994474602383;3.697826770638959;3.9995882046555398;4.344145458751655;6.050592770850616;5.687864693530993;6.845229572199849;8.232213017534317;7.104638558714421;4.922138282532057;4.13848878579844;6.354559479286644;12.255924736003193;6.316846582181769;5.251405784293142;3.2346882034634232;2.9610293713892863;2.999023416754783;4.275091006643097;5.118210403638766;9.535327653804407;5.705834783654437;5.373013219024075;3.511019017269189;2.7010017377165614;2.7802128358385825;3.527352855527966;5.250200233399181;3.984352107158672;4.738279236418657;7.557041594875527;3.8884111725405637;4.01951968248978;6.888365218510696;5.659210044291978;6.665149323173585;3.0717200749713682;1.9946297207786368;1.9213279496700966;3.0799355370003147;6.134237229770461;4.1321492524796675;3.190304276014633;2.9754893803015294;3.5455953702648633;3.0064400301428935;2.64847733921117;3.0014860264912837;2.926183920507848;3.5784151793675396;4.497250804866396;5.815059231477788;4.329003084841003;4.791106943798118;5.567744761048366;6.048269115583041;4.7760748485313735;5.7976176261763355;6.435579954343516;5.152681610852064;3.3213036729182233;2.2659802191857628;2.6759925948291263;4.513890284077429;4.062969400275851;5.171193677720098;5.497164944039521;3.565738280529017;4.20157821605067;7.66439666201321;5.984274337018894;5.432218092766577;3.1377820040691535;3.778728321593226;2.496775466306339;1.6230234038710274;2.1694191823305475;3.4019147660836633;3.4984175001944307;3.2849933258864157;4.697925265154235;4.998068622682024;3.77309239714998;2.7178247054613434;2.5380775692829864;2.423412428276661;2.16050675250978;3.7745005839197705;11.306579924020365;10.376455298562918
2.4253638487796803;2.8707555177567117;2.7547046230388164;2.7149040752539704;3.499538590101118;4.002595950354173;8.886219171312643;16.784449813135645;10.257982864718505;8.349955499311355;4.834427062638265;4.968065596179854;6.879692280186076;4.772516119110159;4.455477849166415;4.9131495951896955;7.299135405158788;14.9345541153467;13.72110455394377;5.669796384391672;4.276833320517625;4.83972894915443;7.539941275764513;10.514806384960483;5.820980551691973;4.966379182009061;4.079743902321711;4.724583725926218;5.098290529931516;9.292137638527473;6.500177048232798;9.328456860427272;9.76591021117249;4.956541961763581;4.281963460111785;3.6757010716308733;4.121851099040321;5.523122339652768;4.924400912830659;6.80250614565414;7.362691027441165;6.652599118909761;6.790547322534131;8.527172201772636;6.375668255026864;4.579753430910673;2.9161849659230072;2.4044668774130527;2.42580974256678;3.309510985656035;3.3462682881391537;4.172741665609231;4.50624778119653;3.8182924727057923;4.484263241621633;3.2741506694008935;3.118728410258059;4.434119250642434;4.122497240701171;5.325742174612998;14.30963235811117;14.4684677829;14.884582491543433;7.998015770812817;10.06174723151926;6.935205005439532;7.117181165022075;8.246466784573167;10.118350308714604;5.505946351922436;3.685304079833973;2.173582594076014;2.559493824163317;2.80006967800848;3.492875615664311;3.3211505966291988;3.993673833568898;3.593848395198455;4.587846303080252;7.816630657605676;14.809824082596831;4.350148967826591;2.846761989245841;2.256813369770905;2.6083827137297773;2.427725036571991;2.6507092305716347;3.9228816574068235;3.2130228983698768;3.4458049371890556;3.422504182215358;4.29556750553691;4.321044942183875;4.970636897985759;3.8198370108124218;3.215362896082339;3.6035612960226895;4.673861151468061;12.124506612212212;43.45563167343251
2.5229845184139905;2.241649133296066;2.2707583594387484;3.337697177316743;3.615685576158954;5.891972819379877;10.026830877440219;18.743179933552337;19.58373100046661;7.646454155971699;6.677963758194921;5.3830580635106235;6.163506586480836;6.748676352648261;5.565245878142123;6.229903259062531;6.043785368795188;6.88041404282868;6.106482890390565;7.378733556454603;4.578433729652581;4.891615310048891;6.426474706768597;9.207855527711882;8.41894075349925;6.311541890771402;3.9832124480632736;4.932246075855299;8.515951920827957;6.580532324237424;7.8339038689613165;10.486171501928512;7.01927924223862;5.970418282316938;11.014416955819915;11.744412849086268;10.250410468796796;4.237019682627146;4.829755850081039;6.820057463947808;9.416683870500606;14.076555447324807;11.909459196437208;9.211375138225677;5.878147405388495;3.785272713593587;2.530316439858023;2.9226034597077013;5.047942567240822;6.975996801169819;9.474742245609352;8.24788714634381;8.93385219496351;4.437654401037733;4.110370471365338;4.464500073068484;3.622172703599689;4.859009042572106;5.067512009347623;8.176974636835787;15.793222423252148;57.96732880443881;12.651849607473476;11.463161479454048;11.515459260003476;7.931721929929145;7.2245359580449104;13.87493056819124;10.366859237816598;12.009479271691843;4.00569433435513;2.756347568930109;3.9352863364230295;3.9618690720854146;3.272730054002362;5.186209355783311;6.085396655956922;5.674306596052627;4.238667255856927;5.450279227126067;5.854892619249286;4.368063069044975;2.8559551245750208;2.640426741470899;2.644948695322622;3.195333420540148;3.272503862795825;3.2399633188416677;3.629496354060419;4.144703558956126;5.815637464996264;8.470844043743833;11.51917375500564;11.785829857621819;7.998549032300597;4.850038789395575;4.585264758969809;5.8096764901829125;11.918590044015083;7.736707760643956
1.9386404483552813;2.4419887698834355;2.9011739857815746;2.8848849413912814;3.681179023552217;7.59001450795531;17.579017497143496;16.972296027702257;12.717801677530936;12.080598024747728;9.773863184464707;5.5968504336460345;5.380168992874336;7.797874930329748;8.397738566611967;9.330516106627229;4.250741523261257;4.737676949784859;5.863853004614123;5.696404232134629;6.51317674060441;10.414900590204764;7.1848278950124405;7.3767338965671305;7.445164293794738;5.643146933253068;4.904288756058506;5.643063145692479;7.9841450877785185;6.914809596249819;6.6339924507405215;5.183254037273701;6.384662747358726;5.316773196194329;14.277459885545921;47.3306931293569;9.682189075546306;4.60537492423099;4.697283174807729;8.967248726687107;6.7102249704961485;9.423065865818945;22.620341360969423;10.253965767328722;7.8486339950693935;4.336991249415536;2.4755383549898395;2.527356120719559;6.728445746083974;54.311484335696235;60.81399311143839;56.17919221027023;9.194454887439013;5.383561212129635;3.716498345499802;4.7066989188991855;4.28651958834827;5.150331350598923;10.482160163247652;5.6999041766188;11.15621382050227;13.073087499110594;11.1798156793535;7.825595638190079;10.990735960246573;6.772962781139874;7.018989864838547;10.43073744192367;8.18745909916794;6.198150959753414;4.8579129840985225;3.6329680789696868;4.216671506341867;5.121073125698337;4.38659282930381;5.3964795370920555;13.515114601833663;6.2395244882996845;4.872776827076466;5.145939713214857;4.1740737410833635;3.8585008056261305;4.654860366765734;2.4271859141902965;2.7991433735842737;3.3107481202155062;3.4536493097626177;4.01126505119064;6.2207243127503915;7.193066832394365;9.523041098681972;10.60873413514082;33.03975394987117;21.850232425942252;10.204108185824417;9.290429882210923;9.57030037249598;9.758474057732096;7.688701890448506;4.139972997764846
1.354810075006078;2.5101763253513467;4.266207747866994;5.395847695748967;4.814072362694477;6.310964923797123;7.9188533680401205;10.943150287099563;29.1582242229381;12.852854411607806;6.95450532213536;4.926179046284901;5.640724726290324;9.907080678901254;18.409826317653966;6.759000404090447;4.010294438074486;4.672874337296078;17.818930699463255;20.973828862547666;22.540394022431936;9.861110502213695;7.470529369715839;8.806538812714983;6.780282725046177;5.4974021488660005;6.349474679473984;10.020464976707478;6.382494417808231;4.896747043387883;4.812766202479202;5.610286573343762;4.973234564504837;5.610261825658697;9.444473960742336;12.298926383703309;10.429988667965933;4.725957904250488;5.636598871536656;8.156657541168745;6.729341087595539;7.085019612483937;7.815193472413377;10.55459828822337;5.906424191934891;3.8330334053247705;3.096265636278026;2.9415706794374783;9.262475969731726;60.28248607663923;342.901505919379;44.14495172047263;10.788094171638578;3.5953700691790345;2.9387052170329264;3.2362049956311583;3.9173382235988323;5.050803889599901;5.501771956381532;4.702244745833882;4.866243306441298;5.858568355435038;6.070384343458939;5.917130908470278;5.940051589736834;5.743745338050225;6.7129229952260205;5.585755337586942;4.800131808195187;5.326334170403449;5.672766380600494;5.857780513307271;6.349065112430479;5.9126545277682006;5.945809017506206;5.431655197910219;4.846770949019531;5.1505250545071135;5.863120369288622;4.794936418020639;4.190636454071108;6.522846858630823;3.0000214703229116;2.592461897337532;3.399363024868986;5.111915080216518;5.393575303029928;4.695854898864563;7.448959583803966;21.489128354135186;8.371679030274246;12.118411753872506;10.309497918800636;10.440275721974917;9.785002129891517;10.80000729751167;18.99562676117843;15.865207951296261;6.496604171605069;3.3135800352635534
1.6033415621049145;2.943947645530498;3.6863405721122913;5.502034886869448;9.571834079785255;4.679517706037875;4.248657267208518;8.10006301289674;8.36392715050561;8.005276563889122;5.402257955785732;5.36241321755391;7.356245007417192;8.240361169063373;8.698156202653946;7.085139813028796;4.616960788021377;6.846363437773094;20.670755916409398;96.73296774079272;28.210087990691523;9.306390299625122;6.310762683278991;9.996877840206158;9.241633315266553;6.079139405338992;6.552638991952707;5.619520075814384;4.701703672030851;5.835799813490284;6.344549277484712;6.685060821873582;6.8564138379124095;6.75988358459541;4.6090415034904195;5.069085635039409;6.318413843342088;5.990286406035475;6.5120784989255345;6.923156374802344;7.789906603515736;5.398221068518621;9.090060471804366;7.295820254719442;6.4213326656288325;4.569035295160547;4.317799331547831;4.000501265562129;9.36439049190918;39.03391772086043;44.596661845519726;41.02477845909166;9.953929592726116;4.150439351747269;2.809896468587627;3.5295422436792445;4.715619768863678;3.783200532956747;3.944327701439966;4.065564352967653;3.7008091195707244;5.133952786698142;4.538131241617869;4.185637030100222;5.200893365630674;8.257851104482661;4.814655482543357;5.776224492121976;3.7694956687496437;4.417375663996969;9.208379658006875;12.542081606986537;7.51870179951246;7.016814228413397;6.137510033863077;4.09976534314681;4.970754948274244;3.96586638193188;4.384677842363871;5.823238824570924;4.701428694482783;3.9117722345999204;2.9685741429583006;3.0637613796800407;4.071521170561986;6.133309171867786;5.272087556256677;7.053331273597034;7.47602078409291;7.070551449579019;8.828221979439656;7.795568585150334;7.453234435841097;7.146945841716418;8.206754482161129;15.217410569723484;8.811983441763402;7.923798985048093;6.130104521541506;2.701290597222955
2.1537146266944114;3.857821623229631;4.007655066925441;4.4149923922237;4.381480377113776;4.279738992908295;3.477999787407894;3.5172565040362107;4.1732027954004955;4.189452219120386;6.235845665966478;5.580874886004372;7.352362777576275;16.04362039347088;13.269552817384668;9.239958435387102;7.2060570452041475;10.791383177461226;20.50432179061643;19.984427931135432;19.45472442448635;6.852234009183007;6.239239274278776;7.238326680946033;10.924300530658211;5.935952354446145;5.318967873085497;4.506980046525472;5.544047834053254;7.520367299940664;11.08548666983392;10.864194785821265;6.179162914002021;4.984533328454461;4.145020748669217;3.823848327166411;4.512000328302648;7.6057586721020956;11.727829772089617;5.027821494250615;4.338916063237623;5.269231130301906;6.745253140423214;12.323894524235351;6.032336783109362;4.596054359469606;4.0525261933016505;7.8978662150693575;6.369196612292163;8.884155032938189;12.318666556860789;13.440052368997742;11.61119644023324;4.898675284412352;3.119402066024978;3.7545526829975095;4.6541568299252205;3.4040439628474877;3.320441159581343;2.8796978193055205;3.001022240749751;3.6372908374406383;4.0591490525427565;5.235758406856515;6.208617055686095;5.987951722538947;4.290484475550018;3.5057888397093984;4.262313278473356;3.715943400723338;5.513208911785851;10.976452784587911;14.373131399690653;6.749956677720316;5.3319294290217965;4.434908066114192;2.9681010885660126;3.2363737389193545;3.8233813205088483;7.701522921675363;5.870183824962997;4.655261165225426;4.694023429998489;2.8101280057461437;4.003581832744151;6.61782204127028;7.6044995942755085;7.761336206441529;8.033800303212386;5.520381449927478;7.9754680795901765;10.582019341864966;15.476459345313437;6.218877329470326;5.918282763693219;5.868712566580011;6.916774312247702;4.897833107461332;3.9667266867089186;3.226098546807445
2.30915503781872;3.8926975918082736;4.670994620257986;3.7394165574444305;4.563748642137329;4.612507152397928;4.2221624873193475;3.406876178929627;3.6017179381200966;5.814069497752911;5.347012940283169;12.64951649230889;7.486376780617957;11.450875662200382;22.525659453888053;11.630893885592915;8.278739311482669;19.66954816698339;13.446643860717996;14.420977592641533;7.294540427992914;4.5958889702498595;5.170802973506347;13.527891052306984;8.282993089456955;6.995965054405503;6.798339151657694;5.652459927713073;4.961574814380192;8.069337568428237;20.58893637910909;9.760340214656905;6.8336885590600325;5.934389584581748;4.541484608719872;2.7704248899535955;3.8860683977231383;9.495216346714574;5.6704616129804535;4.5965742498236555;3.6877696956378214;3.7193465310261726;5.520906357412363;5.541818446917186;4.625351571844398;4.8021270686695985;4.373892870911183;4.053130106231755;4.421814523047975;5.354156515685129;5.573914658735591;6.689185531801605;9.091572601466375;5.571734201711046;3.553560634589127;3.917422306636282;4.934404695223681;3.773135300232786;2.5402447872678207;3.0894625132082227;3.921839258363698;3.7860222515099182;5.567149473276956;4.233711745450121;6.46146898665525;4.458583364297823;4.1213228079444395;4.177216692932189;3.7576699708155292;3.899033705001032;3.9142445906775696;5.145064241367602;6.233350335977239;6.101845132895133;4.260493576370244;4.19396617454779;3.7129250599127577;3.483830050644929;4.384981326512742;4.795307121277384;6.174332877578775;8.139330456446931;4.034435707294944;3.0483266933128346;3.7045180667282493;7.878769275965234;11.490973593289048;16.283290077910294;6.942788349072801;5.149673447680477;8.478960994103417;23.34262643523581;8.77735157821664;6.928853863500673;5.253396952776038;4.761476810601023;5.87879588131283;5.951772394362591;4.5549359820697655;2.3626838689564353
2.3234354325044326;3.886642737340914;3.2433048405475873;5.892579037687561;4.751434252094538;5.15493500576545;4.96953899068193;4.96706311327986;3.4161319530988847;4.241404559950385;5.876883319922112;5.739814327340948;7.512878978846621;8.927367477700047;20.182856008411232;8.281132354078643;6.905884429185099;10.392691720811849;31.346498917048383;9.513731529429439;5.446550413904933;3.016713589132897;5.54636280899682;10.420316717663539;15.323104155245222;9.30707039975732;6.995583411685116;5.690446618705955;4.487758818085807;5.980263343210404;6.647689086666592;6.869000271207806;5.095894614523448;3.5853461649491165;3.1404164948132025;2.964849658762727;4.024309249439136;3.540191587016839;5.040512450685594;4.5654704232324;4.210982154802583;3.2266458748052416;3.548095207570267;3.871673647252937;5.8959992213713;6.498124432520102;7.6705304376190755;4.773782494047599;4.03249408765871;4.731547701118991;5.325700329178508;5.673369142835907;6.1849968026645055;7.2440750248743635;4.180088698844216;3.865238726571891;5.292381433487693;2.9417130902192694;2.6912668219676252;4.5509816662286555;4.3043847808410245;6.415779250792906;4.183123045267752;4.666199296644552;2.748181467578437;3.1279942255915505;5.291706483002501;5.446657344112078;3.861202961565023;4.118417722187478;4.4080554218393955;4.126481552007116;4.4790945785007;5.314981364210142;4.061164466224957;4.1012626368763225;5.43076597992165;4.778915296229686;4.031055835664331;4.562025137976662;3.7903227636858774;3.2732787613613747;3.5195838197075355;3.448350270568119;3.181470784954678;4.717303099659901;9.291241121376025;8.713118719450009;7.93049824691068;5.121226564339916;9.200751179147007;8.387350301812688;9.221907294714295;6.191081339553485;5.012777356530026;6.018102195165932;5.898476190967249;5.0880351079763795;5.005946188224058;1.9958377925042916
1.6142407501230145;2.6806383735777355;3.668361260931986;4.57701117462741;9.280245363584664;5.027027549926508;5.623249080207891;4.184109591175999;4.36169390920734;4.885367229653691;5.831719844798623;4.473777110336402;5.096997600362429;7.22214136165382;7.188921597862905;7.483563642074751;7.19439540296235;8.735752620540413;9.093239688943877;8.357900365349348;3.6413471685891827;2.76175374137581;6.317223441306169;44.7237245920658;48.11362241636846;45.93203863331207;8.550225978886248;6.196795267587693;4.1186930170448015;4.022582360110179;3.7948247016599215;3.95763844230556;3.3075569944509393;3.1155874861976867;3.3020106578296002;3.6158444312545592;3.1189589809600413;3.4731915305166643;4.327425085361098;8.321366349200815;3.8130542596530175;3.016395994029515;3.1050029417598286;4.245711120956767;5.854160535386421;14.741187852140962;11.167340423013727;6.264068736567555;4.592721090904739;7.906810114212615;7.7703664667893335;4.516847527184325;4.572331606707047;5.343631902549413;5.7192161656274445;3.8677142703769576;3.2759042745026994;2.9410195772290657;2.6726179091461857;3.6795312302902508;7.788119168015347;5.636552073620668;3.9165572741944374;2.9161624757199505;2.1190217421659057;2.1899484477193094;3.8961062960877655;6.799117459142905;4.090041800419695;4.700455799513892;8.30365430817122;3.7402879963705895;3.06966580793074;3.7705599119360924;3.9596776433783765;4.854998059225417;5.052358360090729;4.331016264298039;3.361006108050989;2.5520478866111644;2.1631759123196748;2.465838827748916;2.903285729407521;3.0550309682918297;3.463859030842199;4.547356370319615;5.5995235370551155;7.8319140307475585;6.930232873774178;4.874268372235034;6.3445511867389826;11.211135545928386;5.4894528098444155;5.427290611999347;4.436195723446673;6.19097526885189;4.836273788398327;3.9416501058320015;3.1181742215341623;1.9887767799498712
1.8311667211447473;3.3771976187713815;3.7297998851043337;4.626766932869494;4.779802271473488;6.759021152273113;5.936725088352761;5.0446763923394915;3.988426780543235;8.197980570058972;4.334171440330133;5.295708918244299;6.052342821549739;6.172234178735936;5.949228985111076;8.274721400748241;9.473458005555408;6.203965572178235;5.2856652045704084;4.780471370793932;4.505306910730148;3.8628363121985023;8.381738050751228;47.23496365725804;272.91283827166626;35.563975729171155;9.963367607424779;6.60699734109129;7.887321819530704;10.093900202695254;8.553810118960739;5.674811010231092;4.878360874841348;3.700741128315073;3.724950271710396;5.629922787775028;3.5420459409507585;3.7754164256059566;5.459300693281478;5.394116281736408;4.2606739145208055;3.7683784984568165;3.30077710099684;4.094240045616609;6.68316107961491;7.644194368368363;15.394015144862015;6.9110226875440155;4.039414520318678;4.796969853189416;5.784211645173949;5.023470286466315;3.5659952375426163;3.4084248482976043;3.9190616283503235;3.604430407354938;2.6305748724219176;2.4417567572333234;2.4634499826924765;3.448318445031934;3.9639418382705385;4.9504013703681995;5.048703508166061;2.499780558846098;1.6976159947831786;2.432868047393034;3.011801267265319;4.335591510844301;4.787399215304176;4.426926663784349;3.83726225370765;3.6385064575774524;3.1068078925640545;3.870493319201099;10.304387651046607;13.830803945793097;13.75986859165385;6.75182046995201;2.6910339840570403;1.9024065806750696;1.8930009221581787;2.0023439672578514;4.0039385054911865;4.708439541781722;5.233031812499605;4.717747615574037;5.794053886088455;6.312623548840233;5.689884804471234;5.473706157839721;3.9431317699177977;4.647228608815096;4.021507823072316;3.058584124107981;3.124165683601563;3.936179721070272;3.41121865802171;3.0494170892843795;2.5389615465745154;3.6585240092944473
1.6101898735762403;2.655878461690434;3.2810277804586607;3.4381774901691537;6.3623502083385235;5.894822321352127;5.219539466799136;4.646995927590054;3.9235609730261714;3.669875734489205;4.49455160661627;5.29586945158274;8.334136807829951;8.879212097027851;5.16178220016263;5.165682344118419;7.776513011152364;5.60729214191889;5.6833466981534135;6.736485352401878;9.603962917678544;6.030483125056907;9.229638237153898;33.30166544425734;36.68192385260251;33.196207571675366;9.2647179312345;8.489547284752284;58.2916291882312;63.39619262161445;58.845447565434995;9.74571114644353;3.7275475921138175;4.228238723980786;5.097332290410823;5.375973332783994;6.155132860410696;4.578271082723922;6.060949837624918;5.622390784992706;4.270403723731977;4.453635491390349;4.376495653843351;4.3305725841393485;4.230386546487332;5.249580705180517;6.209834117683759;6.236553033494317;4.213960321947241;5.0175167395233835;8.103228459232922;6.487485608930452;3.35604476623902;2.4013834941845498;1.9839033396043682;2.0134226417580035;2.1913477846354272;2.9727592376026912;2.5677951038506643;2.669685479322548;3.327698689867021;3.6367081039105447;4.365132696867399;3.092799684348025;2.1527366231513607;1.9405399996021484;2.412846608435218;2.8192135382259393;2.9773751397714254;3.2455741949795387;2.4418454987568476;2.225015184261102;2.672356195583565;6.328875750428613;14.127251654507631;49.09040584338097;24.470005252695273;5.956061868521552;2.6927852341493805;2.8666047564512076;2.2195906927371296;2.6955014914173185;4.427126108706627;9.36077363691372;6.2170497291720475;10.22292768333382;12.23665441664885;9.855300075804992;5.035296215536376;3.5090285249124755;3.6270794292475106;2.825447222799208;3.958716500892457;2.6405265456849936;2.839393934890909;3.004649750290611;2.979623083639522;2.282788719255538;2.807240628227179;1.6440676854969505
1.7939170693487683;2.9645069633538585;3.0219142267573327;4.433153933595376;4.514999466889453;9.38418090013146;10.542592003637726;11.025713025042231;10.083327905657098;4.434351728552281;3.6289172197312736;5.558581828896406;6.91850594926256;4.5878577207281275;4.054966127694769;5.006287989256186;6.45353371862283;6.765381152190525;8.434711888491151;13.307854748911812;7.072602207321826;6.712158048520902;9.975000856107927;14.717145850133116;11.531361079105196;11.153181893784417;6.976625980174437;11.003670965702208;62.159911744470634;362.6466606267612;48.755005155087524;12.160800645413707;4.667045469789205;3.65725883299388;5.079594624923334;11.405236171921253;5.6947787562978744;6.850266401849923;6.584923773972187;4.524614586347052;5.300208867109986;6.656683579792971;5.47102618331958;6.885322198328785;4.498002939718126;4.133785340220077;4.586191749723549;4.701903892300546;5.992740594280569;6.305547047036396;6.704590396196925;6.665270971056503;6.039146058016516;3.3919070378873117;2.152696966885277;1.9856514072190914;2.4027442342395338;2.942949239071286;3.4446728325720355;2.6262160877733263;3.196830145455898;5.0994339050607875;5.538960216506858;5.569011792057017;3.917098522300839;2.5957793097120647;2.606641683664062;2.286436678300092;2.683295115274996;2.3643668986344477;2.7841619934549984;2.3084987269627373;3.127573896741781;6.6182259840726;24.165326113690476;16.239246508187044;12.758826860785248;5.847049586797092;3.6072691075435013;3.593268129061317;3.8486305123005193;4.834491868816727;6.240344985583112;6.184160165652815;7.204055644661359;12.537537525058374;38.92946088105514;8.553234569555206;5.416865590081434;3.5944261342394603;3.3224689952219624;3.097031467576892;2.542921536181669;2.6291059004789954;2.3682986547527416;2.5640046412298187;2.655961255456416;1.980610611730172;1.9891605945880737;1.6255065009513292
4.44687771212714;3.1437583042771107;5.683033092531062;4.222202386328367;4.096752693824893;5.289852225894709;13.990699852164024;43.29052592294626;13.087500288638442;5.695699016270003;4.6970641746271085;4.802414772370772;5.559930419677349;4.298765511803919;4.163144537307483;5.556816969839667;17.41179815971594;17.051780023737297;18.176323331115633;9.97482731333021;7.096628521455489;6.67605213669281;8.222788269101388;7.598717003809865;7.541486487555655;6.00203758656496;5.468663207061294;9.184778741562408;41.842224558952786;46.575269848861375;43.43613138464565;13.860210200450823;5.61418767958038;3.922340461211184;3.9327969054816485;5.137307745932396;9.310033143300366;4.7209713917725615;3.895282458492168;6.52913681709861;8.50931713866893;13.613504677609399;20.110219596289866;15.640110070395348;9.229203105584562;4.780797348626708;3.649089939984386;5.040038682225567;7.815326457565401;4.784954095770888;6.425280732801148;15.13994047873229;8.305790942576527;5.891862457529967;2.870647910958306;2.7843927306723866;3.8512649787282998;3.5562114430452456;3.512662933295861;3.7881367510549;4.044586886950417;5.843631732552257;7.5766641586365555;9.916508913497417;5.810401608501748;4.501434511382972;2.5466022942653694;2.4170077166565673;2.511075716133369;3.8226098887305673;3.4818555922851524;3.441330209234375;3.530022014437513;5.252344936362655;6.3530587548621975;7.010092820213449;5.454446436697711;10.08048187966556;10.635740532195497;11.218043267062107;7.578793915696825;6.637206355580336;8.090302557806593;7.109399456455509;5.085648949840505;10.460972301068724;8.604953644482782;7.986956441342369;4.127880065027074;3.778538863909376;3.675236219551744;3.6469803079747023;2.5202422807581524;2.2228215503881463;2.224941082460413;2.817061297744536;2.8738675635806152;3.2260238878290104;3.277647887658156;2.036575253935143
3.0022796375923737;5.7211392807966455;3.6823019801610366;4.3601209544384965;4.225243337166459;4.631884477711497;9.999739007592401;17.759282606371517;10.733978531115852;6.373066437645882;5.626456460728447;6.038469692313703;4.628260601758678;5.464910868518558;5.248563769757226;5.614775852230856;16.9325630246939;75.31124893303803;14.938408263772411;10.058640018184548;9.729230538383057;5.857888631852029;5.824649070829885;6.240768509180439;7.471354140432214;6.96540848205357;4.893846981256592;6.677540299814093;8.852253449639251;11.9834743005576;10.661598630608069;9.011832860576959;8.524834118529336;3.9032948975779784;3.8802199239529163;4.916339231017198;4.272608177241116;3.5687464904834485;3.6488736659159806;4.173339633202638;12.892991205491903;108.66647881772226;121.96360950948683;113.43853787431884;15.256933449962498;4.644275108913712;8.066998947291772;9.629551184825608;8.384558792633376;4.916264747837387;5.286113026404638;6.862990374875679;6.575735126860859;5.523090504037891;4.785251593606519;3.5635805353012953;4.303065606654763;3.861586379128758;3.5196816454331983;5.155532740649372;4.438097118327528;5.757498169344864;7.76838305378541;6.954344951182264;6.217114439945676;4.493482679528523;3.427352689992444;2.984033084415911;3.391332601251812;3.376635010923129;4.225602880056908;7.19708923274393;4.775744066127647;3.7415111900959883;4.4143113269054535;3.6099820107334053;4.605354947672629;10.980367934265406;43.13524962153976;11.820754929292038;6.2787633733243515;5.173383879055983;7.6754435260477;4.097367045169694;4.485085059699445;4.106836717071819;7.130625269863105;7.20750404687221;6.405991604823675;4.6914178826396;4.023014170251312;3.8883999176196498;2.5187457250597145;2.6637315251767815;2.7137606802342575;4.2643815474685205;6.719144318408653;7.26901856437089;5.202160074155025;3.629509754906909
7.4141003852361225;4.455599986868696;4.896709595013961;4.14781114861971;5.373796118751374;4.178052909597844;6.167473739542659;7.5574197611642555;8.08680683588303;5.444931624943388;7.091688724152304;6.620091029912265;5.297428500526855;4.606919326314907;5.687101005487302;6.369485338423082;12.63986515106464;14.851808911375034;14.93158588880761;10.297903274963351;7.05643715783879;6.1434872228629285;4.812817507383346;7.002774260101464;15.972392493308444;13.931956585954547;14.962595459057312;7.410590281480188;6.109978622701227;4.538700842330509;4.559427202388792;5.6712054774515845;5.204544001566231;3.986986009958197;5.459773029293028;6.915631181155073;4.989787198234626;3.8811815081593966;3.3719245482299844;6.494639179876407;18.799991496814485;119.60575597544332;720.8743237980992;85.82002188990525;19.04938331951554;6.700505594728374;8.188328101957822;28.122799308295644;8.220452425651214;4.595052834365826;7.395482222318508;9.43932111464437;10.551988409304313;6.7333147005208955;5.944019065263548;4.23716022120076;4.1905346830057075;3.7851780634705743;5.3172689061043545;4.279691305402349;4.72052435780333;6.036915126446369;10.637691347192394;13.690573102111353;8.407248031621915;6.158206141300767;3.791422631763751;3.8091987500664537;3.8803855443364084;3.0737389230716676;4.515465687011915;5.8183963209075396;5.438706428288835;4.521573865921829;4.18179860762929;4.9032766986610286;4.9458447675860295;9.390050131206277;9.025463663931866;7.90141483319716;4.455738449706315;4.7047003722891825;3.831189121280237;4.176679310767053;3.0495740983278874;3.519938819936931;5.741849392271425;15.2314181292542;11.206526726178765;5.75032405842035;5.419479026243399;3.6338430041408567;3.0745345647847686;2.6488857899587543;3.3936581682130837;5.880857703666305;12.648081885973564;8.646209904186925;6.439608709224084;4.9167365149675835
4.193886910215111;9.415012202407272;5.08194051008466;5.097353624261461;4.60270106361664;3.190524814180475;4.18855312759745;9.496693445013205;6.446105700492166;7.62220370554295;7.5895866910736824;8.721208336942965;5.690102505280952;4.989160992361775;5.692780639324817;9.672628610607418;6.001021042075479;5.957612906327191;7.497768573069605;6.957690737694322;11.235369709822999;4.990698227770579;5.097090509589707;7.796233584946284;20.515994906634532;70.93907295217383;50.671690904727285;44.85587392123683;7.420817547276157;3.057750617813709;3.446142205892137;4.610589129556632;4.074098227258957;3.6833434406022456;5.221713703176181;8.664787110122488;8.559485186164846;3.5878939575700337;3.718227391103242;7.219511740466586;20.34324958713471;78.61181875560263;85.72736215506782;77.00194114375957;15.08719245082989;6.441081651363089;7.794898041368773;6.370226472849227;5.979866683395168;4.451128635900629;8.488793269066536;28.057683840242998;11.012586468237501;7.265520434956298;6.243264617569135;4.142966426678651;4.630169126902166;4.2817547041519175;5.410389499837175;9.652299050404324;10.20571808835074;11.846265907813885;12.74630572778523;20.846754732707222;10.746476633232653;6.087538933714146;3.445824100956574;3.075541778083866;3.478021032152376;3.7338864324239265;5.655094184457596;10.948423132693076;8.907728683774915;5.50162503448338;4.960590239672607;6.541942594942717;7.303215517113816;5.62211524974545;4.285912523322019;3.8530582536244435;4.479628996805191;4.611241023053979;5.085620435501692;4.813748499053475;4.106084855477178;3.470461435404589;5.554829242128742;6.560240726884966;9.716628900645013;5.462406213540827;4.144188604407654;4.670077858197409;4.715789314664461;4.002646265048519;3.6793927580610486;5.774697615792594;6.009645893052277;5.05419320880182;4.375562129663798;3.4205154450005
6.084740073324781;5.701558278788489;6.037379005450647;5.167746611600147;4.175204338179725;3.1881674855901925;3.7068747842954872;4.726474985274426;5.662670131630934;7.391041960554837;14.157224497744535;7.672381950409104;6.656951805225354;3.914429890307157;4.3108362254919514;5.441976331065458;4.962144469808466;4.716734936273202;6.129042452291839;5.9640372971138875;4.886464438173743;6.573887732757654;8.669360923760722;12.994118694508492;29.227417555637867;63.97140906292729;266.4899557126718;36.766390130920726;9.912586092745784;3.911720774608591;3.441217946184152;4.874393919379688;3.6336413985452722;3.786928720497757;5.429340903626324;8.964854017226571;5.024799667640177;3.6128171329719105;3.678095307095694;8.92597948678402;17.44798932315485;16.87795330224237;19.924293520181067;14.891907586034458;10.640794795780112;5.238088617248369;3.736016086699235;3.6891326837954774;3.1626368686986437;4.3999005581543;7.2733188481504945;10.041649828768032;8.146926589613049;5.37801831564047;5.324249282414457;4.833229814449482;5.717892157591587;5.17097745740506;5.284151045744849;12.119935776375266;37.639717113310965;10.392508336621656;9.736287582551519;9.541266388496728;9.448964731283075;5.637777443229114;2.8117842763896133;3.4610878463285433;5.022320922560219;6.892549270548615;8.186783531167194;11.657374731480383;9.45372614487629;7.4137156704654945;9.700712086769256;7.3448879221601375;6.9849831141781555;5.984915460413202;4.998168500730534;3.917909785728054;4.131291779367543;5.127405462944763;9.666229599201642;6.60464063598938;4.232173913905394;3.6412293766219888;3.9286574790988866;4.610569305415946;4.594880377824481;4.652262263446975;4.310148228961745;5.517659884524334;7.773713081062037;5.244455531966679;4.132285451891513;4.161044994132959;3.739375168778427;3.098988763081944;2.876970612137908;2.827144978035505
2.5650689238229605;5.2552840445726225;8.200551381833987;6.3979801277971795;4.892131896480158;3.1898332736020856;2.8069535512142663;3.2438958156661597;4.63022000666362;6.292846973503007;9.271923223268164;7.383864381074213;4.636057728086076;3.3350909707904948;4.558503885487767;4.813409972960229;5.9940040163682085;5.909413897681415;6.296729103847801;6.7509431091578325;5.907588123318643;7.268587056411578;17.92913709124719;24.67627914249124;28.445671904599184;77.65923723214142;42.95938407642286;35.75048745817384;8.51418181280251;4.259285689337254;3.8146504097734946;4.7651009850574235;3.290221297664021;3.5803093954919842;4.205683431874433;4.765848449021823;3.5861272660190826;3.504558851248321;3.8312183376592714;5.451173889027823;9.103814649917545;7.85119544322993;5.888473118566504;5.609691877120207;5.5318052416280965;3.6664638892859522;3.1544065666547625;3.0546787414855734;3.731911738404981;4.272706210476534;6.7733603809667855;5.696074883109533;5.58764752222383;6.394296710057113;7.686387089333523;7.811096474724168;5.033933790825593;6.206235712917539;5.969514390393801;9.07033297840557;13.086153328559163;10.7639387699004;5.246889353419134;5.2506132569147494;5.460501547652209;3.850668003879522;2.6854963465854813;3.333704449959129;8.39638364113451;6.547991366535408;12.80789732279027;14.080396419275868;15.24502563727064;9.95632858811773;7.74416286683479;9.700094546256567;9.581754798631566;6.648669197364121;7.406687965473177;4.964777472368699;4.745886863956549;5.070283860833578;4.638429560077968;7.082550210705387;5.049420100532684;4.436000743909447;3.2853647852868217;3.793998167329228;4.457960914822114;4.276924274724106;5.513517297136603;7.504685057805807;6.544274938250376;8.119124330206953;3.9259257327111277;2.7615874078628226;3.0736917428605186;2.7703897827992647;3.48430816672564;2.183552865332944
2.554273141981933;4.2391699368227815;6.072176771018624;8.570607460925578;4.695518009645424;3.878163836459224;3.3581701262192896;3.345070717296113;3.9204533888502633;4.96027291675229;5.745606632655599;6.664551515613085;4.874299296112093;3.927500055599766;4.07394032202869;4.345489811997141;5.172019642246454;5.067895074893505;12.460482460993777;14.76520332575388;13.749296653589616;8.949780918231934;7.784715798016058;12.734753227349152;22.271853649674025;18.59052647623303;22.44236445328498;11.492521354560218;6.101995230398115;4.285858977086154;4.708027771054481;3.801705315231931;3.879546740199434;4.228696665035683;6.4982132567557525;2.8224702734200724;2.4243457070990857;3.2220667345261416;4.984561104211268;4.151475774558779;3.907688671258744;4.695785432016495;6.305804978683899;4.048699555716026;4.053653241524831;3.7916373775477803;3.7348048922333916;4.223680526931947;3.6859191177573982;8.061282960941039;8.297138062019613;9.385443353295464;8.063558610570286;9.45819288751932;12.067488890437689;6.034442098595811;5.785132184892982;8.47738911104932;7.258385018614251;9.849712053436313;7.520697335916915;5.942309401867426;4.250502310779305;4.415904050600296;5.7291182821649045;4.161274097593561;3.430718311323745;3.2815481388488585;4.009492954129735;6.071546034550576;7.570573703259189;10.071943037949966;16.722188052670486;8.78576254850964;7.265319830077863;9.276252114147209;6.7205241532206585;7.134536178103274;5.562908283276026;5.2730653461392745;8.566924520186177;4.0181472107078235;3.4387181442239543;4.067324409338497;5.267216771501827;3.6482343695237445;3.9655682456451475;3.2153652355998474;3.5111866850490587;5.594646698577278;7.694444783530511;7.6250996125834885;10.47241903384137;5.069081454870638;3.3046249581005607;2.723330422354541;3.0461225928925155;3.9445034163908996;4.024036035066267;3.158872338790372
3.556490340109874;5.542581049570788;4.640409997766246;4.780655949704721;7.037538280568391;8.619087533471939;8.525599763914146;4.884527751084158;3.520631527576071;3.866815871071639;5.860331614727914;8.43231701244749;8.063375043933046;5.0700481291748725;6.0255689765680716;6.945564750288064;3.971484257026649;4.858285968971425;8.396343969694826;22.565254884363824;24.92206366153527;7.153428210310207;5.055326144377449;6.49291432009708;8.648900000896015;11.69939682429468;10.039148914165146;8.135668612774307;5.841961244309474;4.040133843080358;4.316763194808717;4.251674314969781;6.052618965074066;5.810491086529146;3.405655339733803;3.0090757489973923;2.4464182957504033;3.212730551638687;5.810964365709746;3.0660334999757626;3.6508556509132717;5.533692548737938;4.390189049207921;7.3611746921843775;5.52779936017046;4.738132256770591;3.646855110625266;3.1911751284747605;5.004103555963449;7.263863042680881;20.76301333797586;9.26556150032228;21.31887522097026;25.208329208901052;20.201649664208;7.202488945301247;5.439997096141795;5.406922431838807;8.504066140833734;13.964202144097417;8.430278316717082;4.291774179699956;4.266099461306307;4.536096061726791;5.489934645368504;7.265876968379338;4.0161643669927205;3.026128686821886;3.741665136589052;5.6574284952226455;4.605414339012235;5.095083106978892;6.047782921138423;6.135256412794651;7.870259266141172;5.497852447234652;6.57855453973495;5.841982133199888;6.088800522679817;5.6643932921010425;4.860638801846731;4.13633642213312;4.511938666278986;4.763542203773784;4.730501687687488;3.77270050852586;3.969762612668846;3.3992544166123047;4.345641176866081;5.870473321474705;12.389452353103817;10.840296431314622;5.162705972906871;3.8621304619163452;3.309771808046195;3.628155621679106;4.233700029993892;4.041302004178598;3.990735943230192;2.553502234777637
2.7040000313330093;6.698565947845777;4.575164896860313;4.26358157457013;8.586839142801754;25.180372029201614;12.899072064471227;5.983111489424188;4.4212368315612505;4.959606699092469;5.526601769805667;6.303340308332346;7.245634536382408;10.22854650291095;9.280436378910151;6.581997636344292;6.122680953335564;4.856232033332628;6.83329285445528;8.987477908113766;8.04035332267022;5.679078557123378;3.724440132006424;5.319780538926427;9.654216230379692;9.33081662248678;15.563533876544977;16.876738323379794;13.671686271818272;6.068547456863832;4.556077796453064;6.647146931469549;6.504268424439385;6.452847221097429;3.495968403373926;2.2415714543692045;2.42958836550994;3.1717860241924316;3.434162066121746;3.2481920641340567;3.740492780469173;5.066241520266476;3.9457671689892084;5.3211657671513475;14.50538934285815;4.191004047135501;2.757080652040276;3.1387822485953447;4.6556836532604775;6.507441812584182;7.99960917333037;16.086215998844423;25.373388275683322;94.65580570811072;20.195061808175648;8.303003288954166;6.153152795771848;7.518967145553071;6.672241134594958;8.779086996718208;5.9666992639535685;4.314613520012768;4.525296740333126;3.6169190607066275;5.424411393838215;5.647295614999652;3.8177886980258906;3.679174931300507;4.976062850459903;6.790242198720592;4.614169061558102;3.30618257854229;3.3675309939247002;6.075266231476598;5.182913914957365;4.735850741689436;5.694359839663013;8.824950706448675;5.981639050832732;8.531932615061514;5.3568714681229945;6.69315821027459;6.4210104548643985;8.155643807726266;4.127237213525923;3.962382788007292;4.1446733813554335;3.385289578430633;4.05965511284185;6.007453952102642;7.858432813925726;5.407109336535262;4.80387202733526;4.759567629745477;4.863318977542927;4.46925474896896;4.528211735336564;4.247244599809898;3.568527595767773;2.9474000322174563
1.8953855363928434;2.937352862260064;3.3723220887508614;4.728616975307558;11.231239735328689;13.173374021882108;10.642133213079568;5.765645829298187;5.059076489993239;7.226651754311907;5.427050287332324;6.126897659889632;13.602652920814332;11.925790492526936;15.18032665962785;10.281776653789366;9.014387022453489;6.914509624534792;6.894532897770583;7.527488245197037;3.97155325688758;3.1453981548132783;4.241775197490491;4.696253247142456;6.878899195254036;12.16861576675365;16.01162272857141;45.71777693258724;13.73795614653354;6.1168861410284485;6.965950222697526;8.782352298104898;9.859246497761552;6.510190193693686;3.834715082302901;2.4018781917213015;2.1434659262424796;4.026124880273953;3.74741196714203;3.5404238074399728;3.3858777896370253;3.4909178378932086;3.225037633362082;4.4068536875642055;5.1478988620531645;4.515774721878875;2.5472864255390255;3.084628133427006;4.814041442868;6.145902832430979;6.907179055424027;12.640211385372483;38.966594374361144;20.977711984981003;20.657886906261563;8.648316988528508;7.683885532461051;7.2467552321025535;5.989215988566097;5.185994088990826;6.2377654352428324;4.908767514934822;3.673526665758043;4.093197907506065;3.0593861732393153;3.1254168478801216;3.6193164120800136;5.895297566908674;5.5213921216125454;9.724384486516746;5.293364797595979;3.3138333116134175;2.892306659388913;3.761312265255617;3.8671585664441746;3.776754731300412;6.377159575896568;5.97066278966593;7.002373886997766;8.394575346589946;6.801243187725274;6.767245680791695;6.6336744256863325;5.7084621255518435;4.569385748778048;3.371309424813761;4.084402939086935;3.9632998945938773;4.240820831986126;3.88277389248279;4.630698893041312;7.662015894223781;6.481938349139723;7.4951394453318425;5.251218444558663;5.025097325400406;4.551896335658331;5.346779569111694;2.996044897955191;1.6063133215475236
2.1541260811398235;3.6369547795743116;3.533703468760088;5.16102843947346;8.534058017327691;8.454039377987417;5.9933356012120225;4.299227829686136;4.1544584277396295;4.408386134159093;4.516166953847612;6.44847950191847;13.626436579488606;26.512773782179988;11.602633531344908;16.54668981305943;13.784519968406027;12.3974111033864;6.042641392832877;4.314267246578628;3.1496685274115754;2.769228848392721;3.5490409440183943;6.699788769441961;11.511576992673515;13.614066388908089;16.39808791911076;11.406145258713341;10.208456241104079;5.922814100422306;6.533081660245702;7.941827699356827;7.523786308799293;5.059142518128805;3.3547005889544472;2.2884972379845454;2.7623278877140707;2.4140854024880904;3.1751328025825383;4.99750015062473;3.273650305570108;2.647242560704443;2.966741477539223;3.956966225220867;6.140606341317146;4.480158070030726;3.3808522811747115;3.706147800504368;5.477198867817497;4.41011644293875;5.472856742771213;9.307271513892934;11.568151839277746;15.852246374291461;17.276471128755315;20.397227810899913;19.180497354935284;11.463684342553254;5.420116312035723;5.845944985721917;7.484556137498541;5.847841504737573;4.2265608638545356;3.3963447205317894;4.844726094306001;4.870158241425973;4.614407449085011;3.6902827172136896;4.877188615306089;5.32198418745942;4.254301336159682;3.4195629479514227;3.963125255259837;2.483530052405851;2.4884565875675277;3.9639291619522807;3.8379407048482728;5.184299549303188;9.095164726026802;11.252154042898992;5.798814874610447;5.274092110690707;6.300203457247651;7.48200736433677;4.982308973675244;5.244771975886758;3.405137345747619;4.720621276392386;3.873738322461981;3.5497731855857553;5.281984738915788;8.115432642317751;15.871826251973825;7.197690092005776;6.307054180739884;4.905376570686475;3.912987898650032;3.4709631517225175;2.9607731426276107;1.553163100326154
3.776344070649921;3.953660298549739;5.581299630637229;6.920577022882057;6.613036969437865;6.522066883128054;4.3416840479135494;4.356289306574377;3.2489053721474432;3.7174763228822396;6.519518825948413;5.3580322912745935;7.985349610564389;10.177666149657526;11.067373943784997;8.960006433064883;15.866203622424322;9.370607240328047;9.506322295280391;5.31109011860416;4.170079179686755;3.1922008556437733;3.428647017098684;4.813981335966021;11.408627799760866;38.706235085512034;9.292668096249894;5.988787878420961;5.897042254189539;4.521547075788129;6.245254631216328;7.212747536066189;4.477044327787587;3.0459984950888064;2.4382363839409247;2.653330104310988;2.4596400911640366;3.362713711676363;2.9827810655021585;2.837002526619802;3.3086947442598436;4.488492605955377;3.788632169299182;5.677365373360587;8.134783867203259;8.880749038661865;7.532518849326358;7.242734278464213;4.068816080683508;4.882841106326433;6.0904388285455555;9.864057253382704;11.861260253808592;20.748635923708;137.74212394264683;146.1213556081944;136.4775972388853;18.61646140975368;10.130016655729221;5.502508959162463;4.7830521328397015;4.325015485888904;4.877886004838238;4.817004208145528;6.879491889328668;12.480700436044962;3.874047357420586;2.78108996474512;3.0168960747508797;3.595085631052117;4.548161799114371;3.7456127728574358;3.367521610979;2.342598823999416;2.014997978091772;2.404595373045195;3.94751020078627;4.649052006774794;5.268421630706004;6.699318182823365;7.140990823319176;8.209918950214432;8.235427347499737;11.804571203411644;6.6701034736798;4.133588019971701;4.1603065891911735;4.266736184066824;4.697334292985969;3.875796203853108;4.390111616848372;7.716341733678521;11.189074091260375;6.607908034726242;3.57620990473189;3.354768529639427;4.2997093480118584;3.542302298826338;3.0378293379508796;1.7241793561560688
2.174184682215673;5.549027866596608;7.083159580247484;10.895058960237623;5.413572195840991;3.995294285359369;4.780285841050035;4.605423067896694;3.552916159163726;4.579577237835192;5.182347336378514;6.975868675269503;8.948575347076043;10.806235981382791;9.75874333488192;5.573962570915838;5.678877580751727;7.381896132217717;8.47769638889298;11.541627202467447;5.967539691509239;3.9812220485722922;2.9294761182644606;3.664550883679551;8.106134626216635;8.764270090113085;8.307715545048945;4.574941218106932;4.623182784269726;3.6996706658930827;4.237161957831486;6.5553388575035125;6.723532719584985;6.549614979778605;4.234776599150345;2.5274061897853537;2.6107187585699902;3.338159778176408;2.8012304624938635;3.2131872316177645;3.6875168877101476;5.465407272739366;7.246989681958632;5.162398337479017;6.541924289456944;9.352397636455851;26.51852784210452;6.111757791510699;4.661926182319527;3.9866108676761214;6.286849932106599;10.533279501139068;11.573455186186568;36.38404920176338;155.3002257604534;947.8055732119842;107.29747703761994;25.121352225736857;8.494131084163149;9.682383209454168;4.756346473240745;4.96508853949425;5.0948619272247315;6.686587568358693;7.839755304887819;5.574983606977155;4.552739525949892;3.0711798713096394;3.8406570163225395;3.376817729501103;3.3757530924064816;4.643926617788461;3.185909249490159;2.5276444790645294;1.903281618373406;1.969370227046626;2.899989775091548;4.270881552801498;5.491462029337144;7.607804876841308;13.789841367168407;11.711122051067592;13.83182566349591;7.733993538748706;6.15267253247939;5.466699810391488;6.675810642753032;7.938326748408959;6.9892275053759345;4.5210558950252;3.6042485574825087;7.3438411174777105;9.180823639636488;4.81553635607392;3.400040244678701;2.9123479139148194;3.8697331205628522;4.8426917720790215;4.037528049767997;1.774685290094326
1.9974627532755698;4.120044656049577;7.635729541656859;7.62529222713926;5.542885419381409;4.42886669169435;5.394943471526623;4.146759355046147;5.553026135917731;4.00623471861444;4.741704061830861;6.896454992569287;8.997486319945063;28.6522073046804;6.800759918733397;3.4001469816177052;3.114360421620292;4.611564972496787;8.369348631459555;7.388343527519534;5.423247958428795;4.033646974426096;2.949429949721511;3.1272649516184434;4.6265921069310405;4.964039986932061;4.8146089072704905;5.552108593595194;4.553954650769404;4.656487962022078;3.407545568900944;7.173593795080025;27.375911573805606;23.56606514973778;17.32732412005981;3.7123167674501323;2.81285948311382;3.259726640874727;2.815121260736825;2.9842779640245323;4.571743400996643;5.620736162030075;7.511209943935086;7.003385027121701;6.867227248823911;6.820620985396733;6.834144273616527;6.3074865625955185;3.9523170823689457;5.374918021220546;5.929308523847858;6.344903157501315;12.005322433570916;31.99434080201914;125.30622175728902;116.36671342102989;97.78566701633169;18.458723625084453;7.013512818457089;5.211779237741796;9.089324680925227;8.737225078409468;10.993647880420918;5.446029422278857;5.9614103401404845;5.7286290837789835;4.562173404922773;4.220415198836089;3.304231667981159;4.56397954807921;3.5050109761890726;3.9252229835508405;3.3053397818110284;2.462502323167504;2.624335999996476;2.193016404471423;2.8406933159860546;4.1842228183119845;7.651592751013918;11.057635315109355;14.843562126844253;18.23750519746446;8.178604073907355;5.3635272299019245;4.880920201769917;5.021741442972461;9.389200637196456;20.012766257044056;6.078403830825969;3.946186057996772;4.4812342265374205;5.895162113666246;6.0322115590776795;5.4319821042505865;4.485298173279303;4.081116352546258;3.6074098437916744;5.281085983354029;4.63211601522203;1.781335293874531
2.2069856343022725;4.920681345616359;4.7517168258570175;5.142152310136117;5.550915650997425;6.515341191482773;4.071443577396192;4.017267626220903;4.259615013752758;4.433435262125705;5.931508292371064;6.9268925095226646;6.901141046612361;6.6584096435874764;6.176874824442018;2.8940145038677856;3.087562659129327;4.792799825863801;5.9745595976645065;5.069179429179052;5.710341955598283;5.542323987394147;4.571459185123567;3.5956817154233858;2.791792357433757;2.574675032144887;3.3288333445898024;5.672216096024087;9.074578951926084;4.135915874967765;3.7699311206733674;8.110206889800207;24.291261880230305;93.62180905277053;16.721456007791485;5.691018105772597;3.6670773766638813;3.587931434581243;3.5491260054727816;3.3508221309237523;4.515362185569747;5.554110865340417;6.849995892940728;11.256984748057315;5.880061035594498;5.85341622097583;4.785417947152145;4.340633598774249;5.420957429587005;6.667402034517814;7.91411414459023;7.262191423813013;11.113775085006925;21.079408975358582;44.08899499868689;30.12367735996649;21.813934195732873;12.24335081562463;6.5667319852633375;5.468276983668093;7.660503953278011;21.53488079128727;7.020496138221188;5.568298260972676;4.670840716766922;4.767258525656391;4.338574482727218;3.4248137235139744;3.0642144304891037;3.054399666732789;4.026542765637397;5.536520582492676;3.902407615393088;4.156932295548657;3.8458816659362807;3.5208066594150234;3.0887290194500285;4.4013868865109895;8.71990255042003;8.532701247551763;8.986943846755084;9.556044030204614;5.707308206379158;5.368394664866358;4.732187722098367;4.797254572485331;6.2796964166954155;5.979003660216857;5.568197616323694;5.39262475652899;8.595590693022098;8.114586107158809;8.840029578350102;4.8761681844019655;6.084590984484503;8.270760445448023;7.300690059728033;6.727090384478259;4.290640148046264;1.822550482167295
2.4503871716467125;3.821984169261355;4.2039252543315175;4.967260940790148;5.753903942197641;4.360919506877622;3.812068787138491;3.0265011731805225;4.420806501690045;5.170287607338996;7.263582094605376;5.032974005532841;4.666955930856964;5.775128916646017;3.8257545105599395;3.2118823889456296;3.0772978764286867;5.191056009669681;6.802861199127816;6.101474131935112;4.853991923573558;6.654886714630597;6.37187645568649;5.567302985076801;3.2604790813579765;2.287948530378496;2.4335174922403517;3.7297638865093625;5.885900123005914;5.429849656216001;4.54585390126924;6.6074361334252165;15.883791120747066;21.201736377017312;16.77237558184237;8.412520458064733;5.893183410730527;6.773492144855377;4.485226882176203;3.8949448916717238;4.463499399647621;5.492465447525823;6.316759956502034;5.918806875302535;7.004393901845902;5.91947420578959;6.324175161049254;5.149297825894975;6.181340490923789;5.845200761726301;7.5899700153789516;15.674069523090031;9.233874940318806;16.492482409871243;14.395601846754714;12.726415499578843;6.836045540540111;6.289395736888217;7.295980815388169;6.239063991611568;5.4014368405068405;6.379644202433871;7.055899089671807;7.236656521135455;4.902964850139819;3.804545124085579;3.3767570605831088;3.534628424229037;3.3195669128914616;4.981854701272729;4.82179964531456;4.956280979115805;6.040547659029826;5.213587314706347;6.2126723888335835;3.343857822528119;3.15483401652241;5.108319498926285;4.6826683161847615;6.258060781077892;7.566774840681311;6.634987564272175;6.74617786318033;4.520779300549917;5.145672941695527;6.337260985618291;5.0407440757734365;3.8704041721568507;3.8975252723138674;7.761853989389886;15.680312216667296;9.992267625757503;6.878823204376131;5.30791797670043;6.775802022227562;9.569908873173262;24.00919739692542;6.532042143663985;3.32108670574292;1.3623005599050735
3.9123616378557924;6.66442662837566;7.5347934025301235;11.68175721208451;10.415888081582684;10.249781600519068;5.37590696207818;4.075873758535083;4.001361080371154;6.097876883056522;8.243119040152164;4.988623307457386;6.233316985557094;5.710459184331809;5.501223042338529;4.3100946033822565;3.7752957944114742;4.62034835795808;10.23634972848658;5.4198718793585225;6.673675005416164;6.023807887621984;8.409581143050971;6.9832767452597935;3.1070443354888275;2.458523047569483;2.34792324023679;2.368708795692873;3.6174101432567416;8.044602578701115;4.457232619122045;5.486323884514179;8.990397779547797;8.95395243626664;7.398467727616166;8.446591937069009;10.753276958627087;7.53960960938631;5.530206533197457;5.893634157228338;6.956380185284274;7.996429610249306;8.40748209450781;8.86831776497792;7.569089828816557;5.833225507947266;7.541952340743219;5.742209716767757;5.777240513958297;9.974499077191835;7.056327440135922;7.443190122756522;11.445569742211681;11.101336545089577;16.17186427397717;6.977620654604618;5.310008113722919;4.459288461630669;8.08956064378834;3.9885780507433637;2.9867753063360887;3.7628139712153;7.756139496655217;7.414575537031866;3.6458751587071014;2.708316617742439;2.4803170685587017;3.638550031989298;4.9533104276228945;5.285102604486238;10.27370966315354;6.560755813208239;7.687409389230699;8.513898758228112;4.014027041366877;3.793120288957686;3.008725261949039;3.3206987975468634;4.056710466121912;5.2826674741982;7.743718120599341;12.72273653065557;8.066121243364316;9.366022768553128;4.75929267868176;5.390909346846372;3.783112620883216;4.084267073255139;8.612360452955127;12.30551616252588;22.068593617529935;10.21828752130586;6.648906560184484;6.503742154435659;5.178335388189799;7.044129210165964;8.78932869770766;5.931561376111761;3.13352204970473;1.3515119039909136
16.559827649747877;23.25697965230621;26.020169511585237;14.51645488222015;37.10438721415331;10.869386822329172;10.735655670963823;5.411449370762335;4.876229801691566;5.107553680878721;5.788728630244224;6.663293342103633;5.3692216889548945;9.364700111715935;11.861071029553251;7.60061677286944;4.498717695982088;4.344543964497754;4.8823154954306;4.574765986161511;5.597251916028098;7.394335586120349;5.4287692926593305;4.178528825490067;3.442545768759408;2.6112579242553893;2.3878478621583636;1.924638422843101;2.807777675312759;3.6541978484786735;4.260423703458803;4.014654956736547;5.1949987333269725;5.862625525464099;5.104490207087094;5.866773661898904;5.586777507098988;5.738609328670951;7.952178446383181;13.436489670891968;14.66908264878639;12.203484144262903;13.283418347954173;18.282909853550105;5.414217391477116;3.9215057344141804;5.459373459185633;6.784863056937786;8.346942890244202;6.252699284590072;5.213373717601192;5.539605847921157;9.071704312839039;19.649827817821066;10.720786197940384;8.232516434512876;5.53371957738295;4.168813734060763;3.503287308509021;2.8104054913103464;2.2199613458128566;3.1663110524860256;4.887210944246279;4.356571449652293;3.292716340873613;3.6435993251935086;3.8808074098975296;4.123944317876084;4.495236900747327;8.136806777096549;8.6941598994979;15.661738105355624;8.291202106548079;6.067840192529529;5.206483893663272;4.034917955547219;4.613810369096663;3.4289172971122244;3.906256646777966;6.593985565444526;15.630145941009985;18.653022265371483;15.61470762223523;6.173487186072999;6.353225361544474;3.9301749401759105;4.387834887214984;20.91850767506238;42.10009848201768;77.47194284937265;42.538545895518496;24.63744732352687;13.634752912698673;4.633713200851969;4.351032460296739;5.430195520647627;4.424826092702177;4.346807918643933;3.5512224811944026;2.227376659604095
20.268920709288633;95.63741988943224;29.08449532801713;13.833091969941288;11.387149617708133;9.638190094720015;5.62292595228498;7.658159878858589;5.3069109006873;8.38099082327988;4.644619748303739;4.758052060036776;5.851256328963265;8.088459706070523;14.973508649933951;10.963359116885943;6.8664739990724994;7.3018228200870725;5.018341607293164;5.008429888165712;5.813800446403929;5.96535412944674;6.149594576981547;5.027007207455415;3.803566730278689;2.7576074909550874;2.4125255561710004;2.6353322529874865;2.6928365539565364;3.1977172445141897;3.512421846418148;3.332072273789797;3.4505143471839603;4.301188755940866;5.5209158870321655;5.010751201925164;3.7846522778065053;4.525557732014052;9.006515315156133;11.454915495993559;22.10389696915538;11.590569426236563;8.130126157248784;5.847977745044421;4.656819467419941;3.2711673357731113;3.87941364010196;7.379133662629073;12.848772272113944;5.8188071691878;3.835161614893705;4.606434448571237;8.304207479569262;16.508471542554332;11.185841649975181;7.082228436039794;5.2974074221302;5.602135942247391;3.625013188419933;2.5974110397000887;2.5159388548762984;2.9179428916564123;3.3559545925278202;4.142453967785036;4.636759794512297;5.576904547135458;9.840585897078313;8.07999846861017;5.50344636162352;8.019605188167342;20.9018289305871;7.388555680229843;7.71065648497343;8.972196088463058;5.460703950024413;5.2666256348098415;5.1736858168658495;5.76446362129351;5.9955706308275145;7.082396940382428;15.091994370228488;54.43367266584809;11.644442962720507;6.786000296631919;6.672741271331581;6.941156163184419;8.603246104441107;38.75063061362026;1645.9945684194595;1730.3193231020641;1699.6345622160072;103.70781268864776;11.974240514328587;5.193893278739751;4.306612283427148;5.808785669673079;5.481377492019906;4.949276925549376;7.492373966082757;2.7154375481998434
20.77435702301237;20.129840247778475;16.502054808592813;7.524513060942698;5.245390315528723;4.493625866755393;4.55687650051376;4.438585592978394;7.48924012351909;8.267124127412428;6.096119023889487;4.423736673060748;4.726359569361782;7.824056522319523;8.52802365936461;15.209294541607816;9.184602798764907;15.802286943603622;16.963427025029294;15.686352550319803;8.765596598262125;10.915544838446179;6.170849905565089;7.728278061046282;4.640238672810823;3.6663352355920575;3.0266847323988495;3.62008450572199;2.4710785056740194;2.4349826061885604;4.0245808000009875;5.8103705809139745;6.009035601236763;4.530373694985276;5.325505691947325;4.806947530739739;4.983321288749224;4.434957934684805;6.038113608061339;11.307443690703085;8.72654903689046;8.072822385405773;4.537278894542049;3.5903526452091663;4.084327436075109;3.4403933087553846;4.868393309103427;6.514408076597884;6.321464478047367;5.256811310084007;2.82915712137794;3.6347592438458793;6.149292209046451;6.480002963594163;10.64050704009816;8.564986568136318;6.518162214299359;7.9930078589748055;5.006998630748483;4.602846964820941;3.955109849625349;3.2112553926828773;3.6647418352917804;4.5607527944892;5.514413962831497;7.334266837207469;14.389757910856535;8.726329836395598;8.225576226860387;6.8996561656029884;7.0765721395199925;6.385108901122137;5.086471963690805;7.202832231129785;8.231285599436474;5.093249455508335;6.97350188525704;12.530607444485112;5.4146707677251396;7.051591854468249;10.986207927325145;10.725090836352319;10.400060858351388;5.602189314853973;8.360991466278511;18.947678682974246;10.502631959437574;113.93120849131338;1790.121314228527;20654.299475277527;1242.354177335517;165.0789636613358;20.20989681230486;5.98392159165458;3.7397227048611965;4.56324155835263;6.952929362864547;6.18142609110695;7.02111219787512;4.778753648716997
6.295393686129623;7.851435105802493;5.8274119066584165;5.204963974729512;4.963742192626027;4.378474067659427;4.941911730976541;4.834444558552683;5.968823534378546;14.399081633482487;5.76233600814829;4.353059134396067;5.484309276892643;4.906084647220493;5.551062576539117;7.731842408404623;17.810095676861547;26.11821753235682;73.14988288357509;16.448798093999773;10.222107467465749;6.119510003542359;7.033424655727665;5.9362841669409105;5.909830740009271;4.040118569388448;5.031920580662732;4.244220824176211;3.973744687821336;3.363337296486842;5.124881596864533;15.93070149444389;12.800758967601944;8.761672577704763;3.7131341370808566;4.56529550003462;5.734655538744802;4.783634024722817;4.955392722649236;6.330895034797553;6.256629001920689;5.1470342532265985;4.408537327541696;4.713831987020988;3.471684186576099;4.200349291032679;6.2272270666824765;7.555116687194463;4.225168717111584;2.9903721423701;2.683241872560888;3.2525516245186803;3.9460835310862645;4.4176257564616375;4.901545062753103;6.9820911318430126;11.934575614653772;7.823627534491502;9.70309296056387;8.083107525443657;5.110386763197394;3.3934314566457586;4.560453615888663;5.598126242345874;6.087681249447727;8.47491149245579;8.9367890704539;9.012669168643662;4.954700481482745;4.907289071635914;6.487801434004348;4.372692367674927;4.976967534359958;4.527684705465003;5.118743063747173;8.145903218853315;7.6260292359899715;8.082081407328822;9.064219699204337;8.18818760745178;9.48361702481916;5.383151790447431;5.379876901511995;7.311289002349681;9.59846096210349;10.157805231147137;16.301385156814327;110.53233378215353;1157.6850389472668;1264.8374747924286;1179.8873082453;133.83845184746852;19.20144172007761;6.3609291484672035;3.4359090842017355;3.059510157953971;4.648289334615473;10.843578881881713;7.284759376232406;12.216210598388754
2.454334644122296;3.654575821181356;4.365859283256715;9.801942245724938;11.049134017351918;9.632051815718507;6.416171263852412;5.78534770569156;4.728752543649432;4.634503812978221;4.894068740826221;4.002240557151486;4.09970479219818;4.5588776292497615;5.178360424280491;6.824672848647829;16.689630987905492;62.6430959849906;18.992720996783945;14.202813862111112;8.251062277301989;4.914893787369593;4.539403799860124;4.601603078968695;5.224993077697411;5.172500822069134;6.965936913265752;8.981545374055717;6.842789069730134;5.591580743059624;6.935303034845425;10.475865725904924;32.457219917696214;7.642901936246181;4.3148392624822725;3.0370173205141167;3.5887803058312167;4.862913989084699;7.342216118165043;7.56434629946329;8.825660849180158;5.74165917723172;7.483359724086415;5.736452899426868;6.8864901789412585;6.459119545486673;6.201572998328385;4.494715153712533;4.52555846185836;2.159731268036246;2.6037952339802226;5.485936504342748;5.446908335744626;6.065343902041129;5.379619767678829;5.927587238903719;6.289119869275848;9.438784997442221;12.833146237217994;14.34388529881074;5.770216173885267;4.912188316167782;4.263888703561979;7.823654543064509;9.191536157321035;8.460579191843335;7.077230689383032;4.4562354637830985;4.7876640599816405;3.827030399629978;3.7104427597034966;3.0092500025369424;3.306215887641537;4.520594555643712;4.320596078366815;5.739670629952605;13.186217132510174;8.19808642333142;8.357573736767828;25.858540568521;6.863572968196746;4.6410974249989;6.198611666637088;5.365651779341814;10.175803873494317;24.08950204972436;14.156362711448363;69.88531135963011;134.15154343558248;189.6043684492731;141.4264108207664;76.06846700971099;14.87165239600726;4.532914042026416;3.2135936437511132;3.3888828953517707;4.2516559779259175;4.38457526848917;5.288609309475198;4.138286012055477
1.9492042068686373;4.051799943489169;6.090834626008109;11.107891896881533;35.689259456707106;13.887115063980241;7.07227070425863;3.810060776551612;3.832598852052178;4.089629202820515;4.118415346493652;4.389241582582482;4.856603076631436;9.06282422448338;9.115677321052857;10.08889806531627;13.886641898156972;13.436998358302715;12.209946497064276;7.027540120038337;4.531449515971752;4.0629896106353955;3.0394644339588126;3.662325917406667;6.330265549762463;5.152099623932585;6.6451093289669;15.471239033688878;8.398384287029325;6.182121086589934;5.627320439227531;9.135710207904388;9.29957261598987;6.758703771909541;3.3970692693755318;2.66998963552407;2.887232238453524;5.409783091843606;6.025987868041556;16.333902809543375;6.254893442554652;5.140853410216254;8.349777041443508;8.352966462113717;9.473863406151679;17.599415631866833;5.327451432054422;3.4016517299828735;2.925910490021362;2.0250596536552012;2.830771692935913;6.462122322337112;12.176211567057246;6.7173011404150955;8.91804591628222;7.8903563412440825;6.375760184412814;10.05575080241844;17.595952349167742;9.22368279595096;8.438804929464723;5.488525458933059;5.163184215740412;5.9568641119067305;9.141783735106548;16.685613387428933;5.547047329868489;3.595820539343741;3.6764275182666917;3.6753736143204025;2.7436114375977585;2.0161481622584136;2.4698261002638806;3.968121271095837;4.16956839812037;4.978271226803899;6.58863108029562;5.675966352772083;7.330457790071833;7.5028754801791475;6.486755736854219;5.120004176375646;4.380188943017071;4.456292898197122;7.904873909438947;7.71737379872567;13.382438046450869;14.141428517372024;22.742358817869473;27.642686698200695;26.532486178837033;17.13973499591665;9.061101717733264;4.871128608139703;4.3672473385225965;5.547554560663846;4.725883336386718;3.3826317584167005;2.9234732349343866;2.3207809478179584
2.462968639919832;4.172997974570532;7.464956441987537;13.04013768887782;15.91496215761913;22.760932552886548;7.007280662907805;3.923031133033246;3.7196618556675545;4.751647493741971;5.309504970746604;5.484263486356473;4.466298740655213;7.844909209070167;26.735849160638907;12.775169336812088;7.02977753658183;9.395065600108566;7.321313442860383;5.736776675669197;5.304240137370645;3.315042052451063;2.9068551622281653;3.7768311446613225;5.418693230459678;4.413754367502286;6.840541338186618;8.333399751494927;6.440774913692384;5.760262224815488;6.240967807506333;6.24900424402679;7.45504059283923;6.8579810944987765;5.597929370987597;2.8418349520239583;3.1031745410818545;3.2215918202492375;5.861585672586009;4.942225715231374;5.244190278246018;5.016358664559594;7.476953528698351;10.582302024472018;11.789864810428703;10.029487269559562;5.004970499113333;2.7571310285396593;2.205718272878596;2.392829844980166;3.08233951289437;6.587502450541667;13.100088913236192;12.328439916896102;11.761216571681931;9.341216822572768;5.948926030525703;7.193041352547392;8.406909163752273;13.391512178932421;6.379243063189669;5.658833566002827;7.043754229469559;6.982102063113271;6.663222413584284;7.207106827516829;5.069191032240178;3.428447681619542;3.783607018261232;3.106121273566983;2.8414324935895885;2.426583638720368;2.716709427406469;3.7195849254112443;4.685487180916482;5.333926271225576;5.056060754631128;5.519325230893197;6.687120401700957;6.8579557731284115;7.481030322636327;6.191483064197231;5.073522162862708;4.671070427632854;3.2852160649123587;4.190328968651696;4.59726247585788;5.332421493702082;5.569611700546725;7.081429959111565;10.38829099049547;13.300111670732916;10.344502723070113;8.141166545333506;5.194153109588829;4.581079600023306;6.184010991241199;3.3391764558021255;2.959554510280849;1.6268573183529518
6.054507696120039;9.491560207729906;10.619590890712436;13.729976844926208;33.02831093141195;10.48751176588902;6.364330343082899;5.543213839459574;4.162402642320774;5.793901170716394;6.275511204359003;7.457323449086089;4.31888436041689;6.584152326507319;8.319300867756409;7.493493606103041;5.698112328790972;6.7538567071449815;9.04951914278596;8.404075385606687;5.492307110940139;4.195087004044271;3.77542010381384;5.129920712382342;4.375970258091714;6.081868737284891;6.632161178579029;7.73719840705369;5.812166659772544;5.856239857696504;8.302987911406106;14.284639424349402;15.264946558758384;17.607202498136886;5.509415548782978;4.582073274050387;3.0202792767733966;3.5644132447188044;3.7195904527115844;4.13682766373853;4.829246764256708;5.0155090639753075;7.98302525424451;13.945576165179364;7.628085655676732;5.252308477221252;4.0898141850843555;3.172578508025383;2.8711536233549073;2.568729686449103;3.3986246092132775;5.827146149035684;13.659971271049812;42.640994457358275;9.265813246134448;5.603469574314995;6.674880834010155;5.225010384873427;6.090731867212515;7.378467362877999;6.010813416350827;7.520881627772787;5.963304206060554;5.651701585149266;4.382609237100357;4.589524278582912;3.6433582522758456;3.373772952244687;3.283425270330273;4.31588468810841;3.9859218654108175;3.7551760768613303;3.0644265898072773;3.648386381849835;4.533633551733083;4.464138335319207;6.6103886766740025;8.063893030229535;7.446451362334135;12.79120552820199;9.634449353112448;9.662423855397442;5.45230790041328;3.3964131984038994;2.734976410346904;2.6887259390209675;4.2284996304261915;3.51308497809847;3.46749648674201;3.5938597211177794;4.9237097766766755;9.580443373953399;28.162946702128554;8.355043787423996;4.452711539159293;6.281500706509815;3.5967765174941246;3.353951113380537;3.0299536604967714;3.3290035246832583
6.312600960652669;21.693066771177534;11.865279937151266;19.934773830672526;13.389861818267446;10.783745333095743;6.596383360264181;3.8333745548606735;5.44225441177401;6.939947933481445;13.83224967550211;7.475500329571906;4.386986742232468;3.7966870256438625;4.41321213045214;4.825787460857773;4.463083120021235;8.399283362332072;12.819193760014084;8.836222013006221;4.575615897191808;4.359772382566201;7.9983337795713;3.987989760625753;3.648205247077358;5.968254224800089;17.736289265799254;7.773818401295204;8.173476949511416;9.276388398889019;14.337459621960928;14.829779057986393;42.157298934243364;11.847596688629755;6.910380047329702;4.345429610090584;4.301001891626559;4.464667241478954;4.556915003771556;3.220145086779884;3.9490038445066884;8.19954914069254;5.456855703412405;6.379374320996144;6.350107620041472;4.305473462560487;3.948225370873813;4.14364908417327;4.213176337670779;4.470608836958358;4.549362935874854;6.327812263129049;11.275997411791119;9.593898762661617;9.060345118505724;4.610346110818392;3.6866467565938086;4.353787765010838;7.643958293713933;5.516908460331762;4.852502706752634;5.43934732186028;5.241361176720283;3.990407574059527;5.080897138134599;5.936027652780267;6.037803558661626;4.804900542391897;3.358528253771474;3.1851724095805785;4.888733327414235;3.5905688904312054;4.4252159890422185;3.333363679111001;4.4461719487672156;3.8055941741208543;4.232181422329308;5.592539785413073;8.23592613561226;6.863854224842918;8.002731337809765;7.0747936145477714;6.868252496521916;4.826874889757084;3.6966869540556355;3.3129445916999685;3.925263158223996;4.868973472459811;3.5414926764254244;3.4874797046372064;4.14954458913435;8.364491159834136;8.685126247343016;6.785954983180879;3.65256930822024;3.5635485271027427;4.633750033488125;2.844646811056572;3.784118238519184;1.870883200157144
4.100504825227402;6.232449063834089;9.992605593879887;11.434701501176741;11.909811525231305;12.52007636584569;5.7549927584390606;5.042901615080296;5.781491205418496;14.802577482554415;8.327372228558062;5.656378958238881;4.078207692586871;3.489476756564506;4.162393210889242;3.3058614242761557;3.880991723785016;8.26726430791896;21.841880770715164;8.870205530856653;5.95939207443471;4.823745037345364;5.253352074171372;5.579754814052557;4.392415807406026;5.441822976817614;6.396821095620261;12.858747616444985;11.29670853452847;14.701830510795325;9.904986637907056;12.488502330897644;12.634419607523975;13.423136253870881;6.356601865154007;5.215092969939782;5.673843360415903;6.074179839849387;3.9995028565116737;3.7971798514617237;3.9217152061162412;3.395937992027814;3.941562923333124;4.43147677181377;4.169190105683925;4.486938952068878;7.507139266749502;4.676112831918732;5.914836889249005;5.410313233515056;9.2163832846401;5.645825295411859;5.811383484326419;5.683026693550483;6.598738438551065;5.044275278048607;4.512184486950989;3.6457265878086793;3.9412435425099166;4.44257162709704;5.276955669032396;3.8209014804122305;3.8288651326276164;6.311861658337969;8.159795228679911;13.946468026831;10.847427342312118;7.327030111491399;4.5904659751742685;4.030702908212028;3.859641893781782;3.76699133619119;3.036497972638351;3.770911773695365;4.394374695550544;3.7643082663698006;3.6941439445448623;6.072524949553799;5.240421374836431;6.354781372820706;7.44561904933763;8.783975741479624;10.15001602208396;5.609889885991285;6.99870150640405;4.630550470110788;3.816592675036471;4.240033887216729;7.3493892252811905;4.628807256222559;5.051439927387745;7.162336581443613;8.738288129789625;4.569655400924172;3.684302656554496;4.232857469652104;3.6081703673816814;3.1200212498867517;2.677776877779909;1.8667952967224821
2.306508827534823;3.317262059801399;4.5598895447164045;5.790582070330434;6.39064596625635;6.208319838346548;7.373722776794397;5.61053366369009;6.156124384495094;6.03344109110011;5.955928365431646;8.156300914399775;4.891494202077141;4.8648521744608635;3.763108804774872;3.16055643492727;4.900171776570407;5.9253102789720575;8.379828777626006;12.165911797264899;5.933954888446626;7.515981811636741;4.695002880293089;5.214654717887356;8.623103027811496;3.9760958939922935;4.457639192464414;6.287847704927998;9.846445214504266;7.794858951919802;6.795758676494709;8.156807236744497;18.8010664012439;8.163530655396464;8.291492896661373;8.419855544351739;7.861151488402622;4.77654372294116;4.356874450416907;6.980683349017976;4.258380412556964;3.24200620003921;3.921788463752217;5.239855147391083;5.647664819258675;4.539553171956051;4.314703949059448;5.5760405513740094;4.623321866086089;5.774071377846409;5.557833917060799;6.267038387205834;5.565809709348741;6.289793656609835;7.155445699175094;9.363858095366215;5.875240411103639;4.463734621234032;3.5526826475440263;5.212098178929176;6.958769331083371;6.442305391927808;5.96205518437707;6.0112863114979;17.443933343704256;14.088100907707155;18.769505828547498;8.992901820616241;6.416871429949214;5.406354675782416;5.314283192626647;4.190027778479051;3.6093422959788635;3.9745240994139386;5.797989577698382;3.8074343793120886;3.3320533855732277;4.087720197340074;9.264793029789107;5.133146539305917;7.110017079523774;6.825706597312536;7.140444516699853;5.456068723146293;6.530260473089928;5.822704624536481;3.9151864623923474;4.91638999420956;5.5087368142885085;9.819858398647634;11.6696411268879;10.519906525125023;6.366686779119485;5.253675073607851;5.598754615114921;4.436143034777351;4.628582770491496;3.824457171245445;3.866892525890422;2.6146961241514237
1.80398172691131;3.526477367575446;3.233054077168085;3.630167538146817;4.981177564281538;5.795058079178246;4.450785306545795;4.97315634577922;3.542012343528791;3.9485323579568696;6.368245035012284;7.3696266225551526;8.595982731147554;7.114673329155698;3.765622691553384;3.4080428021118054;4.539825170370055;5.611711034761665;5.745396595232701;6.893721657358913;9.12099666082249;5.235386358421224;5.49378103155257;8.29843801608188;5.7480503681569175;4.606965545677038;4.421409454960458;6.824839400639759;7.2801196235943415;7.123622509831228;6.325572847644874;5.7005612843837214;6.928596363255991;12.594690426229535;9.433195361872983;14.780972272127904;9.818050068335328;7.906392405278462;4.673684826376359;5.4338786820030895;5.030530781213613;4.192947515444276;3.414222038834139;4.301852719151295;3.3847394384910476;3.8337147931419637;3.3538957331432524;4.593397033589881;4.608908178150724;4.568013604556149;9.220309733371506;5.861267197736645;8.520052545676052;10.825078354692947;10.700022675763908;11.398556325466153;5.737765292446568;5.472475828461732;7.296517748437157;5.775865077350537;7.780043418181959;17.994719995150177;6.331722527993681;6.145275666080718;8.11971821154546;13.461332692222902;11.036760503755493;6.814196795115988;5.667635942900984;7.359753687980941;5.586896279216719;5.876016773103614;4.700170858269615;5.05459961202157;5.872567272175564;4.795661232195938;2.6755206421581965;3.4985359883079346;4.222032983181644;4.0397802382668395;4.187901999832798;6.444578028997455;4.65419525808986;3.7864571745989175;4.524783543284809;5.643840017423777;3.44126482345458;3.7800552027716003;6.076092247308851;9.90806981771391;35.48316418675786;9.776263297734303;10.364930958680095;5.638261406708907;5.129992182656158;3.98611700642672;4.0127431782048335;5.754098512234417;6.4040333467834385;3.8553960874571467
2.0019209586854108;2.3898742656632366;2.782171408072352;3.768214015922178;3.4956598250819533;3.8210051660167554;4.433250493354428;3.6648786203820363;4.549037502613123;4.257924838377155;4.98484015445592;7.980455846100611;15.78406658327326;5.812348864300163;4.226933120192407;5.302235160644903;6.51978115033745;6.8123107023469744;9.045921033865568;5.206263467451216;6.0619480677630495;5.453126779426042;9.959588144026526;8.062168816897504;9.046657122021744;7.242595710315241;4.802521031787979;7.812722658561968;12.105415515936853;7.124562256511265;4.464943709578396;4.657688299564204;5.910421558956292;8.68736141264933;25.27167886029753;14.96854019861024;31.47933297453262;8.082710827070343;5.250958986082425;5.974738714183585;6.530522970503757;3.6411164840368735;3.637673209048721;3.0022238811739177;2.854252018184016;2.467999602819302;2.6047996692097537;3.7012298437471376;3.5751700879328974;4.02270652651931;4.797384942988026;6.0061786295748725;6.8033115853982835;17.87251446377747;27.67160948830486;7.449870314478804;5.235727716155986;7.996538111613226;9.379775044676743;11.558900108825997;10.230936217463004;12.220111114331756;7.2706291399059815;5.970789254670194;6.728893708525826;8.183642720148365;5.903911981947998;3.819436762995025;3.324355469974383;4.641596644388805;8.058126222485937;4.509048025129656;7.563805536377;5.602958767535852;6.467255753013105;4.029985227373561;3.5933986862246114;2.963593971710918;3.089837985058666;2.930328058511822;3.9157172861013634;3.745506737958516;3.73918538933548;3.3534059159773384;3.230457377578852;3.576651178844196;3.9964927658888874;3.8168475491455345;4.5974843355527275;9.11176817548172;8.741233301879008;12.542233898939282;6.501243636717211;8.594810181299659;5.867157964700668;3.8082333228832237;3.0648880532643723;4.128508716204212;6.963509114851448;8.793043590184329
2.113272732905884;3.3983838237414594;3.046849888356889;3.1798766793070117;3.0337624207295018;2.7807355095870214;4.1159423167709575;3.471754655617671;4.089808219066652;7.2629087453596535;4.85939718691113;5.885948664584924;5.105376893903515;4.971390189094732;4.503086011698687;7.299024500060343;14.196392054415897;7.91901124308101;6.166583559347165;5.69525930479222;5.471507080514086;6.592045645242536;7.603419898017131;20.411025306448163;8.362202121486316;7.20727960162617;6.43892546445825;6.6643924009264275;6.4033856233922295;5.377011147054255;4.457017720579636;4.51822563638372;4.8501826088719255;7.065863437946041;12.092946606999815;30.233619739377197;11.594950043773633;8.58139774549996;6.025954313608146;4.316877431240073;4.335934220702103;3.773616230721591;3.4498784862584264;4.053565791241105;2.681651080586759;2.9226362269124975;2.5872992899747094;2.9074071202836667;3.260422354682868;4.398738802121269;4.0389113076140895;4.366052952515878;6.3005718092693;8.520448250111977;9.35199179380672;6.533360666185884;4.306765144828715;4.251269155628977;5.615975689965975;10.366559849850342;23.447841036100957;12.663030577998182;11.88715622064998;6.0742060203791315;4.940015093701115;5.5056373017172815;4.980283394847035;3.0170803771333317;2.652793261528912;3.395667228867028;3.438783624061908;5.356535627585307;4.321121939394198;4.8761956936193345;4.898677476255982;3.4853915352677554;2.9860626038633016;5.042018392702873;2.5530318659014526;3.0762140440768118;4.933958175958736;6.245115147157724;6.264310882197692;4.750267164727884;2.92287868344567;4.41384623861592;6.867909935422918;6.343520535017965;6.023941864748341;5.759925076505351;5.594670765934985;4.964831484564139;6.215409037724829;7.506207020199878;5.895762635462732;3.12814706899069;2.4784520158564156;3.172021437586518;5.170649736641172;3.277781792157467
2.039906666736436;5.206802154978809;5.312301701576447;5.942168394584866;3.5493197660332787;2.626067126431724;2.6862274055297464;3.290365389638366;3.2724622321710672;3.9178956609354705;3.7617296704836387;3.5647355281183035;4.077578562918252;4.345453710687394;5.915699541464749;7.227738502647116;8.198402381466634;11.919812082242165;6.622397445152882;7.015315761223104;5.010294335979134;5.498701527691122;5.952921143158572;8.614205587399617;12.551649322537676;5.77037756104771;5.627277016639637;7.873165350822002;10.197922053341395;4.554787380129668;3.351581849456111;3.508404878774399;4.20454356437415;5.752550468670007;10.175894425443964;10.89234823404088;7.783419531285827;5.262389673423941;4.317907315664243;3.278289734164606;4.095193263493893;3.990590144787106;4.474125632050181;3.9037258885130175;3.9163351397345005;3.511320045510976;3.4672097828677306;3.874638376522408;3.237426176845381;3.2254807567079298;3.689181150390431;4.624635439082439;4.645742687831086;5.047277921484392;4.407878592645675;4.851632991742072;4.216983205048629;3.8718226862377207;4.020787258172674;6.5803496222144116;11.04719627243748;28.570335314583545;8.208156616198483;5.849824342283093;5.639209439653348;3.5439235325348855;3.1367111095619253;3.677944982581238;3.523868253373427;3.218074782735194;3.7875385451212416;3.8319862845364927;6.119405408635304;3.892673209818697;3.119807669086774;2.5130672787481174;2.4023504581258504;2.332424295152773;3.065741588238882;4.12099832776562;11.120828397583768;15.032356098533326;17.013493950161447;5.238698176784562;3.8799710508939933;5.438557554370975;9.346159007224921;13.13334606489456;6.71368286205797;10.251936709727055;10.330794075687216;10.513856330668588;6.314925979635921;7.170749430407714;3.9090903741347485;2.5786991732727955;2.3680036832693814;3.1679352160965712;2.690487529356015;2.11772807650951
2.1269346103061775;4.975536496003535;15.621673095294796;6.776048303458157;4.214905504651687;2.6843482585543876;3.308099508149008;4.400028000249005;4.201764515763374;3.4020149767509937;4.927014353721964;5.240234247760287;5.993782180683989;5.649640311255956;8.009463095871089;5.336352574965988;6.229978460509699;6.263409018498913;10.500663728454512;6.092016463310497;6.735029827259834;5.027367451599865;4.286221860482164;4.949642379344095;6.350931551237771;8.877445733936817;9.121536867496;11.153598830471438;9.779050283754389;7.282256195700109;5.3949242305720375;3.998154912652703;4.308148345994639;4.936007649584639;6.084452113785327;6.345982357954342;5.912881440292859;4.878171510126517;3.4656162539644972;3.1433298118706534;2.7244863034443982;2.822521332305104;3.4497278016985486;6.8764934234001105;5.654626813680775;4.802166104928479;4.772462873648327;3.9031965410172003;4.173534946432747;4.749165441764132;4.627454440979717;4.8754515276118475;4.218152095614244;3.194562795871409;3.4281365936171198;4.217680769104063;5.094294691820146;4.863914628056969;4.346169597952654;4.040057962375972;6.755784933926314;7.197538093662964;6.960455289290986;4.468357981508659;4.659541737487159;2.9136262689457704;2.510158483274327;2.9556949792634195;3.1427951081085506;3.833920854135444;5.394804531419727;3.410432010917276;3.124467613138802;3.629034246304193;2.867201565382799;2.2431342101884755;2.628951188266994;2.94316863386935;3.5091283505943984;4.878192351353181;10.959513893263935;38.20556711324053;9.546527536837054;5.7335199006836755;4.887010337362296;5.524247803881978;10.941610563054283;11.266698603596803;6.140027576664027;10.91226868731503;42.83968278670567;10.044157612498601;8.619076000143727;6.276147415736977;4.2641926605580105;2.6780579157612614;2.4261136347886767;3.5339150909537693;3.7520215703984223;3.036038876140504
2.9944113044869662;5.699604341793742;7.42710136991237;9.517157880332443;3.855874039646976;3.603342089841142;6.105021595941037;11.148857214811493;8.740270702690935;6.722731668456963;5.079556821251664;12.920025820261024;7.5638822106460735;9.966488486204753;9.406404955809633;8.390606010166115;4.51513724060755;7.015483370369635;7.337445264840372;8.49697577789819;6.307439684440734;4.531156289173666;4.0108402510490855;4.7246600412582085;5.579992388699014;10.181993306246213;28.522403261617416;10.217825444097732;8.962275967419972;16.90550797976357;9.4817473085684;10.243694808029877;4.883871235917379;5.636127529674485;5.118582882491315;7.944059186535277;4.586983842654859;4.638830390689887;4.574877551152446;3.8153954523362477;3.028106119511531;2.626006441695191;3.323486353029274;4.249569968020258;5.01369314402501;9.081321021130725;7.1034215123915105;4.788524711975342;5.583202231989312;7.363554184841867;9.786978166674498;5.778575142061439;5.190212058038722;4.5611330667762795;5.603904351308293;4.54238399781238;6.34801837658082;6.548303998169033;6.219965091486838;5.402270823146193;4.976452704211731;5.939094074909714;5.527707653896438;6.048387426726817;3.3179932957604925;2.3916904341725194;2.632171204187246;2.707702879913606;3.947984631395581;5.554800213423175;4.6041785923675915;3.024254813055878;2.9085611582784408;2.642099134082448;2.7390533368130794;3.144566813180103;3.590015223949437;5.025015985926547;5.086405850824739;6.801810357178757;8.050868589935641;9.20434051497758;9.090578198629316;6.558003093489397;4.431338718212923;4.5546201301415845;5.11239680746555;4.838100493961612;4.492533130666046;10.018016977538265;10.488728271695518;9.05856732767874;6.6208880980402265;6.839277510744617;6.221184004806047;3.220889016487388;2.5041778108059516;3.6183187794298584;9.68327041722368;3.319185129870182
2.9569609408596516;7.69617786869317;6.992460814462662;5.207458345530915;4.154875698151521;4.947442105408139;10.062010051412136;13.259558182254287;23.82294829807865;6.315690591501719;5.259795303403355;5.32286891555307;6.163025512882449;8.417376016684214;30.17673174595012;8.289386153197148;6.049601298412424;5.679029851354043;5.7733379496376305;5.561359170255769;4.9032736269309165;5.211819405990085;5.196507862321146;8.031409126341323;8.276050684941433;8.22888282582282;7.675968794777219;7.912806890725182;6.555630808914878;10.50839099723984;29.789639416687617;7.362003953377992;5.030795128967138;3.504187237183768;3.7594623647712964;3.806506862322418;5.19244248186428;4.555756449689337;7.14564872175087;4.700305560086646;4.12380223216689;3.6967623206193805;3.4301091554798533;3.1345482401870095;4.188216726575014;4.709900348775485;3.776645062579927;4.120590292066417;6.965448823691045;15.92683852259027;10.012117192432042;6.324857426803765;5.000922794711369;12.035980045183278;5.997819208832698;7.78348919027156;5.236071675324718;6.841395428815311;6.571045463916779;9.948666403882308;7.070456272236435;7.264439097640376;8.261359344622461;6.402162489479007;4.0974135742693525;3.160227542441512;2.8153190291466323;3.4737882646373954;4.623515262961669;6.745661180870516;4.101074955030708;3.504527456060921;3.5568552516780496;3.9946798673651354;4.405045939336452;4.4140518236666235;3.97280332820833;5.183303295423;6.281503243349436;4.5935082324645045;4.848918414186823;5.870811220576076;11.93499630820026;6.603804861520602;5.528888203133254;4.3642312846531635;3.4062380704528987;2.9318794774074313;3.0669092561744193;4.154678893127586;6.055390014845985;3.9409863175402355;5.481939347379551;9.69442583680242;5.594859598656719;3.015098770170332;2.0495199338809287;3.0558174362899124;3.719587480753769;2.79010863925781
3.654096222811999;6.002803918541607;5.958693893988835;6.8362800770360135;5.084705846033315;6.690622141135709;10.345599150358302;16.618542721033723;8.282114531590533;6.47333722141048;4.645042976001279;3.827285920185508;3.92127848423501;6.859123564594046;8.69782934687196;12.234122439650088;7.1527974164973624;4.087696369140784;3.2187524362074784;3.6747250309809427;3.847739680064697;5.443475158420684;6.40347401556251;5.442150383180944;8.56635961072633;5.125171527695088;3.6565554769937267;4.658807690190006;6.6255697337883515;7.448870896542157;8.613156424182987;7.328211818858905;3.638169924377277;3.324775374545114;3.6999496536612737;3.6259888087285033;3.843785365786501;4.8612863879563815;6.183671974897877;7.93859642880311;7.55137329256067;8.543123667284382;5.988479415592171;3.7432313546832527;3.51801373993186;2.900088278419064;2.7089396645993604;3.3640786969739747;5.289728044772482;7.365336043479818;5.829374525011806;4.511840843942588;5.009114357762724;5.731092085363928;9.250144097351484;4.773265475732578;6.540419788685117;5.885448110328145;10.958799205217012;10.815691499963615;8.49767926694976;8.091228304912274;8.740490493963943;6.170545522555162;5.03355454343905;4.591564941938441;3.0700924433712977;3.1495430645637352;4.158943254247455;4.83872213313538;8.188008514763029;8.552738355844275;8.370401995520325;5.389965187318924;6.739881459665575;3.7482756320098383;4.635424476517222;4.252600966180596;4.217672096559566;3.5442399569053813;4.114157588279006;5.5541643598556725;5.4034534699305405;8.83445008819713;8.034003527459447;7.083167891378746;5.680929946980101;3.6918591218820644;2.910700756101424;2.6955554751993525;2.5594687646047336;2.89224497346898;4.1794854337345795;7.720269820083486;4.344267191298414;2.4911269607994506;1.9834718004098202;1.7512891229039589;2.6654649399986527;1.3875091352171056
3.2636345030053913;7.078035217763511;5.451738580649465;5.77282143292208;7.69452606122161;12.699668303591778;9.595012652920177;7.707655449100722;6.0072626460109895;5.6054019193531275;5.506320514464658;3.844004821163622;4.486613478715704;8.633123114165475;10.607040766813167;10.373858555478618;6.081879679383611;4.286817580223407;3.435894057350876;2.8531434779765577;4.234109882017405;6.115119226068512;5.3165561353490265;4.217196556422894;3.760204608814033;3.4666743865742986;2.7295083718435516;2.740675397281907;3.2722882734092855;3.795022326165619;4.982603574965498;4.107023627127547;4.065960033554399;4.655989107042878;4.534418008428116;5.784797799499492;4.519431556580218;4.868688850566863;4.9344070216824125;6.078654676480093;9.7706450160163;21.112926709494626;6.233111094784976;4.0174000341328835;4.177356571045671;3.2315357206284285;2.7869336812074086;3.2721572998008104;5.121766507787453;6.065184567006941;5.113345022693337;4.591430448744635;4.66068174597569;5.700480056613491;4.512893299439611;3.9128676168335184;5.331699640006721;16.394691441311053;18.699197716427634;20.82830972243065;10.070051748539527;11.994326537403147;6.09488519617726;5.310155770710516;3.930713007912367;3.594491876587276;4.011830504456818;3.842119969381977;4.121778245623252;8.06342164141284;11.939642459539446;38.49939877518175;19.211475088907616;16.94555085866617;5.955154674403356;4.704117555481868;4.846298351972473;5.205610035173216;5.054528974404249;3.679575943424669;3.5168107215051645;4.229661744092298;6.827200605625651;8.266929688382104;15.933262405359038;14.681510184414254;12.591987305272783;7.080951742960185;4.924544485563113;3.982950254260868;2.5601171860717393;2.846180723883714;3.1413432977277824;3.2802374252110016;3.002422785965749;2.71560730959904;1.8638654697329091;1.797838439231847;1.772861818287537;1.4604885754803147
4.672316849169828;7.448396866465779;7.805339066455796;6.60170448350223;9.772550579857976;13.991520762516805;16.467169178207335;6.585686804704816;5.015453594919328;5.235523912245973;5.497530733292717;3.933720083275792;4.288311467015307;9.112962578263565;27.7434271554421;8.33766057999565;5.5727026968109605;7.68790661159357;3.7614339371676127;3.430486809617475;4.901078145504144;8.536867573208454;4.902382980239558;4.179253740358494;3.7601652824402994;3.333548830722416;2.727128352770648;2.81746340955929;2.3191179994080704;2.711009978442535;3.3815089869173343;3.8098690249105402;3.765537711355686;5.576677589894191;6.489536396200667;5.629790938741176;8.24531510056094;4.695902893205827;5.377288232274255;4.895452258013075;8.240838898136584;7.281488509810887;6.677843610161806;6.595865069930253;3.776463849320859;3.083552703969582;3.8502821614378426;3.189040136771965;3.468519731408102;7.21335881008239;7.692796231275067;4.122430096755412;3.8871844071675072;4.402372201775333;4.108368697837904;3.1568326292629463;5.0990087915777496;18.943037518596544;80.51090129188883;18.64042745671247;9.169285722823586;6.010379126728789;5.798493747696315;3.8941881921275208;3.5455133151518106;3.4257196016665117;3.0861296412344763;4.657786864841803;8.118947216447701;9.24620130637905;29.33635011320916;21.86230718996942;74.26931331618705;16.593719267086776;8.619221243890879;6.107594499835757;6.694442708756804;12.662480885860912;5.866710683808608;4.205470616579337;3.814387177395945;6.537448195148238;6.968387887099054;15.54382334058621;20.341901648753055;51.444102120965205;11.234651303811273;8.499691277611147;10.853897641198724;4.562542552664242;3.39913726763856;2.4526769532289507;2.5725405447624228;2.280659434278191;2.556853440851854;2.239275815532595;2.701678980631892;2.736219832205305;2.6218527224335872;1.9977024414381117
5.768811720804551;5.985670203733542;7.952638888173313;13.033092250771642;10.188627965821658;12.79730352131017;14.502549538373549;5.805084567975471;4.300253787106305;5.536531647289558;4.560729531774065;5.4767089990032565;4.076582581828199;5.942799832073119;6.555482037144499;6.827410970589002;5.784787637252757;4.532156471231232;4.064091470229291;6.118767798049537;4.033035454212673;5.8596464468005225;7.000313003416088;7.421442979850585;3.855068339546431;3.5149889171292585;4.007179786288468;3.181065351520071;3.146619711150855;3.13008106390812;3.6404051798996138;4.207741665538065;4.364008127049181;4.048173395880683;5.022677399151413;9.390407947943098;6.373369031238977;6.104831250816096;4.3954930264828205;4.457815191679347;6.2517377227587465;5.85840766892582;6.536154082521827;5.072847178568779;2.8663870406939163;2.5172897901798716;3.6534712596784495;2.796772032597542;3.3406639056186402;4.1516923626877;5.407741237159973;4.541980458856607;4.551116457404802;6.069528921512957;3.4240119380000102;3.6660763981469633;5.373137535368972;14.60080608137439;25.117844107172;14.090584273492738;6.645280398178924;6.0894969228939395;6.996912428973491;4.882435600771759;3.7948775105487;2.9675911526251073;3.108130597307711;4.05240642517404;6.9320972954018165;8.318890628036806;14.55487560986003;18.71486075110562;17.719510401279003;14.396923467776402;6.659775052018059;8.112631079084728;11.091974876653493;8.421338006121783;10.015946647807473;5.7664883177748845;5.115891227196379;6.0417218462042985;6.529667886120977;9.022170485593108;12.408016651611002;11.451207410789335;11.478337113641768;11.015285673347652;6.64269583306256;4.798387841754099;3.3333472257841468;3.1206774886665776;2.5849253133340295;2.791563742510812;2.7069623956017326;3.290500076149472;3.772203771856013;2.7007037504539855;2.7612421908578946;3.2513337030786347
3.25757619681941;5.017677424874862;7.791082206646477;18.933314584991123;8.794242059861572;6.286755742241002;6.188826878576432;6.077809524003301;4.428757033604004;3.71021640460525;3.881273509423798;3.511280380934856;3.1845372741371523;2.9306054052417614;3.6914765969263397;4.053901035263765;6.297192799564339;6.5940201477487586;5.983520233990936;4.331996573829099;4.56975907520319;6.465861115275112;12.999546343060793;8.323819958297019;4.2891925621036435;2.9099694897431934;3.545794094329454;4.154180300355973;3.5699738410060626;6.677674735029925;4.951697656089186;5.55385800612801;4.924654384968824;4.289091640102816;6.176744579931132;6.217537826458864;5.6589430881421325;4.3749346089294185;4.9631029338479085;4.886393186852797;4.617956545536288;4.925197715098221;4.07137427791922;3.2762954085191622;2.263691123585749;1.978581118970267;2.494074341266727;3.2514084936293224;3.2953491051429626;3.190851227196645;4.438148796110662;7.563973312128696;5.878267957488386;4.775537619914348;3.6767055864745477;3.5989222319871907;4.41468160664909;6.0661115491035815;6.957787177558914;7.522587581290411;5.064641727250842;6.240731816432185;10.020960591493964;6.813143080898012;4.187019721155457;3.992350215373211;4.170093820376032;4.6643219777596014;4.248876695552313;5.167132730991962;8.377871990494496;22.549870700019643;12.023061015484137;7.14556941179785;6.234793127911009;4.952570342206024;6.492901400948543;15.163188426553345;7.248577596918044;8.450668617847066;10.119441972276483;5.555303172315424;6.037804014518635;6.38799090111544;6.86270299097462;7.355641151171237;8.621898055200868;12.6025187011821;8.469163646465628;5.087456134428619;5.1000644700525335;2.7113508140111393;2.3721048136646474;3.2508211712462947;5.494878720060251;3.594186182530957;3.8579015759386324;3.9180996200812004;3.432342689564181;2.3163247152390203
5.257810755940009;5.777822483798603;7.481597839245046;6.40588524965095;5.1885157265345425;3.5595820877998356;4.587192166023097;8.78599462620721;5.720033026494938;3.351678309455423;2.922807069457732;4.019143256615995;2.7820870904810873;2.7753039799344927;2.731490360464001;3.3838919259149707;6.6214401372005485;14.663057599773651;7.239897707064625;5.759568883993161;7.060484924938732;6.631093885244363;7.953596355306608;6.388370648519277;4.374615791454145;2.935855357716207;2.523230669348958;2.903037374604972;3.7271122884517114;6.7384950896985405;7.386324184418394;9.969680400828288;4.982886978761998;3.9896318074185224;4.41582241191706;6.6588422324893;4.378140126198363;3.7799462655600853;5.918575838642539;4.706225592108615;4.519226646243704;5.1178269282033595;4.666589642527197;2.4076940987268416;2.0547197077501185;2.5741795492867845;2.0486559383784444;2.7579829459904213;3.87757418270912;2.836769995317125;3.101894796164135;3.8848240113740475;7.712246018834078;5.936030164220817;4.282606279675221;4.302321397578507;5.176253151051824;5.646131345996908;5.8381635507053335;4.72715268322872;5.258855440620164;5.363087993735209;10.603811491464974;5.843278124180916;8.093437549020834;7.442475395477653;7.992699363438212;8.104886947749044;6.385223641034043;4.629599737238428;6.517294681986919;8.531465174399408;6.6570631338783866;4.323905566798706;4.528390325029184;3.849091038567318;5.025025469407557;5.590284798076073;6.585086446377611;11.315489133610216;9.72416077087758;5.453196682679229;7.084011811164965;11.245069314682679;10.995627472668126;12.790982587059595;12.50995171371042;12.520895950140213;9.016526354604235;7.068748107050275;3.7129071787917685;2.7717780307107382;2.368739061691972;3.177729822663133;5.4879943794592245;4.3626358221683725;4.260037543889142;6.145317995369612;3.389328105042226;2.2642148786340197
6.864679353515444;9.745257918307363;6.103708711402185;4.682544944152381;3.491666875750188;3.2151204781780924;4.404624511768297;5.967484759730455;6.980226517371642;4.435616486843631;3.2601392931427515;2.9359265183085776;3.8497879136995143;2.9427565891578364;2.9933512564644786;3.7701579844539626;5.853512440429875;8.624809052317595;7.5327047899908;4.028522530844444;4.261620558989714;7.610990711334877;5.0999503185677355;4.847009782227145;4.425776707935159;4.2688611520306745;2.9443194395827974;2.5549165870855886;2.981799098792924;5.776339093253238;14.560007270623878;8.405320821358627;4.419467204973277;3.7725636558818683;3.2737407365353097;3.1104069066866673;3.281693056641961;3.791907569836736;5.388458100306412;4.7814131159050195;4.565113711342001;3.411644160281195;3.363569515007981;2.4681093767361;2.8528921539983667;2.059597168264377;2.794460682442533;3.415393268084138;3.4693343879339595;2.866984508716467;2.320029957872384;3.617609347816842;4.980913836451221;5.817912123039871;5.714419889893952;5.774715511178917;7.869492174961204;15.884533614631462;8.672174810332317;5.491333980461867;6.588988882381057;4.2209042468696465;4.176917550018523;5.962826350034779;10.311667580841343;20.180007851740804;8.91906354319388;12.908079334122837;8.493825085700559;4.5162760977598335;5.9332932957926605;4.6952592116012255;4.039958929700088;3.4729117575281103;3.127524260466971;3.385557424758934;3.5667189165166797;3.091357087575097;3.8812607466918267;5.009319249595439;5.420901018628984;4.474052211016416;7.132677463490084;19.924465366054488;19.92261873254;19.27022894410358;40.89442382950978;9.929270898167672;5.512382543650596;5.207782033967488;3.6240116766237453;3.343149514920446;3.618424160430558;4.04041210227911;3.5308582223492033;5.521863880575672;4.7385022894734945;4.904264282503986;4.117884005269241;1.8052907010886134
22.42944487323739;27.41110208241213;24.62264704442177;7.054067301014777;5.113720788697249;4.253482943872238;3.4884120394961644;4.547335149850321;8.515055617171646;5.758839067392201;4.283567138952838;2.7544354307969865;2.778023678250655;3.4998276716412247;3.097095008259249;4.316051856836405;3.9258855140614757;4.233415388244564;4.13575427443002;3.1414899676552093;3.0735090966056924;3.947559926569163;7.041359643853422;7.1005104588769035;7.590577220633576;7.667095185089958;3.438342372011414;2.644259869693207;3.965753171804189;5.691224960630895;8.807748550072958;5.476089442172188;3.580797719823567;3.009162351588338;2.8267281432332596;3.69694428541026;4.826318931534832;6.082669379781113;6.7028458975028;5.835953033635392;3.5931818555621327;3.7176582778059135;2.7931994510399054;2.6913817346333277;2.43746468716349;3.3670506566535003;4.162270110241103;5.843367799069715;3.5675396097021213;2.553246425864651;4.155698253490997;6.7239822587363705;8.537146700396338;12.482879141800405;11.863361447735329;10.678568252512267;11.4630898496755;17.789338839826;8.158856634486384;9.132211998998752;6.215348287163263;4.561043924344588;4.008243941118817;4.7458810377851925;10.36389946124597;7.355894820482267;9.735106803058024;6.331909390336915;5.902663237412315;5.1861486748921655;6.300300759270367;6.7875992640879454;4.8197631205552804;4.858130411397265;5.8484567211466345;4.955534328660845;3.243116296751671;2.797902399983067;3.2418521689275215;4.822941660159669;4.06481003777916;5.326173931017604;5.8414683507871095;8.832008582937538;15.905384933695828;54.97471888120877;14.164023742908977;9.596282835829577;4.686699265579071;4.006082017862334;3.319272520111305;4.099357480171927;7.1682453380788775;3.868648715856267;3.3688674657403226;4.02466384864498;5.6698555218580555;7.436926964356047;3.0166033410441844;1.481927544462908
26.92510562399332;134.8229267198815;31.10533059526683;17.541570537008354;8.391932907613606;3.6606463379150975;3.26881105267275;5.374567748147141;6.4238728213039815;9.398670838707918;3.6450936263493547;2.8729149208913256;3.7045589495779243;2.682600472527065;2.990173000649076;3.8902767351145244;2.9270114625814645;4.305199754660661;4.905594117036306;4.418728153010335;3.620925129585301;3.327309278741685;6.984709809455185;11.446775899929177;17.987991325073466;7.681377481029443;3.4444252110111253;2.703077552435334;3.288802745597449;5.7203182013321285;4.546214740073155;3.8151989504198975;3.4685426277810634;2.3496522271658398;2.8476264267414026;5.429514219540394;10.064216696361763;9.903912960822117;5.745235315936682;6.177088283976653;3.874347850273309;2.4322407895349416;2.651597618589319;2.402640422201687;3.6074846603768966;4.611300608191404;4.355210711312654;4.5492895414170516;3.2985751972467128;3.4950993214792456;7.821324727970014;15.830002641038119;17.83266601164534;11.287478620645759;21.580328513850482;22.56055312948101;13.969735086078542;8.7138122993565;6.557458914222657;7.29935657590667;7.674030712674406;6.678704698576424;5.452289417553733;4.636875411520701;5.143852182896706;4.724429299886272;4.570550113775229;4.508866224451073;4.595534629175426;9.669234060449037;4.932444382982395;10.302223132765974;12.94005086513608;14.89082611850898;10.892456934795238;7.963393686276593;3.795705745923096;3.687300077301897;4.473400560968285;3.4147128710190917;3.2634724319644954;4.272804469558129;3.8337005902824903;4.752533353592658;10.922305196654085;11.070421400519429;11.947767372528867;6.286542197016019;4.808253312534459;4.563809208338244;4.801608420370858;3.977412722146031;3.4830803325822317;3.93102876998339;3.181517802869822;4.279165528755266;5.854774749177362;4.166719076791237;3.1972904085508937;2.1880076089101674
22.796361091847125;34.296206016934235;71.34499323977809;20.08413939478946;6.369678275581249;3.8027006800605014;2.904908956951806;3.971689920793075;7.0912765009510865;5.359255160439893;4.110713530093093;2.871784562879546;2.9187157213941735;2.5469344324781025;2.2409668645760785;2.2385050017682167;2.598767765819727;3.8451551372199724;8.5455202420052;10.355454109639691;5.05126287087075;3.264838463500381;4.7843246920045255;10.865378188156175;15.497286004726458;5.97861991166531;2.864370897674052;2.3505473478280887;2.8772858077236023;3.3730747004838095;2.760718736420806;2.4964881405328283;2.2396255635022864;2.8284367679319655;4.012671157790319;6.902380874757308;9.309966312486148;8.645237716379508;5.929706992461682;4.254255902628798;3.750317014062373;3.486396611381022;2.9714324049824983;2.7178092312527844;3.5462356564068673;5.86434741695206;4.8971390477519785;3.8313838081373586;4.545387992669344;5.8738093430338925;9.168194659022832;23.7552163311788;9.65674896938557;9.058865203512736;11.72264300000666;11.154457749525047;15.828240886192157;6.718672257361131;5.23105519568977;4.644013377059276;4.428098026252238;5.427994140515057;4.5959357394984774;7.343564284698067;5.033038508822486;3.156465614170457;3.269053116326348;3.50264383643694;4.259774216980677;4.350400666501673;5.710550437773641;9.713335456368366;40.81806417336348;21.559526419090677;21.862513244540445;6.587511048079745;3.864423641993638;2.5430404370745467;2.3376563249007103;2.8749927799189527;2.8523551742423523;2.756412892932316;3.396034153083444;4.301141106105398;4.836208525835887;6.484305598723609;6.002595608680606;6.506102185203675;7.667557173026383;5.654286415880719;6.187811851685555;4.845602151333602;4.116956765303076;3.03183886924512;3.180554797017719;3.6434525074313218;4.400041188384231;4.8521277054026815;4.808223832488753;3.294087300674306
8.295983109035456;16.07938439395776;17.97013047369892;12.75563099365439;5.8575609029535425;3.2140195668058444;3.2357226506869496;3.3522247435467425;5.287268775889672;3.787178739470196;4.169132335218263;4.549448591365482;4.963779144810124;4.587075990603124;3.5379096039468583;2.4260055607501623;2.5248407428257855;4.339161842471589;6.060287645820103;11.343939951842774;6.098126280251788;4.1858365656563254;3.944855711319158;6.370656340003544;6.023058898387342;4.802629877480572;2.8777439151430073;2.6954290939840817;3.2408673571905586;2.5144815202771915;2.634891415635798;2.63708219858397;3.2083929202607098;7.906565601573296;10.043623776132772;12.2889549887532;7.787775356762748;5.756897278518249;4.901221168470141;4.882766659621816;5.074414546927939;9.570973728177126;9.246399075121557;8.402852740632678;3.9277538057410135;4.146052898982992;5.116463706241119;6.017938906720366;6.973962312397367;9.799112028022218;9.154232804444176;8.09726594280771;7.380617377668145;5.971316552811303;7.900493942341598;9.592782779276895;7.56592895000984;4.871640974548984;4.014196961275094;4.160656119887017;4.340709207635988;4.051374078112284;4.508515975919696;5.409104057453791;4.334390956716574;3.6582703673798287;2.5865525938388307;2.9070560537092285;3.814597017318498;5.593362580725347;4.306697986892404;7.834306605369819;9.601050595688898;11.958768151193938;7.10559807721765;5.162987426091991;2.9266348162185682;2.330977810709346;2.543298848400639;2.6598708829424407;2.6679023803367894;2.828517618534945;4.6545330612675695;5.680249676891276;4.162842225927598;4.9446998063335;7.137588659056926;6.628935578038576;5.686050325931136;8.887182172262671;6.61273330477562;6.950490586030739;6.73999624790288;3.358837250705265;3.9248052190376375;8.221180366232556;6.380236303866788;6.065979417117679;5.5654865910781055;8.433851455080253
10.020146934733695;8.165931989284118;7.430986676573093;7.393506630410687;6.028345717964257;3.7894917619545883;3.5657130124619645;4.03559551675129;3.4496518053615404;4.219404076322605;6.158010302582023;26.085121403811748;27.097603815594333;24.952351847821475;5.426560850085507;3.0760856751682;3.846255863707241;4.333632573449223;5.747152597065878;6.232296341386954;9.10318166881612;4.188291851284579;4.520495557292094;5.2097413936514965;7.308959472284593;4.246172255631221;3.7839756318852684;4.896596423834412;4.115812325992403;3.9460477853256513;4.074452109954289;4.377398540016902;5.100726406132655;12.217827192829457;33.74231336141427;8.89548527813733;6.658224325480034;4.987890331861777;9.417484518267674;7.032302544311;7.605782595048299;13.088962277924045;39.510602364766285;8.603535557127312;4.9903095164183915;4.217148947259014;5.3852299849050445;11.85045469632205;6.442827487931097;7.4273351682902184;11.795993311841405;8.725699833566049;6.0232349103367095;5.931021081887868;10.182529427658498;15.608372475010746;5.574598418407369;3.692108217939634;4.737042014454127;9.661991322767026;11.395108922280352;10.11106283731833;5.401412637063394;4.090895377055763;5.678946234944679;3.780031296039953;3.0489372948480606;3.112929312063534;3.6503724981046948;4.12073417509008;5.589058962965765;5.771293145429253;5.8577525189006865;4.578090158778832;3.485132960134788;2.6888703471353264;3.306980327441668;3.390815688603059;3.7049631037876187;4.552176490175409;3.06970704950045;3.9190426500612707;5.4398223083140556;4.9020254512629196;5.375650583702806;4.9378967815256996;4.386855166253368;3.629919152832377;4.6031803662779245;8.108545548979224;5.8609676022573165;7.6307895087011985;5.217649252958682;4.0141110014034425;4.723400191603144;8.25790354490352;19.0571068404659;5.95445639744303;5.963594479638508;5.747096866393381
5.6467643734692485;5.742885878304865;4.857570886399357;4.306111624679052;4.524857131617245;5.639557196195759;4.430691976484544;3.5366241939110767;3.6497287076487717;4.657495853125139;8.690916475911237;28.497352055175398;146.12318097370513;21.354651520708764;7.958328714224242;5.754491530044886;3.975009336424064;4.49642682524728;3.8273852790681677;4.584455405434179;4.165543101586486;5.280453251608112;4.472154367678935;6.557955959218203;5.388603015385142;4.417568295036041;4.70156491376847;7.207746567353035;7.029905822007439;6.286527474197419;5.558159095571844;4.322515474264804;5.624503989213654;13.126545514360709;9.601953069620883;8.522266916430882;5.156591056079277;7.297076148654432;8.70808321287376;20.880512591315693;9.132950893174291;10.16917412658891;10.849409403241074;10.47260805035662;6.053142013506122;4.988180276518014;5.527995527809463;5.841622293592668;5.209308712252081;5.869263011039205;8.5163323216271;7.85220348380931;8.513123937557229;8.031581717035278;8.614886874452516;8.24829755649183;6.459017797961396;3.9138704542771237;5.449511968199263;12.266803845150996;39.05058605808946;14.432301735688798;6.648994787887318;5.763689095185162;4.350837106396197;3.8044609276057275;5.469484100227978;4.5845781630993345;3.7947076007425107;3.921601886994191;9.15039224970509;7.33575416779505;6.170010400373535;3.541452087635186;2.623407044342695;2.5335955557678504;3.382587889815732;6.89524616073305;3.494309345891682;4.064147491250811;5.363498112437391;7.133844388055068;7.168098801001553;5.7997375289917095;4.067254845222393;4.523947649654172;2.8693572181024165;2.8136081076717443;3.950783522298413;3.9899912254751784;5.206720858496817;7.513834804172323;5.251340510246654;3.489313748286348;3.9727523089389134;5.316572091332321;5.435271874408665;5.5749006973101265;6.299339587699959;6.70076727923922
3.5875110678153863;5.4548385163258395;5.409671904665181;4.429869786641113;4.813911773937383;3.838319560654219;3.532758911509392;3.2765409839783373;3.711740491807741;3.8633301979708308;6.38978821252304;20.22782531028104;22.279652320059594;22.888628576073298;10.730328059037037;7.347522882578776;6.164121657210486;4.141534270031296;3.2429746397882284;4.195115671863301;4.0964759628891025;4.500434234382243;4.977788408303965;5.222559920555596;4.001258339802086;3.9635831878618473;3.774910639044429;5.839722023640743;5.371942299347657;5.118869568878825;5.495839692029967;3.799744010505634;5.15220089216324;6.424047251823427;9.521458190190458;6.976836177215152;6.507700360001146;7.281006799262962;15.774268094720735;10.041324870772282;12.072517431206617;6.351834590771588;8.175695096027704;12.787281282908056;6.6591702622181135;4.922027271980062;5.731164655188183;5.712294116252952;6.1757775353017665;7.231156118002317;5.442832780486226;7.258045912661481;13.366759066204482;12.525542951957;7.313909338347138;9.019129116095305;7.2463630578018625;7.029852072823909;5.453423310925216;9.51594029235719;13.381980618212468;13.553292850050257;10.14427185613074;7.503983950387638;6.822117721997646;4.810545414666142;4.94770541953044;9.755654485102148;4.552597333292571;3.958095297894315;5.064055233855652;9.582219205320037;5.405273386913347;3.6215831092131805;2.646505232359241;2.673535258702078;4.548859249010756;3.947328287064525;4.252778285302295;4.331774854442855;9.510273188014184;9.973106647909248;13.054335232835992;7.531184238502709;5.397565897463208;3.7721728581965204;4.059867129600715;2.6881485562283682;2.6910078365975916;3.8220287388491716;4.703686314200036;4.473520156261993;4.491436811951834;3.571115798312487;2.636718245668013;3.0745670853988565;4.068309798075093;5.044769536561997;4.501252079628029;3.1471203378536763
2.7074379548793104;7.08607883586085;5.192009207141095;5.985827205363714;4.864355996792369;4.264126373866503;4.010563930879727;2.976172568899083;3.031074910582911;2.7797750369925223;4.419702891542771;6.379309929982016;10.281416482076782;9.816489339102171;15.5248701487052;6.435112291043722;4.106094315426016;4.706217859273053;4.766227640982177;4.506744973789941;5.725409181710275;7.119725473466269;7.687519683103141;5.513354246193364;3.483969920884311;3.159205278350892;4.133869692408879;3.577667150305399;4.774186880260187;4.820391637369455;4.017205134643072;4.551773927309679;4.1043976721537065;6.609214421443999;11.062837779859114;6.784518479857598;6.23971599913754;9.768043186317586;8.713143960478266;7.472257368972107;10.711399442936472;9.571948183135198;9.374825579364154;5.818706053197078;7.752636386959283;5.136422519961511;6.735006879317669;7.998383923797568;14.181837302515792;8.105772138624758;5.870425457630313;7.0221417239017425;7.896556246164196;6.691657516112086;9.478141927932162;6.603051379084066;12.170629745053622;6.236465929168682;8.532122796558856;5.4492067267308215;6.525603715475463;6.546260138543593;7.578731618485941;11.703396328247608;7.6294087645231565;4.587028135770016;4.574762134524384;5.011969937619261;5.480761031619761;5.575467974252478;5.17136484029687;5.286268059329057;5.625565730607193;2.7636816774116064;2.116829773715762;2.792792181742882;3.877834200104633;5.366914554983951;3.5451526648243696;5.201875774877077;10.131004283757585;23.834294678867185;14.304327365140907;12.63292551781245;5.323478211108931;5.396727119327038;4.752310540910063;3.530320118514646;3.5023148068910093;3.6170895671068677;4.26131036657182;4.342949087120147;3.1983382756967424;2.427735295313414;2.0900814913356585;2.7898896115587455;4.5168224207663;3.177743591968903;3.3113475827797543;2.748818669505698
3.4133145458665415;3.6393110667573754;4.282997933140159;4.896393455698563;6.017676692886422;6.742515528865653;6.02647872265521;4.813593142331366;3.2553786375133016;3.6573859196358427;4.787714146045879;6.729423454500301;5.733225884357472;9.229369399619742;5.792225176182477;4.5174712632195675;5.645351873282108;11.630498773364794;14.153319659920754;17.13425337661029;9.259022587940777;10.68198918213225;10.019121931067149;6.36922514583851;4.097892505459887;3.485093721562843;3.48053021239993;3.9247645405621445;3.8039357405430643;6.010215089983419;6.907918630807108;4.220002033230594;5.729832863064647;5.079096998485687;6.531519337229036;7.5502968570661135;11.555983913712017;6.009598450870272;6.575311248943747;6.5639211952589545;8.918996298533257;31.792574474997153;7.252725814144607;7.162294602527938;6.820576002547165;7.770470595638499;6.739845015635084;9.573691662452655;13.81354769734084;12.219364191747946;5.123989255223562;4.775714985665276;4.951824867849578;4.747807582914677;4.166328005470989;5.596544836179148;4.752298340987131;5.006269881625107;5.124427504000171;4.174305442875589;4.409339891307753;4.622289299423026;5.805781921026532;5.672208858315742;6.231815368368101;7.050454208551032;3.531165443206028;3.705299918903806;5.152595270434675;5.956032772011981;7.1394979787181825;4.560063716088557;4.0393285004105675;2.7550855734233846;2.671355984153961;3.4198217101790753;4.1244507185760835;5.116880731698788;5.431819581062332;5.945628308242782;9.102271354901173;14.912847431070304;41.64622565204504;9.801532958839228;9.14149609722983;8.675459716659226;8.647090234210431;6.091718293045387;3.55795000757527;4.00615863961768;4.273441545035025;3.165997691744084;2.5558461140450706;2.397038703751505;2.979247918693141;2.7057190352034106;2.9324182528484224;2.7570135412294796;2.6038478132372394;1.9711143285415003
3.839472261823188;3.3169769317600277;3.215429767481114;5.170048160173215;4.758829128675014;9.437723464924002;12.146682566707195;6.882508624314394;4.740632604010537;5.7610375939204985;6.86226845296785;6.638704991794344;7.904205233027112;4.4983797788176565;4.830351520979195;3.4723515940028076;5.889347902059449;19.39394556436773;50.86099815640962;41.015498826118446;38.66597961149406;37.25441390589273;14.23801984004195;5.599290812164342;4.68056675250136;5.245828770205306;5.7644008937806746;4.379736004448131;5.717554992738158;5.905107664432337;7.453923669195407;4.331598149051301;3.6942852761018536;3.8537847249993082;4.879254862214938;6.952489855867904;5.654100349428113;7.260599361276816;4.109093737859919;3.6395471529691035;6.737606212721848;6.982006774614929;7.4533850205941325;6.387880341010929;17.894570292012972;6.955473276930346;5.448334267911994;8.480225460108016;7.193027298421363;5.406810670287973;4.99916527500844;4.986760715756113;4.24338013882267;4.734006173031847;3.8070897991402823;3.6967934987785886;4.83891469905718;3.5927696253246664;3.9973874516557384;3.332353297392529;3.67135849448607;5.93143245278872;5.501651109215974;4.254670981919418;5.741245147870752;4.646285711367518;3.689184812523581;4.08502156123766;3.208216697585595;4.383617028010342;5.2565562669564585;6.6840798165583255;6.4228565922642895;6.916351206099616;3.6014753143585563;3.279225146795805;8.036853732012371;12.502556472368402;10.773281262908206;7.2867995231314335;6.775351023250011;8.868344363185605;9.618539525552812;9.217445610072991;11.2685380653434;27.113358763093576;7.7803748050248975;4.524602072136002;3.5530097955665676;4.395774575281477;3.253229962404175;3.1491336001373087;3.596860260314644;3.948072856723822;4.442381988420742;2.874885022240645;2.0763296281102974;2.3959351741120365;3.082848748153401;1.8079181087238434
4.558066504584985;3.9011282391224054;3.48775306802725;2.734305653894945;4.402212343600509;7.022014731821295;11.89383218034588;6.404858657941022;7.389429676321791;7.530795390178882;11.466000461844155;9.97723007644382;5.6909169113361155;4.483930497725242;4.333731415640116;5.682295617895468;6.360729703515479;12.793584919831781;21.710828186960143;45.019301699160124;207.54774225205796;29.672991046693035;9.306673343576119;5.088285469359228;5.2639101417165275;10.118861056353802;7.298101334887729;6.074376037724638;5.571718842017127;5.607359721507101;5.209745468290169;3.7813884165225264;3.4428241622365925;3.2511005389584264;4.037559561161764;4.709034080291494;4.442651064409461;4.47192083135794;3.6187766680922833;3.123295519087219;3.844403516383114;6.080304468571032;4.61063978291207;4.829571311529739;5.168872215999786;6.417699628186189;6.727356385056935;7.121026085752743;6.8925697752211;4.3193602730020455;3.5317208430907163;3.28687996545097;5.460637299081708;4.732132894570274;5.211732020573521;4.448486884941311;4.175951639814617;4.4505594499795444;3.333485758455982;4.179218792761795;4.473453876937697;4.725100380864948;4.287022058056053;4.928946884243889;5.898585748910572;6.858834595499938;6.154267031813535;4.601141082343206;3.639805197758318;3.3922311148598325;3.773426151658148;6.461730176449672;20.24193662213514;9.639696813556995;4.781914393259524;3.523697945770656;8.999374401470064;29.707427904180207;11.834707605607477;6.496164602994748;4.97543855501223;5.848580887316941;6.624199874135584;6.379495998943183;8.377249481757508;7.7048293590959585;8.058189881590932;4.324819195776247;3.9327055255186956;4.318372346500128;5.063804738041032;4.045778868878886;5.386324708817661;10.616382314461363;6.122846735630507;4.404606135821775;2.54158871369835;2.0467261819040004;2.4869275205938726;2.795880139490059
3.841146814521348;5.117436908814637;3.182756234513129;3.08603262666765;2.930483552120547;4.3784471217756655;5.364896389708687;7.7244794591600465;8.80891597871346;12.58345130315942;11.078978044330277;8.31015129649229;6.50258035717818;5.7173037009701515;8.283736973075513;7.378771168281077;8.822511039227685;7.437658959392858;11.349402690373237;36.55083304769045;32.115942200782214;28.62571685477625;7.062103446029388;4.625981672453471;13.602969258925528;15.677495469511824;17.042486286600504;7.170487721172002;7.8729079159872475;3.854715486886307;3.7223508038676667;2.598147699895801;3.154886953373907;4.191451017788732;3.972100465714716;4.212899309858114;7.60911329939197;3.5608090680040596;3.4785331479650283;5.674075199079131;4.074995376842429;3.9299138021445685;3.3842723932544896;3.7779866525912005;3.931885402358465;5.4957881577811385;9.156206013464267;19.753231215803478;10.641433239043947;7.466299001012356;3.557324438206808;3.5908907901706892;3.902937162020913;6.893734983069378;9.621573110754312;8.772479587445615;7.31953947920906;5.037151604918574;5.841877642711785;4.2028291158337465;7.030712297123084;6.339662315822136;6.275804061815683;4.962609838211123;6.664760159888226;15.493752459300676;14.707042524719183;10.518730988301083;5.095266749860959;6.004633919055373;6.402002483654764;7.598593281575149;7.926189524711114;11.479673957728595;5.767916380065028;4.4822144639196555;7.5681073636389895;8.450177151858927;9.005469073960818;5.80391848291614;5.7836632491658895;6.4937305303118045;6.6113158468856374;10.433353800306433;6.509519857258318;6.489870017502898;5.01541031510361;5.075288107352426;7.67133249796019;4.49826675627672;4.687380750090721;4.888680689288377;7.672825019523508;7.873709425727583;12.267747945243391;4.30901046645524;2.779247680231338;2.155167615646251;2.3421264083530473;2.2677191553165392
3.4258222563847993;3.7236597249219527;4.78587802186348;3.456882390690572;2.809574693089572;3.5649117553689966;6.022474712933381;5.942891991043821;7.83064636370622;10.984775375197996;12.379121767547064;13.764708118597978;8.850416383075107;9.397810595546218;7.997880378481526;7.350864448136282;6.955802444591866;6.833971526431992;8.358905110694591;13.020814400381227;17.232011749131615;9.295921251519532;7.196200756022633;4.758559083376042;14.83455121804382;62.82386675833475;16.132572196830463;9.111905219038283;4.585276372181489;4.00474907295002;2.4429334620730954;2.300575411351298;4.6354664883755605;7.418840465432544;7.115029047231405;5.760319237165786;5.328731884620708;3.947469821379264;3.956829132961734;4.437818553487178;5.2470936824924035;3.7946328479716342;3.890882592578624;3.4963667251431656;3.9975832702277225;5.655673040990459;10.702651182737746;18.3458596018302;27.33760655978515;8.139023100289075;4.168402424649315;3.9934021817770122;3.9672469893169375;6.674710732204957;11.603905292349948;24.814896940905566;6.833904677873429;6.3389048388723035;5.775624566435802;5.924239734630095;6.684677745777313;15.817207318948135;5.91735152441764;5.82766135781105;5.796501676327873;11.459258927753327;30.780787445164673;10.616793344659408;16.466245352122222;18.839382422273097;22.51728026278399;6.604539448766004;6.28746482509089;10.381374333336034;6.503202642932178;8.39421072389529;8.170306525574958;9.949542738508862;6.68996978969128;6.276598820925022;4.298667330425752;6.46207216245249;5.755007790608364;9.37089747002518;11.407639355133878;7.045130214717613;5.468445429471717;5.207717011128743;5.840560378639297;10.12527926456168;7.571324170992907;8.13908321345712;4.47176511597126;5.177447330427138;5.204691297463944;4.957842680710332;4.07821367286391;2.3475018516332726;2.0211090083624734;2.253349956838519
4.3263514705298105;3.9274043732781796;3.393457514265002;4.777543638380946;3.261347753645104;3.445092294033572;3.8566521071464837;4.837572218267633;8.676236605140266;9.980707715596637;7.938521283867844;14.791925242320493;11.096028114633157;8.566593903713052;6.674789403184194;6.3181522460636135;10.387021964776327;7.715032922180448;9.80097001883237;10.798763169783495;9.23741095099333;7.793360990098577;4.712071889360952;4.8036537778615696;9.71952397319124;11.46458045583716;11.716073200821478;7.628534503559809;5.201651595555279;2.619379187284468;2.017608421745624;2.5017933509157495;6.063242324315361;19.26085166195437;16.53391621666765;13.166577821137228;6.388881322040584;4.237843553828618;3.805152441417968;4.808113646572607;3.567091440072356;3.9109900202632732;2.7818003776796374;3.0207606350672283;4.404259503008595;6.583257676274579;10.04847704045054;18.567775385988273;19.62307193142226;7.114283418328498;3.726400235768943;4.441891582826389;4.19317896808035;4.565213358285405;8.494753469876146;7.138036994734538;7.326494779966663;6.5293341652621235;6.431818145279356;9.62762966375839;6.213446471650191;6.366018868025593;8.02454283416745;4.186583898643176;5.162905993408173;9.221384907967952;9.206056239062647;10.394287256416678;20.576389752442303;78.02503338255103;16.25545447785055;9.692031152862265;7.297580921520826;6.904826037425071;7.542344690463207;9.001139357643346;23.41301650353418;10.200790160924056;13.02634190397771;5.139598716306455;3.594532307668949;3.7572358767966003;8.065034279557796;7.112761282894761;15.056823980422466;6.9950736633097295;6.143482658110614;4.704219363950742;5.367343124861804;7.903908098566463;24.75775388711536;6.905052777564876;5.0176251626889155;3.5513954327534405;4.023715979131862;4.92432766388609;5.3172440174950575;3.2445553096987094;2.5112737711790825;1.3815647232924901
4.972600375154868;3.195940152319538;2.8563889168403223;2.7864162822183225;4.138007936536714;5.066173547571168;3.756099062143412;5.039751143278465;6.70852728260248;4.65255572437975;5.711431739241781;6.126989961936156;8.693886769833952;8.45317204722492;7.43814422177946;8.864806023701945;6.115776903189745;7.355038757609099;18.582302360122107;7.050670099372106;5.201870586077039;5.316658479445925;6.418368825250848;3.9109860180027445;4.632294964009662;5.284580051861014;7.242221769721274;9.543922492810015;7.073729838399299;3.9097253537056225;3.125823921770564;3.04859180635151;5.7605260027838305;16.518498893188863;45.29874776352601;13.12534977491263;5.827847894298608;4.462013592668334;3.7946877801450123;3.665595696987719;3.7870900243297445;2.783847624679791;2.549089095111488;3.240771935275243;5.049951029455679;6.845435105560199;17.653007294432427;10.5543772109618;8.753039177662313;6.609454174560476;3.652352388284395;3.417780670069222;3.392576346902532;3.5398806596050303;4.668161027821731;5.726063285588898;7.480596681235197;9.00511106841547;9.607198971557418;6.357840197172655;7.75228914941163;4.513481864131365;3.8404018427713593;4.039188803684848;5.834644635676124;5.367226656655914;7.2320631443118355;8.530508463325955;16.793533516633087;15.891040246630991;20.59750249742978;11.916235823897471;15.369812922027249;9.500358004061363;6.13963033818047;8.486236990579236;13.01497705979969;8.085858725386963;5.307110194179337;4.49090804159806;2.9037079209565344;3.070556389638344;3.2333615891239225;5.2881051154522565;6.680559842494549;7.2637078946148925;4.89876656313291;3.704100996198435;3.8129402187736323;6.4212338742526205;7.37543399818846;8.414657604778197;4.674746889196679;3.1959011675240867;6.940609245317535;7.773346862799604;8.697848325659224;4.6599940926290335;2.719445378673952;1.5421823458476234
3.230590389637422;3.0655990743749157;2.9291334366081396;4.013090016486458;3.574315123367315;4.934532138783754;5.241007752920674;3.7916246949441748;3.569236427827116;4.238485036941283;3.327180639746346;4.863923577310144;4.834693724873039;10.540819525749123;18.0993499138379;8.41766305706741;5.650550468745499;5.238152729581449;5.137459543024905;4.557013014897511;3.4584369617376334;3.792232642339546;3.7449835933911273;3.6994721755842077;4.123515197646995;4.7489390610242594;11.458887768701112;21.355745202361664;13.806768260663384;11.609854473452145;3.721745525924584;3.0009090897757003;4.756827137038825;9.848702363007144;11.61802918065706;10.889432806705003;8.17001282808999;4.31904780973601;4.650558729574535;5.183385604541811;3.5871562460207844;2.700303322307301;3.7440425247271913;3.005443340295139;4.769043806915661;9.06050905425007;7.587258989063768;9.608421729167627;10.780529858431473;7.506224251748559;4.604018987057784;5.111656374114917;5.620183423284187;5.869081674730683;5.510228048166549;5.4405497914655845;8.897844803999579;18.51609012106539;10.47301935427065;5.64608671855342;4.40052696696182;3.9132965945118023;2.6035795452565336;3.316794430250726;4.932175332118525;8.672512304659705;9.123749237160828;10.438789444415324;7.678654751161758;9.967907032034788;12.322998244987852;44.67526165874075;49.26811528253198;41.79117307169176;7.778991306805252;4.8109786209759795;4.90188550845917;4.806591902998026;3.9356463633898953;3.83706058346641;4.090707541330235;2.403122037548808;2.3231299238841165;2.8420864781535573;4.221674333730884;6.183096939984804;5.228033249017907;4.0213800373778374;4.788465555721215;5.294430843082035;6.1606298829758614;6.080929104629863;4.899403159646725;4.512388740953939;7.298569883805534;26.606144140803114;6.552588111088213;3.671350263579863;1.9317589240912711;1.2448124677973385
2.0656283964113635;3.2499137869624075;4.652517706860711;3.8221535440120755;4.991374270206082;5.109231437921915;3.8898414221237143;4.299724675430796;2.849164037730407;3.182313157885322;3.8413115937979625;2.9667338045229914;3.7671846073031894;7.620105027523984;20.37491694251947;7.0211538914762315;3.949651276123694;4.197418345952201;3.7030131377797884;3.436371768563764;3.648956779088188;3.695798970113675;3.693774131664116;4.420894595709525;3.444037035776542;5.751282340844028;26.2684344000564;43.9318517955871;47.57086396708288;12.004247026610294;5.266612932631976;4.180742973327704;5.41053525209478;8.090500611644668;8.089506748397653;5.393017080308048;4.726568735339262;5.097154098350249;6.457495599141118;5.029896487775159;4.99034959905865;3.589363242449313;2.7958986573108433;2.9039578259321313;4.515760935392534;5.234574910593986;5.596890131847035;9.985568638531301;12.766874521194449;8.30041068879122;8.593845488182787;6.960334063444766;11.031411173055837;12.90661114243969;5.800694286158636;6.565909911401304;6.828809070734024;10.15773062041393;7.376382854356795;4.866933053703321;4.89611646083559;2.5763750255616857;3.090860319583588;3.2056581038195064;5.139174128969537;11.225593457114492;31.289101419640765;9.543743412189917;6.559597901601365;6.247977810067018;13.17536837212266;45.8807409823769;244.46787818862464;33.68959074947666;10.132117639295505;4.516014007287171;3.8066808017234113;4.045014200732388;3.472148891498342;3.0071446029609703;3.0728682204076696;3.319300683221329;2.6244905685133872;2.35280550643761;4.027949088065754;5.848465586804425;4.721834922348804;7.146811552067586;5.03959982646516;5.599665593154216;6.964441043939405;7.828573809305758;6.240543599493775;4.253503392161202;6.599330807455314;7.326581650300526;6.740899675548545;2.8660658230415597;2.007664499804782;1.0078295925791267
3.0934896164433665;5.691676706838196;5.058858919395226;5.038313834786872;6.255968853730559;6.051952963066301;3.7296762737828715;3.7792890873710814;2.933293976413729;3.07548362345099;2.955086446068655;3.4913311619353364;3.111116977815607;4.848490855498692;5.706888130517922;6.115544961103859;4.823917527791391;5.270219281132673;5.577152735273058;7.169281287845797;4.079519750778164;4.177566208670063;6.32134398158309;3.4655825653019416;3.833098978534164;6.262555423127418;27.328182245777278;128.09137192523718;30.551218637816575;14.537376784899719;6.341456276566163;6.005016701215326;8.967039804199942;7.5382964110701405;4.666722242518154;5.707357007025953;4.352870684092317;4.940838137441466;6.9184013633608465;7.042240813350057;5.475438719598731;5.327412457198903;2.6998591990319207;2.7430678410357134;3.445580729323214;3.8315248623315847;5.174676237789987;5.542803582579325;6.558842917261305;10.171049650831806;12.657955695659643;11.009728184953518;8.821494894041635;6.3841431552200625;7.175764274148061;7.350736133505711;8.183881289884788;7.12012443057073;7.133079178097258;4.223313029413371;3.258884853297107;2.63773631392165;2.3156722616306062;2.927537561693782;4.28146432810248;10.67352521112769;16.53660798348008;8.513280313459578;5.9721657497994105;8.832750127408927;10.25159762769413;32.590125909760246;32.78349234136318;29.697400533070134;10.281347750772841;4.803341991567881;4.428680157367192;6.008595787970762;3.788797309411617;3.968759329860083;4.623447812289825;4.951778735570242;3.8637927936318803;3.7388004493996294;3.6792995110993214;4.042370216967684;5.614256918452054;5.179376764794058;6.705010298221738;8.224415494401761;6.129868624835283;4.735360520729285;4.48769053173483;4.445509405753093;4.64136390044077;4.958730616630772;4.1436506106877244;3.62865571180513;2.4432070655826936;1.3809134913734245
4.194958066074469;7.723879875842284;6.391349396858624;5.987658540592959;6.126957190296421;5.6424078818930825;4.919545325715701;3.735060948549618;3.525884106961611;2.56502642347456;2.4835323583255198;2.5287797051739567;3.595474751447408;4.3489265192919655;4.817623102582699;5.719833435345303;5.477739061764383;7.521993639491775;14.577994310712754;6.8987168308554185;5.272911578681884;5.342641319512557;4.686563042188077;3.10959089336667;3.1260388217955324;5.760934634283661;21.920212488443592;30.803374061197434;31.61836514921543;10.277267007266715;8.254122680941336;5.42907006008802;7.226012056151311;5.744294425539552;3.569597707903066;3.8193669471430414;4.707179129771744;4.302036299798092;5.602646913842093;4.600375766856463;4.923356972047347;4.130223843049819;3.267082388420899;3.3745499457820074;4.800582741134649;5.156348063394611;4.271714693901232;5.4516765418437485;4.388847206642565;7.46345589698556;11.287989708113662;15.497217505186963;7.0315689975607;8.89856728170559;8.30236330170032;11.805954042046318;10.778506144217346;16.410833088065182;5.79066438560904;3.539328694499953;3.422833321255014;2.684698380769251;3.361086296636435;3.7424191336484554;4.82975619976481;6.488101935278605;6.987086376646822;8.170534086863974;8.931203016187272;11.023735912632437;8.168742738780738;8.100357293752564;8.875206228387523;7.5566787997089575;6.013034734884241;5.0697779343517215;4.0441287689767815;4.964660835341947;6.301110800311257;12.351268200057127;12.84403599768225;12.305397181550866;6.27086423989788;5.9678095247254745;6.269317314186638;4.072203609680289;5.550259437534445;4.591592559226601;4.704096132358549;4.286216533400292;4.717513382999917;4.988005223099776;5.433655317712357;6.806442662298024;9.198303704046726;6.030791228093904;4.905947906895015;5.465840034224026;3.8495404354039975;2.070688407477251
3.7767201226655454;10.131830890552235;14.996848026072037;18.867294615903752;17.95834697066994;7.85864760042958;5.716457675853494;5.62348213699631;3.220892458329655;3.0057812228344165;2.4493125008065095;3.199326107460724;3.3256828534946896;5.858433235840056;9.440450632539509;7.157274214064994;7.052477930838186;9.164677164074352;7.507293229049221;6.88222281649959;11.648653862519158;4.890120612478306;3.9026495998265083;2.9884203751801848;3.141879681684774;5.896934284989978;12.607265283986022;30.15357918954316;13.954637090591529;8.415291363887617;5.02663730929059;5.5124664952353175;5.3552430533819475;3.6009171096004104;3.0199509570531693;4.076750497387268;3.9495935648166696;4.061029250575817;4.667932620939929;3.931747753373674;5.98727385994683;5.620301841889533;3.7904024925604576;4.30816712683383;6.113865887187455;4.9527849354033044;6.865247758546603;4.991985352806026;5.423350999210312;6.6153757199169645;13.045868448413417;8.215067606649027;6.557267043130323;8.317144310314053;15.626663510258949;12.60389919247099;25.332093941085034;7.370061095694881;4.214720630551293;2.8978087462396824;2.736305583360303;4.6463254280321316;5.133288620668271;4.452502178019783;5.9463773277688965;8.339399042461416;7.357248674757016;10.398667061119584;21.641368428920206;9.749782857533345;7.398225546085909;5.169183152169525;5.016715246119247;4.474480455062028;5.03983457430838;4.561632515890777;5.896866334166302;4.686133992364437;6.129645852552457;13.28515696267108;57.88309459970513;12.70637539904787;6.3697016303868;8.067072588076755;4.962302051142774;4.892203875635685;4.86157831731707;7.261483885416451;5.351388922300146;6.516210070419339;5.470103500063942;7.135691542727919;6.5537546832382745;14.443199080481056;15.754953994240802;9.46685806887056;7.789964326200721;6.991512181240298;6.939141654015382;5.883825775819009
3.163478269232882;12.983406631160461;90.40177601750543;85.22489958342102;68.78003522507022;12.706486377667495;5.514945166417426;4.17335199947443;3.424822224245828;3.274473362407293;4.128082652903643;4.160998635764947;4.022327448572734;5.833706621682017;9.84720540132321;8.865858057863413;17.03720013918945;10.899284353912718;5.052587619078854;5.713653429842147;5.65946975437566;4.891348263348698;4.164579555967646;2.4974896598720213;3.016146186081954;7.54709821469063;14.550860803505568;16.157683458564748;15.365374346540667;6.755779208895451;5.057787113827665;5.1739223728733865;4.568079550572045;3.435501917509989;3.8152729908173404;4.9046449191189945;7.116014487206927;6.396683770005944;5.710117968256603;4.937017826099836;5.628885739744605;6.154611169273926;6.948699335264262;4.562453922947236;6.612029098241049;5.9408747214973125;6.002277017896737;11.617909613260139;6.248712196628539;8.998844681925496;6.0673386639233895;5.39560413822117;5.162078280702444;5.611305826416458;6.147575350455629;7.83016336102066;7.920343693676927;5.394271969465011;2.5298195182955325;1.9014197798396715;3.110281907545528;4.970314544016611;6.793163790666997;4.258048687204985;4.106828707338068;6.204076634171395;9.32501683072285;14.254952102255661;7.810440364711427;7.483317664823904;6.22366788924411;7.270582269937804;5.318916589804654;6.131831380840854;6.414922311965122;7.311311319266405;5.409946009068062;5.40465243072942;5.641774863124109;10.128401989883514;10.6256752916765;11.669020619809169;5.387400163442623;5.764439925575034;3.837093067868611;3.665893695693413;5.311395173412108;5.774000294304624;12.979871085126273;11.458624461192784;13.86112896091754;11.005348958255132;10.18105419469899;7.975551251920024;11.005577561746087;17.79156754161624;10.555480736019526;11.862638547559687;17.31031924500426;5.225494286565051
4.725571066853281;15.4224705990147;75.57681941801374;414.6460861112418;56.072585918079426;15.862280084540457;4.885305785342457;3.766620235792809;3.0588206594361536;4.673743696835805;7.751786843207434;9.561160034491616;6.631771310236972;6.315513360147611;7.720246768518731;10.047679288442161;14.55774725233669;7.22180132737695;4.941727151182134;4.22261363351136;5.527843808223153;6.253043090851693;3.4690675374714366;3.249672854168158;3.267506921009135;4.951496396524366;12.917297771471057;51.923701208843895;10.867614855828611;4.7010937927352705;5.303025768096257;3.9451221969159507;4.1345351243822925;4.2706071771852825;5.821641261480532;7.699315862302367;10.60684281074538;11.761366019372927;7.443534225339725;9.816104356750074;6.593513191569334;8.624591884233604;4.814575975015694;6.075653322208695;4.27853583160516;6.180694242149458;9.492280216537203;9.30065837053766;9.03858594041644;8.002726777236884;4.246446313688437;3.5632683523236124;4.9176653816696545;4.690038598150396;3.6125074639068546;3.8367435761834305;3.4637891375930128;2.928990421972913;2.11382025749456;1.746761333256715;2.1232086540320236;3.3170394067243048;3.150932648470061;3.907529223561227;4.988881352790838;5.161040892520125;7.800134092153186;6.209424024153313;5.880212242575521;5.952992176197379;7.295020284917717;6.117816029386509;8.237929765998299;12.824254040913422;10.889255103553701;7.255103588376748;7.4258266612899595;7.227710569659132;5.836677235259611;5.0807912291134425;5.405679700734668;4.301573774904978;4.035418498924007;3.1642272637914024;2.70069006226955;3.4886371195530264;4.708039125614203;4.876939772371636;6.083464663506926;15.071539888210186;38.36025766681472;13.612354282495795;7.557208998540686;9.620531401969105;7.731889020072288;8.609103912519164;20.569937139354757;9.216227293644208;7.583648943170948;8.739186271231821
3.7848270014093446;10.579884401921769;48.9839425954701;55.27330380153263;52.106338730345136;11.593219665686453;5.2813483400530465;4.142440005929647;3.7847491893687533;4.35660880154539;9.83690654165372;12.549131255193187;9.63580306222695;8.485401134196383;10.294127066314399;8.841244211935955;7.22867314034748;7.20255493206856;4.787180821860096;5.624945997696933;5.348014476984145;5.131139540626311;5.080810460854261;4.375136732415233;4.875145232415365;4.693539613020351;10.101384690137442;9.553892196547723;8.158787947405598;3.8860364422089684;3.4030000442516957;4.349316317173438;5.069503014197319;5.156166091642445;6.459967061998308;7.90614245803649;7.133469087771106;9.509465880724804;5.971081597257552;6.131433648048553;12.033237952094476;5.328281167252364;5.675256050428154;3.6975214581519023;5.05938987997707;8.759350838985466;15.37633293758024;19.429661071835458;7.325371296287847;4.295836442506702;4.358258816900404;2.965685303625995;3.2281539056959074;3.6936862251076445;3.223032438816867;3.479044413271987;4.490267662358421;2.1335828430707684;1.725698952434868;2.0207500946846992;2.9222968872749644;2.815541270389118;3.3751996959799904;3.062131058875481;4.362450609804851;6.041889894313644;6.252689026983392;6.247585287831667;5.499361606102669;6.489916272328772;6.352332683951623;8.28603682369489;12.986754742507815;15.753247546368188;9.095180159603174;12.53115431454028;6.4973908029317045;8.940794062302071;8.737885440933368;4.650834579974817;3.3005928264543987;4.94396443573272;4.5044083058060105;4.622575598250058;4.099778837584918;3.3428125731010825;3.151801507490618;3.364678238434548;5.8197207658851875;9.016836778189955;13.153193068129283;14.177917767249259;8.62561582754087;6.001636105761157;5.653346434793408;5.716639081530888;6.738539021949849;10.467609501664208;6.678004308247639;4.671225191056639
2.1074389607584045;6.473439037710351;10.904724988134374;15.662112593948187;11.768182162548277;7.879938599960533;6.002989562126423;4.453686004301856;3.6978721365577822;4.010743060891406;6.8948153314194895;10.438824702639335;6.106950192715184;6.284485977243602;9.751376330248322;7.810316452004339;10.59167854305683;5.60954455351802;7.4011483062681505;5.387665863861955;6.008955240393549;7.817475792172123;5.83805013212653;7.113258547933067;4.85938566883741;4.305681764898631;4.809608168464525;5.045217656192066;4.716540346384386;3.573889694246322;6.922453168820733;8.466523026906339;11.438416041216394;4.959041137842434;5.197118048408434;7.204965838557111;5.806919815001334;5.185766598967937;4.9942109408223505;4.507858153914725;5.612744064551163;4.279593046356888;3.836238661018386;4.26989179560199;8.864596750040391;18.33518358177402;26.19024543418767;11.249106798473568;7.432523429289049;4.667512289279602;4.055185641456096;4.069884094918907;3.37054813166909;3.258060465221412;3.2027001367848715;4.431046908552607;3.676631993258458;2.725426508225164;2.5082213231784896;3.597409155757445;4.143882231108053;5.324518713826973;3.304151224803916;3.0086939435653806;3.439870242307521;3.8790516522062704;5.140577179707576;3.898536431268531;5.290472682535252;6.84463983797523;6.353912885798991;7.679856979515874;8.099042833125065;8.018885053916957;11.266481579271357;6.602456910941797;5.652034231842236;5.992341772202966;5.899424188539556;3.497508784626487;2.986272804495254;4.381360697608262;12.74496147569585;12.347320915931226;10.159220459134513;6.310988289617496;3.204134092667076;3.1005723330846755;3.3334124889464913;4.54283387721124;6.259500933519715;10.098849400037022;7.316895004612059;7.295240564181793;6.040929938081246;4.572305663697436;4.570020849990607;4.621143845292395;6.023853878118381;10.235377390886532
2.867301831301287;4.0190608348034855;5.562486794213213;6.727989100090852;6.183267591124514;5.248879392452584;3.6511876566389443;4.589936420064513;3.259395240392622;4.0929689531118205;5.369840271541765;7.281037148936311;6.035415955581805;5.076651429520133;7.117527726669004;6.261830237643553;7.615227147304315;7.271126415042197;7.0012364400545;6.155034258427957;5.49472997004572;9.27726037330075;6.395275590933144;4.363412721168815;4.669891605675122;3.4854425139176892;4.557764169725316;7.699842776930934;4.308129991820492;4.325340948478808;8.407210617787465;26.098720020571914;7.179076009151379;4.784732714575623;4.248607474041208;4.727731696277235;4.492643632921144;3.562719262383749;3.638326783468149;3.607952368251839;3.3360482681338395;3.342308262761316;5.025756060808644;8.884515833916888;24.231077289534927;41.20982963593605;29.468182627174233;11.62488644690786;7.293398258142908;6.398572807198515;5.822059250428587;7.2543683042348865;5.598408545774207;5.819946530134761;4.395582071558507;4.934735379350199;5.1246686473094;4.28113441165889;3.9770368107879697;6.619103623228128;7.273839918259081;6.297185745347233;4.192762070003221;4.450348122828121;4.497766773964638;4.687482203786861;3.594701810372873;4.351629556773347;5.409645486962471;6.17965568842573;7.098322268425205;7.301331616039868;4.894456599498435;5.2567909515148745;5.775662675185473;6.096220345160322;4.661233856521622;3.8838560446459365;3.0165250679082645;2.9064605615042405;3.7568407997380553;6.680555857882961;12.605047010085796;39.73283161281136;8.956646311441267;5.187300282296346;5.629815072955348;3.131579438940038;2.976889101776961;3.986949474955163;3.983785639255396;4.258744270307665;6.614705419129635;11.223522060370012;7.723591341734305;6.6641250782686265;5.036366530337823;5.6373714201073435;5.650807626652741;4.355122559237887
2.4753489182666866;7.168942765435218;5.826482746118443;5.731874949105949;5.740739293181585;3.563843559700138;3.5781477894702687;4.4360223269311705;4.3553262647967275;4.780395571466242;6.368709282116866;7.518061991201514;6.769409597104615;7.06035925892269;5.7839775397042015;4.910951868323142;7.610374477275342;16.49909275025518;5.694154112963791;5.521093122880738;5.063961220417596;5.2202425383727045;5.1866344572720955;3.675081421390545;4.646268548103408;4.964683035533036;5.741906886509179;5.551486436872864;6.317978344735452;6.093669148591126;6.5406766204969;6.929443824935342;9.082896884679243;8.377114676544961;6.359393101258202;4.787437056087555;4.461417073918106;4.767839861900255;3.375789918952916;3.945748216348179;4.621269191913102;3.807723093550833;6.877733192848479;14.646083219169107;42.727942527673484;85.75198864206311;20.94293749715512;10.243863885984686;6.001216804580088;6.428491508676939;4.533796135221015;7.44922935681389;15.33828110407626;6.25783991115089;9.611843903762182;11.413367864902257;10.43894165905439;9.050568043999942;7.429170414575557;8.193749390130602;13.22429460767646;5.131997650959177;3.6908399636054043;4.5650374206840505;12.653850669897944;10.71838925765999;9.279821280513922;5.52340864982067;7.452050389175109;8.46896305866097;11.457955338204517;5.579365729816327;4.704675895049865;4.464794778425052;4.137519696617741;4.096923496920449;3.507269701641272;3.0181200492211357;3.0114935197384822;4.457603933744171;7.421505102516998;11.726005397347429;12.188277220393113;11.71840903452073;8.595305292955283;6.745560205847954;4.578023988833679;4.902896463982026;2.7696038240099727;3.2117846474934324;3.2251610806110595;3.0230685671604776;3.7858881963204682;5.806393538224147;6.203885997855625;6.39542033410721;12.404143554641493;5.511219240672681;4.702292070091076;2.415079347646683
2.7117965486922957;5.159758808783668;10.949304763578615;4.376041319442967;4.1015629865152325;4.486141855033891;8.236625607020695;9.12065997596196;9.675692626712749;7.145615145445349;6.574210296022844;8.91990862687005;11.752646217487227;9.78419122193508;6.470903430713032;6.574363307242152;9.793837238217893;6.8363773299797925;6.622373144781097;5.664652284914421;6.2727853033592;6.63173638371107;4.444591404461695;3.750922449617013;5.2372350670110555;12.422956671313589;5.264062052648404;6.070845076201043;13.553286812861284;5.7598597730233605;4.4557460736521515;5.140924060717855;8.906867166473084;21.308308352102404;7.523827672140772;5.563088593511196;8.749354590971373;4.577794746934784;3.915080733586265;4.5087032216000225;6.080703659435855;6.8127727338212845;7.711147878597382;19.70809242644186;19.294762269726736;20.15846240578191;23.920221774483;7.908666789294045;5.6830952023880235;3.9686879597940883;5.19522386984091;7.030369960825937;8.79878771771715;8.163248586202705;11.184696680161549;29.536984728902077;17.779781281488766;8.51773470291355;13.530894960179975;9.36982233208005;7.575624930504658;5.857665062254325;3.8953571584800115;4.764553781054517;11.316275308288684;42.02142491755009;8.3140020175133;6.514209652052609;12.239420102681065;7.356077572618585;8.063885424297625;4.928976900334874;3.326525165925052;3.2143460671898074;3.148755072230573;3.0488201637274615;4.5333280751129355;2.75947627800973;4.182798299942606;20.584328080379095;25.393376660965295;26.52085064944955;21.119697715254567;7.864692016277622;5.816167352118848;4.376521321455076;6.350597993676245;4.683990092996392;4.261703835593903;2.612416046042055;2.469139109979122;2.2895467448484195;2.6089745039026035;2.9292046574433335;4.962879001524405;6.465804683052318;7.147993870406389;9.551578482399945;5.132106625022117;3.660901638629198
2.0373904038316044;4.803318157633109;4.402318367767278;4.040524723205044;4.606154815229853;9.005761329017147;8.46748485901051;23.049927202633338;16.2294809535079;7.64588999326355;6.278780582353038;6.14836856762774;7.623009715255019;18.72983519560801;18.82436574684785;17.72762510872761;7.445619416309059;10.939861971291405;5.446071491704258;6.283491940312701;11.546741040129934;5.681072911818016;5.3701455059168826;3.069170401841805;4.306464010895498;6.669721448421521;7.160146955476886;8.597443852019547;7.825258014047858;7.228852971204507;5.092023603638992;6.786814685545012;9.12793097422659;11.542686757493044;7.135100474182031;9.076565039708372;4.250636191698833;4.524902289315612;6.829522257629867;6.155105171195537;8.351857973309592;9.789368866986115;8.347348019140703;7.780719080383213;10.609428385157905;11.294752102330852;8.56781108605547;7.497128709081294;4.4494805034713725;4.237925915174739;4.493759584621436;7.622976348109278;10.569335379968845;8.618270472478244;10.860786561433864;12.140655144560334;10.767540166956593;11.232261982576768;7.299499521420522;7.210217360589177;6.71524553463801;6.3167380646343965;4.396100320016041;6.128227290670505;9.350100411190502;9.811528549318696;8.24421951364561;5.3911891815477695;6.317446658997637;7.556048892135493;8.02071671937752;4.483669974559432;3.461340626619484;2.7060741091794824;3.030868097358001;4.4736854513418916;3.47333368184801;3.1757313419903896;5.910799533855773;25.230238882018284;117.53869138463239;32.12587692798472;11.042807834109267;6.022918739324081;4.122017150555296;6.231444701241375;7.058844010747357;9.805120506209477;4.399248262272594;3.3346775099255095;3.701217164094803;3.4352335464461228;2.445262638655373;2.716863329795938;3.9544276851797653;6.368058570437401;13.563960644683375;10.456763636557735;12.373451692869724;3.7203487187907927
2.1074681537625874;4.3755720793373625;5.787710530738416;6.50615396222491;6.62844022655596;6.053068857057246;9.194973564854028;11.752204113162872;10.677820338590346;6.643162910851388;7.945167827059982;8.480366879812614;10.15087668706665;19.053735348257277;78.04111148493365;14.393366411990257;9.523572163908945;5.239653199555897;6.002326518934316;9.002147640306887;5.8819455821008235;4.42125794385995;2.8841431787535234;2.350703264611422;3.3259085350520943;6.710029067880596;14.373152930037215;6.18954632159168;5.891083926957286;5.229110654814644;7.037159079782728;8.18230419300595;9.568453102387318;5.155045342873045;4.726802061537712;3.7663044513882826;3.4662345630889715;5.643430473081076;8.015794044582723;8.154915379595728;11.696013390078212;7.823566791213722;6.602066772052817;7.344909776891816;5.808149728017681;6.766279121671992;5.905909100937072;4.540714839634697;3.7459964615429855;4.119311211284907;5.246707893453876;6.306344997011172;7.983390237887393;6.404569562164225;5.559116271958869;6.843689591973264;9.780383007123193;6.649804114606735;7.119952227315887;9.79914038613674;6.652258195387405;4.5238252319179635;4.657335695565509;7.416163321188359;8.256404445244012;6.44809673482381;6.996824007323453;4.805688127342974;5.218017609613157;12.740686125696898;6.233820024225258;4.959950643175475;4.953290330319627;4.3213692044367376;4.488585964248802;5.282656745657993;5.707489549463575;3.8284876348633117;6.813055515408926;19.069669265880503;24.864826166846616;20.82751797560703;8.75956403540605;4.201822192582643;4.69197127283744;6.37954990820664;15.051668670693545;5.910704540325084;6.474681096398748;7.763009865925183;6.4024759950388335;4.659218645947482;3.58270276140061;4.423589253146804;4.776787877856134;10.3988195041868;12.519770965570494;20.436880807105606;10.143998468699861;4.35739836646582
2.4305258616460024;3.717068742489764;6.708946669382146;17.99415624188249;6.9155898177154596;5.807461377258809;8.567374580097722;5.654873816977286;5.033344241758567;4.7561604959593815;8.209387556827863;31.998365955969483;32.50024715738303;37.01046304729849;15.600178559524055;12.794515883764287;6.213467801457286;4.941940972268633;6.507952390888725;9.075142126054397;4.998701220138215;3.968035072610184;2.394351454298349;2.0912140346178125;3.540122388041635;6.6981003728681605;5.137202445006739;5.485963750887157;6.888087043271914;4.9897337923281375;4.9201476984487424;6.321290505102976;5.112257745063293;4.160259071290673;2.680672828972888;2.933482758461132;2.819792370592223;5.674129316688555;16.28069450758653;7.224603702205978;5.069618519091143;5.138011343537831;5.330726517454071;5.3461376114293735;4.992613896574468;7.517979251770704;7.225381691054981;6.273466267533612;3.8520132649154624;5.393384335242278;6.41731554967415;4.639675330713749;5.828711558033398;4.501796992835656;4.033539037975457;4.683909493870802;4.805202385483185;6.58154265272746;9.178148962949122;5.793967693256337;4.835598752593988;4.068575054328713;6.257534976054462;7.3375205540851764;10.207730645199954;9.357051964014442;6.705892553664989;6.018442046600319;4.841505666897681;4.502091575670528;7.063658678905377;6.830497800020315;4.519032587479646;5.821118522526351;7.840127372723742;5.987745106064044;4.822642250099753;7.401826275490345;5.764527947277137;11.193309139844754;8.915577583634743;7.127295956882116;5.68481082937686;4.140502798704058;4.463443554062754;6.880577924389379;6.014437642404899;6.10156193017105;10.979370465960296;19.51051312235862;11.628557085521074;5.166497054602606;3.8473504163180703;4.831692480745827;9.31339006825954;11.86579883456763;32.17752075044197;15.40988891986376;13.603266440115469;5.422256972541567
3.998731379451809;4.486115089972749;7.4438680493878095;7.672916451797103;7.250646171073332;5.869394642077108;5.210002572738185;4.6921172014773305;3.659055715389039;4.192565527996552;7.716391280068239;32.25671614725854;158.8526887557887;26.423022952791897;12.11184544766608;4.762421222353113;3.6590546757554963;4.887265480205498;8.117572354419735;7.953129922182916;8.378580918163264;4.662989366068609;2.7082254701324184;3.5197497635080532;4.84054699353136;6.603085205954857;6.380591650321869;5.478213661714368;6.022054919114879;5.067120657084656;7.74163418630434;5.023269706949153;5.139343346559795;3.04602108005131;2.317805932030085;2.9389438053437766;4.199568280163451;5.834448056878403;5.879471754114072;4.4733735600641085;3.6210174213755635;4.152275774309573;3.996008027476912;5.673168028055091;7.476949672338118;9.357421911484328;16.19492479435719;6.956178020221658;5.442403775482313;4.099134705716993;4.720729097268661;6.053430290007805;4.234078187218118;4.129426173893419;3.5430430507507866;4.0160415338479005;4.6567014818403125;3.8407926312939917;4.488574834743738;4.454648390084197;4.690047499385285;6.644702114861107;7.0770660893790565;9.943897049936352;14.244172669836134;9.259832074984548;11.70702300675489;7.423854988114109;4.294763189866268;3.57104871716667;3.5638530655664917;3.9889848847289837;4.131594872705981;5.224340813228878;6.393685376296768;5.515563026048525;6.61394258783108;6.6240729104661344;6.030532489851631;5.249312320355375;5.843902588561965;5.150599384818145;3.8176198077660315;4.494277549537863;5.502390792120443;5.933120446857972;7.094137860683972;6.234672703764597;10.79259566941085;31.131105735495957;8.736372268351719;4.457747699828847;3.644146389875341;5.893486566847047;6.51399462440738;10.836059953463481;28.13799754681029;29.751218559035316;29.088931169112314;5.7261817764368725
3.3995999037597526;6.365694460968437;4.03909876349458;3.9337103907818154;4.4361505152243375;5.077495880311479;5.036216991797661;4.307468544431897;4.57787985667382;3.8831154388199454;6.574331275782524;21.736081081922453;27.44111771396763;32.22441100973949;7.962322504888121;3.905966548654642;2.5355403803694023;3.106761672901834;6.2109450774109485;15.38059248053348;14.144751881852066;6.211490892762552;5.223216435975147;6.934501171083083;22.030743682175725;24.142880656699166;24.136709631117125;8.959242924373461;4.433344285868307;5.82795799174294;5.070062638898883;7.9223824237786244;5.858597147962192;4.471988479625477;3.989021622635616;5.060680445924861;6.069591205190431;9.457176204116585;4.062717907790023;2.7888050392561055;3.6822860889424676;3.8945256212279227;3.9486584401897935;5.7547529739875545;8.131244346744019;14.611674227550512;11.648769003576176;12.939938834405812;6.139762181084536;4.93444646142817;4.697186081121384;4.771225333621911;7.544326587416133;3.7210144121712196;3.8257334561518594;3.9933916375216745;3.5485011003087696;3.1621217724040815;3.2065039812565876;3.9300490861760426;5.712148676614878;10.13377475586523;13.82946479192984;8.875762446677408;12.708779451879106;10.356105021817871;8.459796521898923;6.56720660940644;5.868365676025725;3.4613706936970425;3.553613662181904;4.109263345238074;4.57728798692158;4.875519789245941;4.310121726967688;4.296840697690497;7.04817048760389;13.904294176614066;5.175756076011146;3.749467748480511;4.5752584920782935;4.314207412153838;3.7762733453466617;3.990592330626977;4.19369383244113;5.249834509012011;5.741169146260111;6.979979944817954;8.2027609682718;7.444280673249999;7.476811688856758;4.80507291262865;4.214264904958453;5.858599470279422;9.685693150919873;11.551676265004838;27.315801480104298;111.96123472750881;18.58675910763622;6.321814359470225
2.0821973502678714;3.674946775871617;3.0661164007584985;3.2334455790882113;9.455939295368722;12.439190839291951;12.09320511565341;6.066684779184459;3.9934800515844673;4.595407206713747;5.477599267203953;7.816701362669975;9.814642105866497;8.671642297452253;7.435010896646198;3.4980182935475175;2.278995136142792;2.3502848324663685;4.193817659041439;6.409838157247935;9.037882975734666;6.148029066426873;8.97073022118845;12.796064598625883;24.41775708163141;119.45481838221758;23.941224025094236;8.904999264873307;4.079076417818626;4.763155121920511;4.889033136736974;5.7162131001068;7.244350015341365;7.974663645236581;10.53304470128083;7.47856494797896;10.582974744122563;6.712027013954719;4.068099527529939;3.3164832251040717;3.353106346630024;4.2810574682797515;4.1210507193191805;4.0161362382550925;4.952872770507385;5.951883524679239;8.726272548494915;9.369128922696195;6.721553276410325;4.96155164367132;6.847608405895185;6.458511158660521;5.851266586081581;4.353114249352648;3.7771534210713034;4.338273232131097;3.090256234842911;3.9387714193746497;3.1658370042674555;3.670631144374429;5.904679240259112;12.011426920062029;7.08483123554644;8.0253817918213;7.8877581598892705;6.616017153020649;5.7673864168217746;10.130174043918268;8.461842940072177;7.829136863804554;4.435363628844831;4.31159306904884;4.486322012281127;6.837217186517401;4.094698758776948;4.786147484466321;6.201436645997517;5.9741709251756445;6.649480206369175;4.202845827515321;3.4797893942584084;5.014639188833737;4.076162667719823;3.734330739158928;5.263140280578878;3.6968848171575055;5.0397382429462905;5.997208015676482;5.548471771257955;7.383497029729034;6.518773536829361;6.475133826445948;7.560134392813074;6.255389704826946;8.907402088339818;15.971141645202124;27.699853591262602;20.170328996590563;16.073773794782745;4.054659514906046
2.1605016056485704;2.375376747422825;3.5047654397253374;3.9196939712057457;10.772461971248653;44.18393494631407;14.737120922181886;6.387249718780043;8.39979752761595;9.072755134261271;11.700840901358646;5.0646924334375;5.196575987793739;5.643175154944985;6.378036605853617;2.8761092045403958;1.7745937892418597;1.6038122993026391;2.30037611583389;3.916624138720645;4.384407091333384;6.471205989597682;4.554363982456254;6.407722774453678;17.01044270402997;19.65947497681987;21.578149230300742;7.012353505194036;3.439869478442114;3.1122199323855733;4.717164733962314;4.829522999590763;7.026146541775238;15.355667482438127;7.1108453585375955;9.839164137031853;12.79211476666111;6.221039620634986;3.8110350878520434;4.3527127263504095;4.483148142896139;3.1739544952489895;2.8541337663840585;2.92165286610731;3.4172242843409277;4.189166833520501;3.969340672499233;5.117773423756788;5.046216509830538;6.746970487673553;6.555527496963684;16.25249881559197;5.226926340616879;3.5959803083272233;5.19335263219696;3.8896769751830567;3.7549517758902486;3.205719663508026;4.539233382362671;3.249209070730861;6.1238900056677155;6.180299664781125;7.719256333598111;6.5354997466545415;7.375356792039901;4.560638559946801;4.842818884791291;11.253559920441946;26.773336967628534;9.572061237061426;5.02896022620593;3.7901340741119784;4.669357056834286;4.410042725054907;4.511504920373564;6.006204086505737;5.115025156511794;5.572733955290124;8.728867303388277;5.6398682788476115;4.047521609582472;4.084052288876607;4.931195658687988;4.757566756846424;3.2441492348497336;4.807036541826445;4.177209044621539;6.3698029985509805;7.32536234462553;7.735272001278472;18.965132941276693;6.661575796981646;5.878843553140323;8.720389828204187;9.702092231010463;18.6848592684874;13.317490144908616;8.94802128636342;6.393281453424804;3.019522783895526
2.080526995143635;4.248692955970584;4.194133508991392;6.024478667931828;9.220492377618445;11.07018469045112;15.559441811539768;9.35056378572854;12.272559700320304;31.450938017422075;7.780803929954822;5.953894263923694;6.682159425264759;10.550436355824568;4.434935899160999;2.7664493912008417;2.0578382524832577;2.0312014300087307;2.359375370489757;3.170866349939553;4.532426001461464;3.9678255084139997;3.834044288081113;4.327053115924684;6.259529117258267;6.618435057706144;5.797806458267091;4.587943358697045;3.2694867294176673;2.969312488018836;2.620790509749906;3.267462472157331;5.971568298796312;8.71002928254364;9.41309336239247;8.337374698321515;9.44172058517173;6.461047907559713;3.9107512621587244;2.9513000513310423;3.2024192157637796;2.727965484530251;3.727647797340401;2.480092294000422;3.1276864480287205;2.7944653527154166;2.7347337653714474;3.35060967879017;3.8430926045844283;4.419410687407573;5.099444903083734;4.73037395887472;4.861897111530201;3.954218004187683;4.456563665984747;4.775866909539422;4.039534047134985;3.4831489253322285;3.38173147271559;4.154466118245647;4.856579782077551;11.793205756776016;5.4022241924042405;5.828513455312907;5.397515006713464;4.761635770890034;5.934105960206503;11.231910688027707;22.41574305355103;12.352499076823557;5.400526168755783;4.25849549986831;4.449332775952616;3.6372229264503217;5.064557583209639;4.420867769796972;5.803240634015462;7.461872251832393;5.531626882455491;4.843912359206912;4.137480232333399;6.00154959494219;3.7618656809490134;3.087005898515;3.1233886350418585;3.0142829211940203;3.5844556894683954;4.646349309794861;6.689871437459063;8.273214958570223;7.30348162542092;9.805268939417044;6.398419788593362;6.515796146489709;13.39952476268276;11.584357397127246;7.374117789402147;9.612230269903097;4.505510504059934;2.502114924611922
2.781909704434742;6.272359751867916;5.7617877763276955;8.109090845395546;11.18924578919026;9.407692313825706;9.310753895227759;24.47072219101542;10.364574992014955;9.811267411432333;6.731736706481266;5.723403693906817;14.530626937952075;6.201157264668882;5.189272182567987;2.676974238305205;3.792219977497111;4.283193544663553;5.528731227320295;5.338529542078215;4.476326654786747;4.657394227823142;4.810521090075984;2.915493611447156;4.092626349376829;3.531331111524969;3.6264343934819188;3.5640165007465683;3.677117941381078;2.7436760660418096;2.8310671846402355;4.583474919508472;6.60609054006821;12.872779764576292;21.727327843669023;12.587420766148574;8.714536420441878;4.724351498127717;3.081319239796388;3.0074856614099734;2.6524374556814587;2.3953349037995895;2.8458740226690358;2.7563147756170863;2.943299915526234;2.4495782404811344;3.1773205580727435;2.7844358383970524;4.317019399960232;4.298111086608841;3.243445908342201;3.2283021403266248;3.3095657579687416;5.2712461948557285;5.582002991733554;5.0030836393869595;2.989269652310387;3.919809375442118;2.89419722445243;3.910456013488857;6.598527324445104;5.206479026838432;6.054312611384439;5.342749426377893;7.813675225144164;6.6019918784354745;6.318207810726494;13.279707445350095;10.298483806447164;8.64543432221539;4.83980247483789;4.270875948512065;3.274575397130712;3.8566580768417262;4.423316016058173;6.607830648621922;6.061336463348444;5.073653678503478;4.620221797032465;3.634261570315313;4.9786918953484935;4.363477996328015;3.8608441934519293;3.7132346835493273;3.299903301889792;3.262810912630017;4.415324974475383;3.419632389845029;4.541161155915181;6.01357439113257;6.362088673757988;6.792283381436481;7.766429305520708;6.6227519120234435;5.72526477154982;6.170411046762829;5.421558521361089;4.8097252579410155;5.003909889124029;2.082802458851413
4.2185224541726525;4.741335566025222;4.463128596382086;7.506835084686899;20.172354730805584;9.349843980362989;7.452124849994432;8.676396035698223;7.004018502613932;5.137743653527722;4.43610437628886;4.458930008001918;4.656787904722943;4.791336740220022;3.2693057239657075;2.922631086118841;4.527091170912343;10.880476569395771;7.81694833506071;7.532401332472669;4.079704118998864;3.0523594479436724;3.1234271722982454;3.18270513042655;2.9358269068760863;3.9787701464110676;4.274697644641031;3.5372715812704345;4.784337756203162;3.369873052271277;5.195682382863338;7.472054879922079;13.419750962870484;13.091063170764375;25.634318809221096;28.818687321736316;8.330081640320005;5.222658813597595;2.769484118383494;3.126945006145628;3.97351554006447;2.650358347026263;2.8219953835399134;5.45057118094048;2.948212185244803;2.912993998203537;2.724642825192612;3.2451901467249917;4.49414333841595;4.0860992650028;4.2097432081933475;2.911974698365825;3.4044175538619776;3.5425196320169334;4.310263822039516;2.90845649337046;2.374447841530698;2.0826780441435258;3.234852932655358;4.795361173339133;6.338351947731257;4.847999068422036;4.140666563837938;8.38932585527683;5.019277719087838;5.031563454556674;5.533449119249266;7.614291678371301;7.449947405895661;7.295518445426588;6.941192412947105;3.561074026780333;4.025892489241285;4.992808689366624;5.617237959295887;11.134210240874399;12.525748919121233;9.626210570583497;3.7179881309495157;3.4176832700729403;4.962296659483681;6.746710141215214;5.680717207824375;2.9940193998047437;3.3744636971277093;6.551076090154132;4.842729622451812;4.682278213834231;3.331251583446532;4.817326930829228;5.7540894569124035;7.59907883519315;8.37111586603135;6.290565389976539;3.613222215657641;4.123301551701042;6.983856190235726;4.194309914122794;2.7743030383369796;2.4844263396724147
7.228769181704344;5.619953038219308;4.640282532444062;5.394515361419926;7.159588965371408;8.438976032689421;6.2015417932433525;5.8259480399744215;5.205751441669606;4.202569499994622;2.9726006280052806;2.768395709680368;3.6219855229628517;4.94308883352647;2.734978370946675;2.7713216921595483;4.511908731774577;6.469548530706564;5.272559700695077;4.64672858810883;3.5447857911724165;2.948229128366046;3.698378778181226;4.226399304241322;4.150971461074285;3.9210288558807327;4.452338785248303;3.323854524552223;3.2258271132522345;4.159663114927505;7.713494638725392;15.579374396284623;7.211639408162217;8.124412654424091;12.299620403703482;12.87435939201615;15.355223088419997;5.801087536343409;3.0230941490981937;2.777200205296592;3.980680460186044;3.902734152721167;3.1153846689882503;3.592135684635999;3.6546375360061623;4.016020599390985;3.132982305237101;3.670278298502731;3.894128438710991;5.558710344478971;3.776144131767852;3.346069066244863;3.384972179192556;4.4264174496895805;3.6973317167917994;3.0819833158543295;2.5848063335248153;2.3976799088429264;3.401732304308113;5.135842949098541;5.086893350932633;4.251106589163394;5.02107577667376;5.217917714350834;6.41140543285325;4.399879298004736;4.709368550645513;6.8991505147842;6.691048055401677;12.383013037588642;6.770734194713645;5.73815498793822;6.228941835671621;5.0691341569916535;7.694540331950154;15.92719480334307;37.89468009904122;7.791138039119536;4.033036529680728;4.881541430158374;6.749380966271026;9.941636485825905;4.970751325127634;4.05211236231233;4.369154323204953;5.1011819614095;11.65499728806774;4.3099832436103505;3.310491817139419;5.60585453596008;11.968721829035864;9.888548290270402;11.503420868683893;5.831979822365102;4.033369495683637;4.244876945410485;5.440396476029407;4.05384549096439;2.721134439358557;1.5481290971304198
5.561102842060455;9.812377469563764;4.238375572357761;5.3245798650476;4.761286942811667;5.971537149679493;8.004752939527279;8.142971525281474;4.458842512727735;3.602406749732345;2.7156637373538697;3.624222857955223;3.987352602398656;3.805810271793749;2.897921634947028;3.249815829373005;3.6914481491661273;3.9916356703451985;3.963163018277915;4.009764923629974;3.9259593710994034;2.995845294661107;2.9590763988860953;4.660033724905885;3.5016853671155057;5.207978681955707;3.584361165734921;3.97331425269993;4.031883234372162;5.973832006483376;7.480758520630187;7.383229787204886;6.004530247841024;10.279988819364792;11.99155020695818;15.60312909189216;14.839528330125834;5.745215942044822;2.8987245081769775;2.7949575064159693;4.747903935545289;4.297187362115088;4.421136470259104;4.493501447242982;4.44144015508711;5.904471881539575;6.019856318524022;4.66209221001819;4.187744268834885;3.8220049631494737;4.05112375991854;3.88923650203381;3.833938587506262;4.081678210887263;6.153822948907027;4.722452566139698;3.8399506738765994;4.972913727000766;3.1764914901509314;6.642403404355299;5.874714971516364;6.228420089651078;5.484554493181244;10.953700579032528;6.5332829758171655;6.235910511860806;5.446349105342262;5.527108860441538;9.398791887094411;6.906001878875589;7.159758488625006;13.77966160210215;4.910157307371665;4.797306134713247;7.791772282705905;11.73373355374895;11.186294542578262;7.518733429955442;4.063762290275991;4.419939212838865;8.63304696754707;6.398336948654153;6.756462776431746;7.731356088275767;4.159731095049827;4.834448030461505;4.500756856968466;3.569299780563508;3.977310168909826;11.757258900990397;14.97386670570043;15.962199042389289;9.962080115621598;6.586222331932628;6.590443153401932;4.498570904201493;4.7373340722423025;4.421823864988185;5.041047607008483;2.026820207718141
5.404206263036235;4.009195352749085;3.6921977946447857;4.688040648501824;6.501228598223263;10.254044430926081;11.957429762003592;11.828865162097248;6.0204886550335335;4.294371355429562;4.07534514736196;4.049942405570422;4.823659961865777;3.9072786635331562;4.383378977893029;3.339196056727483;4.250225198102867;2.904916982886628;3.5916139565825684;4.180185519068613;4.029561343040749;2.534854585605083;2.940155553159935;2.661127318383538;3.460357064736314;2.8481974977657147;3.330385814422879;5.094512177652272;5.859355437073931;5.277421750839891;6.575986707904835;5.085504331755689;4.7726250826218966;9.80697852933161;40.590578952951134;10.277945319338393;6.4351432332224405;5.536780990140955;3.3798802882781454;3.4364859057003896;4.702312579931001;9.162446276886682;5.067739253190904;5.541732643921862;8.828948716708881;6.421703320659616;9.814447732719833;4.86055677317816;2.8132021604070654;2.4119072059929354;2.957309034473551;3.526297202136129;4.5181843212307395;4.848919948622766;4.410183922625228;5.1795100803431655;7.8846130082871255;4.202236385914688;3.448117125506928;5.2121663490113646;16.46827455704223;5.6073760237440515;5.215990730635964;7.317671701762442;13.498155251648209;10.622892673963396;7.656211654679685;8.377755247716852;6.629926417077552;5.617532161233581;5.297713681517582;4.3283689239819125;4.2682478587646395;4.326065337808333;8.517584639010545;18.381308944604896;8.497254011043871;5.387786660790204;4.061824966389288;4.675502396661104;6.1687779862039;10.024689164335598;6.852890927336156;4.915261690022419;5.328782705380665;4.419283577062721;3.1458221762696756;3.2224534476612567;5.28120042265137;12.754402266621888;48.599751969455255;22.30920045057882;11.356561795620708;6.625044254704094;5.141189126887255;11.944069444239126;11.010783242708321;10.359941389651045;5.5633405694369795;3.178136973511099
2.3643943337956776;2.9837145034192933;3.5395953824951736;4.094273542786238;8.950860577407203;17.292309149948306;39.22612298825677;12.444471303591184;9.323374297510245;6.984616339918338;6.615684236654403;7.653426794985578;3.763582524895914;3.268939579378844;3.8411164445203325;4.117338595946584;4.222512886076391;3.9439531571528725;4.341580485922073;3.589772762096349;3.2532315413456065;2.9611465165734594;2.2395635487801417;2.1344594818632374;2.6358644466875063;3.205093762990594;2.7024857616123095;3.590866024178152;4.22999048918095;5.0352355511774665;4.859185800248426;5.2768727399655475;3.7482487468013703;7.027045439009206;7.484437041144478;7.89348531315814;5.005628251126076;4.5884256526325995;5.908287909167706;3.2558226883792414;3.7240282180884026;5.3022421035037794;5.13466105157146;7.341514468330525;7.295789287319235;7.05671584997614;5.829813919705178;4.927250659774058;2.726596920010251;2.262727132909355;2.5124626510616244;4.039515046325354;6.718286719086351;4.613432296960787;4.920345447020716;4.266073874362167;4.938453304958086;4.546288746312312;4.480063813146969;4.87327756564107;5.630026114195632;7.717069795287973;6.101452368221902;6.68964852915636;10.140992944163898;13.261189695714224;16.239879071680786;8.81788800324484;8.739152285790832;4.087183616917917;3.4881768753053133;2.8200263790755673;2.5655124463548096;4.290772378135084;6.737278386826329;7.096167431220398;8.508414909865655;5.56938626221601;5.532126633152749;5.547351212406677;5.404576262468112;7.617736917303115;6.435843378370893;5.262174172271536;6.02657890483117;4.710687384668233;4.327865353714098;4.717091493295249;6.3257076023680705;8.856984217935075;12.768157083927221;22.501593866109573;8.360194082250901;4.252309443657202;4.669150955663316;12.3587258755046;42.488183374155426;11.064944551754134;7.139794436266954;2.854434539921352
2.2957293006213306;3.7045950754315298;4.716048568405619;4.683816504055128;9.119959497431674;29.161760681503583;16.38243202335718;19.968496562541347;11.665197521554575;7.189799769555424;9.981658942716981;4.927038497982127;3.4492638392494888;2.739392835753261;3.1762683008807735;3.9241962700632866;4.122468562985107;8.979552843227214;3.709737552457483;4.293449907415348;4.264355633327772;4.301520850561089;3.9173823999055504;2.444963124921213;2.6452400733188774;3.6739731160037983;4.242043345458786;3.6730718433391902;5.457791323247136;4.352342115430111;6.5309045114717605;3.7877636383393654;3.244170442418431;3.707849967702099;3.5005489748752012;3.9176926788285824;6.027034733540394;7.2734634411982855;3.8851860591963523;2.407990205134366;2.4304725335951294;3.5033951403039127;6.417117187553001;4.587571664608109;4.816162797223054;4.507138181146476;6.023228930626022;3.503752366438352;2.950220796816101;2.817638485631968;2.7704093152736915;6.064435341559786;7.931743529851443;8.366318074960933;4.499356639371558;7.624517482642273;8.19256209410059;10.005105713185179;6.915025014669643;5.793849142627967;5.236768602299154;6.719423478252017;7.7011360773631985;8.453782189293035;9.138048483641503;23.37107872373159;10.618133406587194;12.254707972089747;4.901438455038206;3.318668375012002;2.430786233018066;2.5857050670631923;2.3143028745348633;2.874303610662298;4.334739409867369;6.53881295150048;5.047560977294274;5.720128010935586;7.062355929540107;7.294074198746028;6.474626519216321;6.737591836119837;7.409226418062266;7.303783853728323;5.984118004684867;5.3188463253521086;9.522636099738135;5.694916394438185;5.338959688773251;5.160756679908589;6.536862108047045;6.846134557732583;5.227878471555103;3.205995716348808;4.028738577095546;8.514558539123076;11.04934079423011;12.590109978855198;7.953866092242;3.1750786997618237
2.4830604523572086;5.961497854421937;6.3394888194356005;4.6739005132139555;6.4205592293059945;8.002528612480283;12.732086902882548;21.755993574599326;8.889354755555269;9.105320966597462;5.4711003178258615;3.961628672620248;2.9684191953769306;2.9154839600359224;2.9365269527323514;2.780811166950331;3.0638305258241525;3.220461993328138;3.6499102324173807;3.1656927091337606;3.8319988035346544;8.019242229930034;3.148962379466316;2.8582425929296034;3.4685132453249277;5.71716713630999;4.810910750072619;5.098716218732102;3.463462898987394;3.654693333815563;3.1444208249106262;2.535918771439648;2.8287877479255465;2.5701249164767437;3.5163636303218135;3.5763187811271577;4.782909918963007;7.047318770355606;3.4498353946163776;1.9409311096653208;1.7761072785475638;2.5037623542920397;3.958120574641623;4.363560137281406;2.943649662973666;3.2907703219737887;3.275960408079805;3.060278232092237;4.047420929630507;3.3332981288450325;3.4919486994364397;6.183375474045447;16.818305647577745;5.201980809271838;4.851601344096326;8.635497105607048;22.670294347016416;11.083524821461936;11.20077519676263;7.181739880577405;5.670901815972499;4.054508483217575;5.122556921073486;4.466642149644108;6.332447969155906;9.003398336410504;11.565081804246898;5.120490002241471;5.405915808597818;2.473348333763229;1.8213261417132036;1.7746494474293812;2.2551164853090686;2.5653106470223572;4.519858280292162;5.723651235739621;3.6361158425621793;3.997982688000066;4.239512944297748;5.930194358872439;11.600896393963867;7.8770444454059705;9.173402323523186;7.670136149015698;5.02114388955781;6.105163486116489;4.695535514279786;8.273895734289773;9.233531580300845;6.639042968519801;3.1951123670106885;3.870914482035462;2.7897304437779993;3.1047761083532923;3.807790839393596;5.809504031080826;6.810121079371147;5.0692983348352545;4.4356025014104565;2.4377873266575296
1.9144292090644464;2.3379992843074864;2.558685799945655;2.722459584440197;2.8230374674232572;3.748031338069035;7.0085871026703455;5.649814046589352;5.682379069023761;5.957775694048648;3.311468818883639;1.7068841882142392;1.6805565933396904;2.311466360499873;2.1070279787677983;1.271837229199806;1.0869852044243857;1.5783365794298936;2.085485951698515;2.2947051585878144;3.124417136652641;2.338080957520321;2.1924706857828866;1.819633079627071;2.58474912468545;6.110105065346796;3.4442890382653735;2.0898313758555624;1.7711317318859554;1.7382084956423718;1.3133314224017707;1.1536262948549314;1.047026984081747;1.8486491712008513;2.6802383347853187;2.2175621727986217;2.4767504179466227;3.2613950883978036;2.5512851726257315;1.1162540075023843;1.7523294047808;1.442379119674687;1.6390382953260811;1.588304251427184;1.688006093771976;1.7438127306964724;1.784213504098154;2.029281181275056;2.133870923163493;3.074044894036847;5.898072754632826;3.999795682061512;3.6288506805918286;3.8380586081736094;2.7994973660575484;5.687546076771084;5.235314736365407;6.049517079324272;7.279320509269846;3.608848802468828;3.1474957108317696;1.9185578224968585;2.0510119718454534;2.166851626301548;2.6289825881349627;3.1459270764033644;2.948224166278829;3.4946251706505125;1.865503919031512;1.6760157823683766;1.008506313668316;1.1466051658959027;1.5947500526597005;2.5597126604119564;2.202643540136782;3.407618523466857;1.9815746122378972;1.676186386689047;1.9226164480534766;3.4546316985048007;4.294283856239056;5.143350502628925;3.6673198140645185;4.683438589485792;3.7266061807686244;3.4745530264504483;3.0270977109599806;5.142807728194312;17.574752987989864;3.9874258381533054;1.646972208450045;1.3086871408397733;2.3156636482885165;1.5899721838517038;2.4676382174712033;2.3189362385059114;2.237576406262518;2.333500012988045;1.8114351757380367;1.395894810717159
