0,661.428227398862,392.211894261253,203.002389148502,686.810665321965,589.177681179455,499.301482072705,343.600654830575,695.546526121725,176.113826827992,399.266352201134,482.624875032359,111.958608422935,187.159023293027,282.06830732998,282.291569126674,205.065282288348,410.705368847304,595.839458243577,309.453873784123,111.465958929173,186.364374277918,347.276561259179,578.442953107737,176.900791405805,263.464475783738,390.122660198046,265.733099180362,130.829851333707,506.936524626111,201.352650839268,185.620068958074,242.109995663128,652.802971806961,666.07820862118,346.874790090027,686.769320805756,114.966168936779,579.65601006114,383.172676478895,435.118937762998,327.932081382716,283.151990987173,142.007922314215,294.472307696327,478.593073497726,441.515401769859,399.525380920912,454.939215720078,363.532020597911
661.428227398862,0,277.926986814883,834.418773758117,159.942270835449,319.555316025254,506.705525922108,696.533681884803,49.697987886835,805.87563556668,616.343443219768,211.917649099833,757.940769453656,797.975688852737,602.881787749472,649.31718751316,584.95101504314,250.924849307517,126.120101490603,766.099340816842,579.029981952576,830.337581950859,330.489712396619,85.203579737004,798.701226992923,448.418565628142,518.158672609076,656.054220320241,670.872007166792,951.468223326455,789.447357332964,659.539604572766,890.152060043676,466.300096504386,555.93571570821,431.526801021675,213.049477821468,770.54601420032,101.439686513711,741.609735642676,296.430447154134,442.011232888939,677.582297584581,564.995619452045,539.429773001083,185.298057194348,842.060003800204,606.980106758039,256.742614304677,481.786062480018
392.211894261253,277.926986814883,0,556.989802420116,299.059358656438,360.763315762565,436.66044015917,516.279342991757,306.368144558144,528.564518294598,383.567582050413,94.8643241687833,495.906059652431,520.100615265931,340.424264705088,385.259289310459,365.963987299297,50.1949200616955,251.756330605608,560.05472054077,326.097240098717,553.941811023504,136.207195110978,202.447820437761,545.406747299664,173.665540623349,291.415202074291,454.189222681472,392.949182465112,765.327544258012,545.515627640492,431.32581652389,613.804692064178,496.240395373049,561.349133783958,278.239698820999,374.947102935868,496.932842545147,217.676640914913,566.602338505587,101.510196532171,188.010318865747,412.239566271846,287.192479010158,358.52817183591,93.4178783745381,663.494943462269,466.15521020364,87.1642128399035,245.37872768437
203.002389148502,834.418773758117,556.989802420116,0,833.419282234339,791.048778521274,698.312609079916,507.512364381401,862.921201501041,28.8362618936644,409.812457106906,637.695852268148,192.994559508811,45.4577826120017,312.688982856768,282.324990038077,399.382022629963,585.717756261495,783.312740864082,443.450933024162,314.364199615669,30.9006472424123,539.459321914081,755.164962110928,244.018687808946,395.711511078462,447.872414868342,439.120177172491,168.300742719692,600.263650407052,292.965697650766,358.50991618085,65.3519701309762,855.048355357754,864.692066576304,549.877159009174,882.211476914691,97.8002556233878,761.797479649283,536.24349879509,572.86734939251,435.303388454535,263.392672639161,270.089836906167,491.987449026904,649.123116211401,566.804887064323,586.021842596332,601.834960765823,442.329515180708
686.810665321965,159.942270835449,299.059358656438,833.419282234339,0,469.608571046143,638.633697826853,791.948041224928,125.614091566193,806.215535697496,543.705297013005,205.076814876768,793.299565107658,792.368834571376,560.364470679575,606.357732695807,656.924729325971,298.807312494189,273.893063073894,848.359127964095,625.118268809991,835.264323433008,403.291085941656,199.252452933458,844.327578609156,438.055361798027,449.37877119419,739.387645284934,665.165302763155,1046.61657258043,844.296156570667,726.292737124639,894.494773601277,619.423417381035,706.791093605459,530.860217006323,372.991702320574,785.423866456832,234.339454637925,840.270986051524,260.644163564044,405.097346325547,635.116619212566,566.915108283418,631.102408488511,232.659837531105,940.180493309662,717.991044512395,233.184433442715,424.548819336481
589.177681179455,319.555316025254,360.763315762565,791.048778521274,469.608571046143,0,212.946871308315,465.971082793772,367.838238904005,763.156930126432,737.826348133489,383.607833600932,649.772029253337,768.09176535099,673.179210908953,712.431252823737,425.922962517871,310.822650397297,196.008265131856,556.939242646808,479.83684727207,775.53265566319,274.836042032336,273.619608215493,663.924882799252,499.899479895709,650.030560820028,457.900535051009,659.643123211332,703.368651561896,636.298837025497,498.341860573643,830.167651742707,151.048667653839,237.252692292416,248.594649982658,154.606338809248,702.95527596,236.388091916661,499.645674453407,450.567120416037,540.722451910405,735.376237037885,560.302141705705,343.098469830456,312.436697588488,593.961252945005,351.308198025608,417.284950603302,602.789590155636
499.301482072705,506.705525922108,436.66044015917,698.312609079916,638.633697826853,212.946871308315,0,274.730595311116,556.403181155536,673.301960490239,760.230392709999,498.068770352047,526.306754659296,686.442284536726,669.495705736788,699.186169771685,299.684000240253,396.251801257736,381.346627099284,372.705151560855,390.187711236528,676.451365583661,305.372330115222,440.803380204826,520.640778272313,513.990758671788,689.26003801178,292.059120727294,602.759023159339,495.125489143914,482.970185415208,355.678872018004,723.355362183761,172.120568207289,166.782403148534,180.943886329436,367.531345601977,602.018346896504,409.460742929038,299.15529411996,538.103800395426,576.292234894762,716.017457887725,523.631568949008,206.439942840527,432.481583422925,387.495393521007,153.367858431941,516.627157629175,641.747068555829
343.600654830575,696.533681884803,516.279342991757,507.512364381401,791.948041224928,465.971082793772,274.730595311116,0,743.693619711774,488.830696662965,712.139768584791,605.225908235925,315.279082718787,511.2536845833,599.828375454179,612.642962907434,170.3279190268,498.423444472669,584.338917067826,99.3020140782653,271.417114419854,479.673774559335,390.329143159975,615.522184815462,282.780480231575,498.661007098008,672.106435023501,80.4838493115234,472.868290330405,255.519960081399,235.967158731888,157.984556207245,512.791887611339,445.228312217451,414.446775834968,265.189460574888,612.943822874495,411.466171148978,595.448368878444,50.7776525648833,606.437103086544,573.804217481886,619.19232876385,438.478688193622,160.876505431962,560.032659761911,148.341295666446,121.443320112718,602.960728406088,631.559498384752
695.546526121725,49.697987886835,306.368144558144,862.921201501041,125.614091566193,367.838238904005,556.403181155536,743.693619711774,0,834.611604280698,623.167914770971,229.59311836377,794.671315702285,825.175623731094,618.890781963991,665.511833102913,628.239603972879,285.419147921088,175.642961714952,811.555500258608,617.272427701092,860.297768217494,372.175979880486,128.783228721756,837.705747861384,471.906982359871,525.42792084167,701.436761226556,697.459919995407,998.900720792612,830.243398046621,702.164339738213,920.159920883321,513.27175063508,603.521640042841,478.515506540802,253.365131776257,802.689036925259,150.057322380482,789.231455277854,309.601033590006,458.014017252747,694.091420491566,592.850335244908,585.725917131895,216.953497321431,889.735567458107,655.708014286847,271.940287563281,492.264156728885
176.113826827992,805.87563556668,528.564518294598,28.8362618936644,806.215535697496,763.156930126432,673.301960490239,488.830696662965,834.611604280698,0,393.111917906339,609.785150688339,176.872298565943,31.7127734517182,292.055491302595,264.411062552231,375.114555835947,557.011256618751,754.476573526309,428.666140486976,287.579728075537,35.7065820262875,510.726472781664,726.480921979373,233.367199923211,368.27952699003,426.467220311245,418.571379814722,141.598340385755,592.611373498687,281.053535825472,337.3872107831,89.2256129146783,828.783807756884,839.871430636857,522.814881196012,853.53121794109,77.3828146296062,733.000743519405,519.386888552262,545.790335202081,409.620177725658,247.467917112502,241.883711729418,467.21808612253,620.57760997316,554.278819728844,563.780107843475,574.295089653394,418.937000036998
399.266352201134,616.343443219768,383.567582050413,409.812457106906,543.705297013005,737.826348133489,760.230392709999,712.139768584791,623.167914770971,393.111917906339,0,408.433899180761,496.994617677093,365.004602710706,117.198336165664,129.350879393996,544.173915214612,433.112502705706,629.265285869163,701.303129894627,440.957594333061,428.81802667332,471.706911121726,563.433909167704,567.150923476282,246.938960069083,98.1888486540096,632.003939861137,283.183138622341,905.003701649888,599.05145855761,564.179235704399,473.872904901726,860.550719016607,911.03497188637,579.417586892217,756.179370255497,423.87715201459,589.049446141833,758.969459201093,322.22949895998,197.27820457415,146.505460649083,274.514425850446,599.996166654421,461.538914935675,831.869659261594,724.24764411077,362.852270214753,139.049092050254
482.624875032359,211.917649099833,94.8643241687833,637.695852268148,205.076814876768,383.607833600932,498.068770352047,605.225908235925,229.59311836377,609.785150688339,408.433899180761,0,588.35813923154,598.580328778018,391.143963266724,437.650317034045,459.305998219052,108.375689155825,229.04944880964,652.964263953243,420.65954167236,637.123261229725,216.648009453122,155.739911390754,639.354299273885,243.478951862374,310.593142229509,545.989862543253,470.6543742493,856.542614234692,640.238783580001,525.781475520011,696.819402714936,529.946874695945,604.615224750419,356.298877348779,358.129990366626,583.820597444112,184.88320637635,655.075178891705,86.2055682656289,230.167417329213,466.022853516864,368.197392712116,445.556337627465,71.2461928807428,753.17818608879,546.538928165231,45.6127175248307,271.524952812812
111.958608422935,757.940769453656,495.906059652431,192.994559508811,793.299565107658,649.772029253337,526.306754659296,315.279082718787,794.671315702285,176.872298565943,496.994617677093,588.35813923154,0,202.981008963893,380.982965498459,372.749916163639,229.477885644783,509.351597621918,682.38869422053,251.839571950081,180.981352630596,164.507051520596,433.595410492316,673.589919758305,70.2163798554155,375.215271544216,497.476873834352,250.478761574709,214.877546523596,425.576608849688,109.241933340636,173.115279510504,200.443358582917,691.397953424799,689.977398180549,401.25594076599,762.3650372361,100.741103825598,671.026035262418,343.264926842228,545.03939307173,439.738217579505,367.40544361781,253.069516141316,322.161527808644,578.459817100548,378.730141393579,401.195737764,563.031526648375,473.426340627557
187.159023293027,797.975688852737,520.100615265931,45.4577826120017,792.368834571376,768.09176535099,686.442284536726,511.2536845833,825.175623731094,31.7127734517182,365.004602710706,598.580328778018,202.981008963893,0,267.246272191026,237.113242987396,390.377522406196,550.867824437042,751.244434255589,454.580465924351,297.672101480807,65.5897857901671,510.488285859725,719.899611056986,262.320433820928,355.608619130639,402.482956160879,439.106934584276,127.925955145936,622.274553553333,309.185332769845,357.515272401054,110.769716077997,838.913070585982,853.211556414937,531.136460808331,853.491511381338,102.247738361296,728.022891123624,543.477874434645,531.725427264862,392.222653603792,218.771776058979,233.011265822063,481.232500980555,612.849908215707,581.524247129903,581.77432910021,561.697649986182,397.511874036487
282.06830732998,602.881787749472,340.424264705088,312.688982856768,560.364470679575,673.179210908953,669.495705736788,599.828375454179,618.890781963991,292.055491302595,117.198336165664,391.143963266724,380.982965498459,267.246272191026,0,46.627459720641,434.067736649477,385.766263429035,592.151374227908,585.210124656093,328.496164361169,327.302994181233,399.233515627133,537.76935576509,450.998004430175,174.146834596555,135.593878917892,519.40601652272,169.239770739623,788.017188898821,482.058855327853,449.308891521189,378.015237788108,784.174833822152,826.597247757334,489.172536023845,713.477827265851,312.736838252228,557.187401149739,645.684791519825,309.410083869288,161.035896619356,75.3160009559722,161.47780033181,496.595499375498,429.511187281542,716.230647208007,619.861274802677,347.212960587591,139.061569098008
282.291569126674,649.31718751316,385.259289310459,282.324990038077,606.357732695807,712.431252823737,699.186169771685,612.642962907434,665.511833102913,264.411062552231,129.350879393996,437.650317034045,372.749916163639,237.113242987396,46.627459720641,0,450.828792336958,429.780001861417,636.781540247517,590.549210481227,343.301980769118,300.098600463248,437.742024484741,583.617751614873,442.920354014127,216.178167260249,173.625862128889,532.22458605367,157.890658368378,788.890645146715,477.725130174246,458.544000069786,347.080451768751,819.519572676577,858.695528112264,520.093770391455,757.093290156504,295.311987565693,602.468787573265,656.818399559574,356.03741376434,207.607803321551,28.7934020219911,179.840151245488,519.290910761974,475.097316346872,722.414853114192,641.028954104259,393.802488565017,183.439363278441
205.065282288348,584.95101504314,365.963987299297,399.382022629963,656.924729325971,425.922962517871,299.684000240253,170.3279190268,628.239603972879,375.114555835947,544.173915214612,459.305998219052,229.477885644783,390.377522406196,434.067736649477,450.828792336958,0,358.123847293084,489.002505106058,194.273338366334,108.095559575775,376.895542557882,256.9691810315,500.182886552509,238.046886138004,328.847685106646,501.80723390561,93.8825329867063,323.587916956119,402.422477006442,213.755233854051,76.2060365063031,423.922728807975,462.169114069731,465.547602292182,179.057225489507,550.280373991295,302.555598196431,488.241948218299,219.736410273764,448.109138491953,404.155217707257,460.372566515426,272.824705626158,93.4614893953654,425.325781019679,306.962831626241,195.923454440759,450.006799948623,461.296650757406
410.705368847304,250.924849307517,50.1949200616955,585.717756261495,298.807312494189,310.822650397297,396.251801257736,498.423444472669,285.419147921088,557.011256618751,433.112502705706,108.375689155825,509.351597621918,550.867824437042,385.766263429035,429.780001861417,358.123847293084,0,207.812704135238,550.109116448728,333.237272825235,580.414558742284,108.572049810253,169.536574225151,554.003041507896,215.005232494467,341.505680772663,441.780420571125,425.329907248479,751.118539246636,549.582577962584,427.908459836914,640.129244762337,447.798459130891,514.989436784872,248.064225554593,327.832274189104,519.689022397048,178.214842255071,547.956093131557,144.896963391232,236.785240249472,456.148714784992,318.402025747325,338.154639181544,69.5612679585414,646.636752744537,438.225980516902,120.377115765414,295.269114537908
595.839458243577,126.120101490603,251.756330605608,783.312740864082,273.893063073894,196.008265131856,381.346627099284,584.338917067826,175.642961714952,754.476573526309,629.265285869163,229.04944880964,682.38869422053,751.244434255589,592.151374227908,636.781540247517,489.002505106058,207.812704135238,0,660.235654899067,501.415915184191,774.935416663866,249.321820144166,84.2769838093414,715.219329996051,422.780238421807,533.241830692229,551.252845797643,628.300509310632,837.307983958113,700.035291967484,565.064323772082,833.869708047966,345.538796663993,433.253366980569,322.595505238371,129.088031978181,709.334617793323,46.8470916920144,627.292340141341,311.653734134536,437.911143955027,663.487189024777,521.419418510665,432.073558552245,167.822912619225,727.195138872641,488.14920874667,272.076551727634,490.262919258636
309.453873784123,766.099340816842,560.05472054077,443.450933024162,848.359127964095,556.939242646808,372.705151560855,99.3020140782653,811.555500258608,428.666140486976,701.303129894627,652.964263953243,251.839571950081,454.580465924351,585.210124656093,590.549210481227,194.273338366334,550.109116448728,660.235654899067,0,268.702512083531,413.8003624938,445.562262764701,682.773937698269,204.140564317825,511.335085829244,674.545365412883,110.124747445794,439.774544511162,211.062692108293,154.356762080577,141.027834132132,438.911118565023,543.91184947563,513.493524788775,337.647893522231,699.834294672675,352.382519430235,666.429628693083,100.624052790573,641.787075282761,586.378623416645,592.557853715568,428.155871149748,228.162135333626,615.868370676722,132.061538685569,220.01384047373,644.279388153928,638.356773285911
111.465958929173,579.029981952576,326.097240098717,314.364199615669,625.118268809991,479.83684727207,390.187711236528,271.417114419854,617.272427701092,287.579728075537,440.957594333061,420.65954167236,180.981352630596,297.672101480807,328.496164361169,343.301980769118,108.095559575775,333.237272825235,501.415915184191,268.702512083531,0,296.601719482541,252.685753456739,494.250756195678,220.76605264397,243.902952011656,406.637197019653,191.105468262946,217.451074957104,479.118043909849,219.821859695527,127.703445529085,350.36262643153,541.473637400751,556.866662676084,235.641464941975,584.005376687578,223.291200005732,490.47325105453,318.034463541296,390.597247814165,318.386447575898,352.340020434807,167.074264924314,188.444686844708,402.786457071238,395.006696145774,302.622091064086,401.454717247164,369.685339173736
186.364374277918,830.337581950859,553.941811023504,30.9006472424123,835.264323433008,775.53265566319,676.451365583661,479.673774559335,860.297768217494,35.7065820262875,428.81802667332,637.123261229725,164.507051520596,65.5897857901671,327.302994181233,300.098600463248,376.895542557882,580.414558742284,774.935416663866,413.8003624938,296.601719482541,0,528.967721132396,749.93568390896,213.477984813423,397.250764631108,461.374305743179,412.679245904128,172.996098221896,569.363012497299,262.623094947874,332.711782177908,59.8629267577188,835.244946108625,842.4370955745,532.142574880079,870.833543221665,74.5129518942848,755.058176566548,507.38634195256,575.279627659454,441.45216048854,283.125149006583,268.984627813561,470.013552996081,645.164017905525,536.439828871794,560.893260790322,602.712277956904,452.833490369253
347.276561259179,330.489712396619,136.207195110978,539.459321914081,403.291085941656,274.836042032336,305.372330115222,390.329143159975,372.175979880486,510.726472781664,471.706911121726,216.648009453122,433.595410492316,510.488285859725,399.233515627133,437.742024484741,256.9691810315,108.572049810253,249.321820144166,445.562262764701,252.685753456739,528.967721132396,0,245.294435322125,469.668180740403,227.623988191052,391.376979394547,336.207272378216,393.35797945383,643.876113860423,458.986818982855,330.098954860508,587.200306539429,388.861942082277,442.572310475927,142.13096073692,343.027826859571,461.489382326398,238.283528595663,439.641046764289,236.733267624134,278.333684630517,460.5407473829,289.733256634443,229.774345826509,170.634404502726,538.638821475021,331.126863905664,222.051705690364,343.359986020503
578.442953107737,85.203579737004,202.447820437761,755.164962110928,199.252452933458,273.619608215493,440.803380204826,615.522184815462,128.783228721756,726.480921979373,563.433909167704,155.739911390754,673.589919758305,719.899611056986,537.76935576509,583.617751614873,500.182886552509,169.536574225151,84.2769838093414,682.773937698269,494.250756195678,749.93568390896,245.294435322125,0,713.668858785361,375.835974861375,465.899924876577,572.656555013561,593.694618469799,870.906016743483,704.243949210783,574.564495944537,809.632632741542,424.56185650621,509.797734400615,350.361484755388,208.678820199847,688.661143088529,38.0872682139321,661.517686838379,241.551319598962,378.830041047433,611.309496081976,487.056464899092,457.091992929213,109.349805669695,762.046520889637,530.388423704741,200.959299361836,425.525181393534
176.900791405805,798.701226992923,545.406747299664,244.018687808946,844.327578609156,663.924882799252,520.640778272313,282.780480231575,837.705747861384,233.367199923211,567.150923476282,639.354299273885,70.2163798554155,262.320433820928,450.998004430175,442.920354014127,238.046886138004,554.003041507896,715.219329996051,204.140564317825,220.76605264397,213.477984813423,469.668180740403,713.668858785361,0,436.718032602273,565.897676263121,231.433899850476,285.068588237989,360.363441542008,49.9505755722594,167.402986831179,234.792844865426,690.277806393918,679.470889737007,416.762582293564,786.04628998552,162.514522427997,707.888607056223,302.123898425795,601.801196409578,503.868951216485,437.226097116812,318.891893907638,324.686633540711,623.552355460229,323.103729473988,383.476726803596,617.041230389024,540.379903401302
263.464475783738,448.418565628142,173.665540623349,395.711511078462,438.055361798027,499.899479895709,513.990758671788,498.661007098008,471.906982359871,368.27952699003,246.938960069083,243.478951862374,375.215271544216,355.608619130639,174.146834596555,216.178167260249,328.847685106646,215.005232494467,422.780238421807,511.335085829244,243.902952011656,397.250764631108,227.623988191052,375.835974861375,436.718032602273,0,179.367611346084,422.338264901489,227.797848980187,722.292357705659,450.963524023839,370.582244582765,456.439525019471,615.749405196627,664.191546167218,333.599355514965,541.265784989223,350.361484755388,390.955803128691,548.502333632228,178.197755316951,75.4082223633471,241.753304010514,130.128705518805,366.365732567881,266.50677289705,633.84258298098,490.035835424309,206.161587110693,134.733069437314
390.122660198046,518.158672609076,291.415202074291,447.872414868342,449.37877119419,650.030560820028,689.26003801178,672.106435023501,525.42792084167,426.467220311245,98.1888486540096,310.593142229509,497.476873834352,402.482956160879,135.593878917892,173.625862128889,501.80723390561,341.505680772663,533.241830692229,674.545365412883,406.637197019653,461.374305743179,391.376979394547,465.899924876577,565.897676263121,179.367611346084,0,593.769054431098,296.269741958236,883.439601783846,590.872981274317,534.000093632951,513.224181035929,778.201933947738,833.80624248083,510.288398849121,660.895097576007,440.5285121306,492.252475869853,721.032461127791,224.43373186756,113.312753033363,200.2018980929,250.836081933999,545.292884604228,365.423863479111,801.606387200102,669.208861268289,265.070292564067,48.020204081199
265.733099180362,656.054220320241,454.189222681472,439.120177172491,739.387645284934,457.900535051009,292.059120727294,80.4838493115234,701.436761226556,418.571379814722,632.003939861137,545.989862543253,250.478761574709,439.106934584276,519.40601652272,532.22458605367,93.8825329867063,441.780420571125,551.252845797643,110.124747445794,191.105468262946,412.679245904128,336.207272378216,572.656555013561,231.433899850476,422.338264901489,593.769054431098,0,393.848562267275,311.261690543504,191.190193263148,81.6843314228622,450.789762527944,463.603494378548,448.214256801365,229.034931833552,596.01001669435,341.728693556745,556.555019741984,127.421897647147,539.705929187368,497.708840588551,539.02780076727,358.112733646822,119.851324565063,506.753954103962,213.276369999116,152.427720576016,539.593782395609,554.092059138191
130.829851333707,670.872007166792,392.949182465112,168.300742719692,665.165302763155,659.643123211332,602.759023159339,472.868290330405,697.459919995407,141.598340385755,283.183138622341,470.6543742493,214.877546523596,127.925955145936,169.239770739623,157.890658368378,323.587916956119,425.329907248479,628.300509310632,439.774544511162,217.451074957104,172.996098221896,393.35797945383,593.694618469799,285.068588237989,227.797848980187,296.269741958236,393.848562267275,0,633.300978998138,320.26001935927,315.245206149118,230.675399642008,743.768061965557,768.324000666386,434.447384616365,734.830136834357,144.42233206814,603.194711515278,513.5720494731,404.581091995165,268.462623096773,154.383677893746,107.031303832103,405.360740575601,485.998065839773,571.784924600151,519.390508192054,433.948407071624,282.470281622687
506.936524626111,951.468223326455,765.327544258012,600.263650407052,1046.61657258043,703.368651561896,495.125489143914,255.519960081399,998.900720792612,592.611373498687,905.003701649888,856.542614234692,425.576608849688,622.274553553333,788.017188898821,788.890645146715,402.422477006442,751.118539246636,837.307983958113,211.062692108293,479.118043909849,569.363012497299,643.876113860423,870.906016743483,360.363441542008,722.292357705659,883.439601783846,311.261690543504,633.300978998138,0,316.341982670653,351.742647400056,576.837628800341,649.647689136196,592.370576581923,520.547135233689,855.488784263125,522.81249028691,850.20687482518,210.072796906215,850.427615967403,797.238740905132,787.681007769008,634.742853445393,415.784198833962,814.251097635121,110.379391192378,353.601315042804,850.855293219711,848.348660634294
201.352650839268,789.447357332964,545.515627640492,292.965697650766,844.296156570667,636.298837025497,482.970185415208,235.967158731888,830.243398046621,281.053535825472,599.05145855761,640.238783580001,109.241933340636,309.185332769845,482.058855327853,477.725130174246,213.755233854051,549.582577962584,700.035291967484,154.356762080577,219.821859695527,262.623094947874,458.986818982855,704.243949210783,49.9505755722594,450.963524023839,590.872981274317,191.190193263148,320.26001935927,316.341982670653,0,138.474329751041,284.690182479129,654.00808098983,638.830220011546,392.20118561779,763.975137029995,207.873639502463,695.875405514522,252.968239113135,609.008193705142,521.188123425697,474.187642183978,340.720912184738,293.81329105403,618.990306870794,273.83966111577,341.33200846097,621.146826442831,562.257325430269
185.620068958074,659.539604572766,431.32581652389,358.50991618085,726.292737124639,498.341860573643,355.678872018004,157.984556207245,702.164339738213,337.3872107831,564.179235704399,525.781475520011,173.115279510504,357.515272401054,449.308891521189,458.544000069786,76.2060365063031,427.908459836914,565.064323772082,141.027834132132,127.703445529085,332.711782177908,330.098954860508,574.564495944537,167.402986831179,370.582244582765,534.000093632951,81.6843314228622,315.245206149118,351.742647400056,138.474329751041,0,373.281770248696,523.817191394097,517.71560725943,253.760615541498,625.700767140332,260.860518285156,563.583711617006,198.796604598771,507.051279458005,445.496576866759,463.466093689711,289.839196797121,157.334325561843,496.191192989154,268.303000355941,228.525884748315,512.818291405445,497.387776287275
242.109995663128,890.152060043676,613.804692064178,65.3519701309762,894.494773601277,830.167651742707,723.355362183761,512.791887611339,920.159920883321,89.2256129146783,473.872904901726,696.819402714936,200.443358582917,110.769716077997,378.015237788108,347.080451768751,423.922728807975,640.129244762337,833.869708047966,438.911118565023,350.36262643153,59.8629267577188,587.200306539429,809.632632741542,234.792844865426,456.439525019471,513.224181035929,450.789762527944,230.675399642008,576.837628800341,284.690182479129,373.281770248696,0,885.004005640652,888.354011641755,584.97563197111,928.382491217925,127.346181725248,814.470355507185,536.081607593471,634.291699456961,498.842259637252,327.367835927722,328.631404464029,517.38385170007,704.998226948125,555.082714557029,601.603457436873,662.140559096028,507.370515501246
652.802971806961,466.300096504386,496.240395373049,855.048355357754,619.423417381035,151.048667653839,172.120568207289,445.228312217451,513.27175063508,828.783807756884,860.550719016607,529.946874695945,691.397953424799,838.913070585982,784.174833822152,819.519572676577,462.169114069731,447.798459130891,345.538796663993,543.91184947563,541.473637400751,835.244946108625,388.861942082277,424.56185650621,690.277806393918,615.749405196627,778.201933947738,463.603494378548,743.768061965557,649.647689136196,654.00808098983,523.817191394097,885.004005640652,0,92.4602617344338,309.48344059093,274.803675375713,760.813630266966,387.154039111049,465.320298289254,591.422733753108,666.010668082727,839.827797825245,653.620968145912,369.247911300795,458.771893210558,546.447298465277,323.920005556928,560.690975493631,730.277570516855
666.07820862118,555.93571570821,561.349133783958,864.692066576304,706.791093605459,237.252692292416,166.782403148534,414.446775834968,603.521640042841,839.871430636857,911.03497188637,604.615224750419,689.977398180549,853.211556414937,826.597247757334,858.695528112264,465.547602292182,514.989436784872,433.253366980569,513.493524788775,556.866662676084,842.4370955745,442.572310475927,509.797734400615,679.470889737007,664.191546167218,833.80624248083,448.214256801365,768.324000666386,592.370576581923,638.830220011546,517.71560725943,888.354011641755,92.4602617344338,0,338.86708308716,367.260833740817,768.098170808914,473.066432966872,425.093307404386,659.863357067204,720.590431521263,876.879632560821,685.985808891117,372.710343296239,534.13598455824,495.213135932398,298.029209977814,631.921110582642,785.809779781341
346.874790090027,431.526801021675,278.239698820999,549.877159009174,530.860217006323,248.594649982658,180.943886329436,265.189460574888,478.515506540802,522.814881196012,579.417586892217,356.298877348779,401.25594076599,531.136460808331,489.172536023845,520.093770391455,179.057225489507,248.064225554593,322.595505238371,337.647893522231,235.641464941975,532.142574880079,142.13096073692,350.361484755388,416.762582293564,333.599355514965,510.288398849121,229.034931833552,434.447384616365,520.547135233689,392.20118561779,253.760615541498,584.97563197111,309.48344059093,338.86708308716,0,372.157842857033,458.458482307831,330.687541343789,311.394572849303,378.093705316552,397.95805055307,538.019637188086,347.518013921581,109.495296702644,302.164938402853,411.893979077141,190.314923219384,364.13345081165,463.174405596855
686.769320805756,213.049477821468,374.947102935868,882.211476914691,372.991702320574,154.606338809248,367.531345601977,612.943822874495,253.365131776257,853.53121794109,756.179370255497,358.129990366626,762.3650372361,853.491511381338,713.477827265851,757.093290156504,550.280373991295,327.832274189104,129.088031978181,699.834294672675,584.005376687578,870.833543221665,343.027826859571,208.678820199847,786.04628998552,541.265784989223,660.895097576007,596.01001669435,734.830136834357,855.488784263125,763.975137029995,625.700767140332,928.382491217925,274.803675375713,367.260833740817,372.157842857033,0,801.686647013657,174.208868890192,649.48031532911,440.458091082455,562.731063652967,783.011526096519,629.31077378351,477.198658841368,295.824559494306,745.581712490321,502.164325694289,401.067139017896,617.141191300662
114.966168936779,770.54601420032,496.932842545147,97.8002556233878,785.423866456832,702.95527596,602.018346896504,411.466171148978,802.689036925259,77.3828146296062,423.87715201459,583.820597444112,100.741103825598,102.247738361296,312.736838252228,295.311987565693,302.555598196431,519.689022397048,709.334617793323,352.382519430235,223.291200005732,74.5129518942848,461.489382326398,688.661143088529,162.514522427997,350.361484755388,440.5285121306,341.728693556745,144.42233206814,522.81249028691,207.873639502463,260.860518285156,127.346181725248,760.813630266966,768.098170808914,458.458482307831,801.686647013657,0,691.640925625429,442.170736254673,527.933111293467,403.42599073436,284.805916371132,220.260232452433,395.578816419686,586.189261245888,479.393043337093,488.221599276394,552.245099570834,424.641225035912
579.65601006114,101.439686513711,217.676640914913,761.797479649283,234.339454637925,236.388091916661,409.460742929038,595.448368878444,150.057322380482,733.000743519405,589.049446141833,184.88320637635,671.026035262418,728.022891123624,557.187401149739,602.468787573265,488.241948218299,178.214842255071,46.8470916920144,666.429628693083,490.47325105453,755.058176566548,238.283528595663,38.0872682139321,707.888607056223,390.955803128691,492.252475869853,556.555019741984,603.194711515278,850.20687482518,695.875405514522,563.583711617006,814.470355507185,387.154039111049,473.066432966872,330.687541343789,174.208868890192,691.640925625429,0,640.287755622423,269.046464388588,400.430618209947,629.6869857318,496.180047966461,439.105374597032,128.398208710246,740.711347287187,505.686266374716,228.920422854755,450.353905278948
383.172676478895,741.609735642676,566.602338505587,536.24349879509,840.270986051524,499.645674453407,299.15529411996,50.7776525648833,789.231455277854,519.386888552262,758.969459201093,655.075178891705,343.264926842228,543.477874434645,645.684791519825,656.818399559574,219.736410273764,547.956093131557,627.292340141341,100.624052790573,318.034463541296,507.38634195256,439.641046764289,661.517686838379,302.123898425795,548.502333632228,721.032461127791,127.421897647147,513.5720494731,210.072796906215,252.968239113135,198.796604598771,536.081607593471,465.320298289254,425.093307404386,311.394572849303,649.48031532911,442.170736254673,640.287755622423,0,657.138805732853,623.741557057088,662.218370328097,484.72058961839,209.872056262857,608.809633629429,100.528851580031,148.577420895639,653.379193118361,680.973868808488
435.118937762998,296.430447154134,101.510196532171,572.86734939251,260.644163564044,450.567120416037,538.103800395426,606.437103086544,309.601033590006,545.790335202081,322.22949895998,86.2055682656289,545.03939307173,531.725427264862,309.410083869288,356.03741376434,448.109138491953,144.896963391232,311.653734134536,641.787075282761,390.597247814165,575.279627659454,236.733267624134,241.551319598962,601.801196409578,178.197755316951,224.43373186756,539.705929187368,404.581091995165,850.427615967403,609.008193705142,507.051279458005,634.291699456961,591.422733753108,659.863357067204,378.093705316552,440.458091082455,527.933111293467,269.046464388588,657.138805732853,0,148.937167960184,384.680256836766,308.043892976309,452.182407884252,145.419737312374,751.815469380619,564.056202873437,40.6369290178281,185.614223592913
327.932081382716,442.011232888939,188.010318865747,435.303388454535,405.097346325547,540.722451910405,576.292234894762,573.804217481886,458.014017252747,409.620177725658,197.27820457415,230.167417329213,439.738217579505,392.222653603792,161.035896619356,207.607803321551,404.155217707257,236.785240249472,437.911143955027,586.378623416645,318.386447575898,441.45216048854,278.333684630517,378.830041047433,503.868951216485,75.4082223633471,113.312753033363,497.708840588551,268.462623096773,797.238740905132,521.188123425697,445.496576866759,498.842259637252,666.010668082727,720.590431521263,397.95805055307,562.731063652967,403.42599073436,400.430618209947,623.741557057088,148.937167960184,0,236.111202614361,187.401707569595,438.886784945731,272.053707932827,709.238986520059,561.78551067111,186.200429645047,65.4904573201318
283.151990987173,677.582297584581,412.239566271846,263.392672639161,635.116619212566,735.376237037885,716.017457887725,619.19232876385,694.091420491566,247.467917112502,146.505460649083,466.022853516864,367.40544361781,218.771776058979,75.3160009559722,28.7934020219911,460.372566515426,456.148714784992,663.487189024777,592.557853715568,352.340020434807,283.125149006583,460.5407473829,611.309496081976,437.226097116812,241.753304010514,200.2018980929,539.02780076727,154.383677893746,787.681007769008,474.187642183978,463.466093689711,327.367835927722,839.827797825245,876.879632560821,538.019637188086,783.011526096519,284.805916371132,629.6869857318,662.218370328097,384.680256836766,236.111202614361,0,193.349683216705,532.179452816435,502.597294063547,724.612006524871,652.659252596636,422.308631216555,211.908140476009
142.007922314215,564.995619452045,287.192479010158,270.089836906167,566.915108283418,560.302141705705,523.631568949008,438.478688193622,592.850335244908,241.883711729418,274.514425850446,368.197392712116,253.069516141316,233.011265822063,161.47780033181,179.840151245488,272.824705626158,318.402025747325,521.419418510665,428.155871149748,167.074264924314,268.984627813561,289.733256634443,487.056464899092,318.891893907638,130.128705518805,250.836081933999,358.112733646822,107.031303832103,634.742853445393,340.720912184738,289.839196797121,328.631404464029,653.620968145912,685.985808891117,347.518013921581,629.31077378351,220.260232452433,496.180047966461,484.72058961839,308.043892976309,187.401707569595,193.349683216705,0,339.508895317928,379.839676705844,557.908684284445,461.258148979506,333.982993579014,221.820828598218
294.472307696327,539.429773001083,358.52817183591,491.987449026904,631.102408488511,343.098469830456,206.439942840527,160.876505431962,585.725917131895,467.21808612253,599.996166654421,445.556337627465,322.161527808644,481.232500980555,496.595499375498,519.290910761974,93.4614893953654,338.154639181544,432.073558552245,228.162135333626,188.444686844708,470.013552996081,229.774345826509,457.091992929213,324.686633540711,366.365732567881,545.292884604228,119.851324565063,405.360740575601,415.784198833962,293.81329105403,157.334325561843,517.38385170007,369.247911300795,372.710343296239,109.495296702644,477.198658841368,395.578816419686,439.105374597032,209.872056262857,452.182407884252,438.886784945731,532.179452816435,339.508895317928,0,399.168448151905,309.19510021991,124.369972260188,445.634973941678,501.058928670072
478.593073497726,185.298057194348,93.4178783745381,649.123116211401,232.659837531105,312.436697588488,432.481583422925,560.032659761911,216.953497321431,620.57760997316,461.538914935675,71.2461928807428,578.459817100548,612.849908215707,429.511187281542,475.097316346872,425.325781019679,69.5612679585414,167.822912619225,615.868370676722,402.786457071238,645.164017905525,170.634404502726,109.349805669695,623.552355460229,266.50677289705,365.423863479111,506.753954103962,485.998065839773,814.251097635121,618.990306870794,496.191192989154,704.998226948125,458.771893210558,534.13598455824,302.164938402853,295.824559494306,586.189261245888,128.398208710246,608.809633629429,145.419737312374,272.053707932827,502.597294063547,379.839676705844,399.168448151905,0,708.362760173063,491.817303477623,107.639862504557,322.60108493308
441.515401769859,842.060003800204,663.494943462269,566.804887064323,940.180493309662,593.961252945005,387.495393521007,148.341295666446,889.735567458107,554.278819728844,831.869659261594,753.17818608879,378.730141393579,581.524247129903,716.230647208007,722.414853114192,306.962831626241,646.636752744537,727.195138872641,132.061538685569,395.006696145774,536.439828871794,538.638821475021,762.046520889637,323.103729473988,633.84258298098,801.606387200102,213.276369999116,571.784924600151,110.379391192378,273.83966111577,268.303000355941,555.082714557029,546.447298465277,495.213135932398,411.893979077141,745.581712490321,479.393043337093,740.711347287187,100.528851580031,751.815469380619,709.238986520059,724.612006524871,557.908684284445,309.19510021991,708.362760173063,0,243.473900038587,749.850238380972,763.766469544193
399.525380920912,606.980106758039,466.15521020364,586.021842596332,717.991044512395,351.308198025608,153.367858431941,121.443320112718,655.708014286847,563.780107843475,724.24764411077,546.538928165231,401.195737764,581.77432910021,619.861274802677,641.028954104259,195.923454440759,438.225980516902,488.14920874667,220.01384047373,302.622091064086,560.893260790322,331.126863905664,530.388423704741,383.476726803596,490.035835424309,669.208861268289,152.427720576016,519.390508192054,353.601315042804,341.33200846097,228.525884748315,601.603457436873,323.920005556928,298.029209977814,190.314923219384,502.164325694289,488.221599276394,505.686266374716,148.577420895639,564.056202873437,561.78551067111,652.659252596636,461.258148979506,124.369972260188,491.817303477623,243.473900038587,0,552.858064967854,624.581555923644
