Models/Synthetic/Density/temp_raster_pop.asc
NCOLS 101
NROWS 101
XLLCORNER 3302900
YLLCORNER 3112000
CELLSIZE 4386.138614
NODATA_VALUE NaN
[rows 46 to 68 of 101, columns 0 to 51 of 101]
6.202122491 6.0055185937 6.1114507946 6.4526031144 6.39277272 6.4239973903 6.4600923588 6.5355142542 6.6343428761 6.721534563 6.8295848562 6.9061312564 7.0070221419 7.0932681272 7.2074847558 7.5087534169 7.2707260563 7.3709283627 7.5302138452 7.4295304005 7.3829462676 7.4012102231 7.4821677021 7.5828241008 7.6716658419 7.6754854352 7.6339466455 7.6292871286 7.6787502559 7.7138678275 7.7743077218 7.8109088601 7.9372555004 8.1087082139 8.3360999756 8.9118600164 8.3784307951 8.3238279851 8.3059862732 8.3123856127 8.2979418054 8.3957205258 8.5291327631 8.5742992932 8.6444082857 8.7132444081 9.0197143448 9.220268945 8.5464213373 8.4712076318 8.4278534072 8.7366901955
6.8537632323 6.0624556534 6.1777947625 6.406004325 6.5725000405 6.502419721 6.5265618615 6.5774204141 6.6447686249 6.717466798 6.7782350091 6.8700208255 6.9517091308 7.0696338771 7.1707700883 7.227969791 7.2624411256 7.4134391365 7.6576965185 7.4937553492 7.44925946 7.4444008865 7.4904286633 8.2054279195 7.7942531061 7.8618152413 7.6494620227 7.6682627835 7.8295283401 7.762587037 7.7948608392 7.9300617189 8.0041987991 8.2421351998 8.614436467 8.3531167313 8.3513059899 8.2979290584 8.4075954409 8.2935645149 8.3021199389 8.3657804214 8.5324432389 8.7624141116 8.6583246208 9.0423339646 8.7050615511 8.6178463954 8.6050541898 8.8389220743 8.4537817092 8.2879751628
6.0241260753 6.0755098533 6.2052551799 6.344988583 6.4941151504 6.6691578551 6.5560428528 6.59831037 6.7985784296 6.7363579847 6.7886771768 6.864153487 6.9664618252 7.067049007 7.5719066372 7.1405851215 7.1814428971 7.3041012386 7.3929865122 7.5505630453 7.7377763598 7.6121253888 7.5910832853 7.6539602746 7.7090628483 7.7168295991 7.6630760798 7.7032096024 7.8423338765 7.8811204835 7.9227398137 8.6736182086 8.2869106182 8.1030046827 8.1156454453 8.1748470978 8.2553400274 8.2071964994 8.2353202715 8.9650008772 8.2590785825 8.3294785654 8.4799807286 8.5985219502 8.6646337801 8.6330892984 8.612310056 8.4947987979 8.5355673803 8.8122082423 9.2307284552 8.2967588797
6.0198566689 6.1161706466 6.162392299 7.239754018 6.4066702652 6.4860331559 6.5587954236 6.6135175245 6.6917081761 6.7642685742 6.8258954184 6.8898666462 6.9793126646 7.6341191219 7.1239649499 7.1409554636 7.1472992575 7.2087708956 7.3478863146 7.5584199655 8.0438660479 7.7639555325 7.704712421 7.7205605815 7.6524668627 7.637763725 7.6478110513 7.7107751653 7.8482723922 8.1474940659 8.0502363499 8.1281399543 8.1366456647 8.0830043989 7.9774228892 8.0242604997 8.0482125828 8.0665856606 8.0943662834 8.1333728319 8.2160967587 8.3296701847 8.4650796709 8.5790754071 8.7217623892 8.553319837 8.4658932808 8.4277748942 8.4671265508 8.5158505101 8.5077973688 8.3166728284
5.9998936771 6.0286675011 6.11710709 6.1892631635 6.303903653 6.3603255909 6.4682568533 7.3550961489 6.681531923 6.7751971493 6.8662954284 6.9348523147 7.0168640055 7.0758849942 7.186926188 7.2052931972 7.2291971797 7.2550981849 7.425232786 9.2157872363 7.7376359057 7.767678598 8.0219435053 7.7225188955 8.5606381619 7.6618496987 7.6733431093 7.7257873294 7.9088344376 8.0637622969 8.1875359011 8.3162581649 8.5686771587 8.0310695836 7.9575646661 7.9082572676 7.9444464842 7.9540422439 7.9691429697 8.0170922049 8.1879237619 8.3941338246 8.6452554552 8.6071914613 8.5612793326 8.5023244538 8.4391598543 8.4312844238 8.4477135246 8.4460439899 8.3493174795 8.2921633853
5.9893253227 6.0202647147 6.0598579829 6.0964231413 6.1762220613 6.2732579958 6.4013666017 6.5508328954 6.6815104933 6.7887004183 6.9035957992 6.94577957 7.0463814923 7.1510074925 7.2836486854 7.4469611092 7.3160226444 7.3814874435 8.2556274456 7.8872107095 7.7392702679 8.5420657332 7.7574404843 7.7737793099 7.7713975857 7.7792190219 7.7596143394 7.7683789617 7.8829367923 8.556809621 8.5251954867 8.2105720935 8.1639859033 8.1012628711 7.9092945493 7.8368859596 7.8703466279 7.9478174767 7.8966299434 8.0022667864 8.213584553 8.9423914189 8.6315474352 8.6047805039 8.5077010911 8.387019244 8.3566026511 8.8231614747 8.9783235213 8.3025554755 8.2658117744 8.1969919562
6.0578834497 6.2088775837 6.0414498228 6.0938357213 6.1654681336 6.2576465449 6.3390741275 6.4961883595 6.7173211126 6.7338386008 6.8123190768 6.9867581804 7.1329985879 7.4905420428 7.3761563093 7.3768296825 7.4025508683 7.514371209 8.0503069984 7.783452147 7.8339845848 7.8106417724 7.8588205015 7.9066272664 7.9639217351 8.0097349387 7.9200057141 7.8911415345 7.9304478008 8.0166968392 8.1095119632 8.1185253266 8.0833721938 8.0683583167 7.896964227 7.8138764484 7.8327960849 7.8559469691 7.8853863631 8.02656606 8.7937795963 8.4428753654 8.5229183854 8.6630890141 8.4159426739 8.261158864 8.2478304625 8.254804577 8.2483676331 8.2007732117 8.1523747069 8.1483438869
6.5269494146 6.0717131329 6.0299864798 6.0827493778 6.5958129894 6.2696489319 6.3436897594 6.483419809 6.565205447 6.6509889373 6.73549476 6.9687348404 7.6059882792 7.3675496769 7.3872318205 7.4453958628 7.4586333499 7.6134873317 7.8928252506 7.863052417 7.8653037497 7.9016140138 8.041628029 8.3554731727 8.2146665366 8.0135181406 8.4722962243 8.3165097617 7.8776902133 7.8836875565 7.956832186 8.0050853911 8.0206583963 8.0038601108 7.9392727157 7.952028576 7.9733741162 8.006681667 7.9802008829 8.0607087962 8.4807667952 9.1553150481 8.3157315292 8.4929452847 8.2437646186 8.1319608241 8.0974915843 8.1286205486 8.1453687372 8.1384072792 8.0909768361 8.0518181969
6.047518864 6.0312567265 5.9910172669 6.076012719 6.1580463435 6.2831447849 7.0579819494 6.456385114 6.5233046362 6.6049286657 6.7079371419 6.9864853524 7.7917940154 7.3709243604 7.7832804845 7.5001045164 7.6155125233 7.7114186391 7.8812616901 8.0753945692 7.9964275373 7.9688716748 8.0403615025 8.0719156348 8.937445068 7.9980894444 7.9589500533 7.9126293495 7.8397677902 7.8098996363 7.856180872 7.9071568301 7.9236873516 7.952596577 8.4581243832 8.0145389663 8.3721343962 8.3637300011 8.1464694937 8.1355896345 8.1409032794 8.1482515243 8.1480908027 8.0933543453 8.0791065796 8.024918492 8.0706843037 8.0719878701 8.213436482 8.1663164452 8.0587891021 8.0077986659
5.9800062671 5.993759423 6.0077448438 6.0561281691 6.1508733458 6.2905668279 6.4007298546 6.5022769677 6.580227927 6.665971827 6.7654903898 6.9497208156 7.3721490145 7.3428849049 7.4458801773 7.5988478567 7.6541522124 7.8007362609 8.5720800841 8.4323038697 8.0425864448 8.0074862743 7.9895868078 8.428548903 7.9938332859 7.9400225974 7.8926248658 7.8267059865 7.7728455911 7.7599906771 7.7756882701 7.8150266773 7.8460370914 7.9237308513 7.9361816622 8.0169346984 8.0803442587 8.2103621503 8.340129423 8.1898237877 8.0815518663 8.1276572639 8.0258897818 8.0083726712 7.9829005815 8.6723263568 7.988615045 8.9200024443 8.091345954 8.0896119572 8.0666740081 8.0451387228
6.1041423502 6.1010653243 6.0618197709 6.1101597303 6.2100756219 6.3378006133 6.4533997607 6.5576750332 6.6960074908 6.834837651 6.8854294294 7.0071348253 7.1731330758 7.3716162766 7.4952688061 7.6197848711 7.7389020427 7.8248562304 8.0398947685 8.0505241634 8.0195093962 7.9181415031 7.9476933792 7.9836869115 8.0083302236 8.0012617773 7.9305233284 7.8767291566 7.8206426449 7.7786784286 8.6311954824 7.7377380838 7.8043317821 7.8655771939 7.9100510981 7.8875438238 7.9318585715 8.0326733579 8.0901579176 8.0811683512 8.0225527049 7.9831108391 8.0088785655 8.0383023232 8.3337079124 7.9654986922 7.9011720848 8.3069545625 7.9739981318 7.9674500053 8.0279675458 8.2632447308
6.5318431742 6.2037546344 6.1504341014 6.1860026013 6.2844859296 6.4088378168 6.5710517549 6.6645105362 6.8050686801 7.0715871516 6.9946097925 7.0914606116 7.3167210954 7.4758795485 7.6379488029 7.6543676816 7.6934361664 7.7888794364 7.9056392125 8.4533157316 7.9160384703 7.8979214992 7.9041936719 7.9963736613 8.047333123 8.0343673142 8.0212532559 7.8782313779 7.9247124006 8.0586034397 7.6986781815 7.7049300856 7.7863842718 7.8888565973 7.8765239678 7.8714389788 7.9294493348 7.9636646576 7.9820885814 7.9321083544 7.9017595985 7.8788521738 7.8805902857 8.0254321368 8.4071085373 7.9008443291 7.8031071927 7.8385397857 7.9277037147 7.9416174519 8.0105516458 8.0120322078
6.3666538574 6.3356797275 6.2492448018 6.27393923 6.3588571272 6.4735137196 6.6195256568 7.2852560878 6.8476978685 6.929380383 7.0739796793 7.2275235886 7.400397447 7.9916300265 7.643619792 7.6391264896 7.6545620126 7.722712749 8.7397559157 7.9320602782 7.8715478092 7.8373637111 8.9713043258 7.9184389636 8.1487744792 8.0677999125 7.9968980209 7.8341697122 7.7521639242 7.691482963 7.6925396772 7.7138048516 7.8309212268 7.8689413161 7.8817328814 7.8708487001 7.959355777 8.321195378 7.9464420596 7.8732084772 7.8441791717 7.8146709201 7.7866327323 7.8552219661 7.8709736533 7.8028181413 7.7263449612 7.7858086397 7.9218837581 8.0583814513 7.9785587684 7.9357424268
6.5562203981 6.4221172213 6.3475616294 6.3733291263 6.4455850549 6.5444269437 6.6981601748 6.8397188185 6.9351187992 6.9968137364 7.1568757125 7.3244812756 7.4978808584 7.5557663032 7.6135179185 7.6108134073 7.6359084343 7.698849098 7.8150251324 7.8890035842 7.8603297789 7.7990875651 7.7263723219 7.7871485591 7.8865475627 8.6174620734 7.9329011808 7.7929021089 7.6684441337 7.6192083703 7.6466275471 7.8944738698 7.8167670914 7.8940083652 7.8549518469 7.8666374385 7.9599620565 8.0685128689 7.9137438265 7.8255736881 7.9056487093 7.818771913 7.7675298403 7.6912509736 7.6794459872 7.6782661548 7.7110723971 7.8187616685 7.9628883495 8.3375109129 7.9693242058 7.9281936023
6.6840305252 6.4898006143 6.4233656246 6.4563341691 6.5636550571 6.6174846759 6.7492182893 6.9914963202 7.4855568673 7.0654230707 7.2116421541 7.6449299457 7.4795013531 7.5186959779 7.5649144447 7.6102355067 7.6605253737 7.7002900488 7.7828000825 8.0166640447 7.9078158175 7.6657292162 7.5787034306 7.5889045079 7.737400646 7.8537244001 8.0222468344 7.7832336164 7.7695562036 7.6247087121 7.6540822095 7.7335016346 7.7943263419 7.7960902955 7.8097470012 7.8328680819 7.9110480112 7.9086387393 7.8483503874 7.7606877643 7.7747791766 8.0203108979 7.7009808522 7.6724684282 7.6886383223 7.7069016427 7.7337882679 7.8222293789 8.145473925 7.9504575543 7.8944637424 7.980429555
6.4954321545 6.4954699104 6.5173202195 6.5710988482 6.6442505726 6.7050615294 6.8296092016 7.0153457642 7.0905950289 7.1658029919 7.2943868484 7.3881972322 7.4933924462 7.5354114579 7.6222695331 7.6697478343 7.7032418797 7.7769399249 7.7952356181 7.7948803395 7.6922962681 7.5962079889 7.5412937396 7.5495305699 7.5894611216 7.6846326622 7.8142850879 7.7948603209 7.7180313876 7.6935447038 7.7141760106 7.7302259472 7.7828123668 7.7116213878 7.7535175082 7.8272395027 7.9002302271 7.9678803991 7.8413084039 7.7556940775 7.7112542167 7.6519864241 7.6351306673 7.611228634 8.2148299027 8.0627161675 7.7050541795 7.7918331925 7.8298722861 7.7952429676 7.7907501148 7.8715261716
6.4864441871 6.4996075108 6.5772906477 7.0405835003 6.7300226672 6.7850184638 6.9051242744 6.9625933072 7.1119714857 7.7360132572 7.3682043989 7.3943078958 7.4943927518 7.6253675543 7.7331205155 7.838730898 7.7300273121 7.7355316129 8.3953560183 7.6623158226 7.5626803711 7.5324483702 7.5480065821 7.5714923775 7.5724943242 7.6120812428 7.6569842058 7.7145543722 7.7664200307 7.8274710242 7.7818706131 8.1217686394 7.7210034841 7.6754386234 7.7093044158 8.0364429104 7.9302658891 7.8383476404 8.1529042791 8.1658877167 8.2641880319 7.4823065119 7.4811081389 7.6008346955 7.577523042 7.5589911099 7.5915616768 8.0622557046 7.7645757911 7.6720706873 7.7088946806 7.8197481258
6.5841305122 6.5340395653 6.6382768438 6.7633808093 6.7901965673 6.8582088502 6.9618179281 6.9934555658 7.1703026058 7.900303334 7.5153023138 7.499417586 7.6000333116 7.8015157182 7.9043619265 7.8272232693 7.7547143075 7.6992983322 7.6504891191 7.609798941 7.5897199538 7.5765042292 7.5861129708 7.5598618077 7.6361809801 7.6615678897 7.6707917887 7.6589743671 7.8134092638 7.9000181488 7.8618158521 7.778222881 7.7571003681 7.7301066607 7.7040469607 7.7216559244 7.7157358877 7.6634574852 7.6291175463 7.6392741946 7.4987226072 7.4133749166 7.3631928544 7.4533170093 7.4711908212 7.4473506439 7.4451961127 7.5207884755 7.5858631852 7.6349370626 7.6077315403 8.5834501346
6.4650150508 6.5528343576 6.7391925313 6.7017423101 6.7664286769 6.8985492768 7.0822771704 7.1281841811 7.2353203125 7.5312762893 7.5537322639 7.5842814346 8.0839432725 7.8321979967 7.8351905552 7.9331674165 7.7467602701 7.642485728 7.5787170128 7.5433905258 7.578695036 7.9671373849 7.553959924 7.5160285505 7.6196699719 8.1758467781 7.6559868625 7.6361233774 7.704952927 7.7483042448 7.7746151792 8.2909435887 7.6894023125 7.6061408069 7.7244984847 7.6638255041 7.5209009635 7.5193402544 7.4662614476 7.4657061633 8.0083428187 7.3095555562 7.2343758034 7.3014736903 7.8028040515 7.4473660374 7.3341915324 7.3857339999 7.7239656191 7.453246959 7.4604069625 7.5250204331
6.5192103159 7.4878353831 6.623269521 6.6821314496 6.7338591564 6.8677794159 7.4747261095 7.6461201324 8.083535866 7.2517521986 7.4009064033 7.7654354215 7.5606949416 7.6955960192 7.8567634686 7.8993773998 7.8006600265 7.6536377289 7.5828607878 7.5303747238 7.5534993414 7.5300115656 7.5468253845 7.5037695838 7.6238708644 7.6354019259 7.7017102944 7.6794585367 7.6672032734 7.6460068244 7.7297093477 7.7186805268 7.6548481783 7.5410370438 7.5308808958 7.5084055065 7.4610947114 7.4168018815 7.5539609902 7.3782674176 8.0852211269 7.2234282745 7.1414804329 7.2063007438 7.2578226982 7.2818647864 7.2812899827 7.4863755166 7.3597064857 7.3467274507 7.3218300409 7.3489083212
6.8956481444 6.6494431083 6.6475883091 6.6699535284 6.7555499883 6.8620532692 7.0139290326 7.9659612142 7.1204315504 7.1499220941 7.2874541539 7.3466397248 7.4348525658 7.5825345316 8.2950965404 8.0868929459 7.8131771927 7.7503932852 7.6681388867 7.5518024232 7.45583648 7.4341173823 7.466935399 7.6309106698 7.4838959534 7.5088767849 7.9793840387 8.7111921733 7.6542037702 7.6615105649 7.6753604477 7.6699458957 8.3489112001 7.4630226193 7.481649973 8.0965708565 7.4517383354 7.360091003 7.336170907 7.2727131116 7.1772366577 7.1436881294 7.1128943924 7.1439266709 7.1809422904 7.2573879852 7.3161145916 7.3420287772 7.32407144 7.2948907783 7.2931180102 7.2984074685
6.7291241872 6.7687096924 6.705689236 6.7277059449 6.7886468036 6.956844314 6.9251412886 7.019332035 7.0718518651 7.1462441115 7.2200665875 7.3520734409 7.4563664724 8.4994873407 7.7368148057 7.8166766676 7.7904364365 8.2580233036 8.0572625263 7.5283826718 7.4001476989 7.4120003451 7.4732898102 7.4876016663 7.4562583191 7.4728488864 7.5710901786 7.6382288842 7.6977981858 7.6957639094 7.7474889606 7.6828537654 7.5609616208 7.4596985281 7.4692547315 7.9619776882 7.4487351885 7.322056879 7.254726899 7.1769839056 7.1675978756 7.1563698431 7.1952506709 7.1978332358 7.3384688177 7.3941272074 7.6342855681 7.4242753834 7.3729092994 7.3623998657 7.3458379441 7.3716297948
6.8317972444 6.7537851008 6.7910961837 6.7883995231 6.8377887695 6.8948467121 7.0852973767 7.008478223 8.3336986755 7.1360507906 7.2190672373 7.683338304 7.9763706714 7.6190498347 7.6895218637 7.6863649664 7.787507258 7.6973032187 7.6931906429 7.4605033522 7.3447931572 7.3704317489 7.4929610573 7.4164675436 7.459974581 7.4505823607 7.5067091376 8.2666942127 7.599600969 7.7112103254 7.7192700835 7.6711678758 7.6056935765 7.5116989473 7.4978557168 7.4705449261 7.4472547754 7.4222784017 7.2567359861 7.2168806938 7.2337352486 7.7375083725 7.2453542063 8.032411718 7.3674535583 7.9350940647 7.6513294988 7.5902274945 7.5415925619 7.4638372761 7.4583407206 7.4857857547
