Models/Synthetic/Density/temp_raster_dens.asc
NCOLS 101
NROWS 101
XLLCORNER 3302900
YLLCORNER 3112000
CELLSIZE 4386.138614
NODATA_VALUE NaN
[rows 69 to 91 of 101, columns 0 to 51 of 101]
0.0000889669 0.0000895556 0.0000898813 0.0000910159 0.0000912667 0.0000919163 0.0000917035 0.0000929685 0.0000933906 0.0000946631 0.0001076421 0.000098378 0.0001019619 0.0001021025 0.0001022299 0.0001028407 0.0001011934 0.0001003037 0.000098511 0.0000975082 0.0000967291 0.0000968798 0.0000970596 0.0000970813 0.0000970348 0.0000981175 0.0001009516 0.0000991997 0.0000992474 0.0000996042 0.0001005799 0.0001014896 0.000100772 0.0001013148 0.0001104399 0.0000980802 0.0001047025 0.000097906 0.0000974882 0.000095921 0.0001056384 0.0000973909 0.0000961252 0.0000957015 0.0000973266 0.0000995524 0.000100993 0.0001044084 0.0001014972 0.0001005502 0.0001001474 0.0001023198
0.0000896629 0.0000900744 0.000090531 0.0000916451 0.0000964068 0.0000924492 0.0000921874 0.0000925722 0.0000935426 0.0000950248 0.000096388 0.0000980377 0.0000993857 0.0001018205 0.0001065895 0.0001026443 0.0001031743 0.0000993698 0.0000979791 0.0000982362 0.0000978274 0.0000973511 0.0000960289 0.0000958461 0.000096207 0.0000978402 0.000098349 0.0000982751 0.0000971939 0.0000976508 0.0000988117 0.0000997496 0.0001005604 0.0000997192 0.0000987014 0.0000978608 0.0000977092 0.0001029387 0.0000969392 0.0000968397 0.0000965938 0.0000962644 0.0000953519 0.000095219 0.0000962754 0.0000979366 0.0001104913 0.0001011214 0.0001025142 0.0001044308 0.0001018325 0.0001000297
0.0000920101 0.0000915116 0.000092146 0.0000933048 0.0000938451 0.0000946894 0.0000942179 0.00009449 0.0000948213 0.0000964909 0.0000979494 0.0000983389 0.0000990585 0.0001009085 0.0001020033 0.0001027487 0.0001012335 0.0000999781 0.0000988743 0.0000993067 0.0001055081 0.0000974676 0.0000958804 0.0000959422 0.0000963024 0.0000971695 0.0001016363 0.0000966328 0.0000959341 0.0000963044 0.0000973141 0.0000985129 0.0000988347 0.0000986567 0.0000981299 0.0000973659 0.0000971994 0.0000966171 0.0000969757 0.0000970692 0.0000978402 0.000096042 0.0000947349 0.0000953212 0.0000966801 0.0000983319 0.0000990978 0.0001008014 0.0001026033 0.0001086974 0.0001017309 0.0001046609
0.0000934877 0.0000938823 0.0000946252 0.0001050306 0.0000950225 0.0000955737 0.000103397 0.0000954924 0.0000955927 0.0000977814 0.0000994912 0.0000995466 0.0000999435 0.0001000372 0.0001006291 0.0001015954 0.0001025938 0.0001003662 0.0000998424 0.0001019761 0.0000990477 0.000097751 0.0000963117 0.0000965484 0.0000977531 0.0000970778 0.0000964126 0.0000957823 0.0000951223 0.0000956329 0.0000965647 0.0000973437 0.0000978122 0.0000977907 0.0000983486 0.0000989772 0.0000967676 0.0000956759 0.0000958036 0.0000974637 0.0001054065 0.0000961461 0.0000942245 0.0000948738 0.000099729 0.0001005906 0.0000991354 0.0001007583 0.0001090788 0.0001033772 0.000102572 0.0001008143
0.0000952382 0.0001015538 0.0000964582 0.0000962005 0.0000962288 0.000096739 0.0000963984 0.0000966178 0.0000961505 0.0000972012 0.0000984026 0.0001053236 0.000100878 0.0001001196 0.0001000964 0.0001007298 0.0001009965 0.0001012739 0.0001002428 0.0000991396 0.0000982781 0.0000973123 0.0000972455 0.0000977677 0.0000978334 0.0000972871 0.0000960928 0.0000952772 0.0000951089 0.0000961141 0.0000970667 0.0000973997 0.0000970964 0.0000973638 0.0000975781 0.0001049452 0.0000971244 0.0000963677 0.0000958466 0.0000966203 0.0000999473 0.0000956102 0.0000941564 0.0000945302 0.000097042 0.0000990928 0.0001027842 0.0001009888 0.000101916 0.0001060218 0.0001058705 0.0001002227
0.0000968443 0.000097605 0.0000976911 0.0000970121 0.0000967745 0.0000968985 0.0001081987 0.0000964242 0.0001037558 0.0000973549 0.000098447 0.0000993271 0.0000998404 0.000099774 0.0000996722 0.0000998031 0.0001003407 0.0001005074 0.0000997427 0.0000987927 0.0000982826 0.0000982247 0.0000991556 0.0000999805 0.0001006209 0.0000998369 0.0000982969 0.0000968352 0.0000960907 0.0000970052 0.0001016284 0.0001092519 0.0000967763 0.0000962201 0.0000964218 0.0000967415 0.000100608 0.0000969123 0.0001004001 0.0000952307 0.0000948371 0.0000964082 0.000094873 0.0000948822 0.0000960239 0.0001119554 0.0001001302 0.0001003253 0.0001010281 0.000101088 0.0001004079 0.0000990083
0.0000977606 0.0000982952 0.0000985414 0.0000979799 0.0000972289 0.0000971709 0.000098735 0.0000965898 0.0000964391 0.0001040256 0.0001054798 0.0000986122 0.0000988847 0.0000991677 0.0000993787 0.0001001366 0.0001005486 0.0001004633 0.0000996189 0.0000992742 0.000099335 0.0001001907 0.0001015919 0.0001091286 0.0001042362 0.0001043956 0.0001043912 0.0000987102 0.000098035 0.0000988297 0.0000991818 0.0000990333 0.0000970564 0.0000960322 0.0000952156 0.0000954492 0.0001071331 0.0000955582 0.0000946741 0.0000943801 0.0000938417 0.000094703 0.0001002144 0.0000949773 0.0000969696 0.0000991308 0.0001014495 0.0000996105 0.0000991345 0.0000989174 0.0000982477 0.0000975398
0.0000982474 0.000100065 0.0000995305 0.0000987044 0.0000976339 0.0000976825 0.0000971456 0.0000967251 0.0000962957 0.0000980438 0.0000997531 0.000100231 0.0000994539 0.0000991508 0.0000996304 0.0001006243 0.0001035657 0.0001008847 0.0001001743 0.0001008178 0.0001017389 0.000102476 0.0001105222 0.0001113691 0.000102874 0.0001021381 0.0001028448 0.0001002619 0.0000985885 0.0000995393 0.0001054435 0.000099968 0.0000988491 0.000096236 0.0000955609 0.0000951633 0.0000948679 0.0000942751 0.0000941638 0.0000941211 0.0000940237 0.0000947587 0.0000952999 0.0000955161 0.0000964662 0.0001077731 0.0001011953 0.0000987519 0.0000983942 0.000098289 0.0000981976 0.0000976171
0.0000983053 0.0000994759 0.0001003725 0.000099381 0.0000981567 0.0000975201 0.0001037492 0.0000968656 0.0000964643 0.0000976112 0.0001023715 0.0001086539 0.0000997674 0.0000995089 0.0001004737 0.0001015433 0.0001017757 0.000101711 0.000101764 0.000102691 0.0001078849 0.0001053273 0.000103054 0.0001022753 0.0001013928 0.0001008252 0.0001005673 0.0000997698 0.0000992057 0.0000998742 0.0001011567 0.0001058007 0.000099694 0.0000972 0.0000960781 0.0001028334 0.0000957019 0.000095322 0.0000961948 0.0000963025 0.0000963335 0.0000958452 0.0000957596 0.0000997711 0.0000966927 0.0000974903 0.0000987642 0.000098489 0.0000984631 0.0000987095 0.0000988115 0.0000992603
0.0000984928 0.0000992016 0.0000998215 0.0001000568 0.0000984537 0.000098181 0.0000979758 0.0000980788 0.000097267 0.0000979955 0.0000991442 0.0000998288 0.000099856 0.0001001432 0.0001010084 0.0001028489 0.0001015145 0.0001017961 0.0001036339 0.0001055727 0.0001046016 0.0001039334 0.000102335 0.0001014149 0.0001011416 0.0001012521 0.0001008959 0.0001010319 0.0000992165 0.0000989589 0.0000997716 0.0001051859 0.0001088765 0.0001092986 0.0000970244 0.0000965139 0.0000970547 0.0001034534 0.0000978615 0.0001041318 0.0000998548 0.0000983891 0.0001089058 0.000097885 0.0000968122 0.0000970041 0.0000982199 0.0000996987 0.0000989869 0.0000988953 0.000099187 0.0001001642
0.0000992677 0.0001074433 0.0000993959 0.000098461 0.0000987253 0.0000989666 0.0000993197 0.0000993201 0.0000984125 0.0000980154 0.0000982484 0.0000989192 0.0001000062 0.0001009212 0.0001022866 0.0001021204 0.0001019331 0.0001015213 0.0001027415 0.0001043744 0.0001075348 0.0001043638 0.0001029269 0.0001023761 0.0001020762 0.0001023341 0.0001030461 0.0001012107 0.0000996947 0.0000981707 0.0000981094 0.0000980669 0.0000981516 0.0000983109 0.000097906 0.0000982663 0.0000993847 0.0000990679 0.0000996273 0.0001000932 0.0001001427 0.0001002322 0.0001054956 0.0001003168 0.0000979377 0.0000977158 0.0001028131 0.000100064 0.0001001109 0.0001001902 0.000099652 0.0000986799
0.0000995559 0.0001060738 0.0000990442 0.0000977387 0.000098134 0.0000995873 0.000103012 0.0001006087 0.0000995815 0.0000991781 0.0000993946 0.000100356 0.000101695 0.0001031595 0.0001034576 0.0001073823 0.0001017845 0.0001013751 0.0001024575 0.0001046437 0.0001060561 0.0001056939 0.0001098605 0.0001031083 0.0001032655 0.0001046844 0.000103429 0.0001025534 0.0001000989 0.0000984799 0.0000971737 0.0000962542 0.0000963168 0.0000967412 0.0000986318 0.000109863 0.0001018811 0.0001012522 0.000099766 0.0001000405 0.0001028492 0.0000996623 0.0000995122 0.0001091149 0.000098002 0.000097689 0.0000989949 0.0001005825 0.0001027822 0.0001013588 0.000106425 0.0000987533
0.0001008257 0.000110754 0.0000987332 0.0000976667 0.0000987958 0.0001010672 0.0001021193 0.0001020045 0.0001008686 0.0001009224 0.0001016958 0.0001031024 0.0001051771 0.0001059713 0.0001064886 0.0001037095 0.0001025672 0.0001025759 0.000103787 0.0001054188 0.0001067481 0.0001073822 0.0001050364 0.0001041827 0.0001042365 0.0001060824 0.0001039614 0.000102094 0.0001005534 0.0000998214 0.0000971377 0.0000960936 0.0000958071 0.0000962418 0.0000980332 0.0001033904 0.0001012533 0.0001007485 0.0001005116 0.0001004815 0.0000994573 0.0000983552 0.0000976408 0.0000971651 0.000097091 0.0000968992 0.0000984567 0.0001013455 0.0001015893 0.000102421 0.0001057996 0.0000990389
0.0001061295 0.0001003204 0.0000987403 0.0000982528 0.0001000911 0.0001085173 0.0001102369 0.0001031426 0.0001028262 0.0001027416 0.000104355 0.0001064691 0.0001083283 0.0001101768 0.0001068332 0.0001045141 0.0001033858 0.0001049143 0.0001075115 0.0001070383 0.0001066962 0.0001065494 0.0001063997 0.0001055798 0.0001055696 0.00010488 0.0001044905 0.0001021016 0.0001007483 0.0000990768 0.0000973292 0.0000960864 0.0000964736 0.0000957794 0.0000971509 0.0000984169 0.0000999076 0.0001007146 0.0001008046 0.0001001602 0.0000990139 0.000097142 0.0000961457 0.0000957559 0.0000959491 0.0000968431 0.0000985739 0.0001005526 0.0001031834 0.0001030146 0.0001037247 0.0000988463
0.0001004412 0.0001003702 0.0000984743 0.0000990957 0.0001015479 0.0001069645 0.0001048799 0.0001142939 0.0001043133 0.0001043697 0.0001059846 0.0001095796 0.0001096763 0.0001096395 0.0001084292 0.0001064453 0.0001050561 0.0001063777 0.0001131326 0.0001077039 0.0001071597 0.0001084465 0.000108544 0.0001107728 0.0001073495 0.0001057504 0.000104023 0.0001017909 0.0001007434 0.000099058 0.0000972466 0.0000968698 0.0000963525 0.0000961788 0.0000961563 0.0000989029 0.0000983851 0.000099121 0.0001002071 0.0001130437 0.0000988196 0.0000972193 0.0000961863 0.0000963575 0.000097024 0.0000979359 0.0000987259 0.0001001899 0.00011334 0.0001073169 0.0001007839 0.0000988197
0.000098563 0.00009811 0.0000981885 0.0000999421 0.0001037398 0.0001042517 0.0001050687 0.00010547 0.0001159097 0.0001053281 0.0001071679 0.0001087097 0.0001095505 0.00010931 0.0001133749 0.0001095898 0.0001080976 0.0001072843 0.000106283 0.0001073424 0.0001092761 0.0001095921 0.0001146836 0.0001098833 0.0001088717 0.0001132933 0.0001035126 0.0001010487 0.0000998075 0.0000986541 0.0000981301 0.0000979357 0.0001001024 0.0000964018 0.0000960706 0.000096577 0.0000973772 0.0000979179 0.0000989237 0.0000992564 0.0000997394 0.0000984465 0.000097606 0.0000968233 0.0001048477 0.0000998985 0.0000986875 0.0000992386 0.0001002096 0.0001015405 0.0001014577 0.0000985677
0.0000974669 0.0000976871 0.0000981217 0.000099969 0.0001168463 0.0001041758 0.0001075212 0.000105544 0.0001056097 0.0001066975 0.0001077513 0.0001110313 0.000109686 0.0001099808 0.0001104716 0.0001147374 0.0001136839 0.0001065983 0.0001044608 0.000105422 0.0001082632 0.0001093868 0.0001113922 0.0001132661 0.0001079586 0.0001168171 0.0001031335 0.0001005427 0.0000993718 0.00009855 0.0000986356 0.0001048062 0.0000985752 0.0000971549 0.0000959517 0.0000959671 0.0000967885 0.0000968828 0.0000973679 0.0000982278 0.0000993642 0.0001045807 0.0000979878 0.0000970916 0.0000974599 0.0000981319 0.0000992297 0.0000979097 0.0000985437 0.000099216 0.0001001089 0.0000990303
0.0000974626 0.0000995126 0.0000987791 0.0001000549 0.0001018167 0.0001038555 0.0001052233 0.0001066369 0.0001066161 0.00010759 0.0001116454 0.0001095714 0.0001099447 0.0001127675 0.0001093244 0.0001095929 0.0001098903 0.0001063611 0.0001037432 0.0001036129 0.0001046569 0.0001066616 0.0001130628 0.0001131394 0.0001061203 0.0001035307 0.0001022191 0.0001009191 0.0000998308 0.0000989607 0.0000993065 0.0000993141 0.0000989708 0.0000975402 0.0000966405 0.0000962052 0.0000961037 0.0000963244 0.0000967655 0.0000976747 0.00010031 0.0000995086 0.0000985472 0.0000963477 0.0000966474 0.0000971255 0.0000971742 0.0000969267 0.0000970602 0.0000984358 0.0000994059 0.0000994939
0.0000974167 0.0000984424 0.0000987842 0.0001023287 0.0001008859 0.0001022235 0.0001062684 0.0001105096 0.0001056478 0.0001071126 0.0001156071 0.000108628 0.0001079576 0.0001078863 0.0001073524 0.0001074541 0.0001073882 0.000107066 0.000103658 0.0001022187 0.0001144868 0.0001050942 0.00010642 0.0001097673 0.0001042267 0.0001024112 0.0001020106 0.0001024324 0.0001001994 0.0000994026 0.0000993457 0.0000991465 0.0000988339 0.0000987628 0.0000980772 0.0000972056 0.0000962718 0.0000966741 0.0000971492 0.0000985264 0.0000989689 0.0001107034 0.0000972724 0.0000959834 0.0000961289 0.0000988705 0.0000963117 0.0000960422 0.0000966733 0.0000982511 0.0001089423 0.0001012055
0.0000970102 0.0000970859 0.0000983615 0.0000995885 0.0001007036 0.0001018566 0.0001032982 0.0001047112 0.0001050616 0.0001060788 0.0001060843 0.000106756 0.0001082837 0.0001061468 0.0001062845 0.0001065798 0.0001087779 0.0001091464 0.0001041767 0.0001021975 0.000102303 0.0001037912 0.0001091777 0.0001046856 0.0001033122 0.0001021252 0.0001022601 0.000101403 0.000100493 0.0000995263 0.0000993207 0.0000992023 0.0000991745 0.0000999551 0.0001013095 0.0000984503 0.0000967457 0.0000972374 0.0001017005 0.0000984143 0.0001049694 0.0000987224 0.0000974004 0.0000956385 0.0000958579 0.0000959588 0.0000961897 0.0000961272 0.0000969929 0.0000990265 0.0001012866 0.0001017032
0.0000957753 0.0000965469 0.0000980108 0.0000990758 0.0001009986 0.0001010912 0.0001024155 0.0001038643 0.0001121176 0.0001046193 0.0001043342 0.0001049874 0.000106005 0.000106492 0.0001066464 0.0001082333 0.0001066317 0.0001140062 0.0001046209 0.0001031714 0.000103058 0.000103891 0.0001052093 0.0001060539 0.0001031504 0.0001031205 0.0001027512 0.0001024554 0.0001003433 0.0000996323 0.0000992481 0.0000991378 0.0000992511 0.0001003998 0.0001043005 0.0000986476 0.0000974128 0.0000990161 0.0000995925 0.0001005822 0.0000993828 0.000100362 0.0000971966 0.0000959223 0.0000952799 0.0000955872 0.0000961374 0.0000968509 0.000097882 0.0000990991 0.0001019249 0.0001070539
0.0000949757 0.0000969595 0.0000980013 0.0000993222 0.0001006507 0.0001013133 0.0001027751 0.0001112554 0.000104819 0.0001050097 0.0001042747 0.0001043595 0.0001056126 0.0001080635 0.0001061764 0.0001055049 0.000105758 0.0001053119 0.0001051141 0.0001049892 0.0001046484 0.0001041881 0.0001038254 0.0001032088 0.0001039294 0.0001112739 0.0001162776 0.0001016124 0.0001107545 0.0000996787 0.0000993325 0.0000998763 0.0000999321 0.0001001576 0.0000991751 0.0000989124 0.000098578 0.0001004716 0.0001084994 0.0001010957 0.0001016649 0.0000994191 0.0000985999 0.0000963302 0.0000955146 0.0000953985 0.000096346 0.000107814 0.0000983333 0.0000992329 0.000100474 0.0001017674
0.0000953582 0.0000962374 0.0000984888 0.0001038565 0.0001007211 0.0001108918 0.0001031377 0.0001037027 0.0001045075 0.0001048917 0.0001050156 0.0001049365 0.0001054991 0.0001051608 0.0001049209 0.0001045087 0.0001057337 0.0001064842 0.0001065007 0.0001055743 0.0001052055 0.0001048583 0.0001032684 0.000102571 0.0001027566 0.0001033496 0.0001025732 0.0001016853 0.000100957 0.0001008889 0.0001007264 0.000100894 0.0001074252 0.0001003328 0.0000992647 0.0000997706 0.0001018847 0.0001015846 0.0001015774 0.0001018003 0.0001001237 0.0001008967 0.000098318 0.0000971696 0.0000957619 0.0000956218 0.0000966229 0.0000981278 0.0000991969 0.0000995301 0.0001003365 0.0001018523
