Models/Synthetic/Density/temp_raster_dens.asc
NCOLS 100
NROWS 100
XLLCORNER 3302900
YLLCORNER 3112000
CELLSIZE 4386.138614
NODATA_VALUE NaN
[rows 46 to 68 of 100, columns 0 to 51 of 100]
0.0001115345 0.0001186791 0.0001135191 0.0000976423 0.0000829563 0.0000065492 0.0000063507 0.0000230214 0.0000897039 0.0000952608 0.000091887 0.0000851393 0.0000648964 0.0000480273 0.0000412797 0.0000412797 0.0000412797 0.0000460427 0.0000760102 0.0000825593 0.0000873224 0.0001057792 0.0001035961 0.0000664841 0.0000476304 0.0000476304 0.0000514011 0.0000664841 0.0001004207 0.0000823609 0.0000660872 0.0000603318 0.0000603318 0.0000603318 0.0000603318 0.0000656902 0.0000698579 0.0000698579 0.0000698579 0.0000698579 0.0000698579 0.0000698579 0.0000698579 0.0000698579 0.0000698579 0.000084147 0.0000952608 0.0000952608 0.0000952608 0.0000936731 0.0000825593 0.0000825593
0.0001202667 0.0001246328 0.0000865285 0.0000432643 0.0000063507 0.0000063507 0.0000063507 0.0000508057 0.000071644 0.0000547749 0.0000480273 0.0000514011 0.0000783917 0.0000851393 0.0000547749 0.0000783917 0.0000412797 0.0000547749 0.0000783917 0.0000736286 0.0001397158 0.0000976423 0.0000627133 0.0000476304 0.0000476304 0.0000476304 0.0000476304 0.000081567 0.0001004207 0.0000777963 0.0000476304 0.0000555688 0.0000603318 0.0000603318 0.0000603318 0.0000674764 0.0000698579 0.0000698579 0.0000698579 0.0000698579 0.0000698579 0.0000698579 0.0000698579 0.0000698579 0.0000698579 0.0000714456 0.0000777963 0.0000960546 0.0000916885 0.0000833532 0.0000825593 0.0000825593
0.0000678733 0.0000688656 0.0000142891 0.0000063507 0.0000063507 0.0000119076 0.0000674764 0.000084147 0.000091887 0.000071644 0.0000783917 0.0000952608 0.0000952608 0.0000412797 0.0000480273 0.0000682702 0.0000514011 0.0000783917 0.0000783917 0.0000412797 0.0000978408 0.0000803763 0.0000476304 0.0000476304 0.0000476304 0.0000476304 0.0000476304 0.0000627133 0.0001079622 0.0001079622 0.0000664841 0.0000500119 0.0000603318 0.0000603318 0.0000615226 0.0000692625 0.0000698579 0.0000698579 0.0000698579 0.0000698579 0.0000698579 0.0000698579 0.0000698579 0.0000698579 0.0000698579 0.0000698579 0.0000698579 0.0000936731 0.0001016115 0.00009923 0.0000932762 0.0000885131
0.0000678733 0.0000430658 0.0000063507 0.0000063507 0.0000063507 0.0000063507 0.0000563626 0.0000952608 0.0000952608 0.0000952608 0.000071644 0.0000851393 0.0000750179 0.0000480273 0.0000446535 0.0000750179 0.0000648964 0.0000952608 0.0000817655 0.0000446535 0.0000420735 0.0000476304 0.0000476304 0.0000476304 0.0000476304 0.0000476304 0.0000476304 0.0000853378 0.0001079622 0.0001079622 0.0001041915 0.0000853378 0.000061721 0.0000603318 0.0000609272 0.0000698579 0.0000698579 0.0000698579 0.0000698579 0.0000698579 0.0000698579 0.0000698579 0.0000698579 0.0000698579 0.0000698579 0.0000698579 0.0000698579 0.0000837501 0.0001016115 0.0001016115 0.0001016115 0.0001016115
0.0000829563 0.0000226244 0.0000063507 0.0000063507 0.0000619195 0.0000785901 0.0000619195 0.0000952608 0.0000952608 0.0000952608 0.000091887 0.0000783917 0.0000514011 0.0000547749 0.0000547749 0.0000783917 0.0000851393 0.0000817655 0.0000547749 0.0000480273 0.0000436612 0.0000476304 0.0000476304 0.0000476304 0.0000476304 0.0000476304 0.0000476304 0.0000853378 0.0001079622 0.0001905216 0.0001079622 0.0001079622 0.0000930777 0.0000603318 0.0000603318 0.0000674764 0.0000698579 0.0000698579 0.0000698579 0.0000698579 0.0000698579 0.0000420735 0.0000142891 0.0000658887 0.0000698579 0.0000698579 0.0000698579 0.0000797809 0.0001016115 0.0001016115 0.0001016115 0.0001016115
0.0001047869 0.000084147 0.0000230214 0.0000230214 0.000084147 0.0000952608 0.0000952608 0.0000952608 0.0000952608 0.0000952608 0.0000952608 0.0000952608 0.0000952608 0.0000817655 0.0000682702 0.0000648964 0.0000885131 0.0000412797 0.0000412797 0.0000412797 0.000044455 0.0000476304 0.0000476304 0.000081567 0.0000928793 0.0000476304 0.000081567 0.0000777963 0.0000928793 0.0002766532 0.0006408272 0.0003780662 0.0000551719 0.000064301 0.0000674764 0.0000692625 0.0000698579 0.0000698579 0.0000698579 0.0000698579 0.0000698579 0.0000619195 0.0000341351 0.0000261967 0.0000341351 0.0000361197 0.0000797809 0.0001016115 0.0001016115 0.0001016115 0.0001016115 0.0001016115
0.0000952608 0.0000952608 0.0000452489 0.0000063507 0.0000619195 0.0000952608 0.0000952608 0.0000952608 0.0000952608 0.0000952608 0.0000952608 0.0000952608 0.0000952608 0.0000952608 0.0000817655 0.0000682702 0.0000682702 0.0000412797 0.0000412797 0.0000412797 0.000044455 0.0000476304 0.0000476304 0.0000589426 0.0001079622 0.0000740256 0.0000928793 0.0001079622 0.00009665 0.0000476304 0.0005431849 0.0002728824 0.0000476304 0.0000476304 0.0000559657 0.0000684687 0.0000698579 0.0000698579 0.0000698579 0.0000698579 0.0000698579 0.0000698579 0.0000698579 0.0000698579 0.0000698579 0.0000698579 0.0000897039 0.0001016115 0.0001016115 0.0001016115 0.0001016115 0.0001016115
0.0000952608 0.0000952608 0.0000952608 0.000084147 0.0000952608 0.0000952608 0.0000952608 0.0000952608 0.0000952608 0.0000952608 0.0000952608 0.0000952608 0.0000952608 0.0000952608 0.000091887 0.0000682702 0.0000412797 0.0000412797 0.0000412797 0.0000412797 0.0000464396 0.0000476304 0.0000476304 0.0000589426 0.0001041915 0.0000740256 0.0000891085 0.0001041915 0.0000514011 0.0000476304 0.0000476304 0.0000476304 0.0000476304 0.0000551719 0.0000476304 0.0000648964 0.0000698579 0.0000698579 0.0000698579 0.0000698579 0.0000698579 0.0000698579 0.0000698579 0.0000698579 0.0000837501 0.0001016115 0.0001016115 0.0001016115 0.0001016115 0.0001016115 0.0001016115 0.0001016115
0.0000952608 0.0000952608 0.0000952608 0.0000952608 0.0000952608 0.0000952608 0.0000952608 0.0000952608 0.0000952608 0.0000952608 0.0000952608 0.0000952608 0.0000952608 0.0000952608 0.0000952608 0.0000952608 0.0000514011 0.0000412797 0.0000412797 0.0000416766 0.0000476304 0.0000476304 0.0000476304 0.0000476304 0.0000702548 0.0000740256 0.0001079622 0.000081567 0.0000476304 0.0000476304 0.0000476304 0.0000476304 0.0000777963 0.0001079622 0.0000891085 0.000076804 0.0001063745 0.0001291974 0.0001071684 0.0000714456 0.0000478288 0.0000359213 0.0000698579 0.0000341351 0.0000361197 0.0000420735 0.0001016115 0.0001016115 0.0001016115 0.0001016115 0.0001016115 0.0001016115
0.0000952608 0.0000952608 0.0000952608 0.0000952608 0.0000952608 0.0000952608 0.0000952608 0.0000952608 0.0000952608 0.0000952608 0.0000952608 0.0000952608 0.0000952608 0.0000952608 0.0000952608 0.0000952608 0.0000682702 0.0000901008 0.000138922 0.0001315789 0.0000708502 0.0000553703 0.0000476304 0.0000476304 0.0000476304 0.0000514011 0.0001004207 0.0001041915 0.0000514011 0.0000476304 0.0000476304 0.0000514011 0.0000853378 0.0000777963 0.0000885131 0.00009923 0.0001210606 0.0001428912 0.0001123283 0.0000730333 0.0000730333 0.0000254029 0.0000206398 0.0000605303 0.0000718425 0.0000123045 0.0001016115 0.0001016115 0.0001016115 0.0001016115 0.0001016115 0.0001016115
0.0000952608 0.0000952608 0.0000952608 0.0000952608 0.0000952608 0.0000952608 0.0000952608 0.0000952608 0.0000952608 0.0000952608 0.0000952608 0.0000952608 0.0000952608 0.0000952608 0.0000952608 0.0001476542 0.0001714694 0.0001714694 0.0001714694 0.0001714694 0.0001714694 0.0001571803 0.0001268159 0.0001470588 0.0000631103 0.0000204414 0.0000539811 0.0000551719 0.0000589426 0.0000476304 0.0000476304 0.00009665 0.0001079622 0.0001079622 0.0000758117 0.0000730333 0.0000948639 0.0001428912 0.0001341589 0.0001079622 0.0000904977 0.0000293721 0.0000492181 0.0000837501 0.0000718425 0.0000539811 0.0001016115 0.0001016115 0.0001016115 0.0001016115 0.0001016115 0.0001016115
0.0000833532 0.0000952608 0.0000833532 0.000089307 0.0000952608 0.0000952608 0.0000952608 0.0000952608 0.0000952608 0.0000952608 0.0000952608 0.0000952608 0.0000952608 0.0000952608 0.0000952608 0.0001288005 0.0001696833 0.0001714694 0.0001714694 0.0001714694 0.0001678971 0.000153608 0.0001428912 0.0001260221 0.0000476304 0.0000063507 0.0000476304 0.0000785901 0.0000785901 0.0000785901 0.0001073668 0.0001428912 0.000138525 0.0001254267 0.0000948639 0.0000730333 0.0000730333 0.0001035961 0.0001428912 0.0001339605 0.00009923 0.0000730333 0.0000730333 0.0000783917 0.0001016115 0.0001016115 0.0001016115 0.0001016115 0.0001016115 0.0001016115 0.0001016115 0.0001016115
0.0000766055 0.0000897039 0.0000853378 0.0000635072 0.0000654918 0.0000714456 0.0000996269 0.0000952608 0.0000952608 0.0000952608 0.0000952608 0.0000952608 0.0001002223 0.0001498373 0.0001547988 0.0001101453 0.0001532111 0.0001714694 0.0001714694 0.0001607526 0.0001518219 0.000153608 0.0001500357 0.0001278082 0.0000734302 0.0000527903 0.0000889101 0.0000889101 0.0000889101 0.0000889101 0.0001192744 0.0001428912 0.0001035961 0.0000861316 0.0000730333 0.0000730333 0.0000730333 0.0000684687 0.0000361197 0.000089307 0.0000817655 0.0000730333 0.0000730333 0.0000948639 0.0001016115 0.0001016115 0.0001016115 0.0001016115 0.0001016115 0.0001016115 0.0001016115 0.0001016115
0.0000897039 0.0000897039 0.0001246328 0.0000635072 0.0000635072 0.0001028023 0.0001246328 0.000119076 0.0000952608 0.0000952608 0.0000952608 0.0000952608 0.0000952608 0.0001151068 0.0001498373 0.0001547988 0.0001200683 0.0001506311 0.0001714694 0.0001446773 0.0001428912 0.0001571803 0.0001464634 0.0001428912 0.0000956577 0.0000889101 0.0000889101 0.0000889101 0.0000889101 0.0000889101 0.0000994284 0.0001079622 0.0001123283 0.00009923 0.0001079622 0.0000730333 0.0000730333 0.0000593395 0.0000593395 0.0000670795 0.0001339605 0.0000948639 0.0000730333 0.0000730333 0.0001031992 0.0001016115 0.0001016115 0.0001016115 0.0001016115 0.0001016115 0.0001016115 0.0001016115
0.0000809717 0.0000678733 0.0000897039 0.0000635072 0.0000635072 0.0001202667 0.0001333651 0.000128999 0.0000857347 0.0000873224 0.0000912916 0.0000952608 0.0000952608 0.0005755339 0.0013058665 0.0013058665 0.0005755339 0.0001125268 0.0001518219 0.0001625387 0.0001428912 0.0001428912 0.0001428912 0.0001361435 0.0000889101 0.0000889101 0.0000889101 0.0000889101 0.0000889101 0.0000956577 0.0000904977 0.0000817655 0.0001166945 0.0001123283 0.0001428912 0.0001341589 0.0000730333 0.0000773994 0.0000730333 0.000054378 0.0001028023 0.0001035961 0.0000904977 0.0000904977 0.0001428912 0.0001075653 0.0001016115 0.0001016115 0.0001016115 0.0001016115 0.0001016115 0.0001016115
0.0001159006 0.0000635072 0.0000635072 0.0000635072 0.0000635072 0.0000766055 0.000128999 0.0001333651 0.0000678733 0.0000635072 0.0000635072 0.0000912916 0.0000952608 0.0017762166 0.0039374454 0.0027367627 0.0000952608 0.0000952608 0.0001476542 0.000148845 0.0001428912 0.000153608 0.0001625387 0.0001365404 0.0000889101 0.0000889101 0.0000889101 0.0000889101 0.0000889101 0.0000889101 0.0000988331 0.0000817655 0.0001341589 0.000138525 0.0001428912 0.0001428912 0.0001428912 0.00009923 0.0000817655 0.0000773994 0.0001210606 0.0000960546 0.00009923 0.0000773994 0.0000904977 0.0001109391 0.0001016115 0.0001016115 0.0001016115 0.0001016115 0.0001016115 0.0001016115
0.0001115345 0.0000722394 0.0000722394 0.0000678733 0.0000635072 0.0000635072 0.0000678733 0.0000984361 0.0001115345 0.0001115345 0.000089307 0.0000952608 0.0000952608 0.0010558069 0.0039374454 0.0036973089 0.0008156704 0.0001002223 0.0001349528 0.0001468604 0.0001428912 0.0001589664 0.0001714694 0.0001714694 0.0001284036 0.0000889101 0.0000889101 0.0000889101 0.0000889101 0.0000889101 0.000109153 0.0001079622 0.0000817655 0.0000730333 0.0000904977 0.0001210606 0.001006192 0.000718425 0.0003826308 0.0000730333 0.0000781932 0.0000095261 0.0000095261 0.0000412797 0.0000730333 0.00009923 0.0001067715 0.0001016115 0.0001016115 0.0001016115 0.0001016115 0.0001016115
0.0001333651 0.000128999 0.0001246328 0.0001071684 0.0000722394 0.0001202667 0.0000722394 0.0000635072 0.0001071684 0.0001222513 0.0000936731 0.0000952608 0.0000952608 0.0010558069 0.0039374454 0.0034571723 0.0008156704 0.0001200683 0.0001498373 0.0001051838 0.0001305866 0.0001643248 0.0001714694 0.0001571803 0.000123839 0.0000948639 0.0000928793 0.0000904977 0.0000889101 0.0000889101 0.0000956577 0.0001428912 0.0000904977 0.0001123283 0.0001166945 0.0001341589 0.001006192 0.0015555291 0.0011107803 0.0000730333 0.0000654918 0.0000174645 0.0000531873 0.000138525 0.0000861316 0.0001079622 0.0001196714 0.0001016115 0.0001016115 0.0001016115 0.0001016115 0.0001016115
0.0001333651 0.0001333651 0.000128999 0.0001202667 0.0001333651 0.0001333651 0.0000678733 0.0000635072 0.0000635072 0.0000881162 0.0000952608 0.0000952608 0.0000952608 0.0005953799 0.0032170358 0.0020163531 0.0034571723 0.0005755339 0.0000952608 0.0000952608 0.0000952608 0.0000952608 0.0001051838 0.0001101453 0.0001002223 0.0000952608 0.0000952608 0.0000936731 0.0000875208 0.0000722394 0.0000666825 0.0001188775 0.0000904977 0.0001079622 0.0001428912 0.0002867746 0.0015817258 0.0011107803 0.0000730333 0.0000817655 0.000138525 0.0000920854 0.0000730333 0.0000948639 0.0000817655 0.0000773994 0.0001226482 0.0001031992 0.0001016115 0.0001016115 0.0001016115 0.0001016115
0.0001333651 0.0001333651 0.0000984361 0.0000678733 0.0001202667 0.0001333651 0.0001159006 0.0000722394 0.0000635072 0.0000674764 0.0001230452 0.0001547988 0.0001250298 0.0001547988 0.0001597603 0.0000952608 0.0000952608 0.0000952608 0.0000952608 0.0000952608 0.0000952608 0.0000952608 0.0001002223 0.0001746448 0.0001647218 0.0001250298 0.0001547988 0.0000895054 0.0000849409 0.0000666825 0.0000803763 0.0000986346 0.0001182821 0.0001119314 0.000138525 0.0001428912 0.0011500754 0.0012590299 0.0003695324 0.0000730333 0.0001254267 0.0001428912 0.0001079622 0.0000730333 0.0000730333 0.0000682702 0.0000871239 0.0000821624 0.0000938716 0.0001016115 0.0001016115 0.0000912916
0.0001333651 0.0001159006 0.0000984361 0.0001115345 0.000128999 0.0001333651 0.0000809717 0.0000635072 0.0000635072 0.0000635072 0.0001438835 0.0001746448 0.0001746448 0.0001597603 0.0001399143 0.0001101453 0.0000952608 0.0000952608 0.0000952608 0.0001101453 0.0001498373 0.0001349528 0.0001151068 0.0001746448 0.0001696833 0.0001547988 0.0001530126 0.0000801778 0.0001397158 0.0001351512 0.0000849409 0.0001214575 0.0001123283 0.0000797809 0.0000773994 0.0001079622 0.001006192 0.0018520283 0.0014072795 0.0000948639 0.0001166945 0.0001428912 0.0001341589 0.0000730333 0.0000730333 0.0000706517 0.0000611257 0.0000603318 0.0000629118 0.0000783917 0.0000654918 0.0000706517
0.0000897039 0.00009407 0.0001333651 0.0001333651 0.0001333651 0.0001333651 0.0000809717 0.0000635072 0.0000635072 0.000069461 0.0001448758 0.0001547988 0.0001547988 0.0001448758 0.0001151068 0.0001051838 0.0001002223 0.0000952608 0.0001448758 0.0001448758 0.0001696833 0.0001746448 0.0001746448 0.0001647218 0.0001210606 0.0000801778 0.0000666825 0.0000666825 0.0001214575 0.0001397158 0.0001214575 0.00009407 0.0001214575 0.0001123283 0.0001280067 0.00009923 0.0006922283 0.0011413432 0.0008226165 0.0001030007 0.00009923 0.0001428912 0.0001428912 0.0001123283 0.0000682702 0.0000666825 0.0000627133 0.0000603318 0.0000603318 0.0000603318 0.0000603318 0.0000714456
0.0000809717 0.0001333651 0.0001246328 0.0000984361 0.0001115345 0.0001159006 0.0000678733 0.0000635072 0.0000635072 0.0000714456 0.0000952608 0.0001002223 0.0001448758 0.0001349528 0.0001151068 0.0001349528 0.0001299913 0.0001051838 0.0001299913 0.0001299913 0.0001250298 0.0001448758 0.0001746448 0.0001349528 0.0000738271 0.0000666825 0.0000849409 0.0001168929 0.0001214575 0.0001397158 0.0000895054 0.0000849409 0.0000758117 0.0000666825 0.0001397158 0.0001359451 0.0001365404 0.0002760578 0.0001262205 0.0000986346 0.0000674764 0.0000897039 0.0001166945 0.0001141145 0.0000611257 0.0000603318 0.0000603318 0.0000603318 0.0000603318 0.0000603318 0.0000603318 0.0000531873
