Models/Synthetic/Density/temp_raster_dens.asc
NCOLS 100
NROWS 100
XLLCORNER 3302900
YLLCORNER 3112000
CELLSIZE 4430
NODATA_VALUE NaN
[rows 46 to 68 of 100, columns 0 to 51 of 100]
0.0000747258 0.0000765115 0.0001033373 0.0001081407 0.000120268 0.0000906616 0.0000557265 0.0000375763 0.0000384089 0.0000773606 0.0000837924 0.0001020695 0.0000932186 0.0001277364 0.0001116119 0.0000877486 0.0000733717 0.0000774909 0.0000851912 0.0000941047 0.0001016789 0.0001040617 0.0001277564 0.0001117584 0.0000913689 0.0000870785 0.0000798027 0.0000953822 0.0000930825 0.0001029021 0.0001698052 0.0001667797 0.0001401148 0.0001173338 0.0001248526 0.0000790768 0.0000625352 0.0000557425 0.0000503438 0.0000666134 0.0000719099 0.0001013532 0.0001404825 0.0001245705 0.0001413479 0.0001080314 0.000096933 0.0000744901 0.0000638339 0.0000475465 0.0000301874 0.0000301421
0.0000727899 0.0000917774 0.000118685 0.0001216762 0.0001299593 0.0001099267 0.0000718025 0.0000383934 0.0000377494 0.0000849432 0.0001109032 0.0000870302 0.0001334489 0.0001232586 0.0001064356 0.0001174242 0.0001062696 0.0001474931 0.0001047066 0.0000825594 0.0000675967 0.0001066463 0.0001561435 0.0001272592 0.000136236 0.0001149098 0.0000951408 0.0000850927 0.0001190076 0.0001256476 0.0001507134 0.0001413121 0.000129243 0.0000961521 0.0000958452 0.0000645681 0.0000636418 0.0000527845 0.0000413739 0.0000501361 0.0000853438 0.0000811114 0.0001408461 0.0001478729 0.0001315796 0.0001136001 0.0000898006 0.0000887189 0.0000633077 0.0000580986 0.0000648195 0.0000420029
0.0001009142 0.0001243098 0.0001424716 0.0001935293 0.0001367702 0.0001311441 0.0000761157 0.0000413021 0.0000361316 0.0000649207 0.0000760143 0.0000772537 0.000088448 0.0001336002 0.0001258643 0.0001531693 0.0001330663 0.0001290476 0.0001052108 0.000100314 0.000070999 0.0000871763 0.0001076985 0.0001524366 0.0001379075 0.000136567 0.0001069586 0.0000862096 0.000118695 0.0001807029 0.0001274697 0.0001157374 0.000089255 0.0000861706 0.0000919086 0.0000746119 0.0000627258 0.0000576361 0.000051835 0.0000473116 0.000072231 0.0000850652 0.0000972622 0.0001464633 0.0001576876 0.000116966 0.0001222369 0.0000833296 0.0000732986 0.000062654 0.0000485068 0.0000739643
0.0000744056 0.0001330817 0.0001820969 0.0001696947 0.0001693104 0.0000923757 0.0000489201 0.0000402518 0.0000486329 0.0000380978 0.0000537062 0.0000634176 0.0000698751 0.0000890847 0.000108897 0.0001046956 0.0001347406 0.0001089744 0.0001025347 0.0000920307 0.0000899701 0.0000664464 0.0000809223 0.0001332294 0.0001189441 0.0001081554 0.0001170814 0.0000925679 0.0001268667 0.0001383482 0.0001733816 0.0001125912 0.000091808 0.0000710128 0.0000766348 0.0001026228 0.0000768892 0.0000839345 0.0000658372 0.000060031 0.0000466726 0.0000666514 0.0000724842 0.0001290713 0.0001821003 0.0001423145 0.0001220131 0.0001286089 0.0001181318 0.0000676467 0.0000509913 0.0000505939
0.0000572339 0.0000919065 0.0001254458 0.000152043 0.0001109829 0.0000749374 0.0000401379 0.0000418806 0.0000362055 0.0000497788 0.000046834 0.000047247 0.0000636692 0.0000741 0.0000719153 0.0000874322 0.0000903356 0.0001015443 0.000105633 0.0000786393 0.0000508972 0.000050041 0.0000551119 0.0000838589 0.000108918 0.0001076184 0.0000847121 0.0000960769 0.0001295824 0.0001240876 0.0001146147 0.0001229701 0.0000842763 0.0000706131 0.0000650203 0.0000759433 0.0001512783 0.0001262543 0.0001310281 0.0000805263 0.0000614507 0.0000533366 0.0000811079 0.0001049415 0.000139565 0.0001950516 0.0001570286 0.000127509 0.000111906 0.0000711905 0.0000481258 0.0000508502
0.0001076799 0.0000782365 0.0000813663 0.000093681 0.0000905933 0.0000772953 0.0000440764 0.0000413573 0.0000496221 0.0000763032 0.0000647708 0.0000620325 0.0000431209 0.000049108 0.0000440064 0.0000566894 0.0000549869 0.0000961816 0.0000723004 0.0000565959 0.0000478048 0.0000357985 0.0000599389 0.0000519389 0.0000833125 0.0001014281 0.0000870639 0.0000965779 0.0000901437 0.0001058968 0.0001120456 0.0000934972 0.0000741506 0.0000544429 0.0000532994 0.0000832229 0.0001195738 0.000205817 0.0001787355 0.0001280211 0.000081454 0.0000852585 0.0000820594 0.0000911638 0.0001095916 0.000117395 0.0001564599 0.0001299664 0.0000795609 0.0000646485 0.0000542552 0.0000343863
0.0001623605 0.0000858817 0.0000695747 0.0000885447 0.0000967705 0.000067888 0.0000467245 0.000047545 0.0000949955 0.0000758408 0.0000898367 0.0000496744 0.0000404116 0.0000366659 0.0000414803 0.0000328506 0.0000397492 0.0000427154 0.0000502618 0.0000650227 0.0000663221 0.0000378505 0.0000430026 0.0000603839 0.0000706255 0.0000749691 0.0001103312 0.000111755 0.0000636252 0.0000869027 0.0000690484 0.0000636666 0.0000626755 0.0000709738 0.0000446061 0.0000624753 0.0000896987 0.0001444618 0.0001537294 0.0001157407 0.0001019848 0.0000924489 0.0000687536 0.0000559032 0.0000658053 0.0000797956 0.0001017036 0.0001002828 0.0000825433 0.0000591633 0.0000487474 0.0000323129
0.0000789979 0.0000645738 0.0000661137 0.0000698071 0.0000850087 0.0000786358 0.0000704233 0.0000821341 0.0000788965 0.0000834306 0.0000626698 0.0000526325 0.0000488622 0.0000366068 0.0000332322 0.0000272343 0.0000278235 0.0000393101 0.0000538592 0.0000407881 0.0000550007 0.0000413047 0.0000434065 0.0000577887 0.0000659131 0.0000711837 0.0000633113 0.0000621028 0.0000581431 0.0000455819 0.0000586029 0.0000520533 0.0000741841 0.000062759 0.000049412 0.0000645755 0.0000786492 0.0000991153 0.0001190348 0.0000989629 0.0001026778 0.0000766527 0.0000563016 0.0000431514 0.0000414005 0.0000755308 0.0000931212 0.0001271428 0.0001812678 0.0000752981 0.0000413592 0.0000396016
0.0000298292 0.000051211 0.0000714243 0.0000870883 0.0000722398 0.000084443 0.0000959317 0.0000641964 0.0000890209 0.0001001947 0.000093154 0.0000898047 0.0000560801 0.0000552918 0.0000342217 0.0000371839 0.0000350815 0.0000398539 0.0000495639 0.000039019 0.0000510596 0.0000501264 0.0000594639 0.0000784817 0.0000980899 0.0000768316 0.0000651692 0.0000498505 0.0000503708 0.0000572261 0.0000598426 0.0000757595 0.0000797913 0.0000726403 0.0000842128 0.0000524243 0.0000692611 0.0000773948 0.0000847886 0.0000957239 0.0000915645 0.000085505 0.0000449502 0.0000494228 0.0000501384 0.000065267 0.0001276007 0.0002175814 0.0001507924 0.0001016865 0.0000447122 0.0000386648
0.0000185126 0.0000342279 0.0000683589 0.0001129094 0.0000765722 0.0000607132 0.0000661129 0.0000692793 0.0000918443 0.0001168703 0.0001390668 0.0000934495 0.0000686262 0.0000458346 0.0000472187 0.0000443495 0.0000477433 0.0000488822 0.0000469585 0.0000598783 0.0000734724 0.0000906091 0.0000919788 0.0001332831 0.000158868 0.0001483229 0.0000844421 0.000072568 0.0000535552 0.0000659714 0.0000832613 0.0001025203 0.00010284 0.0001272399 0.0000757251 0.0000693421 0.000054842 0.0000446776 0.0000552463 0.0000810154 0.0001298764 0.0000825962 0.0000517844 0.0000424025 0.0000583708 0.00008444 0.0001639436 0.0001780984 0.000148522 0.0000724489 0.0000692201 0.0000573693
0.0000149784 0.0000313967 0.0000570735 0.000074714 0.0000566519 0.00005274 0.0000506715 0.0000582606 0.0000667294 0.0000839984 0.000098555 0.000076 0.0000516086 0.0000629875 0.000096453 0.0000892585 0.0000848421 0.0000861551 0.0001045448 0.0000811924 0.0001051535 0.0001134658 0.0001254031 0.0001757412 0.0002747141 0.0001605676 0.0001060785 0.0000784676 0.0000764596 0.0001105273 0.0001146749 0.0001284545 0.0001236284 0.0000919585 0.0000736778 0.0000913272 0.0000689906 0.0000373481 0.0000582776 0.0000547047 0.0000764342 0.0000803515 0.0000726369 0.0000591133 0.0000792932 0.000094759 0.000144055 0.0001328597 0.0000943446 0.0000886214 0.0001137419 0.000110615
0.0000221239 0.000032054 0.0000470008 0.0000597589 0.000065281 0.0000496836 0.0000775952 0.0000516116 0.0000607697 0.0000462031 0.0000371221 0.0000500867 0.0000609688 0.0000984919 0.0001291074 0.0001657877 0.000156111 0.0001407359 0.0001206745 0.000115507 0.0001578036 0.0001109296 0.0001702183 0.0002165458 0.0001904568 0.0001496529 0.000128491 0.0001214849 0.000092813 0.0000774961 0.0001002495 0.000102064 0.0000943042 0.0000788122 0.000052137 0.0000515851 0.000047549 0.0000373819 0.0000333749 0.0000423775 0.0000649566 0.0000872728 0.0000847114 0.0000849289 0.0000777002 0.00010253 0.0000834619 0.0000917972 0.0000834673 0.0001062216 0.0001357059 0.0002122119
0.0000476333 0.0000416213 0.0000517907 0.0000470302 0.0000543087 0.0000464132 0.0000431737 0.0000646232 0.0000450082 0.0000332452 0.0000357287 0.0000358367 0.0000696292 0.0001235559 0.0001556392 0.0002043136 0.0002163194 0.0001389347 0.0001556615 0.0001265912 0.0001585631 0.0001550319 0.0001366698 0.0001846234 0.0001334618 0.0001371769 0.0001989217 0.0001838616 0.0000993662 0.0000691724 0.0000691147 0.0000863939 0.0000914389 0.0000775682 0.0000616589 0.0000528137 0.0000552861 0.0000577385 0.0000506774 0.0000409073 0.0000551741 0.0000871878 0.0000639493 0.0000756786 0.0000754512 0.0000707414 0.0000860157 0.0000902011 0.0000818476 0.0000929344 0.0001983464 0.0003111283
0.0000940051 0.0000794116 0.0000641318 0.0000392137 0.0000480285 0.0000520507 0.0000355186 0.0000387477 0.0000493572 0.0000723082 0.0000571538 0.0000678037 0.0000708334 0.0001194444 0.0001753784 0.0001658935 0.0001363641 0.0001159819 0.0000932174 0.0001099177 0.0001678111 0.0001764603 0.0001399784 0.0001409929 0.0000874536 0.0001279109 0.0001835326 0.0001780891 0.0001349864 0.0001004466 0.00007229 0.0000726061 0.0001021855 0.0000999944 0.0000851824 0.0000759748 0.0000928243 0.0001142717 0.000083484 0.0000507038 0.0000453278 0.0000491483 0.0000468969 0.0000456723 0.0000726202 0.0000839619 0.0000806226 0.0000696334 0.0000786441 0.0001043147 0.0002007913 0.0003109645
0.0001475566 0.000093896 0.0000632442 0.0000392037 0.0000477156 0.0000452956 0.0000490026 0.0000647281 0.0001010273 0.0001324851 0.0001137937 0.0000927057 0.0001095475 0.0001207797 0.000114917 0.0001201529 0.0001085282 0.0000812186 0.0000735425 0.0000922271 0.0001397244 0.0001659081 0.0001214407 0.000073083 0.0000783539 0.0001127954 0.000152143 0.00012415 0.0000990805 0.0000932218 0.0000914347 0.0000737578 0.0001011412 0.0001180203 0.000101754 0.0000876927 0.0001246004 0.0001022325 0.0000956049 0.0000676725 0.0000449769 0.0000313821 0.0000325246 0.0000467421 0.0000922618 0.0000836501 0.000082078 0.0000762693 0.0000647369 0.0001082698 0.0001811105 0.0002258925
0.0000865628 0.0000938084 0.0000503807 0.0000512689 0.0000810084 0.0000970447 0.0000703662 0.0000999477 0.000163197 0.0002262122 0.000231611 0.0001431907 0.0000909293 0.000076151 0.0000948503 0.0000719359 0.0000934968 0.0000710775 0.0000781787 0.0000682163 0.0000849813 0.0001010729 0.0001063809 0.0000868268 0.0000847385 0.0001013647 0.0001283209 0.0000997781 0.0000803689 0.0000846722 0.0000772843 0.0000830142 0.0000972777 0.0000996368 0.0000983157 0.0001187652 0.0001149726 0.0001674996 0.000124393 0.0000990486 0.0000437656 0.0000329021 0.0000465044 0.000052832 0.0000718527 0.0000697531 0.000070414 0.0000713339 0.0000695522 0.0000979258 0.0002208753 0.0002033099
0.0000624327 0.0000544068 0.0000637002 0.0000832877 0.0001402128 0.0001035294 0.000089701 0.000094348 0.0001790292 0.0003507507 0.0002162113 0.000151287 0.000098552 0.0000607195 0.0000687148 0.0001011128 0.0000950586 0.0000732205 0.0000565755 0.0000529273 0.000049102 0.0000776377 0.0001105348 0.0000794654 0.0000701829 0.0000749139 0.0000944467 0.0000933076 0.0000809673 0.0000754431 0.0000733319 0.0000831627 0.0001105602 0.000122211 0.0000908136 0.0000935956 0.000110163 0.0001241506 0.0001344633 0.000085814 0.0000508574 0.0000383665 0.0000450804 0.0000539001 0.0000623795 0.000076396 0.0000996349 0.0000674911 0.0001310369 0.000121009 0.0001348239 0.0002098588
0.000053329 0.0000690111 0.0000798554 0.0001375788 0.0002040351 0.0001177361 0.0000698873 0.0000717774 0.0001626495 0.000179453 0.0001766149 0.0001006478 0.0000873612 0.0000685804 0.0000665029 0.0000802662 0.0000944886 0.000088205 0.0000822409 0.0000606208 0.0000467762 0.0000702308 0.0001016689 0.000072617 0.0000588496 0.000050008 0.0000773763 0.0000933197 0.0000945681 0.0000786912 0.0000722018 0.0000957763 0.0001297895 0.0001164991 0.0001382118 0.0000988695 0.00007791 0.0000734816 0.0000688316 0.0000750943 0.0000601238 0.000060277 0.0000458457 0.0000388469 0.0000526587 0.0000888849 0.0000759388 0.0000855383 0.0000988297 0.0001100223 0.000182762 0.0001787377
0.000076444 0.0000950182 0.0001170272 0.0001425007 0.0001639344 0.000097903 0.0000824306 0.0000589207 0.0000766428 0.0000854697 0.0000726816 0.0000570988 0.0000650586 0.0000920492 0.0000915371 0.0001023975 0.0000973056 0.0000994666 0.0001046659 0.0000622247 0.0000495056 0.0000727312 0.0000747003 0.0000631614 0.000038897 0.0000375508 0.0000595466 0.0000689486 0.0000822044 0.0001144185 0.0001027658 0.0001169532 0.0001229064 0.0001268514 0.0001448978 0.0001359334 0.0000740761 0.0000484269 0.0000469034 0.000068044 0.000078111 0.0000719767 0.0000491266 0.000038966 0.0000539422 0.0000836759 0.0000954365 0.0000831639 0.0001035573 0.0001433881 0.00014916 0.0001585527
0.0001446293 0.0000900905 0.0001181023 0.0001216719 0.0001271081 0.0000968474 0.0001136166 0.0000520452 0.0000436974 0.0000503509 0.000051149 0.0000494879 0.0000774782 0.0001330917 0.0001359781 0.0001050444 0.0000842521 0.0000704537 0.0000858733 0.000073804 0.0000645385 0.0000604683 0.0000630299 0.0000493931 0.0000371712 0.000036388 0.0000523177 0.0000677094 0.0000665926 0.000068045 0.0000921318 0.0001096158 0.0001000963 0.0001269256 0.0001362739 0.0001049929 0.0000663747 0.0000406396 0.00003877 0.0000813001 0.0000951721 0.0001169943 0.0000843228 0.0000546746 0.0000671822 0.0000800137 0.0000959639 0.0001187589 0.0001313053 0.0001645152 0.0001302604 0.0001129169
0.0000963741 0.0001183384 0.0000924152 0.0001031807 0.0001162801 0.000112646 0.0000755314 0.000049157 0.0000522688 0.0000731353 0.0000736238 0.000068128 0.0001045026 0.0001390718 0.0001081941 0.0000710737 0.0000554469 0.0000574686 0.000067434 0.0000784264 0.0000582372 0.0000587695 0.0000538173 0.0000720053 0.0000444675 0.0000417046 0.0000504393 0.0000678299 0.0000848533 0.0000631736 0.0000617422 0.0000716777 0.000129657 0.0001261446 0.0001296358 0.0001364293 0.000078895 0.0000546998 0.000054237 0.0000737529 0.0001137341 0.0001346705 0.0000919804 0.00008629 0.0000514821 0.0000636959 0.0000919787 0.000154248 0.0001084128 0.000126586 0.0001132748 0.0000919328
0.0001051725 0.0000875083 0.0000708197 0.000092426 0.0001330815 0.000099238 0.0000588925 0.0000500628 0.0000677415 0.0001006395 0.0000816601 0.0000809522 0.0001169013 0.0001066189 0.0000734335 0.0000558778 0.0000425744 0.0000379435 0.0000527816 0.000062263 0.0000814292 0.0000936964 0.0000692499 0.0000659474 0.0000554573 0.0000622366 0.0000588899 0.0000836066 0.000085181 0.0000713046 0.0000658249 0.0000897795 0.0000987765 0.0001463718 0.0001086849 0.0001235826 0.0001009741 0.0000758348 0.0000553751 0.0000769103 0.0000879296 0.0001237109 0.0001194584 0.0000876204 0.0000678461 0.0000595264 0.0000868082 0.0000975242 0.0000875014 0.0000811636 0.0000888692 0.0000824854
0.0000598713 0.0000706491 0.0000620627 0.0000811155 0.0000922631 0.0000696925 0.000046845 0.0000496849 0.0000684662 0.0000836668 0.0000715219 0.0000973576 0.0000821007 0.0000865002 0.0000648476 0.0000414795 0.0000415552 0.000040904 0.0000451786 0.0000623306 0.0000831711 0.0001296465 0.0000956402 0.000065849 0.0000558576 0.0000620303 0.0001139165 0.0000898404 0.0000941486 0.0000742569 0.0001208633 0.0000956992 0.0000986507 0.0001012808 0.0001207974 0.0001082355 0.0001032409 0.000082412 0.0000753073 0.0000705486 0.0000742927 0.0000942713 0.0001068301 0.0001270505 0.0000902275 0.0000798699 0.0000631027 0.0000766083 0.0000770177 0.0000885486 0.0001064357 0.0000795844
