Models/Synthetic/Density/temp_raster_dens.asc
NCOLS 100
NROWS 100
XLLCORNER 3302900
YLLCORNER 3112000
CELLSIZE 4430
NODATA_VALUE NaN
[rows 23 to 45 of 100, columns 0 to 51 of 100]
0.0000000285 0.0000000553 0.0000001256 0.0000002778 0.000000578 0.0000011228 0.0000020279 0.0000033908 0.0000052257 0.0000073871 0.0000095329 0.0000111723 0.0000118411 0.0000113221 0.0000098272 0.0000079676 0.0000065689 0.0000063624 0.0000076543 0.0000105559 0.0000150962 0.0000213569 0.0000285254 0.0000346288 0.0000381365 0.0000388417 0.0000382451 0.0000384128 0.0000343254 0.0000277234 0.0000188459 0.0000141112 0.0000122437 0.0000126788 0.0000156111 0.0000223549 0.0000352498 0.0000571042 0.0000935222 0.0001302031 0.0001681746 0.0002887682 0.0002155265 0.0002127534 0.000184198 0.0001478465 0.0001107126 0.000077501 0.0000503143 0.000027145 0.0000140713 0.000006784
0.0000000377 0.0000000735 0.0000001689 0.0000003784 0.0000007981 0.0000015731 0.0000028848 0.0000049008 0.0000076744 0.000011014 0.000014399 0.0000170631 0.0000181944 0.0000173764 0.0000148111 0.0000114608 0.0000085732 0.0000073073 0.0000084317 0.0000124576 0.000019658 0.0000297249 0.0000411495 0.0000511014 0.000056797 0.0000587409 0.0000584446 0.0000574842 0.0000586381 0.000039582 0.0000272558 0.0000199924 0.0000165804 0.0000150203 0.0000173652 0.0000261307 0.0000458018 0.0000820647 0.0001364761 0.0002305828 0.0002569379 0.000303647 0.0003367384 0.0003952552 0.000354966 0.0002227471 0.0001634255 0.0001264042 0.0000700946 0.00003805 0.0000196129 0.0000096518
0.0000000468 0.0000000917 0.0000002129 0.0000004818 0.0000010277 0.0000020494 0.0000038051 0.0000065496 0.000010396 0.0000151216 0.0000200224 0.000023998 0.0000260184 0.0000251398 0.0000215561 0.0000162454 0.0000114452 0.0000089172 0.0000100257 0.0000154662 0.0000255613 0.0000394866 0.0000579776 0.0000720723 0.0000809738 0.0000825869 0.0000852623 0.0000831205 0.0000719307 0.000054134 0.0000382284 0.0000339055 0.0000286171 0.0000252243 0.0000219544 0.0000328415 0.0000595739 0.0001079415 0.0001882446 0.0002667213 0.0003585814 0.0004368775 0.0004845549 0.0004959627 0.0004244574 0.0003277008 0.0002271955 0.0001495682 0.0000924677 0.0000503817 0.0000262529 0.0000129424
0.0000000542 0.0000001066 0.000000249 0.0000005677 0.0000012197 0.0000024509 0.0000045866 0.0000079616 0.0000127681 0.0000187617 0.00002508 0.000030345 0.0000332362 0.0000333128 0.0000288073 0.000021719 0.0000142235 0.0000105119 0.0000116073 0.0000182353 0.0000308435 0.000048587 0.0000700341 0.0001497736 0.000100726 0.0001048447 0.0001128742 0.0001203203 0.0000969235 0.0000724363 0.0000544377 0.0000428736 0.0000557661 0.000031127 0.0000277538 0.0000407936 0.0000774296 0.0001368372 0.0002219202 0.0003323013 0.0004507671 0.0005616683 0.0006750559 0.0006803141 0.000630393 0.0004427253 0.0002970766 0.0001907127 0.0001141174 0.0000640486 0.0000334701 0.0000164081
0.0000000584 0.0000001151 0.0000002696 0.0000006166 0.0000013291 0.0000026788 0.0000050269 0.0000087512 0.0000141095 0.0000211656 0.0000286174 0.0000348536 0.000038175 0.0000381333 0.0000351204 0.000024869 0.0000160596 0.0000113799 0.0000124323 0.0000195803 0.000033011 0.0000517587 0.0000761511 0.0000938665 0.0001078494 0.0001245349 0.0001360241 0.0001436505 0.0001210083 0.0001136538 0.0000648251 0.0000466902 0.0000375582 0.0000337998 0.000032242 0.000048758 0.0000910743 0.0002203223 0.0002605219 0.0003885776 0.0005475823 0.0006691423 0.0007632748 0.0008342841 0.0007992132 0.0005974242 0.0003808594 0.0002418733 0.000145596 0.0000807274 0.000040445 0.0000198563
0.0000000585 0.0000001152 0.0000002698 0.0000006166 0.0000013276 0.0000026711 0.0000049994 0.0000086763 0.000013995 0.0000213152 0.0000323435 0.0000386605 0.0000414102 0.0000388171 0.00003377 0.0000256421 0.0000158222 0.000011152 0.0000125102 0.0000196398 0.0000322168 0.0000483099 0.0000649315 0.0000857318 0.0001198146 0.000120166 0.0002150856 0.0001321498 0.0001561879 0.0001039743 0.0000653119 0.0000405735 0.0000313613 0.0000298159 0.0000352253 0.0000549081 0.000103005 0.0001787584 0.0003363838 0.0004208057 0.0005774573 0.0007189499 0.0008281854 0.0008621339 0.0007383232 0.00072342 0.0004452098 0.0003043762 0.0001860709 0.0000923325 0.0000469963 0.0000234697
0.0000000544 0.0000001069 0.0000002494 0.0000005673 0.0000012149 0.0000024286 0.0000045101 0.0000077575 0.0000124184 0.0000191641 0.0000294483 0.0000515435 0.0000368064 0.0000330802 0.0000310842 0.000021606 0.0000137817 0.0000098282 0.0000116521 0.0000213933 0.0000320507 0.0000436627 0.0000540602 0.0000716659 0.0001596687 0.0000991924 0.0001015827 0.000108819 0.0000971468 0.0000796297 0.0000541396 0.0000370315 0.000030084 0.000030203 0.0000374925 0.0000590302 0.0001033239 0.0001841107 0.0002799903 0.0004262565 0.0005635304 0.0007264085 0.0007766388 0.0008040985 0.0007934548 0.0006056733 0.0004600344 0.00029773 0.0001777624 0.0001012171 0.0000538869 0.0000285621
0.000000047 0.000000092 0.0000002129 0.0000004802 0.0000010185 0.000002014 0.0000036935 0.0000062628 0.0000098765 0.0000148882 0.0000232681 0.0000271266 0.000028122 0.0000244872 0.0000210054 0.000016094 0.0000103166 0.0000077912 0.0000100872 0.0000193009 0.000041402 0.0000372234 0.0000434493 0.0001433887 0.0000598523 0.0000657653 0.000071679 0.0000727783 0.0000666937 0.0000531058 0.0000452595 0.0000383652 0.0000370231 0.00003497 0.0000422464 0.0000606922 0.0001015771 0.0001639917 0.0002576662 0.0003691008 0.0004941165 0.0006001155 0.0006904543 0.0007309552 0.000676821 0.0005733681 0.0004388343 0.0002843958 0.0001777074 0.0001087988 0.0000661339 0.0000373081
0.0000000377 0.0000000733 0.0000001678 0.000000374 0.0000007827 0.0000015248 0.0000027507 0.000004579 0.0000070525 0.0000102495 0.0000133269 0.0000155693 0.000016051 0.0000150544 0.0000127679 0.0000096995 0.0000068645 0.0000055407 0.0000075002 0.0000154726 0.0000232041 0.0000321079 0.0000349269 0.0000378314 0.00003944 0.0000429694 0.000049315 0.0000589628 0.0000455511 0.0000397876 0.000039636 0.000064397 0.0000418903 0.0000461059 0.0000488623 0.0000646884 0.0000989774 0.0001545149 0.0002393821 0.0003333408 0.0004289841 0.000506062 0.0006473437 0.0005783094 0.0005957866 0.000492385 0.0003775834 0.0002701593 0.0001805378 0.0001319607 0.0000842575 0.0000544491
0.0000000281 0.0000000542 0.0000001223 0.0000002682 0.0000005519 0.0000010558 0.000001868 0.0000030442 0.0000045669 0.000006256 0.0000077975 0.000008806 0.0000090287 0.0000084058 0.0000070934 0.0000054641 0.0000040455 0.0000035411 0.000004885 0.0000082925 0.0000141847 0.000021153 0.0000301863 0.0000259481 0.0000255491 0.0000281498 0.0000333159 0.0000340522 0.0000317746 0.0000302893 0.0001117532 0.0000418277 0.0000487362 0.0000520277 0.0000615754 0.0000762266 0.0001056332 0.0002171988 0.0003109012 0.0003664407 0.0003630599 0.0004495226 0.0004325144 0.0004209072 0.0004186 0.0004144087 0.0003418512 0.0002420328 0.0001958162 0.0001508215 0.0001183011 0.0000866096
0.0000000195 0.0000000373 0.0000000824 0.0000001773 0.0000003577 0.0000006702 0.0000011606 0.0000018497 0.0000027022 0.0000036066 0.0000043883 0.000004863 0.0000049076 0.0000045099 0.0000037834 0.0000029379 0.0000022501 0.0000020494 0.0000026739 0.0000045133 0.0000078038 0.0000130775 0.0000157524 0.0000166743 0.0000158856 0.0000177865 0.0000201482 0.0000210528 0.0000213825 0.000026193 0.0000323595 0.0000429403 0.0000531598 0.0000675707 0.0000830254 0.0001029652 0.0001280379 0.000155399 0.0001931172 0.0002470973 0.0002599257 0.0002723844 0.000282922 0.0002811492 0.0002811207 0.0002792406 0.0002592322 0.000235884 0.0002118629 0.0002011525 0.0001793458 0.0001419183
0.0000000129 0.0000000241 0.0000000518 0.0000001086 0.0000002138 0.0000003914 0.0000006624 0.0000010325 0.0000014771 0.0000019348 0.0000023168 0.0000025339 0.0000025306 0.0000023099 0.0000019356 0.0000015163 0.0000011843 0.0000010846 0.0000013781 0.0000022269 0.000003845 0.0000056611 0.0000072332 0.0000080632 0.0000090865 0.000010647 0.0000125019 0.0000145455 0.0000178913 0.0000244823 0.0000354344 0.0000503562 0.0000689599 0.0000946145 0.0001227701 0.000144544 0.0001617149 0.0001679183 0.0001575256 0.0001570659 0.0001626178 0.0001655681 0.0001740287 0.0001880237 0.0002003582 0.0002182964 0.0002515698 0.0002573401 0.0002787777 0.0002843303 0.000321252 0.0002229206
0.0000000088 0.0000000155 0.0000000313 0.0000000626 0.000000119 0.0000002116 0.0000003493 0.0000005324 0.000000747 0.0000009627 0.000001138 0.0000012329 0.0000012242 0.0000011156 0.0000009379 0.0000007415 0.0000005856 0.0000005323 0.0000006423 0.0000009787 0.000001522 0.0000021965 0.0000028772 0.0000036421 0.0000046701 0.0000061063 0.0000081913 0.0000119 0.0000185855 0.0000299227 0.0000460252 0.0000667899 0.0000911473 0.0001224853 0.0002614986 0.0002028324 0.000179563 0.0001638538 0.0001438551 0.0001235369 0.0001126506 0.0001091842 0.0001174871 0.0001435237 0.0002138492 0.0002219218 0.0002717986 0.0004160885 0.0003760148 0.0004415745 0.0003785267 0.0003341026
0.0000000088 0.0000000133 0.0000000218 0.0000000374 0.0000000647 0.0000001085 0.0000001724 0.0000002557 0.0000003514 0.0000004457 0.0000005207 0.0000005598 0.0000005539 0.0000005051 0.0000004268 0.0000003404 0.0000002705 0.0000002408 0.0000002729 0.0000003786 0.0000005579 0.000000802 0.0000011279 0.0000016008 0.0000023377 0.0000035726 0.0000059237 0.0000111618 0.0000248674 0.0000407762 0.0000637345 0.0000865536 0.0001192014 0.000150151 0.0001793083 0.0001930979 0.0001938989 0.0001718838 0.0001444021 0.0001997029 0.0000913561 0.0000817064 0.0000910519 0.0001252901 0.0002121388 0.0002747823 0.0003475371 0.0004365863 0.0005294178 0.0005648347 0.0005439541 0.0004688177
0.0000000181 0.0000000233 0.000000028 0.000000034 0.0000000438 0.0000000601 0.0000000849 0.0000001179 0.0000001561 0.0000001936 0.0000002231 0.000000238 0.0000002348 0.0000002144 0.0000001821 0.0000001464 0.0000001166 0.0000001014 0.0000001076 0.0000001394 0.0000001997 0.0000002961 0.0000004524 0.0000007242 0.0000012421 0.0000023301 0.0000048176 0.0000109954 0.0000274752 0.0000775998 0.0000740577 0.0001969119 0.0001403295 0.0001963328 0.0001809447 0.0001894187 0.000189008 0.0001761658 0.0001581554 0.000112971 0.000080867 0.0000684811 0.000078046 0.0001169945 0.0001922895 0.0003651865 0.0004659264 0.0005528521 0.0006968264 0.000911043 0.0007409547 0.0006086472
0.0000000543 0.0000000658 0.0000000698 0.0000000675 0.0000000621 0.0000000573 0.0000000566 0.0000000613 0.0000000706 0.0000000816 0.000000091 0.0000000956 0.0000000937 0.0000000856 0.000000073 0.0000000591 0.0000000472 0.0000000403 0.0000000407 0.0000000505 0.0000000724 0.0000001136 0.0000001932 0.0000003628 0.0000007587 0.0000017294 0.0000041224 0.0000100003 0.0000263316 0.0001368352 0.0000749834 0.0001084181 0.000210745 0.000165792 0.0002254532 0.0001730604 0.0001669391 0.0001643864 0.000170682 0.0001023505 0.0000702574 0.0000618808 0.0000740062 0.0001140526 0.0002032094 0.0003304734 0.0005303717 0.0006355296 0.0008737393 0.0008947385 0.0010497475 0.0007313244
0.0000001727 0.0000002071 0.0000002152 0.0000001982 0.0000001632 0.0000001212 0.0000000839 0.000000058 0.0000000443 0.0000000391 0.000000038 0.0000000375 0.0000000358 0.0000000324 0.0000000277 0.0000000225 0.000000018 0.0000000152 0.000000015 0.0000000183 0.0000000272 0.0000000469 0.0000000936 0.0000002129 0.0000005296 0.0000013568 0.0000034192 0.0000083295 0.0000189677 0.0000361991 0.0000624833 0.0000960787 0.0001266769 0.0001497616 0.0001515463 0.0001462562 0.0001332996 0.0001255554 0.0001623926 0.0000804855 0.0000585768 0.0000587817 0.0000704674 0.0001156436 0.0002102058 0.0003743511 0.0005002759 0.0006703412 0.0008527063 0.0009197507 0.0008805004 0.0007721805
0.0000005646 0.0000006767 0.0000006894 0.0000006221 0.000000493 0.0000003419 0.000000204 0.0000001089 0.0000000561 0.0000000319 0.0000000213 0.0000000166 0.0000000141 0.0000000121 0.0000000101 0.0000000082 0.0000000066 0.0000000055 0.0000000054 0.0000000068 0.000000011 0.0000000222 0.0000000533 0.0000001418 0.0000003884 0.0000010393 0.0000026395 0.0000062159 0.0000134603 0.0000266234 0.000046887 0.0000729873 0.0000942117 0.0001363717 0.0001278734 0.0001077455 0.0000955483 0.0000855953 0.0000699777 0.0000555354 0.0000442215 0.000045433 0.0000639058 0.0001111009 0.0002047027 0.0003641182 0.0005255088 0.0006754488 0.0008121424 0.0008656428 0.0008194988 0.0007922377
0.0000021966 0.0000024493 0.0000022476 0.0000018151 0.0000014303 0.0000009335 0.0000005065 0.0000002327 0.000000103 0.0000000466 0.0000000225 0.000000012 0.0000000073 0.0000000051 0.0000000038 0.0000000029 0.0000000023 0.000000002 0.000000002 0.0000000028 0.0000000053 0.0000000126 0.0000000345 0.0000000988 0.0000002784 0.0000007457 0.0000018636 0.0000043073 0.0000091718 0.0000178034 0.0000311068 0.0000454493 0.0000629497 0.0000751781 0.0000826781 0.0000768021 0.0000664629 0.0000535094 0.0000431242 0.0000344922 0.0000299359 0.0000336047 0.0000522356 0.0000964544 0.0001803602 0.0002829476 0.0004261318 0.0007864428 0.0007212111 0.0007807227 0.0007210364 0.0006806096
0.0000108029 0.0000106037 0.0000054496 0.0000047191 0.0000036076 0.00000223 0.0000010532 0.0000004523 0.0000001894 0.0000000807 0.0000000349 0.0000000153 0.0000000069 0.0000000034 0.0000000019 0.0000000012 0.000000001 0.0000000009 0.0000000011 0.0000000017 0.0000000036 0.0000000089 0.0000000244 0.000000069 0.0000001903 0.0000004961 0.0000012046 0.0000027017 0.0000055665 0.0000104507 0.0000171239 0.0000250972 0.0000328092 0.0000399559 0.0000470376 0.0000613175 0.0000435122 0.0000348238 0.0000286486 0.0000233845 0.0000207016 0.0000243789 0.0000404493 0.0000761728 0.0001361847 0.000241866 0.0004006688 0.0005306839 0.0005389331 0.000616685 0.0005599386 0.0004782209
0.0000640988 0.0000155502 0.0000112625 0.0000099592 0.0000077203 0.0000040899 0.0000018614 0.0000007706 0.0000003201 0.000000135 0.000000057 0.0000000237 0.0000000097 0.000000004 0.0000000017 0.0000000009 0.0000000007 0.0000000009 0.0000000014 0.0000000023 0.0000000044 0.0000000092 0.0000000212 0.0000000521 0.0000001299 0.0000003156 0.0000007253 0.0000015504 0.0000030497 0.000005404 0.000008609 0.0000123184 0.000016134 0.0000200918 0.0000262127 0.0000279705 0.0000277203 0.0000243592 0.000021906 0.0000186509 0.000015519 0.0000180776 0.0000302319 0.0000571032 0.0001024005 0.0001658893 0.0003431599 0.000389767 0.0003792152 0.0003977368 0.0004132317 0.0004173674
0.0000213686 0.0000221562 0.000018033 0.0000184136 0.0000120893 0.0000065328 0.0000028031 0.0000011728 0.0000004942 0.0000002102 0.0000000887 0.0000000366 0.0000000147 0.0000000058 0.0000000024 0.0000000013 0.0000000012 0.0000000018 0.0000000031 0.0000000053 0.0000000092 0.0000000162 0.0000000293 0.0000000557 0.0000001106 0.0000002248 0.0000004529 0.0000008781 0.0000015956 0.0000026766 0.0000041101 0.0000057881 0.0000075784 0.0000096206 0.0000114933 0.0000132682 0.0000149838 0.0000173585 0.0000198512 0.0000154338 0.0000125783 0.0000139309 0.0000225638 0.0000415518 0.0000742056 0.0001149468 0.0001621101 0.0002137593 0.0002455521 0.0002627362 0.0002561255 0.0003008502
0.0000278076 0.0000287588 0.0000296173 0.000025926 0.0000193466 0.0000087079 0.000003799 0.0000016253 0.0000007047 0.0000003053 0.0000001302 0.000000054 0.0000000217 0.0000000085 0.0000000037 0.0000000023 0.0000000027 0.0000000044 0.0000000077 0.0000000134 0.0000000227 0.0000000378 0.0000000621 0.0000001007 0.0000001621 0.00000026 0.0000004155 0.0000006572 0.0000010156 0.0000015102 0.0000021343 0.0000028503 0.0000036223 0.000004416 0.0000053044 0.0000065442 0.0000086237 0.0000117733 0.0000129318 0.0000121715 0.0000102408 0.0000113866 0.0000171811 0.0000296789 0.0000471227 0.0000741363 0.0001301267 0.0001323285 0.0001567718 0.000164487 0.000182318 0.0001325602
