Models/Synthetic/Density/temp_raster_dens.asc
NCOLS 101
NROWS 101
XLLCORNER 3302900
YLLCORNER 3112000
CELLSIZE 4386.138614
NODATA_VALUE NaN
[rows 0 to 22 of 101, columns 0 to 51 of 101]
0.000064279 0.0000654543 0.0000690883 0.0000746291 0.0000826808 0.0000927708 0.0001035589 0.0001155176 0.0001271438 0.0001469967 0.0001593412 0.0001654566 0.0001760248 0.0001881743 0.0001933309 0.0002024465 0.0002108055 0.000213805 0.0002219507 0.0002297177 0.0002248731 0.0002371219 0.0002320478 0.0002288683 0.0002202938 0.0002179888 0.0002170614 0.0002101585 0.0002033969 0.0002034422 0.0001985361 0.0001766326 0.0001673206 0.0001614595 0.0001381466 0.0001236886 0.0001102384 0.0000992077 0.0000929721 0.0000749238 0.0000668418 0.0000584246 0.0000568397 0.000047017 0.0000438137 0.0000411425 0.0000409817 0.0000433672 0.0000485962 0.0000568049 0.00006245 0.0000713324
0.0000646889 0.0000674203 0.0000696352 0.0000754993 0.0000833695 0.0000928776 0.0001034333 0.0001154146 0.0001268907 0.0001391664 0.0001516556 0.0001718123 0.0001734999 0.0001829859 0.0001950936 0.0002036314 0.0002093221 0.000214856 0.0002190366 0.0002222165 0.0002264446 0.0002297758 0.0002298526 0.0002242794 0.0002247158 0.0002178229 0.0002198738 0.0002111509 0.000205307 0.0002022261 0.0001872922 0.00017895 0.0001641242 0.0001516337 0.000138652 0.000128759 0.0001126662 0.0000972629 0.0000851412 0.0000748582 0.0000653785 0.0000585204 0.0000518794 0.0000474308 0.0000438055 0.0000422378 0.0000418749 0.0000439313 0.0000492681 0.0000560538 0.0000633288 0.0000723575
0.0000670378 0.000066937 0.0000700116 0.0000756855 0.0000873296 0.0000927076 0.0001030391 0.0001146504 0.00012638 0.0001385351 0.0001502818 0.0001617244 0.0001713765 0.0001814477 0.0001916521 0.0002018708 0.0002103085 0.0002202598 0.0002183805 0.0002236108 0.0002246254 0.0002294747 0.0002283638 0.0002232634 0.0002197332 0.0002264996 0.0002148547 0.0002127417 0.0002046801 0.0001959118 0.0001889206 0.0001738848 0.0001618981 0.0001496342 0.0001393906 0.0001248473 0.0001101854 0.0000960147 0.0000834123 0.0000731026 0.000064526 0.0000574019 0.0000507564 0.0000461922 0.0000479245 0.0000438121 0.0000419048 0.0000439917 0.0000491243 0.000056622 0.0000636692 0.0000727039
0.0000661473 0.0000673829 0.0000700994 0.0000758318 0.0000833471 0.0000926998 0.0001029716 0.0001147105 0.0001335265 0.0001385578 0.0001549838 0.0001616904 0.0001753226 0.0001797602 0.0001948482 0.0002033171 0.0002088558 0.0002150748 0.0002178448 0.0002259272 0.0002225167 0.0002250754 0.0002288739 0.0002203288 0.0002179804 0.000222277 0.000214347 0.0002132467 0.0002041342 0.0001979472 0.0001836965 0.0001714649 0.000159548 0.0001484694 0.00013514 0.0001267292 0.000113397 0.0000943831 0.0000823208 0.0000720841 0.0000635693 0.0000566125 0.0000504549 0.0000460074 0.0000429192 0.0000416006 0.0000415134 0.000043501 0.0000482862 0.0000556441 0.0000633389 0.0000723886
0.0000670935 0.000067932 0.0000709141 0.0000758641 0.0000831999 0.0000925254 0.0001034973 0.0001156873 0.0001275207 0.0001393837 0.0001502329 0.0001616292 0.0001703681 0.000179153 0.0001876996 0.0001969087 0.0002068914 0.0002129515 0.000216623 0.0002233995 0.0002196603 0.0002203727 0.000219684 0.0002256948 0.0002162675 0.000215467 0.0002096751 0.0002037735 0.0002015822 0.0001938022 0.0001796852 0.0001698079 0.0001568062 0.0001446092 0.0001317993 0.0001189506 0.0001060039 0.0000933533 0.0000815115 0.0000714469 0.0000628775 0.0000557672 0.0000522149 0.0000450428 0.0000420165 0.0000406846 0.0000410416 0.0000427164 0.0000467383 0.0000528419 0.0000639653 0.0000680868
0.0000671181 0.0000695059 0.0000722786 0.0000771232 0.0000841973 0.0000930055 0.0001039952 0.0001162629 0.0001288503 0.0001392443 0.0001500496 0.0001605384 0.0001731186 0.0001778872 0.0001854036 0.0001937518 0.0002010092 0.0002073612 0.0002117924 0.0002319141 0.0002175265 0.0002144192 0.0002148933 0.0002209811 0.0002131421 0.0002105853 0.0002068994 0.0001988862 0.0001922573 0.0001922239 0.000174774 0.0001645744 0.0001535435 0.0001416287 0.0001286721 0.000116098 0.0001046307 0.0000914223 0.0000804184 0.0000716256 0.0000617911 0.000054708 0.0000487766 0.0000442546 0.0000413305 0.0000431793 0.0000402913 0.0000417069 0.0000448571 0.0000500037 0.0000562918 0.0000640575
0.0000681929 0.0000698941 0.000073601 0.000081509 0.0000852547 0.0000937788 0.0001046428 0.0001168307 0.0001284132 0.0001394043 0.0001496612 0.00016797 0.000169137 0.0001769195 0.0001839423 0.0001910715 0.0001975313 0.0002023588 0.0002152565 0.0002087421 0.0002097537 0.0002097302 0.000210645 0.0002104771 0.0002097422 0.0002133658 0.0002004952 0.0001951002 0.0001897032 0.0001797134 0.0001696468 0.000159952 0.0001546901 0.0001388119 0.0001288702 0.0001140343 0.0001011478 0.0000896484 0.0000795288 0.0000689604 0.0000603155 0.0000529376 0.0000472395 0.0000429097 0.0000405217 0.0000392688 0.0000392829 0.0000402292 0.0000429681 0.0000471739 0.0000529241 0.0000602102
0.0000701 0.0000706955 0.0000743597 0.0000803346 0.0000859532 0.0000945 0.00010592 0.0001177635 0.0001295451 0.0001395841 0.0001487579 0.0001582968 0.0001724131 0.0001753457 0.0001814923 0.0001963481 0.0001968334 0.0001984713 0.0002012499 0.0002033377 0.000204244 0.0002052992 0.0002054295 0.0002069042 0.0002037677 0.0002006665 0.0001947672 0.0001941089 0.0001916306 0.0001748491 0.0001648556 0.0001555626 0.0001452052 0.0001437269 0.0001282047 0.0001108621 0.000098683 0.0000942068 0.0000767088 0.000066833 0.0000583876 0.0000514275 0.0000458783 0.0000418126 0.0000392042 0.0000378805 0.0000377141 0.000038743 0.0000411567 0.0000450658 0.0000505176 0.0000571968
0.0000699032 0.0000715983 0.0000748715 0.0000794615 0.0000860715 0.0000953448 0.0001064884 0.000118041 0.0001355368 0.0001386332 0.0001468891 0.0001559155 0.0001645859 0.0001717392 0.0001784258 0.0001912599 0.0001908076 0.0001964589 0.0001977869 0.0002000173 0.0002040897 0.0001998987 0.0002043046 0.0001986656 0.0001995071 0.0001927014 0.0001934212 0.0001833488 0.0001767698 0.00016932 0.0001599127 0.0001497323 0.0001401781 0.0001298816 0.000119127 0.0001086269 0.0000956235 0.0000850097 0.0000742179 0.0000648402 0.0000568249 0.0000500677 0.0000445685 0.0000407113 0.0000382505 0.000036953 0.0000365922 0.0000374185 0.0000395838 0.0000432064 0.0000482283 0.0000545632
0.0000709821 0.0000726827 0.0000755099 0.0000799305 0.0000864056 0.0000955946 0.0001131918 0.0001169171 0.0001268245 0.0001365717 0.0001448583 0.0001529973 0.0001670465 0.000170917 0.0001742838 0.0001804564 0.0001897817 0.0001898818 0.0001990062 0.0001960131 0.0001960521 0.0001941859 0.0001923034 0.0001919606 0.0001881344 0.0001844399 0.0001799953 0.0001748402 0.000173098 0.0001617313 0.0001531476 0.0001438929 0.0001344654 0.0001269098 0.000114225 0.0001028336 0.0000921847 0.0000813309 0.0000716209 0.0000627426 0.0000555494 0.0000485883 0.0000432654 0.0000395787 0.0000373637 0.0000360449 0.0000356384 0.0000362327 0.0000381858 0.0000414659 0.0000459873 0.0000513237
0.0000739851 0.0000741215 0.0000767419 0.000081141 0.0000874102 0.0000958838 0.0001053175 0.0001145334 0.0001243082 0.0001345096 0.0001424928 0.0001518783 0.0001577835 0.0001638634 0.0001695402 0.0001772149 0.0001794025 0.0001827243 0.0001864121 0.0001963003 0.0001885305 0.0001872189 0.0001863193 0.0001832096 0.0001806721 0.0001761485 0.0001709668 0.0001660921 0.0001606373 0.0001548994 0.0001468953 0.000138248 0.000130124 0.0001209733 0.0001105104 0.0000987407 0.0000880111 0.0000785019 0.0000688228 0.0000605317 0.0000532345 0.0000470114 0.0000419232 0.0000384095 0.000036228 0.000035129 0.0000345329 0.0000350572 0.0000368214 0.0000398255 0.000043712 0.0000483612
0.0000748936 0.0000763953 0.0000789477 0.0000835657 0.0000894068 0.0000966531 0.000104352 0.0001130082 0.0001225703 0.0001339807 0.0001393975 0.0001470827 0.000162714 0.0001607725 0.000165033 0.000168926 0.000171773 0.0001735386 0.0001768953 0.0001834873 0.0001800781 0.0001765188 0.0001759548 0.0001791413 0.0001745024 0.0001715689 0.0001623448 0.0001574237 0.0001527464 0.0001472777 0.0001451428 0.0001408539 0.0001241536 0.0001236975 0.0001060368 0.0000947008 0.0000844125 0.000074965 0.0000662156 0.0000582047 0.0000512382 0.0000453913 0.0000407109 0.0000372931 0.0000351096 0.0000337977 0.0000333414 0.0000337893 0.0000354158 0.0000380862 0.0000416155 0.0000454493
0.0000778474 0.0000797702 0.0000824571 0.0000866328 0.0000954431 0.0000977393 0.0001044981 0.0001124663 0.0001211464 0.0001289878 0.0001354048 0.0001420905 0.0001524672 0.0001595136 0.0001620132 0.0001689062 0.0001632779 0.0001648837 0.0001721648 0.0001676269 0.0001671758 0.0001655348 0.000165584 0.0001708076 0.0001720583 0.0001607068 0.0001549719 0.0001502061 0.0001504115 0.0001407035 0.0001336733 0.0001259477 0.0001186512 0.0001103784 0.0001045512 0.0000909315 0.0000818676 0.0000729735 0.0000644525 0.0000560942 0.0000497619 0.0000443195 0.0000399038 0.0000364715 0.0000341815 0.0000327867 0.000032076 0.0000324965 0.000033957 0.0000363318 0.0000392626 0.0000426148
0.0000821269 0.0000841428 0.0000882451 0.0000897939 0.0000938273 0.0000991869 0.000105313 0.0001125061 0.0001204253 0.0001268693 0.0001322558 0.000137392 0.0001430169 0.0001483421 0.0001557131 0.0001543714 0.0001560998 0.0001570681 0.0001577697 0.0001571424 0.0001562355 0.000155611 0.0001556554 0.0001557342 0.0001552059 0.0001547488 0.0001499803 0.0001422941 0.0001482781 0.0001350769 0.0001268525 0.0001222343 0.0001115844 0.0001041226 0.0000962977 0.0000876709 0.0000794504 0.0000766552 0.00006223 0.0000540751 0.0000482008 0.0000444365 0.000038971 0.0000355731 0.0000337857 0.000031758 0.0000309696 0.0000312557 0.0000325367 0.0000346439 0.0000371748 0.0000399477
0.0000863592 0.0000910061 0.0000904136 0.0000928943 0.0000962424 0.0001007223 0.0001060753 0.0001203158 0.0001193305 0.0001284111 0.0001280105 0.000136713 0.0001368502 0.0001405231 0.0001449187 0.0001456168 0.000147591 0.0001616738 0.0001489128 0.0001536494 0.0001468511 0.0001464406 0.0001472965 0.0001477111 0.0001440243 0.0001415164 0.000138259 0.0001342518 0.000129781 0.0001261911 0.0001220015 0.0001131642 0.0001057912 0.0000983488 0.0000910108 0.0000854468 0.0000762148 0.0000674141 0.0000595283 0.0000520666 0.000046961 0.0000422685 0.0000382135 0.0000345581 0.0000322096 0.0000307577 0.0000301563 0.0000303441 0.0000314033 0.0000330309 0.000035436 0.000037591
0.0000995264 0.0000924512 0.0000947987 0.0000970549 0.0001003047 0.0001034223 0.0001074722 0.0001119344 0.0001226888 0.0001198777 0.0001236362 0.0001264512 0.0001305197 0.0001396446 0.0001354797 0.0001436698 0.0001391262 0.000140575 0.0001492326 0.0001380112 0.0001368604 0.0001380733 0.000146338 0.0001360455 0.0001326955 0.000131469 0.0001285117 0.0001246365 0.0001255818 0.0001165669 0.0001108904 0.000105472 0.0001022059 0.0000935165 0.0000876271 0.0000806184 0.0000726224 0.0000643203 0.0000567438 0.0000506162 0.000045267 0.000042191 0.0000368825 0.0000334012 0.0000310674 0.0000296545 0.0000292397 0.0000372448 0.0000301385 0.000031485 0.0000334646 0.0000356152
0.0000964451 0.0000982892 0.0001003683 0.0001053802 0.0001045886 0.0001073463 0.0001096278 0.0001121703 0.0001145676 0.000116799 0.0001187811 0.000121944 0.0001236961 0.0001255417 0.0001275197 0.0001276158 0.0001293467 0.0001352914 0.000131177 0.0001275427 0.000126977 0.0001273549 0.0001288831 0.0001250083 0.00012254 0.0001206524 0.0001178843 0.0001154151 0.000113468 0.0001074292 0.0001022596 0.0000978503 0.0000933584 0.0000923497 0.0000863503 0.0000801383 0.0000727218 0.0000619136 0.0000582694 0.0000494473 0.0000439735 0.0000396379 0.0000358913 0.0000325237 0.0000302543 0.0000288585 0.0000283857 0.0000283308 0.0000288736 0.0000300776 0.0000318402 0.0000334592
0.0001035268 0.0001051154 0.0001104281 0.0001086992 0.0001099035 0.0001108983 0.0001125993 0.0001141681 0.0001226131 0.0001190429 0.0001213855 0.0001166065 0.0001182646 0.0001180968 0.0001181292 0.0001189605 0.0001197865 0.000120551 0.0001197207 0.000117817 0.0001166147 0.0001203152 0.0001230094 0.0001158561 0.0001145727 0.0001108435 0.0001097142 0.0001061391 0.0001030312 0.000099243 0.0000951913 0.0000912107 0.0000873818 0.0000834681 0.0000781536 0.0000721941 0.000065379 0.0000593559 0.0000572417 0.0000480902 0.0000426826 0.0000385359 0.0000349367 0.0000319215 0.0000297248 0.0000282997 0.0000274682 0.0000271448 0.0000274383 0.0000285621 0.0000307748 0.0000316429
0.0001117429 0.0001130635 0.0001142135 0.0001153857 0.0001152016 0.0001159182 0.0001159156 0.0001153508 0.0001136807 0.0001125947 0.0001122777 0.0001125985 0.0001148035 0.0001118522 0.0001109149 0.0001107213 0.0001111685 0.0001114202 0.0001136344 0.000108813 0.0001073026 0.0001073963 0.0001090449 0.0001078326 0.000112094 0.0001015868 0.0000994681 0.0001010637 0.0000950852 0.0000921298 0.0000892295 0.0000858555 0.0000820368 0.0000773037 0.000072188 0.0000666074 0.0000611188 0.0000561332 0.0000511073 0.0000464098 0.0000417507 0.0000379841 0.0000343504 0.0000314642 0.000029412 0.0000279629 0.0000269542 0.0000263271 0.0000263045 0.0000271002 0.0000282458 0.0000296299
0.0001209955 0.0001215947 0.000121941 0.0001217593 0.0001212999 0.000130088 0.0001193575 0.0001166867 0.0001138295 0.0001111898 0.0001100211 0.0001094963 0.0001086198 0.000107021 0.0001051677 0.0001041494 0.0001037173 0.0001063468 0.0001039944 0.0001001792 0.0001025571 0.0000970624 0.0000980137 0.0000989435 0.0000947634 0.0000927291 0.0000915789 0.0000902801 0.0000885161 0.0000862349 0.0000839829 0.0000811789 0.0000773209 0.0000727963 0.0000678192 0.000062896 0.0000580921 0.0000534955 0.0000491073 0.0000449277 0.0000409445 0.0000371547 0.0000338218 0.0000311117 0.0000292094 0.0000278677 0.0000266275 0.0000257799 0.0000254678 0.000025703 0.0000264629 0.0000276564
0.000131268 0.0001303262 0.000137935 0.0001353996 0.0001278756 0.0001259193 0.0001242434 0.00012246 0.0001149588 0.0001116413 0.0001096714 0.0001080413 0.0001056937 0.0001090747 0.0001000407 0.0000979828 0.0001001931 0.0000953686 0.000093078 0.0000911452 0.000089321 0.0000877554 0.0000871323 0.0000866753 0.0000859956 0.0000851422 0.0000855224 0.0000838786 0.0000827097 0.0000815052 0.0000795752 0.0000769398 0.0000733021 0.0000688526 0.0000641393 0.0000597025 0.0000554675 0.0000514603 0.000047883 0.0000441375 0.0000403044 0.0000363785 0.0000331927 0.000031137 0.0000294025 0.0000280459 0.0000265627 0.0000256502 0.0000250825 0.0000249557 0.0000253317 0.0000261676
0.0001402411 0.0001386734 0.0001371141 0.0001351905 0.0001332402 0.0001400638 0.0001300648 0.0001214872 0.0001167331 0.0001134295 0.0001093659 0.0001072571 0.0001052931 0.0000992676 0.0000950144 0.0000921353 0.0000899992 0.0000872069 0.00008459 0.0000830622 0.0000810842 0.0000797973 0.0000784564 0.0000781926 0.0000782133 0.0000791928 0.0000794055 0.0000790001 0.0000776633 0.0000772082 0.0000821945 0.0000726199 0.0000695547 0.0000649061 0.0000606626 0.0000567197 0.000052948 0.0000494319 0.0000463078 0.0000437987 0.0000393527 0.0000356021 0.000032613 0.0000307698 0.000031717 0.0000280796 0.0000270277 0.0000261942 0.0000254515 0.0000247853 0.0000247796 0.0000253228
0.0001477008 0.0001550936 0.0001436187 0.0001416906 0.0001383058 0.0001342425 0.0001295316 0.0001238796 0.0001185452 0.0001136054 0.0001090598 0.0001049944 0.0001041396 0.000095241 0.0000900461 0.0000864912 0.0000836375 0.0000811869 0.0000787005 0.000076498 0.0000782377 0.0000728492 0.0000725472 0.0000717249 0.0000724308 0.000073901 0.0000757926 0.0000739243 0.0000726024 0.0000715529 0.0000701599 0.0000696369 0.0000646517 0.0000609946 0.0000577014 0.0000542396 0.0000508455 0.0000472563 0.0000444271 0.0000413612 0.0000381196 0.0000347045 0.0000319817 0.0000303389 0.0000290323 0.0000285731 0.0000278195 0.0000279002 0.0000262974 0.0000253687 0.0000250312 0.0000248967
