Models/Synthetic/Density/temp_raster_pop.asc
NCOLS 100
NROWS 100
XLLCORNER 3302900
YLLCORNER 3112000
CELLSIZE 4430
NODATA_VALUE NaN
[rows 0 to 22 of 100, columns 0 to 51 of 100]
0.0186087882 0.0333114086 0.0561934469 0.0850693664 0.1202963683 0.1774953763 0.2831394298 0.4502021525 0.6259480115 0.7623575147 0.8882211004 1.1806543002 1.6976371961 2.1291506906 1.5147760193 0.8354677113 0.4637701289 0.4082072381 0.5221769941 0.5748248066 0.4897772437 0.2987404319 0.1533350006 0.083652344 0.0677346328 0.0783310534 0.0964332139 0.1115174924 0.1186733 0.1185874833 0.114988627 0.11925799 0.1487187054 0.2152064635 0.2900225791 0.3265797246 0.2894510748 0.2100906917 0.1406171971 0.1267861714 0.1809345752 0.3270922575 0.655821249 1.3586688125 2.5718758576 3.8657047116 4.510808253 3.9454371042 2.6475512354 1.3523771815 0.5813020907 0.2369772746
0.0360475053 0.0574035068 0.0934996441 0.1372449975 0.1871829848 0.2580461433 0.384973278 0.5749653442 0.7835482745 0.9118678588 0.9957992341 1.146930151 1.4243101337 1.4849799123 1.2417497899 0.7893405539 0.5016879771 0.4373074281 0.4932372958 0.5334968756 0.4443922277 0.3004127435 0.1779496375 0.1203404663 0.1170959616 0.1433416785 0.17654099 0.1984902114 0.203960389 0.1952005765 0.1837480881 0.1833678871 0.2176942899 0.2977635548 0.401020909 0.4511543847 0.414240092 0.3106772777 0.2213002413 0.1983880737 0.2714223644 0.4647306217 0.8681720858 1.66487734 2.9710940284 4.5002762956 5.1733350239 4.5758295037 3.00854982 1.6000317291 0.7165859366 0.3109700912
0.0744086169 0.1100963926 0.1682981359 0.2405942713 0.3068061647 0.3883202437 0.5286949281 0.7527674874 0.9756158996 1.0971095547 1.0544952766 1.0305228128 1.0485410375 1.0343804665 0.8906520398 0.6882301004 0.5246873228 0.4670715518 0.4753827506 0.4628556312 0.3930448357 0.2853337537 0.2068057561 0.1844852982 0.2125699957 0.2734760451 0.3349287092 0.3693940293 0.3604990086 0.3312670228 0.298762522 0.2928590081 0.3385039088 0.4626848451 0.6286590852 0.7427425631 0.6983162619 0.551550281 0.3971887104 0.3294865134 0.4050233665 0.6524377109 1.1069112334 1.9334885404 3.2873916897 4.8626641267 5.8382568536 4.9163836114 3.2723517823 1.7360899181 0.8128980222 0.3811172415
0.1487325393 0.2048899225 0.2948732684 0.3931741242 0.4776138835 0.542250907 0.6717464649 0.8845673878 1.0838471156 1.121320882 1.0310369234 0.9097813793 0.8400323146 0.7873232015 0.7341874828 0.6711545036 0.6152826987 0.5533130926 0.4906638526 0.4174465384 0.3405724614 0.2739015187 0.2510037171 0.2800545771 0.3496827109 0.4403462209 0.5349211101 0.5689478073 0.5374457879 0.4629260096 0.4177116261 0.4125149352 0.5008129542 0.7190647314 1.0221171834 1.2491527589 1.2501889637 1.0243783515 0.7220345027 0.5257441732 0.5429075534 0.7949937159 1.2686657713 1.9927678813 3.1007844097 4.3858133582 4.9226328039 4.4348045531 2.9523132108 1.659957313 0.8367801854 0.4317992481
0.2625773124 0.3528666895 0.4945085893 0.6342865781 0.7072817485 0.7391688664 0.7993394068 0.9273675492 1.0373006306 1.0188509081 0.9232851205 0.8403891187 0.7753442879 0.7343359656 0.7203727742 0.7577953947 0.7591566518 0.7114110733 0.5737534635 0.442100508 0.3237828811 0.2815233201 0.306982616 0.3916353295 0.4901302776 0.5877206254 0.6632546946 0.7016277372 0.6251056933 0.5331386489 0.4780364709 0.5086296215 0.670786333 1.0427059865 1.598400644 2.0583133923 2.1521997579 1.7714839014 1.2033366394 0.7589069694 0.639084867 0.8302211982 1.2373339759 1.7922908733 2.4911428711 3.1283278403 3.4056112637 3.0346015524 2.2606151376 1.4120104008 0.8124231274 0.4731934336
0.3885145896 0.5276977263 0.7823085047 0.9975391927 1.0759905509 1.0197508499 0.9442112418 0.9164626219 0.8977882881 0.8573803024 0.7977452183 0.7638630103 0.7522030661 0.7087771337 0.7214807762 0.7902427876 0.8525181962 0.7831878861 0.72582759 0.4788735608 0.3502071138 0.3118970316 0.3602761604 0.4677710019 0.583748803 0.6381262526 0.6703372622 0.6541257164 0.5962495389 0.5147373215 0.4851470151 0.5492496739 0.7960345721 1.3346634115 2.1448573839 2.9741657287 3.1405564987 2.6056982955 1.6597413648 0.9525078311 0.6665244135 0.7427628201 1.0352730276 1.4164908952 1.7226434665 1.9469619965 2.0201796312 1.8920332201 1.5909922832 1.2101075519 0.8297262786 0.5497139914
0.4581562191 0.6892673517 1.0923523332 1.471715579 1.5704870288 1.4023702233 1.1315984193 0.8931825369 0.76891808 0.7048974806 0.6721477206 0.6580054114 0.6390098981 0.621105073 0.6282298984 0.6949699893 0.7320652821 0.7222595655 0.6169043057 0.5012513898 0.3841440893 0.3445247246 0.3894733172 0.4940967009 0.5793005962 0.6046207096 0.5740991631 0.5340146203 0.490984152 0.4586001392 0.4568156793 0.5445082773 0.8241242489 1.4197373778 2.365830792 3.2788089223 3.6706350638 2.9175704858 1.8451772507 1.0010312278 0.6164415091 0.5862558544 0.7524761808 0.9339888962 1.0728851453 2.0085404207 1.2004287799 1.2721298236 1.3370957296 1.2181945469 0.9901651666 0.7223394621
0.4945574772 0.7915635673 1.3522652259 1.9014001907 2.079385995 1.7892702625 1.270582119 0.8689009617 0.6575249251 0.5846289139 0.5485337329 0.5248521415 0.5000135524 0.4719271112 0.4686661881 0.4887820796 0.5181184864 0.5193744248 0.4970831341 0.4441968602 0.3798421615 0.3448323557 0.3833618046 0.4755111614 0.5407122006 0.533958662 0.4750317869 0.4268278795 0.4114492323 0.4083702533 0.4219426994 0.496349872 0.7299943012 1.2446618798 2.0217851628 2.8299794705 3.0205157268 2.5236722716 1.5989355053 0.8720425308 0.5048163927 0.4261530183 0.4837811326 0.5692488636 0.6454851544 0.7225885452 0.8782036127 1.12661793 1.3848061456 1.4907745846 1.3224272717 1.0415947149
0.5217957461 0.8333846812 1.4244864258 2.7324697869 2.3033206183 1.8771960318 1.2790005842 0.7984931153 0.5553528352 0.4628883407 0.4340342812 0.4145299961 0.3831855388 0.3443811993 0.3100536292 0.3009504779 0.3123502048 0.3347608975 0.3502943608 0.3432853522 0.3153406362 0.3010993504 0.3402632314 0.4232763868 0.4908428171 0.4681155124 0.4139922896 0.3796148157 0.3781704136 0.3881796581 0.383418892 0.4151053816 0.5604429376 0.8847033778 1.3808540947 1.8138781168 1.9384113433 1.6228850617 1.0972233346 0.6260514097 0.3784536029 0.3125172803 0.3368283382 0.3866984381 0.4588439788 0.5970590275 0.8628424286 1.2659783923 1.6787919436 1.8970344833 1.8051869766 1.504527746
0.573389961 0.8406227327 1.3284251374 1.812853987 1.9263703338 1.6227021041 1.1042460169 0.6946589743 0.4674661428 0.3748217952 0.3456716373 0.3332993072 0.3104959703 0.2591284156 0.2091845949 0.1816985092 0.1846959872 0.2079261674 0.2326146026 0.2415719817 0.2351857317 0.2379816283 0.2776000744 0.3521336706 0.4075366973 0.4212189414 0.4042552057 0.3970365176 0.402318141 0.3928392402 0.3687821576 0.3540076519 0.4019224047 0.5472221979 0.7587607756 0.943416974 0.9792383852 0.8394135762 0.5969331075 0.3848361891 0.2765358962 0.2683366462 0.3041982534 0.3612059822 0.4670442361 0.6753095545 1.0299102919 1.5159907857 2.0316671491 2.3156395058 2.2914229503 1.9614994964
0.6535293679 0.8432503157 1.1257952449 1.3365720333 1.3479429874 1.1456842459 0.8595841495 0.6022080231 0.4369721275 0.3501116937 0.3119563148 0.2961931713 0.2674756199 0.2184266185 0.1634130017 0.1330915409 0.136831685 0.1644313973 0.1940514391 0.2074256693 0.2050318908 0.2069225592 0.2370499124 0.2952263894 0.3642016244 0.4222588775 0.4687096555 0.5019958733 0.5070736597 0.4848712851 0.437512854 0.3866724372 0.3565262305 0.3649997275 0.40314016 0.43680702 0.4294218192 0.3687869141 0.2833301741 0.2198113709 0.2129667964 0.2583111282 0.3246990204 0.3988976984 0.5433887422 0.8257591786 1.2236237091 1.7145776472 2.179695876 2.5002843976 2.4508937097 2.1669265827
0.7230692081 0.8071051028 0.9259557749 0.9357980949 0.8638624493 0.7553935169 0.6539906993 0.5560573212 0.4645397584 0.3848270028 0.3419326617 0.3136862968 0.2758335874 0.2175797121 0.1616952974 0.1355794248 0.1559375262 0.2099308247 0.263441627 0.2862684605 0.2748580256 0.2563462469 0.2650448716 0.3205755104 0.4178323109 0.540084982 0.6510770563 0.7209286049 0.7378007297 0.7108976213 0.6589159976 0.5806515961 0.4859277244 0.386762127 0.3057837074 0.2476367037 0.2054308907 0.1694240957 0.1431202333 0.1404984845 0.1748255496 0.2427626777 0.3230370343 0.4167022644 0.5884061565 0.8908420662 1.3164961364 1.6965869628 2.0380574436 2.2076346442 2.1539510919 1.8513155281
0.6651428724 0.6963251906 0.6903120618 0.6316171232 0.5443976914 0.5016739233 0.5080744817 0.5241402818 0.4812682812 0.4360666588 0.4032763392 0.3781943354 0.3262281768 0.2549467862 0.1880544506 0.1696420111 0.2212025692 0.3291202202 0.4383645251 0.4877541615 0.4634945176 0.4129077723 0.3965484781 0.4558395435 0.5972389137 0.7843628632 0.9645140439 1.0513946235 1.0625813587 1.0492245364 1.0264413896 0.9585707423 0.7912308088 0.573925231 0.3718849196 0.2377899366 0.1615790657 0.1256886691 0.1134987217 0.1213135137 0.1534217054 0.210400203 0.2843879818 0.3874913486 0.5541665413 0.8313901153 1.1583448357 1.4741020507 1.6286250941 1.647106167 1.5219755375 1.3011211544
0.4902291741 0.4825393807 0.4567527422 0.3917476262 0.3378706446 0.3325662127 0.3799179303 0.4231926216 0.4421067942 0.4379925726 0.4425368337 0.4238704041 0.3780837702 0.2929905636 0.2215461832 0.213846606 0.3003426706 0.473456717 0.6632887888 0.7589777707 0.7372044681 0.660325346 0.6363556904 0.7029533234 0.8639090363 1.0992232351 1.2960031048 1.3917655681 1.3533954351 1.3629207913 1.4428592746 1.4043045641 1.1780844024 0.809401107 0.4997820986 0.2977817612 0.1977811814 0.1590324426 0.1478200083 0.1444370568 0.1531962317 0.1838884479 0.2444196475 0.3387807814 0.4862749327 0.6896373921 0.9277766325 1.102336111 1.1586662579 1.0848570526 0.9454051399 0.7928910443
0.2674059435 0.2758487701 0.2563192417 0.2241805922 0.2018452657 0.2134321397 0.2523183727 0.3003111261 0.3408658551 0.3802155378 0.4048886711 0.4105311383 0.3708052558 0.2979741782 0.2381675136 0.2469860398 0.3587125743 0.571289206 0.8192145199 0.9819609818 0.9767711459 0.9369920464 0.9442522981 1.0205417512 1.1507482204 1.3256089447 1.5024449187 1.5217112719 1.4988657882 1.5365870105 1.6592372973 1.7029435156 1.3991866895 0.9795797416 0.6085211338 0.3772691517 0.2640847979 0.2290073739 0.2166470585 0.2010307127 0.1827715761 0.1914144031 0.2403478387 0.3279189119 0.4476850401 0.5916757711 0.7300671992 0.8147104723 0.7939508905 0.7015132195 0.5875922107 0.5008713209
0.1229271436 0.1361607046 0.1363480169 0.1321989958 0.1345898028 0.1483913192 0.1726798346 0.2038140146 0.2434612232 0.2880340466 0.3303447726 0.3441865943 0.3181419438 0.2647456102 0.2290874118 0.2572991012 0.3740363208 0.5838491182 0.8326836972 1.0135108333 1.0973858833 1.125921718 1.2126817957 1.2951731251 1.3360388164 1.3717278583 1.4151918632 1.4471037252 1.4428520967 1.493776124 1.5865494695 1.5690022743 1.3730524664 1.0166289974 0.6938664766 0.4673063128 0.3463939744 0.3039282849 0.3008154251 0.280402154 0.2570043818 0.2544669522 0.2952554531 0.3785890775 0.4724475934 0.5593310381 0.6221988974 0.6367175594 0.5949124081 0.5126411791 0.4350494958 0.4033401727
0.0653723463 0.0797323155 0.0950418619 0.1159870136 0.1401889028 0.1584460286 0.1670982679 0.1737501731 0.1923946939 0.2289541219 0.2699480992 0.2904269725 0.2686210845 0.2287507317 0.2087151085 0.2431496268 0.3530335156 0.5264602808 0.7313192142 0.9198774367 1.0459457466 1.1557958263 1.2706114966 1.3660696451 1.2989664891 1.2066767851 1.1738317634 1.1881114169 1.2315718782 1.2556131467 1.264300055 1.2452465093 1.1503240927 0.9864584088 0.7769221397 0.582891179 0.4366082443 0.3794960576 0.3829008917 0.4031012179 0.4049419967 0.4046970531 0.4287005639 0.4860595143 0.5523134767 0.5752156538 0.5739526473 0.5546455829 0.5062199909 0.4418342187 0.3913097455 0.3978957542
0.067963232 0.0817490976 0.1089114846 0.157929474 0.2122792339 0.2442883258 0.2376637729 0.2169394473 0.2145483938 0.2452923847 0.2877765593 0.3048002919 0.2813084337 0.2336209837 0.2029715743 0.2241470577 0.3077011815 0.442194348 0.5937060614 0.7499205702 0.8929772852 0.991882513 1.0971406631 1.127593038 1.0629387672 0.9360018413 0.8665361351 0.8773429972 0.9118327756 0.9280311579 0.925053735 0.9326161743 0.9563530415 0.9539590543 0.881022827 0.7032134426 0.5319540548 0.4521080792 0.4948562487 0.5903307218 0.663172988 0.6797827986 0.6809057005 0.6968533109 0.7045744371 0.6766014563 0.6135971603 0.5460714393 0.4806113197 0.4050851377 0.3608451629 0.3909563
0.1038180418 0.1121525965 0.1454057765 0.2202603017 0.316353936 0.3657540929 0.3529741746 0.3120242154 0.317083521 0.374488498 0.4386804647 0.4549472873 0.4030243061 0.3109606341 0.2343986553 0.2154170331 0.2633609624 0.3509112667 0.4570263729 0.565080617 0.6554060862 0.7341833797 0.7877502402 0.80904319 0.7568277492 0.6688961164 0.6041979861 0.6002846593 0.6312635221 0.663434332 0.6957653392 0.7566500276 0.8602049299 0.9671828436 0.9548400168 0.8080500355 0.6048367412 0.5221336772 0.6126997772 0.8223767874 0.996611043 1.0842448789 1.1050909905 1.113597356 1.0768082951 0.966508304 0.8033942376 0.635707066 0.4872057273 0.3767535849 0.3192281542 0.3439806523
0.1430678244 0.1391180685 0.1765822733 0.264461939 0.3763656694 0.4550677501 0.4363773068 0.4226498333 0.492234779 0.6351681248 0.7604310045 0.7694264718 0.6452715407 0.4579916833 0.2998700322 0.2287963728 0.2365520328 0.2891031748 0.3486374737 0.3978873889 0.4391691385 0.4837689606 0.5343566039 0.5645141358 0.5514583586 0.4932188326 0.4431463524 0.4374127138 0.4779009344 0.5406785815 0.6175242839 0.7112972019 0.8410987934 0.9631685034 0.9955129433 0.8356279356 0.6420401684 0.566501848 0.6941006371 0.9699188785 1.2841089858 1.5067311103 1.7082304919 1.8114477297 1.7454535583 1.4917178084 1.1612709915 0.8244963608 0.5497625793 0.3671985245 0.2860373003 0.2887184612
0.1401192206 0.1526483575 0.1910163618 0.2685580117 0.3691834666 0.4332719221 0.4601891517 0.5110102722 0.6893374374 0.9887672393 1.1959040635 1.1794738351 0.9283483121 0.6148677497 0.3813980042 0.2670554486 0.2472792681 0.2692539651 0.2890653367 0.2882080961 0.2926923114 0.3290835844 0.399364667 0.4655368544 0.4822125325 0.4410662063 0.3904219743 0.3851802359 0.4377647998 0.5320223823 0.629507327 0.7352980914 0.8377783943 0.9382197141 0.9363322659 0.8122405804 0.6417576108 0.583574211 0.705188915 0.990507455 1.3519590471 1.7855266873 2.2735873194 2.6210269977 2.4536456945 2.0443204811 1.5397138813 1.0430738885 0.6300691513 0.3862004303 0.2853851264 0.2697178326
0.1350998741 0.1585315779 0.1951017275 0.2499958898 0.3145235207 0.3769581201 0.4399978622 0.5657288858 0.8361278844 1.2339995973 1.5902495691 1.4575364632 1.107241638 0.73481498 0.4660576139 0.3348446191 0.2983651044 0.2902169233 0.2682906569 0.232906107 0.2198674581 0.2632025315 0.3629742802 0.4760647542 0.5157611565 0.4745833888 0.4018442562 0.3835859772 0.4420834145 0.5387677687 0.6513337921 0.7365453481 0.8322298031 0.897313529 0.8836411339 0.7715195684 0.6425840212 0.5877674674 0.6714864526 0.8962336065 1.258472988 1.782409718 2.4047553778 2.8593114095 2.6860934483 2.229778068 1.6872093528 1.1051099249 0.6558301157 0.398789608 0.3107411506 0.2929145392
0.1542361568 0.1796135675 0.20762323 0.2319082892 0.272362765 0.3370041706 0.4281194225 0.5904596427 0.8819635142 1.2891334851 1.5621265224 1.5068274735 1.1834588032 0.8321842044 0.5802856608 0.444200919 0.380503371 0.3341539099 0.2684321197 0.2111849597 0.1977841265 0.2538217017 0.3775235776 0.5117664918 0.580580619 0.5172729886 0.4253481859 0.3900421207 0.437298378 0.537206037 0.6344095098 0.7283529058 0.8174207047 0.8913950035 0.8761698154 0.7806732089 0.6661625673 0.5978714614 0.6127836694 0.7552130169 1.0492147482 1.481393467 2.0113518858 2.3136637224 2.2701522123 1.8867067002 1.4108887605 0.9472920956 0.5711217861 0.3702679726 0.3153138506 0.3256013153
