Models/Synthetic/Density/temp_raster_dens.asc
NCOLS 100
NROWS 100
XLLCORNER 3302900
YLLCORNER 3112000
CELLSIZE 4430
NODATA_VALUE NaN
[rows 69 to 91 of 100, columns 0 to 51 of 100]
0.0000714038 0.0000492681 0.0000727182 0.000070101 0.0000753517 0.0000565902 0.0000646112 0.0000409298 0.0000494262 0.0000632869 0.0000779078 0.0000887882 0.0000688891 0.0000702292 0.0000640239 0.0000496098 0.0000360478 0.0000375271 0.0000405939 0.000048212 0.0000734624 0.0000941516 0.000087239 0.0000600425 0.0000520829 0.0000922389 0.000112079 0.0001450274 0.0001303193 0.000092213 0.0000980863 0.0000841082 0.0000974292 0.0000735383 0.0000734392 0.0001021336 0.0000924505 0.0000890613 0.0000795934 0.000074272 0.0001231915 0.0000845007 0.0000879472 0.0001164828 0.0001072377 0.0000973377 0.0000978678 0.0000720813 0.0000691559 0.0000615604 0.000079205 0.0000733817
0.0000489289 0.0000455312 0.0000787422 0.0001098146 0.0000771578 0.0000758737 0.0000546572 0.000054753 0.0000645621 0.0000649184 0.0000709491 0.0000712036 0.0000811295 0.0000858834 0.0000800819 0.0000661661 0.0000464245 0.0000340489 0.0000392784 0.0000566099 0.0000574149 0.0000659332 0.0000500899 0.0000446787 0.0000455511 0.0000865168 0.0001657491 0.0002156833 0.0001514405 0.0001044388 0.0000707081 0.0000626793 0.0000537468 0.0000529033 0.0000475787 0.0000542845 0.0000783658 0.0000955851 0.0001270072 0.0001097346 0.0000983568 0.0000877053 0.000109571 0.0000859846 0.0001140489 0.000144985 0.0001324183 0.0001045658 0.0000774504 0.0000647346 0.0000602776 0.0000671277
0.0000326817 0.0000618214 0.000093616 0.0001121804 0.0001103434 0.0000857023 0.000048037 0.0000482016 0.0000596291 0.0000485622 0.0000660866 0.0000728721 0.0000839519 0.0000732761 0.0000833166 0.0000730032 0.0000576238 0.0000518543 0.0000517732 0.0000555195 0.0000794048 0.0000653692 0.0000547782 0.0000367222 0.0000527177 0.0000910181 0.0001741374 0.0001572918 0.000139841 0.0001203183 0.0000650386 0.0000518074 0.0000590353 0.0000492734 0.0000463325 0.0000758129 0.0000740135 0.0001371225 0.0001336971 0.0001741133 0.0000925248 0.0000714971 0.0000591266 0.0000730537 0.0000781967 0.0001431223 0.0001827702 0.0001097165 0.0000951614 0.0000926809 0.0000760397 0.0000851924
0.000058951 0.0000714399 0.0001208215 0.0001390914 0.0001094739 0.0000812833 0.0000621185 0.0000581234 0.0000759598 0.0000569082 0.0000614171 0.0000667229 0.0000702725 0.0000780986 0.0000695175 0.0000673062 0.0000786346 0.0000643331 0.0000649469 0.0000889225 0.0000709096 0.0000666723 0.0000615668 0.0000672697 0.0000559189 0.0001146238 0.0001117069 0.0001396992 0.0001412343 0.0001122732 0.0000729941 0.0000478377 0.0000478759 0.0000594921 0.0000509736 0.0000657899 0.0001074188 0.0001028881 0.000142992 0.0001236902 0.000093571 0.0000565833 0.0000566876 0.0000541402 0.0000709585 0.0001093913 0.0001326601 0.0001174373 0.0000953379 0.0001271444 0.0000849258 0.0001099232
0.0000478673 0.0000680491 0.000103565 0.0001076777 0.0000992236 0.000068804 0.0000690565 0.0000607006 0.0000653055 0.0000789312 0.0000601493 0.0000803214 0.0001168344 0.0000897254 0.0000717164 0.0000618931 0.0000517841 0.0000546785 0.0000532545 0.0000513681 0.0000608344 0.0000549673 0.0000633539 0.0000472302 0.0000707951 0.0000810945 0.0001672051 0.0001434187 0.0001544604 0.0000888851 0.0000656734 0.0000619961 0.0000708616 0.000088486 0.0000814601 0.0000774118 0.0000806944 0.000077349 0.0001048853 0.0001003663 0.0000909641 0.0000674176 0.0000602209 0.0000665123 0.0000651978 0.0000775491 0.0001031717 0.0001170876 0.0001166439 0.00011476 0.0000993562 0.0001179483
0.0000336131 0.0000474972 0.0000865141 0.0000847986 0.0000865349 0.0000655516 0.0000842751 0.0000835935 0.0000595509 0.0000461548 0.00005617 0.0000876633 0.0001169311 0.0001127683 0.0000955287 0.0000619035 0.000044611 0.0000360613 0.000036962 0.0000431507 0.0000417199 0.0000511341 0.0000419744 0.0000528524 0.0000659229 0.0000856576 0.0000936764 0.0001236464 0.0000921555 0.0000714281 0.0000527814 0.0000558748 0.0001042064 0.0000976919 0.000100157 0.0000685914 0.0000599666 0.0000607015 0.000071484 0.0000695236 0.0000685683 0.0000904025 0.0000819924 0.0000759189 0.0000778599 0.000108634 0.000098583 0.0001449721 0.0001471199 0.0001468879 0.0001119204 0.000095409
0.0000412617 0.0000403377 0.0000562068 0.0000828533 0.0000945207 0.0000774668 0.0000626811 0.0000721495 0.0000647552 0.0000437453 0.0000479025 0.0000795705 0.0001077132 0.0001610474 0.0001182001 0.0000841531 0.0000620784 0.0000435421 0.0000407925 0.0000501677 0.0000395456 0.0000497419 0.0000406762 0.0000393715 0.0000455055 0.0000587938 0.0000690915 0.0000672125 0.0000676908 0.0000644864 0.0000535247 0.0000599341 0.0000613291 0.000083739 0.000074053 0.0000576786 0.0000595649 0.0000796976 0.0000740198 0.000075331 0.0001078303 0.0001125974 0.000132592 0.0001109452 0.0001022414 0.0001081878 0.0001160803 0.0001700503 0.000250013 0.0001658843 0.0000984085 0.0000981158
0.0000377016 0.0000412176 0.0000642407 0.0001154734 0.0001171078 0.0000931576 0.0000595147 0.000053502 0.00004505 0.0000574011 0.000090209 0.000102244 0.0001474534 0.0001646417 0.0001184596 0.0001084069 0.0000951761 0.0000663261 0.0000552616 0.0000640423 0.0000551083 0.0000636648 0.0000499854 0.0000406049 0.0000497014 0.0000535987 0.0000591254 0.000063009 0.0000647837 0.0000591166 0.0000635766 0.0000440507 0.0000428744 0.0000491326 0.000059551 0.0000549268 0.0000855303 0.0000861288 0.0001008117 0.0001065925 0.0001158203 0.000143165 0.0001254283 0.0001287579 0.0000991964 0.0000815756 0.0001195233 0.0001783047 0.0001642741 0.0001343111 0.0000941845 0.0000762195
0.0000526463 0.0000716111 0.0000967689 0.0001083415 0.0001368873 0.0001036129 0.0000537681 0.000042202 0.0000500293 0.0000625427 0.0000815148 0.0001564386 0.0002169159 0.0001557107 0.0001204016 0.0001104664 0.0001014631 0.0000928206 0.0000762336 0.0000864472 0.0000836621 0.0000735914 0.0000643392 0.0000689401 0.0000493906 0.0000568973 0.0000611273 0.0000545277 0.0000594475 0.0000492124 0.0000385127 0.0000390755 0.000047358 0.0000426559 0.0000463431 0.0000469749 0.0000757682 0.0001048173 0.0001011014 0.0001098205 0.0001285959 0.0001368334 0.0001320462 0.0001027427 0.0000906547 0.0001042571 0.0000949974 0.0001468803 0.0001372142 0.0001001361 0.0001029558 0.0000674489
0.0000939089 0.0001490509 0.0001300999 0.0001499912 0.0001197705 0.0001039143 0.0000722104 0.0000582951 0.0000687017 0.000090541 0.0001111688 0.0001294586 0.0002133254 0.0001495328 0.0001086318 0.0000925239 0.0000842841 0.0000815897 0.0000728172 0.0000707931 0.0001014514 0.0001062488 0.0001072701 0.0000643407 0.0000496562 0.0000440287 0.0000714066 0.0000612341 0.0000556074 0.0000489449 0.0000416991 0.0000384271 0.0000442575 0.0000552233 0.0000412346 0.0000540529 0.0000558449 0.000063223 0.0001026977 0.0001147396 0.0001064554 0.0001558337 0.0001232136 0.0000713465 0.0000579061 0.0000910489 0.0000664391 0.0000853958 0.0001009843 0.0000995895 0.0000790517 0.0000730316
0.0001543006 0.0001983441 0.00015235 0.0001436027 0.0001488718 0.0001683305 0.0001132008 0.0000938517 0.0001340438 0.0001336666 0.0001090284 0.0001206947 0.0001803899 0.0001356452 0.0000916581 0.0000698566 0.0000784902 0.0000801807 0.0000947089 0.0000934871 0.0000965696 0.0001281442 0.0000972971 0.0000694033 0.0000423175 0.0000605317 0.0000527164 0.0000436249 0.0000456275 0.0000637519 0.0000693956 0.0000710362 0.0000686543 0.0000550627 0.0000686572 0.0000866188 0.0000651365 0.0000567931 0.0000697507 0.0000859407 0.0001324071 0.000111768 0.0000758996 0.000056696 0.0000458748 0.000047439 0.0000611064 0.000063111 0.0000816178 0.0000720036 0.0000729653 0.000067073
0.0001257348 0.0001234253 0.0001438421 0.0001337643 0.0001413235 0.0001604632 0.0001491358 0.0001191157 0.0001303703 0.0001207692 0.0001276443 0.0001158942 0.0001112201 0.0001077573 0.0000742199 0.0000834731 0.0000936326 0.0001115022 0.0001561829 0.0001716717 0.0001395517 0.0001064863 0.0000768974 0.0000702085 0.0000449047 0.0000373495 0.0000345823 0.0000348995 0.0000471068 0.0000696182 0.0000683542 0.000087193 0.0000870064 0.0000870491 0.0000977219 0.0001346853 0.0001110127 0.0000609182 0.0000610196 0.0000938388 0.0001221764 0.000101732 0.0000859758 0.0000521529 0.0000359828 0.0000390176 0.0000504578 0.0000625982 0.0000732955 0.0000626702 0.0000549497 0.0000447348
0.0001249595 0.0001278294 0.0000995025 0.0001392561 0.0002234731 0.0001564537 0.000130375 0.0001693875 0.0001451791 0.0001334675 0.000114938 0.0001500289 0.0000841577 0.000063556 0.000070629 0.0000938416 0.0001245872 0.0001490663 0.0002024518 0.0001674473 0.000115832 0.0000690341 0.0000581862 0.0000698018 0.0000531764 0.0000396354 0.0000476823 0.0000497715 0.000055032 0.0000641033 0.0000870341 0.0001031161 0.0001247364 0.0001161124 0.0001040962 0.0001030808 0.0001249767 0.0001115165 0.0000680994 0.0000712224 0.000088946 0.0000935546 0.0000698351 0.0000601672 0.0000403024 0.0000425637 0.0000458784 0.0000509419 0.0000861239 0.0000991419 0.0000562262 0.0000342236
0.00007022 0.0000916409 0.0000847341 0.0001042984 0.0001527827 0.0001372528 0.0001068141 0.000120478 0.0000923398 0.0000907149 0.0000952904 0.0000870117 0.0000611401 0.000044855 0.0000567748 0.0001101964 0.0001444212 0.0001599558 0.0001425434 0.0001437567 0.0000968938 0.0000644146 0.0000643504 0.0000766133 0.000061861 0.0000633707 0.0000693171 0.0001001895 0.0001005611 0.0000799411 0.0000856254 0.0001106593 0.0001305268 0.0001170179 0.0001201496 0.0000916944 0.0001197984 0.0000824163 0.000080012 0.0000618893 0.0000656555 0.0000743912 0.0000914391 0.0000635672 0.0000674265 0.0000609494 0.0000521686 0.0000691368 0.0000727033 0.0000933463 0.0000478723 0.0000307641
0.0001307561 0.0001207097 0.0000845466 0.0000849731 0.0001174054 0.0001034597 0.0000665092 0.000054323 0.0000666995 0.0000804869 0.0000845678 0.0000772321 0.0000753988 0.0000453844 0.0000715023 0.0001305837 0.0001451721 0.0001233455 0.0000927897 0.0000851489 0.0000737297 0.0000564063 0.0000693447 0.0001054473 0.0001043074 0.000092058 0.000086279 0.0001278522 0.00014084 0.0001210841 0.0000888863 0.0000908853 0.0000886743 0.000111858 0.0000986851 0.0001111388 0.000091077 0.0000881709 0.0000618718 0.0000683293 0.0000707967 0.0000636718 0.0000551959 0.0000658574 0.0000937271 0.0000924641 0.0000611597 0.0000546134 0.0000855413 0.0000687555 0.0000491564 0.0000376452
0.0002612298 0.0001434218 0.0001107237 0.0001142191 0.0001245172 0.0000968844 0.000061111 0.0000369993 0.0000402576 0.0000523312 0.0000622165 0.0001054982 0.000062498 0.0000529479 0.0000933045 0.0001120957 0.0001023417 0.0001166261 0.0000720688 0.0000472591 0.0000439594 0.00004202 0.0000714429 0.0001227061 0.0001321729 0.0001246113 0.0001215171 0.0001211904 0.0001447926 0.0001346362 0.0001151611 0.0000954942 0.0000702162 0.0000831408 0.0000849176 0.0000987337 0.000086651 0.0000888376 0.0000717009 0.0000643523 0.0000711957 0.0000724096 0.0000600808 0.0000832893 0.0000688231 0.0000554037 0.0000545857 0.0000408173 0.0000480004 0.0000795444 0.000076691 0.0000451346
0.0001392723 0.0001934631 0.0001582786 0.0001318927 0.0001212219 0.0001053113 0.0000635642 0.0000416189 0.0000353169 0.0000451772 0.0000705038 0.0000869977 0.0000724706 0.0000602546 0.0000777827 0.0000687644 0.0000617305 0.0000878737 0.0000799725 0.0000626964 0.0000481264 0.000039897 0.0000636717 0.000096639 0.000117346 0.0001189295 0.0001270542 0.0001072752 0.0001054785 0.0001421606 0.0001613427 0.0001125115 0.000078951 0.0000760244 0.0000848222 0.0001061912 0.0001069353 0.0000895092 0.0000827584 0.0000648119 0.0000558199 0.0000663367 0.0000921893 0.0000699553 0.0000556555 0.0000477503 0.0000502068 0.0000393201 0.0000370518 0.0000616075 0.0000952953 0.0000712613
0.0001576256 0.0001427877 0.0001760597 0.0001389589 0.0001292533 0.000101861 0.0000754801 0.0000543769 0.0000516783 0.0000554895 0.0000638712 0.000066274 0.0000666845 0.000082062 0.0000709921 0.0000547286 0.000049403 0.000066209 0.0001241349 0.000121423 0.0001079818 0.0000489827 0.0000502948 0.0001000132 0.0001523229 0.0001570572 0.0001100506 0.0000787827 0.0000734171 0.0000881228 0.0001278823 0.0001398958 0.0001166827 0.0001069287 0.0001109291 0.0001041284 0.0000785891 0.0000834113 0.0000790654 0.0000670733 0.0001077018 0.0000699049 0.0000700491 0.0000630543 0.000063043 0.0000525296 0.0000327372 0.0000325285 0.0000328803 0.0000497173 0.0000842773 0.000125294
0.0000818093 0.0001306528 0.0002430097 0.0001875583 0.0001601651 0.0001029777 0.000066223 0.0000831897 0.0000847602 0.0000663028 0.0000714878 0.0000676865 0.0000934661 0.0000965069 0.0000667006 0.0000648098 0.0000564522 0.0000829786 0.0001567568 0.0002244339 0.0001400281 0.0000796473 0.000061489 0.0000946884 0.0001316085 0.0001045669 0.0000670604 0.0000472524 0.0000492157 0.0000655304 0.0000900786 0.0000924553 0.0000965903 0.0000737006 0.0000861246 0.0001087816 0.0000666075 0.0000717547 0.0000575651 0.0000589224 0.0000534241 0.0000717827 0.0000620999 0.0000895516 0.0000865478 0.0000419924 0.0000290242 0.0000294104 0.0000409225 0.0000501323 0.0000745746 0.0001143514
0.0000891132 0.0001151961 0.0001485184 0.0002033345 0.0001748716 0.0001406871 0.0000814222 0.0000716298 0.000088185 0.0000667883 0.000065981 0.0000900234 0.0001037969 0.0000845603 0.0000656168 0.0000601689 0.0000710166 0.0000869706 0.0001512721 0.000204614 0.0001850691 0.000109128 0.0000891891 0.0000859467 0.0000898403 0.0000744995 0.0000623408 0.0000332615 0.0000333391 0.0000476412 0.0000692152 0.000075165 0.0000749994 0.0000564332 0.000071143 0.0000580444 0.0000562138 0.000046585 0.0000595492 0.0000742761 0.0000658902 0.0000581803 0.0000789994 0.0000781647 0.0000670475 0.0000542384 0.0000289472 0.0000332362 0.0000514197 0.0000551834 0.0000643392 0.0000768344
0.0000838131 0.0000829916 0.0001324381 0.0001517067 0.0001859041 0.0001366514 0.000082026 0.0000806677 0.000061575 0.0000639975 0.000077725 0.0000788724 0.0000946825 0.0000827856 0.0000564235 0.0000565645 0.0000748459 0.0000952694 0.0000952246 0.0001357241 0.0001712618 0.0001407476 0.0001263706 0.0001067353 0.0000753488 0.0000628829 0.0000438831 0.0000356693 0.0000350786 0.0000532456 0.0000810931 0.0000784856 0.0000734293 0.0000607915 0.0000570071 0.0000622152 0.0000511967 0.0000481819 0.0000565965 0.0000686861 0.0000920961 0.0000907603 0.0000654643 0.0000638667 0.0000645641 0.0000476035 0.0000330809 0.0000339468 0.0000451921 0.0000655145 0.0000499315 0.0000606832
0.000075962 0.0000716063 0.0001055556 0.0001051827 0.0001343201 0.0001437198 0.0000879839 0.0000674943 0.0000744841 0.0000713777 0.0000687542 0.0000942311 0.0000671986 0.0000620981 0.0000490253 0.0000452442 0.0000592328 0.0000536104 0.0000878331 0.0001056961 0.0001993581 0.000239841 0.0001454245 0.000103819 0.0000819209 0.0000670833 0.0000653637 0.0000655004 0.0000663782 0.0000688691 0.0000805258 0.0000984648 0.0000626361 0.0000353604 0.0000490334 0.0000627391 0.0000462005 0.0000766376 0.0000676617 0.0000743915 0.0000790635 0.0000918836 0.0000897062 0.0000653566 0.0000737156 0.0000586179 0.0000307782 0.0000287989 0.0000373534 0.0000434834 0.000052692 0.0000519657
0.0000968364 0.0000910723 0.0000764631 0.0001044692 0.000151907 0.0001143041 0.000090559 0.0000563646 0.0000594676 0.0000863488 0.0000651096 0.0000763127 0.0000757622 0.0000778431 0.0000700951 0.000058922 0.0000606086 0.0000636577 0.0000824381 0.0001595499 0.0002058643 0.0002244382 0.0001856675 0.0001021359 0.0000713588 0.0000632905 0.0000821851 0.0000970363 0.0001176127 0.0001083297 0.0000983065 0.0000697665 0.0000391995 0.0000301538 0.0000326935 0.0000378922 0.0000452488 0.0000457695 0.0000822237 0.0001063583 0.0001305492 0.0001101677 0.0001063412 0.0001124211 0.0000891673 0.0000570782 0.0000475213 0.0000269009 0.000036151 0.000053894 0.0000631036 0.0000544473
