Models/Synthetic/Density/temp_raster_pop.asc
NCOLS 100
NROWS 100
XLLCORNER 3302900
YLLCORNER 3112000
CELLSIZE 4386.138614
NODATA_VALUE NaN
[rows 0 to 37 of 100, columns 0 to 85 of 100]
4.8 4.8 4.8 5.8 47.24 34.4 4.8 5.3 4.8 3.84 2.88 4.98 6.24 6.24 4.35 5.61 3.09 2.94 1.83 1.46 2.72 3.32 4.72 2.31 1.16 0.32 0.32 0.32 1.72 3.32 3.52 2.8 2.43 2.24 2.24 2.24 2.96 3.2 3.52 3.28 3.52 3.52 3.14 5.03 7.84 6.54 5.76 5.76 5.76 5.76 4.81 2.91 2.72 2.81 4.34 0.8 2.3 3.2 3.41 6.35 4.49 2.72 2.72 2.72 2.72 4.61 5.03 2.93 2.72 2.72 2.72 4.88 5.6 5.6 5.6 5.6 5.6 5.6 5.6 5.6 0.8 6.56 11.04 11.04 11.04 11.04
8.05 6.99 6.28 7.76 59.83 34.4 4.8 4.8 4.8 4.2 3.09 4.56 6.24 5.4 3.93 3.72 2.88 2.58 1.32 1 2.72 0.76 2.58 2.36 1.64 0.8 0.32 0.92 1.04 1.72 3.52 3.28 2.24 2.24 2.24 2.24 2.24 2.24 2.4 2.56 2.56 2.98 1.81 3.14 3.79 6.01 5.76 5.76 5.38 5.19 3.29 2.72 2.72 2.72 2.72 0.92 2.15 48.85 3.2 5.09 6.05 3.14 2.72 2.72 2.72 4.19 2.93 2.72 2.72 2.72 2.72 4.88 5.6 5.6 5.6 5.6 5.6 5.6 5.6 4.64 0.7 1.44 9.76 11.04 11.04 11.04
6.91 4.48 4.48 4.75 16.42 4.8 4.8 4.8 4.8 4.35 2.88 4.56 3.51 2.88 2.88 2.88 2.88 1.68 0.37 0.92 1.38 0.62 2.44 2.36 2.24 2.12 1.16 1.4 1.64 1.16 3.36 3.52 2 2.24 2.24 2.24 2.24 2.24 2.3 2.54 2.56 2.56 1.48 4.39 6.22 5.6 4.4 5.76 3.48 2.72 2.72 2.72 2.72 2.72 2.72 2.48 11.88 152.22 32.03 7.34 9.98 6.08 3.56 4.61 4.82 2.93 2.72 2.72 2.72 2.72 2.72 4.4 5.6 5.6 5.6 5.6 5.6 5.6 5.6 3.36 0.6 1.44 8.48 11.04 10.86 11.04
4.48 4.48 4.48 4.48 4.48 4.48 4.48 4.48 4.54 4.28 3 2.88 2.88 2.88 2.88 2.88 2.88 1.23 0.39 1.52 1.4 0.41 1.64 2.24 2.24 1.76 2.19 5.09 2.9 2.24 2.24 1.92 0.56 2 2.24 0.68 1.04 1.88 2.24 2.28 2.56 2.56 2.56 2.56 3.17 3.17 3.44 4.2 4.16 2.91 3.1 2.72 3.29 3.48 2.72 2.72 12.93 60.27 92.07 15.54 9.29 5.9 3.98 3.77 2.93 2.93 2.72 2.72 2.72 2.72 3.08 3.68 5.12 5.6 5.6 5 4.88 5.6 4.96 2.4 1.46 0.8 7.21 10.5 10.14 11.04
4.48 4.48 4.48 4.48 3.44 2.4 4.48 4.48 5.08 5.1 4.02 3.12 2.88 2.88 2.88 2.88 2.88 1.23 0.57 2.12 2.24 1.88 0.81 1.52 2.24 2.24 2.24 2.81 5.28 3.38 2.24 2.24 2 2.24 1.76 1.88 1.04 1.28 2.24 2.24 2.52 2.56 2.56 2.56 2.9 3.05 3.68 3.68 3.68 3.82 3.92 3.29 5.38 3.88 2.81 2.73 2.81 2.88 25.11 60.02 5.51 4.31 4.43 2.72 2.72 2.72 2.72 2.72 2.72 2.72 3.56 3.68 3.68 3.8 4.16 3.68 3.68 4.64 5.6 3.36 0.48 2.27 7.4 9.6 9.6 10.59
3.7 4.48 4.48 4.48 2.66 2.9 2.4 4.48 4.22 4.24 5.12 3.36 3 2.88 2.88 3.32 2.91 1.93 1.77 2.24 2.24 2.24 1.66 1.4 2.24 2.24 2.24 2.24 5.09 5.28 2.62 2.24 2.24 2.24 2.24 2.24 2.24 2.24 2.24 2.24 2.4 2.56 2.56 2.56 2.98 3.68 3.68 3.68 3.68 3.68 3.88 5.06 5.57 5.38 4.89 3.27 2.88 2.88 2.88 38.54 4.88 3.62 4.04 3.08 2.99 2.75 2.72 2.96 2.78 2.72 3.68 3.68 3.68 3.68 3.68 3.68 3.68 3.37 2.4 2.18 0.42 0.44 3.23 5.89 6.01 3.48
1.88 4.48 4.48 4.48 3.18 6.26 0.74 6.82 20.76 22.08 42.7 3.36 3.12 2.88 6.09 5.95 4.88 2.66 1.08 1.88 2.24 3 5.28 3.78 2.24 2.24 2.24 2.24 3.19 5.09 3.19 2.24 2.24 2.12 2.12 14.54 30.94 17.8 1.52 2.24 2.24 2.46 2.56 2.56 3.33 3.68 3.68 3.68 3.68 3.68 3.68 3.45 2.75 3.1 4.35 4.56 2.88 2.88 2.88 3.08 3.2 3.41 5.3 5.09 4.46 3.17 3.32 3.68 3.5 2.78 3.68 3.68 3.68 3.68 3.68 3.68 3.6 2.88 2.4 1.88 0.32 0.32 0.84 2.4 2.4 2.4
0.58 3.44 1.36 2.4 4.26 4.24 5.64 19.04 12.96 32.92 19.66 3.36 3.36 2.97 5.74 5.98 3.49 2.42 0.94 1.71 2.24 2.24 3.95 5.28 4.71 2.62 2.24 2.24 3.19 4.33 2.43 2.24 1.16 0.8 0.92 30.94 30.34 1.4 0.68 1.64 2.24 2.3 2.56 2.56 2.84 3.68 3.68 3.68 3.68 3.68 3.68 3.68 2.93 2.85 2.88 3.51 3.3 2.88 2.88 3.02 3.2 3.2 4.25 5.93 6.35 4.04 3.56 3.68 3.68 3.62 3.68 3.68 3.68 3.68 3.68 3.68 3.26 2.21 0.84 2.4 1.75 0.71 1.49 2.4 2.4 2.4
3.96 3.96 2.14 3.7 4.48 4.6 4.02 17.94 12.96 3.36 3.36 3.36 3.36 3.27 4.8 3.04 2.56 1.44 2.58 4.9 4.14 2.24 2.43 4.9 5.28 4.71 5.09 4.9 2.62 2.43 2.24 2.24 2.12 2 1.76 2.72 1.4 2.24 1.88 2.48 4.04 3.04 2.56 2.56 3.68 3.68 3.68 3.68 3.68 3.68 3.68 3.58 2.88 2.88 2.88 4.35 5.4 4.98 3.09 2.92 3.2 3.2 3.2 3.2 4.04 3.26 3.65 3.68 3.68 3.68 3.68 3.68 3.68 3.68 3.68 3.68 3.37 1.62 1.1 2.4 2.4 2.01 2.4 2.4 2.4 2.4
4.48 2.73 2.52 1.83 3.7 3.64 3.36 39.66 9.04 3.36 3.36 3.36 2.86 3.06 2.95 2.56 2.56 2.56 3.13 5.17 3 2.43 3.95 4.71 5.09 22.23 5.28 4.71 3.57 2.24 2.24 2.24 2.24 2.72 4.04 4.16 2.48 1.52 1.88 2.72 4.16 3.76 2.56 3.12 3.68 3.68 3.68 3.68 3.68 3.68 3.68 3.75 3.05 2.88 2.88 3.09 3.72 5.61 4.77 3.09 3.04 3.12 3.16 3.2 3.2 3.5 3.68 3.68 3.68 3.68 3.68 3.68 3.68 3.68 3.68 3.68 3.21 2.27 0.32 0.84 0.32 0.32 1.1 2.4 2.4 2.4
5.38 4.14 2.24 1.28 2.23 7.19 24.68 9.7 3.58 3.36 3.26 2.91 2.61 2.56 2.56 2.56 2.56 2.56 3.32 4.91 3.57 2.62 4.9 5.28 3.95 30.88 42 2.43 2.24 2.24 2.24 2.24 2.6 4.04 4.16 4.16 3.68 3.2 4.16 4.16 4.16 3.76 2.56 2.77 3.68 3.68 3.68 3.68 3.68 3.68 4.04 5.22 3.66 2.58 1.83 2.73 2.88 2.88 3.51 2.88 2.88 2.88 2.9 3.04 3.12 3.13 3.84 3.68 3.68 3.68 3.68 3.68 3.68 3.68 3.68 3.44 2.4 2.4 0.84 0.45 0.97 0.32 0.71 2.01 2.4 2.4
5.49 4.94 2.26 4.8 3.52 4.76 5.56 3.58 3.36 3.36 2.86 2.56 2.56 2.56 2.56 2.75 4.27 4.65 2.9 2.83 3.38 3.57 4.52 5.28 3.95 20.14 30.88 2.43 2.24 2.24 2.24 2.24 3.44 4.16 4.16 4.16 4.16 3.44 4.16 4.16 4.16 3.76 2.56 2.56 3.12 3.68 3.68 3.68 3.68 3.68 4.04 4.84 2.34 0.63 0.48 2.28 2.88 2.88 2.88 2.88 2.88 2.88 25.11 2.88 2.88 3.93 4.5 4.02 3.68 3.68 3.68 3.68 3.68 3.68 3.68 12.27 38.04 2.4 2.14 2.14 1.75 0.32 0.32 0.84 3.54 4.49
5.56 4.59 2.3 1.31 4.25 6.52 3.16 2.71 2.91 2.86 2.56 3.51 2.56 2.56 2.75 5.22 5.6 4.27 2.48 2.24 2.24 2.43 4.33 5.28 3.95 2.24 2.24 3.95 2.24 2.24 2.24 2.24 2.96 4.16 4.16 4.16 4.16 4.16 4.16 4.16 4.16 3.86 2.56 2.56 2.63 3.54 3.68 3.68 3.68 3.68 3.26 2.75 1.88 0.47 0.48 2.58 2.88 2.88 2.88 2.88 2.88 2.88 69.57 76.98 32.52 3.51 2.88 5.4 5.24 4.2 3.68 3.68 3.68 3.68 4.56 4.57 136.05 46.95 2.4 1.36 0.32 0.32 0.32 1.23 2.4 3.54
1.97 4.28 3.95 3.27 5.52 5.97 4.2 2.56 2.56 2.56 4.46 4.28 3.9 2.56 2.94 5.22 5.6 4.08 2.54 2.24 2.24 2.24 2.24 2.24 2.24 2.24 3 5.09 3 3 3.57 5.28 3.76 3.99 4.16 4.16 4.16 4.16 4.16 4.16 4.16 4.16 4.46 2.56 2.56 2.84 3.68 3.68 3.68 3.26 2.56 2.56 2.56 2.43 1.18 3.72 2.88 2.88 2.88 2.88 2.88 2.88 69.57 47.34 106.62 17.7 3.42 5.76 5.76 5.76 4.98 3.68 3.68 4.21 5.44 3.54 11.31 2.59 2.78 0.58 0.97 0.32 0.97 2.27 2.4 2.4
0.32 2.63 5.6 0.98 4.19 4.81 5.03 5.03 2.56 2.94 3.62 0.32 0.46 2.75 2.56 2.56 3.32 2.56 2.48 2.24 2.24 2.24 2.24 2.24 2.33 2.88 4.14 5.28 3 3.38 2.81 5.28 4.9 3.93 4.04 4.16 4.16 3.2 2.48 1.76 3.2 4.16 5.03 2.56 2.56 2.56 3.19 3.68 3.26 2.56 2.56 3.89 4.84 2.94 3.01 6.24 3.72 2.88 2.88 2.88 2.88 2.88 17.7 2.88 32.73 47.34 5.22 5.76 5.76 5.76 5.76 3.94 3.5 2.4 5.44 3.73 2.4 4.87 5.25 3.73 2.27 0.84 2.01 2.4 2.4 2.4
3.94 3.29 5.6 1.31 2.58 3.13 4.08 5.22 2.56 2.75 2.81 3.95 4.28 4.27 15.32 18.51 28.08 2.56 2.42 2.24 2.24 2.24 2.24 2.24 3.41 3.68 4.38 4.48 4.04 2.24 2.81 5.09 4.14 2.81 3.91 2.48 0.32 0.32 0.32 2 4.16 4.16 3.51 2.56 2.56 2.56 2.63 3.12 2.56 2.56 2.56 3.13 2.94 2.56 2.81 6.12 4.98 2.88 2.88 2.88 2.88 2.88 3.72 5.61 6.24 3.3 3.06 4.32 5.04 5.76 5.76 5.48 2.8 2.4 2.78 3.92 2.4 4.3 3.92 3.69 2.4 2.27 2.4 2.4 2.4 3.16
5.49 5.58 3.95 0.32 0.65 2.8 5.6 4.65 2.56 2.56 2.56 2.56 3.32 3.13 31.27 34.46 5.75 2.56 2.54 2.24 2.24 2.24 2.51 3.23 3.68 3.68 3.68 3.68 3.83 2.24 2.24 2.81 4.14 2.31 1.18 0.32 0.32 0.32 0.56 3.68 4.16 4.16 2.86 2.56 2.56 2.56 2.56 2.56 2.56 2.56 2.56 2.56 2.56 2.56 2.94 3.29 3.48 2.88 2.88 2.88 2.88 2.88 3.3 4.35 6.24 3.3 2.88 2.88 2.88 4.14 5.76 5.76 4.69 2.4 2.4 2.78 2.4 2.59 3.91 4.5 3.45 2.4 2.4 2.4 2.78 5.44
5.44 5.44 4.52 0.98 0.32 2.19 3.7 2.56 2.56 2.56 2.56 2.56 2.56 2.56 18.51 12.13 2.56 2.56 2.56 2.97 2.51 2.69 3.68 3.68 3.68 3.68 3.68 3.68 2.78 2.24 2.24 2.24 2.24 1.39 0.38 0.32 0.32 0.32 1.76 4.16 4.16 4.16 4.29 4.46 2.94 2.56 2.56 2.56 26.89 18.78 3.89 4.08 3.13 2.56 2.56 1.72 0.96 2.88 2.88 2.88 2.28 2.73 2.88 4.35 6.03 5.19 2.88 2.88 2.88 2.88 4.77 5.76 5.76 4.5 2.4 2.4 4.42 7.69 5.67 4.8 4.53 2.73 2.4 2.4 2.4 3.84
4.64 4.16 4.16 4.24 3.1 3.18 2.56 2.56 2.56 2.56 2.56 2.56 2.56 2.56 2.56 2.56 2.56 2.94 4.46 3.05 3.59 3.14 3.68 3.68 3.68 3.68 3.68 3.68 2.42 1.28 1.76 2.66 3.2 3.23 0.48 0.47 0.41 0.81 3.92 4.16 4.16 4.16 5.24 4.84 2.75 2.56 2.56 18.78 107.99 35 3.13 5.6 3.7 4.08 2.33 1.02 3 2.88 2.88 2.28 1.23 1.98 2.88 2.88 3.3 3.3 2.88 2.88 2.88 3.72 4.77 4.68 5.76 5.76 3.24 2.78 6.86 5.96 5.09 4.8 4.08 3.3 2.88 2.58 3.06 3.36
4.16 3.92 4.16 3.06 2.94 2.94 2.56 4.46 3.7 2.56 2.56 2.56 2.56 2.56 2.56 2.56 3.32 4.84 2.75 2.77 3.68 3.68 3.68 3.68 3.68 3.68 3.68 3.68 3.47 1.16 2.36 3.2 4.52 6.72 0.87 0.48 1.16 2.63 4.1 4.16 4.16 4.16 5.24 4.08 5.41 2.75 2.56 3.89 10.67 2.56 2.56 5.6 3.7 3.76 0.98 2.13 6.24 4.98 3.93 3.51 2.85 2.13 2.88 2.88 2.88 2.88 2.88 2.88 2.88 3.72 5.82 4.32 5.76 5.76 4.8 6.97 8.28 4.8 4.8 4.8 4.53 3.36 3.36 3.36 3.36 3.36
2.96 1.52 2.24 2.66 2.56 2.56 2.56 5.22 2.94 2.56 2.56 2.56 2.56 2.56 2.56 2.56 2.58 2.56 2.56 2.56 3.61 3.68 3.68 3.68 3.68 3.68 3.68 3.68 3.68 3.47 2.21 3.65 4.08 6.5 2.82 0.48 1.67 0.65 2.87 4.1 3.86 3.92 4.88 5.22 5.6 3.51 2.56 4.27 4.08 2.56 2.56 3.51 5.6 5.6 0.32 0.32 5.5 5.82 5.82 5.82 3.72 2.88 2.88 2.88 2.88 2.88 3.72 2.88 4.35 4.77 4.98 4.74 5.76 5.76 5.7 7.41 9.44 84.72 83.27 4.8 6.18 3.36 3.36 3.36 3.36 3.36
4.16 3.68 4.16 3.06 2.56 2.56 2.56 2.56 4.65 4.08 2.56 3.51 3.13 2.56 2.56 2.6 2.72 4.5 5.72 3.04 2.69 3.5 3.68 3.68 3.68 3.68 3.68 3.68 3.68 3.47 1.58 3.05 3.48 3.42 2.91 0.99 0.82 0.48 3.3 4.74 3.42 3.2 3.08 5.48 5.6 3.51 2.56 3.13 3.32 2.56 2.56 3.89 5.6 4.1 1.46 0.53 0.46 3.97 3.09 4.35 5.82 5.4 3.3 2.88 3.51 5.82 4.7 5.4 5.49 3.72 3.09 4.86 5.76 5.7 5.1 5.38 19.78 151.11 60.85 5.96 4.88 3.36 3.36 3.36 3.36 3.36
4.07 4.16 4.43 3.04 2.56 2.56 2.56 26.51 32.82 5.6 4.46 5.6 3.13 2.56 2.56 2.64 2.72 4.32 3.52 2.72 3.15 2.78 4.4 3.86 3.68 3.68 3.68 3.68 3.68 3.68 3.68 2.23 1.18 2.18 3.2 2.86 0.82 3.99 6.72 6.72 4.08 3.2 3.2 4.53 5.38 2.75 2.56 2.56 2.56 2.56 3.32 5.22 5.27 0.91 3.2 3.2 2.69 4.74 5.84 2.9 2.88 3.72 3.09 2.88 3.54 6.36 4.18 3.49 4.38 4.18 3.96 4.88 4.88 5.26 4.8 4.8 4.8 94.48 139.32 6.74 3.36 3.36 3.36 3.36 3.36 3.36
4.91 4.25 4.17 2.77 2.56 2.56 2.56 51.03 65.4 5.6 5.6 4.08 2.56 2.56 2.56 2.68 2.72 2.72 2.72 2.72 3.52 4.22 3.14 2.69 3.68 3.68 3.68 3.68 3.68 3.68 3.68 2.84 0.36 2.69 3.2 3.2 3.2 4.96 6.72 6.72 3.2 3.2 3.2 3.2 3.64 4.56 3.13 3.13 2.56 2.56 3.89 3.33 4.81 1.46 3.2 3.2 3.2 3.2 4.3 3.82 5.02 4.35 2.88 3.78 8.48 8.48 4.98 4.48 4.48 4.48 4.48 4.48 4.48 4.72 4.8 4.8 27.22 83.27 74.09 8.28 5.24 3.36 3.36 3.36 3.36 3.36
5.24 5.66 3.14 2.72 2.64 2.56 2.75 5.41 42.02 33.2 4.27 3.13 2.56 2.56 2.56 2.72 2.72 2.72 2.72 2.72 3.12 4.1 2.78 2.24 2.78 3.68 3.68 3.68 3.68 3.68 3.68 3.68 0.51 3.2 3.2 3.2 3.2 4.08 6.72 6.72 4.3 3.2 3.2 8 5.06 4.74 5.52 4.75 3.16 2.96 3.48 3.2 3.2 3.2 3.2 3.2 3.2 3.2 5.4 6.72 6.6 3.51 4.66 5.88 8.23 8.48 6.98 4.48 4.48 4.48 6.48 4.48 4.48 4.76 4.8 4.8 4.8 7.12 8.86 8.28 5.78 3.36 3.36 3.36 3.36 3.36
2.72 3.14 2.72 2.93 3.14 2.96 5.22 5.6 3.42 2.75 2.94 2.56 2.56 1.72 1.5 2.72 2.72 2.72 2.72 2.72 5.72 4.01 2.24 2.24 2.24 2.78 3.68 3.68 3.68 3.68 3.68 3.59 3.23 3.2 3.2 3.2 3.2 3.64 6.28 6.72 6.5 3.86 5 45.32 75.56 6.28 4.96 3.2 3.2 3.2 5.84 3.86 3.2 3.2 3.2 3.2 3.2 3.2 3.2 3.86 6.5 6.54 6.48 5.98 7.73 7.23 5.73 4.48 4.48 5.48 8.48 5.48 5.23 5.38 4.8 4.8 5.09 9.44 6.25 4.8 4.8 4.17 3.36 3.36 3.36 3.36
2.72 3.35 4.82 5.03 3.53 2.57 2.94 4.23 0.32 2.14 1.58 1.72 2 1.27 1.31 2.72 2.72 2.72 2.72 2.69 2.86 2.24 2.24 2.24 2.42 3.32 3.5 3.68 3.68 3.68 3.68 3.41 3.2 3.2 3.2 3.2 3.2 3.2 4.52 5.18 6.72 65.85 73.04 142.88 142.88 55.58 3.42 3.2 3.2 5.4 5.18 4.74 3.64 3.2 3.2 3.2 3.2 3.2 3.2 3.2 5.62 6.5 6.72 7.73 4.98 4.48 4.48 4.48 4.48 4.73 7.73 8.48 8.72 6.25 4.8 4.8 4.8 8.28 7.41 9.44 8.28 7.19 3.36 3.36 3.36 3.36
2.72 2.72 2.65 4.19 3.23 2.56 3.32 3.99 1.92 1.16 2.56 2.56 2 2.18 5.72 5.32 3.72 2.3 2.24 2.27 1.76 0.68 1.64 2.24 4.04 3.68 2.78 3.41 3.68 3.68 3.56 3.2 3.2 3.2 3.2 3.2 3.2 3.2 3.2 3.64 4.52 3.42 116.69 38.12 73.04 3.2 3.2 3.2 3.2 5.4 5.84 3.42 3.2 3.2 3.2 3.2 3.42 4.08 4.52 3.2 4.96 6.28 5.12 4.98 4.98 6.98 4.98 4.48 4.48 4.48 4.48 5.23 8.1 7.7 4.8 16.01 61.43 50.22 7.41 5.67 5.59 5.3 4.04 3.36 3.36 3.36
3.77 2.93 0.48 5.87 5.03 2.82 2.56 2.56 2.56 2.56 2.56 2.56 2.56 5.71 5.92 5.52 2.92 2.3 1.69 2.24 2.24 2.12 1.4 3.92 5.12 3.86 2.24 2.87 3.68 3.68 3.38 3.2 3.2 3.2 3.2 3.2 3.2 3.2 3.2 3.2 3.2 20.66 73.04 3.2 3.2 3.2 3.2 3.2 3.2 3.2 3.2 3.2 3.2 3.64 5.84 92.86 118.32 92.64 30.86 3.64 5.4 5.4 7.05 8.23 53.26 178.28 62.58 16.05 4.48 5.48 7.48 28.12 16.23 5.67 4.8 139.32 172.95 5.38 6.88 7.3 7.3 5.3 6.49 3.36 3.36 3.36
4.4 2.79 1.32 2.72 2.64 4.46 2.94 2.56 2.56 2.56 2.56 2.56 3.7 5.69 5.92 5.92 4.24 1.19 2.24 2.24 2.24 2.24 2.96 4.64 5.12 4.4 2.24 3.5 3.5 3.68 3.35 5.4 5.18 3.2 4.74 5.84 4.52 3.2 3.2 3.2 3.2 20.66 11.93 3.2 3.64 4.52 5.62 5.4 3.2 3.2 3.2 3.2 4.52 4.08 6.5 28.66 78.92 4.08 3.64 3.42 5.18 3.2 3.6 4.48 50.76 97.79 133 98.04 73.9 5.23 6.98 64.08 92.87 157.33 299.91 353.44 278.75 148.8 12.8 7.3 12.8 5.3 5.8 4.72 3.36 3.36
2.72 2.72 2.72 2.7 2.59 2.56 2.56 2.56 2.56 2.56 2.56 2.94 5.38 5.92 5.92 5.92 2.49 2.12 2.24 2.24 3.5 3.5 3.14 1.88 4.04 5.12 2.6 2.24 2.24 2.6 2.72 3.64 6.5 4.08 4.08 4.08 3.42 3.2 3.2 3.2 3.2 3.2 3.2 3.2 3.64 4.96 3.2 3.64 3.2 3.2 3.2 3.2 5.84 5.18 5.18 3.2 3.2 4.08 6.06 4.74 4.3 3.2 6.41 5.98 5.73 7.48 7.73 6.73 29.62 16.05 4.73 85.47 139.39 353.44 353.44 353.44 353.44 353.44 246.99 55.38 12.8 11.8 11.8 9.85 3.36 3.36
5.66 3.68 3.8 3.76 2.56 2.56 2.56 2.56 2.56 2.56 2.56 4.29 4.5 4.32 4.32 5.72 3.52 2 2.42 2.6 3.68 3.62 2.42 1.88 1.88 2.42 2.24 2.78 2.24 2.24 2.24 2.6 4.3 6.72 5.4 4.08 3.2 3.2 3.2 3.2 3.2 3.2 3.2 3.2 3.2 3.2 3.18 3.13 3.1 3.15 3.16 3.16 5.99 5.17 4.96 5.4 6.28 6.72 5.17 6.68 5.21 4.65 6.98 8.23 7.98 7.23 5.73 5.73 6.98 4.48 4.48 50.76 120.18 200.83 353.44 353.44 353.44 353.44 225.7 12.8 12.8 12.8 34.09 12.8 9.26 3.83
5.36 4.82 4.16 4.16 3.24 2.56 2.56 2.56 2.56 2.56 2.75 5.72 3.32 2.72 2.72 4.52 5.71 3.14 5.12 5.12 5.12 5.12 4.58 3.5 2 0.92 2.42 4.04 2.42 3.14 2 1.76 2.72 4.08 5.62 4.3 3.2 3.2 3.2 3.2 3.2 3.2 3.2 3.16 3.15 3.09 3.04 3.04 4.09 3.67 3.04 3.04 4.93 6.19 5.41 5.91 5.57 5.11 4.98 3.97 3.76 4.12 4.12 4.21 5.98 7.98 6.23 6.23 8.48 5.48 4.48 4.48 16.05 103.29 157.25 309.86 353.44 353.44 55.38 95.65 310.86 119.25 161.83 12.8 9.8 4.75
4.16 4.16 4.16 4.16 4.42 2.75 2.56 2.56 2.56 2.56 3.14 4.4 5.12 3.92 2.92 5.92 6.96 5.12 4.76 4.04 4.4 4.58 2.6 2.24 2.24 1.16 2.24 3.32 3.86 3.32 2.24 0.8 1.05 3.2 3.64 3.2 3.2 3.2 3.2 3.2 3.2 3.19 3.07 3.04 3.04 3.04 3.04 3.46 4.3 5.77 3.04 3.04 3.04 4.09 5.14 3.67 4.3 4.93 4.93 5.35 3.04 3.04 3.04 3.04 3.4 4.35 7.48 7.84 5.58 5.73 3.76 4.03 38.26 72 289.07 246.99 353.44 289.57 12.8 179.27 353.44 309.32 69.09 9.3 11.8 3.3
4.16 4.16 4.16 4.16 4.16 3.93 3.69 4.88 3.48 2.68 2.71 2.72 2.72 63.74 5.12 6.11 6.79 4.94 3.14 4.58 2.24 2.24 3.14 4.4 2.42 2.12 2.24 2.24 4.4 4.04 2.6 1.88 1.28 3.14 3.2 3.2 3.2 3.86 4.08 3.86 3.2 4 4.58 3.81 3.26 3.04 3.04 4.09 6.4 5.77 3.04 3.04 3.04 3.04 3.88 5.98 5.56 4.09 3.67 4.93 3.46 3.04 3.04 3.04 3.04 3.67 6.32 6.32 3.88 3.13 3.04 3.04 6.45 10.08 171.87 12.8 193.79 289.72 266.74 5.87 46.22 4.26 4.8 4.5 10.3 2.7
4.16 4.16 4.16 4.16 4.16 4.16 5.59 5.92 4.12 2.72 3.32 4.12 3.26 84.77 57.58 6.86 2.78 3.5 3.14 4.76 3.68 2.6 3.5 4.4 2.24 2.24 10.94 2.24 3.68 4.58 4.04 3.5 4.4 5.8 4.3 3.2 3.86 4.52 6.72 3.86 4.28 4.8 4.8 4.8 4.69 3.04 3.04 3.46 6.19 3.46 3.04 3.04 3.04 3.04 3.04 4.51 39.58 6.19 6.4 5.14 3.46 3.04 4.51 3.04 3.04 5.77 3.67 5.14 3.04 3.04 3.04 3.59 6.78 10.08 10.25 33.05 128.22 184.32 204.54 138.36 60.63 38.46 3.75 2.7 3.9 2.4
4.16 4.16 4.16 4.16 4.16 4.93 5.92 5.92 5.32 2.72 4.52 5.72 4.16 96.5 108.2 58.1 16.94 3.5 3.86 3.86 3.32 4.22 4.04 2.6 13.84 29.24 29.24 4.22 4.04 4.94 4.76 5.12 3.68 3.5 5.94 5.4 5.62 6.5 5.18 5.34 5.04 4.8 4.8 4.8 4.8 3.92 3.04 3.25 3.46 3.04 3.04 3.04 3.04 3.04 3.67 29.22 188.96 97.68 6.4 6.4 6.19 5.98 5.77 4.09 4.09 5.77 4.51 5.56 3.04 3.04 3.04 6.34 8.76 10.08 10.08 33.22 60.9 184.32 184.32 184.32 173.1 38.46 2.88 3.48 2.58 2.4
4.16 4.16 4.16 4.16 4.18 4.41 4.12 5.12 5.92 4.92 4.92 6.35 6.53 128.9 88.16 78.14 8 7.1 3.68 2.42 2.24 2.96 4.4 1.64 2.3 4.94 10.56 4.46 2.66 2.82 3.69 2.96 2.96 4.04 3.14 5.28 6.06 4.96 3.2 4.02 4.8 4.8 4.8 4.8 4.8 4.8 4.58 3.59 3.15 3.04 3.04 3.04 3.04 3.88 5.98 6.4 120.5 154.73 17.81 6.4 6.4 6.4 4.72 3.46 6.4 6.4 6.4 5.56 4.93 4.72 4.11 5.46 9.75 10.08 9.75 9.95 7.8 50.18 50.68 62.4 8.8 5 2.94 5.28 3.3 3.3
