Models/Synthetic/Density/temp_raster_pop.asc
NCOLS 100
NROWS 100
XLLCORNER 3302900
YLLCORNER 3112000
CELLSIZE 4430
NODATA_VALUE NaN
[rows 23 to 45 of 100, columns 0 to 51 of 100]
6.5717496533 8.4066375011 7.9863432099 8.0735108223 7.3173775595 8.4679670341 11.1033172905 14.3753043071 11.5236274626 9.8807062722 8.3641160138 7.7167470014 12.3982394032 24.2873101552 26.0357363212 18.5155527917 15.257894671 17.324464583 18.7332541171 24.1350710512 19.8835114426 19.0362383329 15.7319378467 12.8444490947 6.7057580416 5.9570262526 8.5677760874 7.8244664169 6.551643552 5.5960172722 5.5742426842 5.1375246052 6.721521144 11.1477663439 13.826074187 10.8695294621 9.2905351484 8.3807660794 8.0407682998 6.6588442239 9.5437351156 11.2105259547 8.5644765614 7.2415262962 9.7124858809 12.9187237007 17.9066541407 23.0228138079 28.1555688756 21.592185541 14.3316201665 13.2305880428
9.0166917938 8.1120196875 10.075728535 14.039357515 8.2491284375 8.7828286106 11.4070156475 15.6557039997 10.5457015205 6.9573396314 6.6175115805 7.59376261 10.5813983492 13.4410181634 16.4376595884 14.3388296373 16.1656619804 17.1719303815 24.4585128271 29.4695742012 27.9802204137 20.7226336884 14.4712643109 8.8433124513 7.9064713376 11.0065122036 10.3322483757 10.731784168 7.336587208 4.6916252886 4.5896019652 7.7808348408 10.7401605754 14.4514902893 12.7995438881 12.198034741 9.0921849009 7.3859634399 6.925062731 5.4916426656 8.6410710626 7.5084532479 5.5632508919 6.9355650907 7.3792209541 10.0370122006 10.6254442554 15.5940237634 16.8085108686 16.4238861037 11.7018323771 13.2635551158
5.300973718 10.1698625461 11.1417297287 12.4867616087 11.2631179541 10.4052131644 10.6357430018 12.0427993005 10.4327263036 9.9665797225 6.0728697815 7.1090033875 7.9336164465 9.6764589446 8.0301897331 9.8980867257 11.9786002026 12.3411627962 18.0100323301 19.8404902388 23.2746086061 23.6384483738 12.0743530389 10.1117794707 7.1044302743 9.9895810762 10.1390308169 8.1509184301 8.0834807801 6.6698238991 5.5521539408 7.9298452749 11.3696227305 15.8111503608 16.4192249156 12.2220144608 8.9430495779 5.4291693549 3.9817157887 4.5561020046 5.9795621173 5.410584 4.1393905788 4.0407927637 8.4132234796 8.3574109267 9.9805986122 11.3928736584 13.6452049624 12.1620065989 10.3623071891 14.0829612164
3.7172703415 5.4688431143 6.4155031091 8.941651586 7.7476546224 10.1606213465 11.8292958359 13.1759352167 15.7684882606 12.3013986541 8.6401597387 10.3095949941 7.3745722153 5.1740210952 5.293416361 6.1755293885 8.3329545562 7.3272394709 8.0171182342 15.4232280188 18.9766016957 16.5135164226 10.7415945579 7.9582839529 8.2286756293 9.2359819696 10.7640310123 9.5998711469 7.3936528405 6.7344014848 8.987170367 12.6608546886 15.4601798168 11.4416950165 14.5751214327 11.0212567173 7.4540808892 4.8529480661 3.8784241782 4.6296781143 4.9498687832 4.3992058214 3.4450107302 4.2013446136 5.6987908586 8.4655085715 10.3108679764 11.9999731546 10.5236289769 11.1627361302 10.0912319595 9.7954960043
1.8712135389 3.4240389538 6.1029331471 5.7500384726 6.2621208353 7.2211148189 11.7264378517 22.4866609222 18.2187030181 14.3758296005 14.9319203523 10.0540770681 7.2821206815 6.361162695 4.8291792752 4.5272366378 4.2180320834 4.2626101006 6.4551462035 6.6898644848 8.4545521396 10.3312079112 9.8616297881 7.2817312158 9.0911125311 13.3702420459 12.9253950184 13.7956647898 7.6973905912 7.7010809724 9.0408164073 13.2214641148 11.5399154088 11.6311768562 8.6043047488 8.0370465587 5.8029250609 5.7694388632 4.4773709916 4.25178364 7.4704174301 5.3732795093 4.7419104333 6.006213986 7.3693197151 8.2797623935 10.4048401805 9.3769731864 9.8312408327 9.0671160429 9.8176461062 8.8166663932
1.4711735533 3.6482528929 5.0176225653 4.7668975157 5.0589691478 7.1670082196 11.1142828339 16.3362020546 24.6335744648 17.2130613224 13.4319141344 12.6037498838 11.5585763438 7.687397848 5.651240784 3.7649607136 3.0078498954 2.3719296052 3.1694418643 3.9412885569 4.9080295247 7.0665686487 8.9928570629 6.7961170701 13.74033638 12.4741110177 15.1122955865 10.6931978281 9.354528862 15.0508688328 15.3530941046 15.3340194695 10.9353567414 10.2026615287 8.2831716933 6.1795714703 5.8289896927 6.3424189601 5.0382136246 5.8814877636 4.8871552111 7.2186260261 7.727232263 8.4448915595 7.9507949984 7.6894937833 9.807017365 8.3248697594 8.6638378813 10.3758402517 9.7208371262 7.5160884162
1.9504447271 3.3361197396 5.3866350081 6.6782130696 7.11962326 8.1269965803 10.5107430226 12.9302618973 21.2502913896 14.4613819806 14.4551299594 12.7812186889 12.5568740742 12.7635344268 7.238638213 4.1084849765 1.9906559648 1.4592354456 1.5690009871 3.092927835 4.5520990526 5.7926543641 5.5854279682 6.9205450979 8.4988391898 9.097651984 13.5074325398 10.967588924 9.8447007786 15.9714057909 22.9628991907 14.1134181242 10.0792944942 7.2208994985 9.0327642409 8.7150949177 7.1901970697 5.8071078388 6.6929741082 5.3973709983 6.0297560131 6.4484151579 10.0801475522 8.6433603703 7.329867628 8.4467135862 8.1917589911 8.9341464181 7.6405992348 5.8316956937 6.9417398345 6.9166361203
4.0667619088 5.0148438313 8.4240633335 8.9472554809 8.3318152184 10.2104285001 8.0229750803 10.3812774378 11.432831751 12.6287528825 15.1654028737 13.5773643114 10.956030969 11.3282702537 7.7325762362 3.4606916118 2.5115179795 1.3012039664 1.3615910658 2.4858071513 4.2701582316 6.9845212209 6.57318464 6.1390904208 6.9018560868 9.8506307195 9.8373063238 9.2741988218 9.9724993046 15.7233237896 15.1613813894 11.4481329508 6.9309667568 5.9341303897 7.9974387597 6.8086731924 9.3756788494 8.7705618563 4.916344696 5.0035910379 6.4873892398 8.9432946325 9.6706246722 10.4545980287 9.9617238866 10.1294341736 9.6571121964 6.572343804 6.7864855221 7.4261625547 5.4247908589 6.2412387082
10.1114609384 10.8130222902 6.6818637563 7.895842112 9.7245551368 8.599811659 8.7777450758 6.9870459346 8.1219952618 10.9334867972 14.198757609 12.105312786 11.5046257377 9.1947555214 6.5228047068 4.0515265578 2.2631763324 2.3989836671 1.5920947218 3.0844837235 4.4138336268 8.2175306295 7.7494578424 5.6908238362 4.8966512946 8.082473508 10.9309177784 9.3084888798 12.6282893664 14.9640402661 11.7762019614 8.083001234 6.3915136206 5.0849512431 4.9442586577 6.5717470066 7.4720084489 7.677663164 5.3631806944 6.2790784993 8.4456815448 8.033825233 7.1652457952 8.8937343368 17.0225299184 11.5800129038 7.8789157304 8.402009545 6.9830388536 9.1365217388 6.8246033204 8.6680498349
15.2195775519 7.9333287698 5.1844019265 5.598735879 5.4512887633 7.5636968698 6.5897163097 6.9491845169 9.0280229405 9.9984673491 10.3601889307 9.4664098901 9.2951596556 7.5432075079 4.7517631404 4.2207897173 3.3661737691 2.5618652079 2.4010179392 3.046551629 5.2398214055 8.3095992373 7.1718793084 5.9096093648 5.2383863568 4.9943923348 8.6754958987 13.2579370049 15.2193114311 13.5818575414 11.9251132135 7.5961409166 6.5021574223 5.7713350871 5.3372585286 9.2359382672 8.3190240489 9.1788897435 6.2413667128 6.2340866201 7.0000843041 6.187181169 6.4858971801 8.7780069808 8.2554368702 8.9673215493 8.4022532451 9.2858660894 11.1880496204 13.1798463952 11.1089407862 8.7374337051
6.1436342476 4.8681901073 3.3520785639 3.2802065817 5.2117086549 4.6042437695 6.8596983278 8.3129364066 9.0462693754 7.9162414372 10.3224254261 6.8021784684 6.1239284221 4.8387925655 4.4845105251 3.8484783376 4.4694961366 5.2988441118 3.8029871232 4.4386355486 6.5380128961 7.904040334 8.3068282529 5.5002723911 4.6061836414 4.4544247038 7.2889974722 10.2655099665 13.3229479064 11.5129097862 9.2122044547 6.3513485887 8.9564677697 8.121693815 8.2481487353 12.3202982432 13.4735891461 10.019062824 9.1255112576 6.1030974003 5.3008859679 6.3165261559 7.2111097989 5.5943110286 5.6165944853 5.091117086 5.2391385267 8.8101268411 16.1940211507 17.7313687656 13.0465287677 8.33285586
2.6667362608 3.649424157 2.9368008156 3.4651899337 5.5011471244 6.6791755931 6.2628543648 7.5542567345 6.4384495478 6.1636423506 6.5757198128 4.8517018073 3.2771220625 3.23330731 3.7159645467 4.9404559516 3.683987893 4.0288083303 4.3666393021 7.0140467191 9.3899544729 9.2103195869 10.6800533957 6.8341933303 5.927441271 5.2027932244 6.875130515 10.2571702545 9.7758837223 9.8096203891 6.9426902585 6.2324947241 6.0469945039 8.8469023972 11.833085858 12.6277258536 15.9294368622 12.9548233252 9.94648887 6.1646450589 5.6040356812 5.5179657526 8.2170242552 6.0224062907 5.1010404713 3.6887543449 4.6325831212 8.5236298674 12.4410246718 13.0436333121 14.0574842745 9.7589933688
4.7845770743 5.093251439 6.0522188043 4.9157435883 7.3474440724 9.0303614702 9.4914261322 7.6586755746 5.4940555284 4.1860927326 4.3488565897 2.9414810364 2.9241067161 2.370534845 2.7386446323 3.9551279434 5.2304415474 3.4411164424 3.540053571 5.250898846 7.7440183785 12.4100816667 11.713881907 10.0725835049 8.0384696265 9.7196374036 9.0568562746 8.9298176827 9.9030334139 13.5008793402 10.8090961566 6.5806566442 7.7963953597 11.2785626782 12.8790031202 12.3518268406 11.8430964849 9.4965829086 8.1145744919 7.4544342583 7.8675758839 9.7464574858 8.9882339038 12.8550521857 6.7160693938 4.6134529592 4.6648905749 6.6476497867 8.0829640918 9.6722486403 9.711005877 8.3576143273
9.5530631234 10.598754083 10.152306886 9.6242376662 9.2070429089 14.2821693816 20.1076516121 11.3292537064 5.8288964502 3.7965292503 4.2264707643 2.7685848953 2.6806686555 2.8409677993 3.3421364856 3.6650678053 3.9471141164 4.1120728706 3.7174930064 5.7530365202 8.8785021934 9.3075358102 8.6742271582 8.766442354 9.6691610667 9.7837391024 11.0982026502 11.5298624782 14.0476536454 14.3610195624 14.455852184 8.3635282617 10.5985248909 14.6598776614 14.1528254513 11.4377970673 7.8572451238 8.1049459047 8.8076085691 8.2014843185 9.3452506901 14.3529166094 11.7844826364 10.835411273 10.3339824035 6.3227488874 7.6174887352 6.1008640372 7.3128286177 7.5441143745 7.1747874659 8.7165139632
37.4417587745 30.1227692644 18.3481292288 16.0107809204 13.2356796985 14.9754375723 13.7928798073 12.802131018 9.1996586603 5.7847389848 5.6333352187 4.9385784294 4.5668387758 5.7351246388 5.3184359542 4.8203244058 4.3456134679 4.6783710616 5.4731568197 8.6789858411 8.239128949 8.7444673677 7.1185245164 8.5128506391 8.6721646349 8.2293273305 11.2421479492 9.7566451159 12.5924893722 13.7711662907 11.869130206 10.2288800889 14.5976549211 16.4853570747 17.8745387486 12.1102633803 7.837296362 6.8483691422 8.4084112832 10.014772235 11.4186087795 11.8839113876 11.6016310651 15.6467754467 10.0351887225 10.0687532364 7.4993867765 6.3992418507 5.6548190727 5.7084533699 6.1769224541 7.051799543
103.004465488 44.9739155641 23.5134769086 16.9194582689 15.5311685339 14.6037103521 13.0650813132 14.8764968995 13.9243744757 12.5347190395 9.3797938184 8.2854068035 11.7116019169 9.4602935417 5.9478793623 4.8241138851 5.0188175098 5.2131831552 8.6825110418 8.6917519634 8.9325604997 9.0179278598 9.7737038272 9.6302810259 6.7338623646 7.0587119167 7.6193985887 7.018446124 7.895505045 9.3449334097 11.2738371803 11.9886268154 17.996002005 21.4815871138 18.2894353041 14.106817418 8.2178983853 7.7306729566 10.5829875706 14.7880120757 11.1335507202 7.6952707026 7.5775908998 8.0284036778 10.4253686897 9.6150671656 8.1794105994 6.6866742692 7.0039148105 6.2844232757 5.4481992543 6.0459909146
56.0884613729 42.1348119112 26.4126713976 18.6573370748 13.0635005886 14.5697381239 15.2095306319 19.0720999966 24.7725391058 17.4655004477 13.8862396275 11.6074299373 11.9897112943 12.6298469517 8.392317447 6.1295181268 7.9763935178 9.4154322718 10.0150486879 15.6242019937 11.8436815401 11.8103763961 10.1025502882 9.4595820219 7.4035170214 7.0066119197 6.2737408466 5.7291692479 6.2708752262 8.6836590394 12.3487583121 18.5311447593 20.7262278265 19.6570164245 16.7487075215 11.0313593101 8.4528027547 7.8043993287 9.3530509841 9.6161443142 8.604898227 5.962369938 6.164606493 6.7209746539 7.114484064 11.1354654492 9.3567420019 9.8124931155 10.3179538152 11.0611405608 9.0410736183 6.655883529
33.9177811114 24.8327409284 14.7443155427 13.4325562801 14.5227655 13.290178897 18.142772411 28.0966043081 27.0167729768 26.2244412261 21.8284576629 10.297388672 8.2693660087 8.9930849903 8.737525952 10.236062412 10.2650760425 10.4981651507 13.815216404 14.407933326 11.6528566727 13.6471530405 13.2708902664 8.8794590795 6.4639990307 6.540463357 7.0314397282 10.4720506304 11.3579170249 9.0619573729 11.3433281627 19.4640912729 18.2202681071 13.0021051442 10.8104996416 9.2404098335 7.8760808086 6.9636333054 7.9323732772 10.4219391939 9.4949821816 12.1714504157 8.7741586302 7.1524761166 8.6865854622 9.3362574386 11.6014648986 14.0157876788 14.9571129796 13.910487204 14.2227607238 9.1607270319
12.9321887297 9.7351125813 7.7977595971 8.0055471115 14.731132676 16.8048165153 21.1308895276 26.3406618089 28.1016009863 25.7974486943 13.5217378541 8.9239929173 7.2324842141 8.9300762104 11.6920136166 14.1977331651 14.8903668204 14.7731339903 12.5625251403 13.7934655099 15.6498073948 13.0812481906 13.4425285209 6.7389782296 5.0798892073 7.2700370133 11.667307711 11.7033549574 14.1015048865 9.7332080036 13.2744652552 13.2305012368 10.694067621 11.2037418744 7.8621202105 8.3208635311 8.2609949119 8.4286343103 11.0398043634 14.3611110605 12.4148605353 17.8511829926 17.8152058596 13.8326882925 10.004591263 11.5927768842 12.792935167 15.0736212221 18.5802529455 13.8312987617 8.7271074521 7.9767709953
4.8340871075 6.795955367 6.5192838456 12.348265501 14.2280084436 18.799720958 24.1954952565 24.5888990319 18.7660368046 15.9135236554 8.73367297 5.5197588297 7.9351678513 8.7820255673 7.7848053056 10.1390936185 13.886643038 13.4611879753 11.3403040727 12.2638355112 14.9716291105 14.4714347217 9.9735372967 6.1246159019 4.6600212326 5.3926982924 8.0173278629 10.3278315121 9.7745881743 12.2984183361 9.7646270853 10.0007724056 9.9477084277 9.3347320431 11.5102881559 9.6541728388 10.5966641483 11.9509929236 13.3711026397 17.8181262272 19.5051509576 16.6318202118 15.9900693017 17.3190819644 12.1680768571 14.5472528883 13.7830899369 17.8163678619 16.594140637 12.0787553271 8.0013193395 7.2647478249
7.4673245597 6.3033990832 9.645954736 14.4938439244 15.7968075721 20.221569294 19.6766572943 13.4525615478 12.1832114544 9.1029972785 7.0143363799 5.5755714946 6.6556869489 7.3689036354 8.1557045155 7.5010998038 8.9554286692 8.1663169478 10.7540569262 11.698053297 15.4434261519 12.491542608 9.7959398088 5.0557745698 4.0341120304 4.4720116863 7.5656022595 7.4426544204 7.396994263 10.0602382621 12.5067889023 12.0282033145 13.3677736115 14.5871404793 14.003788295 13.9551218228 11.8277699546 10.148625746 16.2594936073 20.3045266455 15.7727522693 14.1010990287 12.7534554693 14.6175327129 15.2252202631 14.4984017479 16.6897867141 16.2386730508 10.7557568358 7.1515336048 5.8680185353 5.3493436548
7.7798487249 8.5956761642 10.7717989002 16.5518267228 23.1085676097 17.1549289285 12.9661951276 8.2152918706 6.573382027 6.7926534959 6.8580951131 7.0726520873 8.8334229337 7.1862323745 7.8842037289 7.2252760213 4.9963589893 5.262404868 7.6011892503 14.9655314357 15.4339114454 16.6443647529 12.662267766 5.8881163117 4.1918083905 4.9728433522 5.8867614039 7.9487822908 7.5189041095 9.6179831794 16.1383735808 13.223394701 16.1110307787 20.7332592318 20.7450568431 17.8785812117 11.3864213387 8.4072436465 9.5067728563 12.443344525 14.0031902314 11.1312291795 12.9320004621 12.0367270384 15.2103007367 14.8550851235 14.41718669 14.1702504383 11.8101303834 5.2399428886 3.8472624708 3.7892857822
7.2698964329 7.9097862668 11.9981068673 16.4128027078 20.4634173339 12.5357846533 7.9875511728 5.01175667 4.9508270077 4.8802093927 5.4434059296 7.0445359797 7.2310380743 9.6872832768 12.079103447 6.6748346738 6.5290795064 4.9337327665 8.2579243733 11.8010997186 12.7684979787 13.3825443458 9.6887199283 7.6370929695 6.1234864443 6.8877312721 6.7520916629 8.4131718425 7.5604587448 10.7232011675 13.2770483758 20.6250932784 16.4493385263 15.448820323 16.9295505214 13.7578271206 7.8507649334 6.3287778739 5.5854274512 7.003726175 7.7893774413 9.7484634083 11.6296748137 13.4353432169 15.3388212455 11.3461949258 14.539684855 12.8606822331 7.6225291221 4.540506287 2.4732534716 3.1192644704
