Models/Synthetic/Density/temp_raster_pop.asc
NCOLS 501
NROWS 301
XLLCORNER 3551300
YLLCORNER 2778253.213573
CELLSIZE 833.932136
NODATA_VALUE NaN
[rows 207 to 229 of 301, columns 364 to 415 of 501]
0.060531454 0.0348547912 0.0208428474 0.011443511 0.0058973214 0.0038028486 0.0065803275 0.020096892 0.0622954532 0.1533996844 0.2912105045 0.2971347713 0.2309830405 0.1569509546 0.0925390292 0.0501562775 0.0286498369 0.0266121605 0.0444307621 0.0809128825 0.1324118893 0.1836051859 0.2524570399 0.8367620487 0.23383625 0.2277778234 0.3833460989 1.0440810236 0.6270580468 1.2298136428 0.3677272028 0.2336304623 0.1311407614 0.0788412395 0.0679700991 0.0898968932 0.1122268752 0.117147351 0.0986663839 0.0678657241 0.038437736 0.0184494235 0.0076496309 0.002774463 0.0008896082 0.0002546434 0.0000663753 0.0000174281 0.0000072723 0.0000072089 0.000011514 0.0000377227
0.0274711172 0.0133852689 0.0065087493 0.003332131 0.0018655182 0.0017773379 0.0042891675 0.0144186983 0.0437484554 0.1076646745 0.1631972252 0.1787349199 0.1410845821 0.0920255941 0.0556300006 0.0329065317 0.0259252577 0.0392160246 0.0830335293 0.1728437841 0.2907864766 0.423923386 0.4926767212 0.4495075598 0.336142538 0.292677292 0.3933420999 0.48562352 0.4742664356 0.3816473638 0.3678218005 0.2242050573 0.1440752396 0.066901387 0.072494439 0.1047252789 0.1386970357 0.1421993427 0.1170034155 0.0754654788 0.0407028341 0.018809674 0.007591994 0.0027050712 0.0008565668 0.0002439766 0.0000671371 0.000027574 0.0000291773 0.0000431033 0.0000597598 0.0000883253
0.0235223221 0.0089035205 0.0034219384 0.0015065004 0.0008759989 0.0009947749 0.0025772209 0.0083049973 0.0236820322 0.0470980792 0.0692282294 0.0755649642 0.0645218731 0.0450671749 0.0284475099 0.0205965153 0.0265446978 0.0601585969 0.1397866356 0.2998373988 0.5859875453 0.7785325837 0.9149867553 0.5974476079 0.4055504624 0.3295081725 0.3754070974 0.3221807164 0.280818008 0.2381046513 0.2320161706 0.5964292335 0.123258931 0.0584996334 0.0668099209 0.1005615069 0.1326700751 0.144038099 0.1120466691 0.0706898702 0.0368712301 0.0166316274 0.0066039355 0.0023309455 0.0007368901 0.0002156952 0.0000787518 0.0000806357 0.0001488753 0.0002503559 0.0003478715 0.0004097112
0.0275638017 0.009857842 0.0039310965 0.0019794454 0.0012133903 0.0009755265 0.0015231777 0.0038732204 0.0089016189 0.0161170216 0.0226580769 0.025298068 0.0229414883 0.0176501787 0.013135263 0.0140309075 0.0295868458 0.0818701031 0.2187075718 0.4403371731 0.8103355076 1.3780761774 1.0180898003 0.7355023746 0.5074708713 0.3860535311 0.311843621 0.2277961606 0.1691314335 0.1385244112 0.1536732428 0.1269333682 0.1007410597 0.0472952266 0.0562873922 0.0814903417 0.106918069 0.1105893625 0.0909932166 0.057074253 0.0298057887 0.0132997947 0.0052217155 0.001829666 0.0005830078 0.0001922447 0.0001354356 0.0002887071 0.0006614498 0.0012277502 0.0017673558 0.0020274641
0.0315493899 0.0134235592 0.0072119978 0.0046305569 0.003007447 0.0018738228 0.0013579039 0.0016534826 0.0028228015 0.004580161 0.0062545757 0.0071038629 0.0068393259 0.0059866502 0.0061353505 0.0111901334 0.0317288208 0.0956967913 0.2515670073 0.6096400667 0.8939448919 1.153708859 1.0549177471 0.7151215837 0.5351034718 0.597184272 0.2976598726 0.1811359971 0.1353792782 0.1088126722 0.0854528528 0.0643626183 0.0473480935 0.0421401541 0.0488106578 0.0651990319 0.0789152733 0.0806595523 0.0661420009 0.0437714767 0.0231126605 0.0103094779 0.0039937478 0.0013830734 0.0004590591 0.0002202848 0.0003239114 0.0008663315 0.0023479385 0.0047609702 0.0073884218 0.0084621173
0.0360922164 0.0219593114 0.0159769846 0.0116552616 0.0076522849 0.0043934326 0.0022802374 0.0012641675 0.0010331096 0.0012330047 0.0015568279 0.001782938 0.0018566188 0.0020588362 0.0034927247 0.0096158668 0.0304916424 0.0903454028 0.2379515423 0.4859950691 1.2136610683 0.8435968981 0.7598998318 0.5998845302 0.478030411 0.4282661193 0.3143720073 0.226024921 0.1901720894 0.1571374866 0.1148405325 0.0779355482 0.0543306016 0.0463739364 0.0501242364 0.059146481 0.0670307314 0.0656341923 0.0535772204 0.0349864259 0.0187025179 0.0082659572 0.0031444232 0.0010812135 0.0004228002 0.000396819 0.0008592989 0.0022701307 0.0060292324 0.0145181632 0.0235959323 0.0285456422
0.0483137922 0.0420941211 0.0359915126 0.0271893526 0.0175104171 0.0095903788 0.0045321073 0.0019253749 0.0008249705 0.0004676388 0.0004079011 0.0004400353 0.0005319352 0.0008993381 0.0024228918 0.0079382197 0.0252730874 0.0719725801 0.1681499728 0.3556568539 0.5193076434 0.5845450001 0.5201905986 0.4389489559 0.3597103257 0.3216686468 0.3580229082 0.3638209523 0.3553916307 0.2744611427 0.1953646734 0.1236360138 0.0784287081 0.0598052172 0.057035975 0.0604771474 0.0630373101 0.060153663 0.0468742077 0.0300372594 0.0156926851 0.0068663193 0.0025823795 0.0009273313 0.0005355371 0.0009145123 0.0022323373 0.0054375362 0.0139616664 0.0313365587 0.061509951 0.0696408394
0.0780612536 0.0822636868 0.0743014573 0.055744362 0.03476513 0.018227364 0.0082376343 0.0032652397 0.0011689213 0.0004115084 0.0001849342 0.0001506049 0.0002267602 0.0005581884 0.0017892511 0.0059272247 0.0181184207 0.047820797 0.107518892 0.1982571195 0.2821169537 0.3424127228 0.3872135079 0.3311569458 0.2935458309 0.3146169695 0.3992076839 0.6475689006 0.5380928426 0.4472715383 0.3125788808 0.1908008989 0.11097333 0.0748485254 0.0630881017 0.0591122925 0.0566814548 0.0501190404 0.0386210604 0.0242715583 0.0126533219 0.0055371179 0.0021520406 0.0009299219 0.0009108462 0.0020717755 0.0053411697 0.0122800405 0.027584048 0.0909170984 0.1292187702 0.1685002252
0.1278115567 0.1453308517 0.1324046681 0.0974582526 0.0584645591 0.0297127425 0.0130148368 0.0050013254 0.001712038 0.0005442425 0.0001978943 0.000148006 0.0002400763 0.0005355881 0.0014262768 0.0041026035 0.0113397863 0.0279133933 0.0586123904 0.0988009414 0.1418534095 0.185538425 0.2040706438 0.2337692054 0.3388697418 0.2939026792 0.4242168401 0.5886996467 0.7503606952 0.6954338037 0.529054993 0.3008110074 0.1502540932 0.0912388922 0.0639365885 0.0524082311 0.0444690477 0.0364065177 0.0267839442 0.0170059717 0.0090129618 0.0041444392 0.0018773102 0.0012341984 0.0017786166 0.0044346798 0.0113739973 0.0260296507 0.0518815801 0.1231500794 0.7527813738 0.1684472603
0.1835673388 0.2142570634 0.1966286264 0.1401045179 0.082647137 0.0411295541 0.0177107822 0.0066892458 0.0022542889 0.0007184905 0.0003036351 0.0003162435 0.0005413613 0.0009566494 0.0017077114 0.0033104314 0.006963184 0.014492559 0.0266278371 0.0424917018 0.0604765722 0.0759111846 0.0944745552 0.1397616705 0.1774892135 0.2497518693 0.357284992 0.5413508448 0.7451420322 1.364164987 1.2030048147 0.3788139543 0.2042730405 0.109038627 0.0662478341 0.0453443969 0.0328774714 0.0235647794 0.0161748592 0.0100860676 0.0056278921 0.0030221425 0.0020647398 0.0022629147 0.0036630364 0.0083451398 0.0234500099 0.0508162579 0.0941726449 0.1696942397 0.1979378849 0.1940998988
0.20861511 0.2557614123 0.229291421 0.1653478386 0.0970113643 0.0482450535 0.0206721021 0.0077677699 0.0026159593 0.0008786451 0.0005103147 0.0007641703 0.0014313897 0.0024130832 0.0035705723 0.0048215932 0.0063650003 0.0086432665 0.012041073 0.0165539672 0.0215346601 0.0274046476 0.0387545589 0.0581258769 0.0955254763 0.1606163307 0.2702131823 0.4196354459 0.6382324312 0.7132367083 0.6409415008 0.4513044786 0.2368766174 0.1382051957 0.0807907337 0.0477017815 0.0264938236 0.0154732078 0.0092386571 0.0054858702 0.0033662955 0.002662068 0.0032193188 0.0048000255 0.0075573454 0.0144639476 0.036742347 0.1041284443 0.1575498711 0.206713319 0.2016665866 0.2030359678
0.1922274444 0.228235933 0.2166206063 0.1588017455 0.0955334805 0.0480097425 0.0206708093 0.0078124646 0.002671642 0.0010015157 0.0008652447 0.0016920355 0.0034443658 0.005986538 0.0087085277 0.0106810637 0.0112283558 0.0104592588 0.0091636684 0.0082116345 0.008173483 0.0098106671 0.0146644376 0.0265760447 0.0519538942 0.0993701363 0.1728753621 0.2720749566 0.3996555724 0.6653215625 0.4780538344 0.3422394368 0.2640704663 0.1815227011 0.1210836659 0.0568969079 0.0260541775 0.0121087311 0.0059311077 0.0032163154 0.0024425773 0.0032695891 0.0057646909 0.0097256143 0.0148714569 0.0234317545 0.0493364811 0.1187922133 0.2935723541 0.2129196665 0.2209238127 0.2460137637
0.1504934543 0.1796891832 0.1753215807 0.1349229379 0.0827317785 0.0408072586 0.017697493 0.0068027058 0.0024113995 0.0010860309 0.0013886757 0.003213185 0.007034647 0.0128135909 0.0191447127 0.023399842 0.0235288163 0.0196043059 0.0138000209 0.0086007521 0.0054176389 0.004652642 0.0069019147 0.0141007634 0.02978047 0.0574696602 0.0980515157 0.1526752072 0.2465662619 0.3012733184 0.3096609619 0.2592148254 0.233667394 0.2542241434 0.1375041537 0.0667775272 0.0283568053 0.0118430803 0.0049583233 0.0024629232 0.002428533 0.0046069486 0.0094849465 0.0171430625 0.0262096703 0.0366334282 0.0560809886 0.1140089312 0.1868050663 0.2249255545 0.2507599429 0.2897780035
0.1181459248 0.1648927707 0.1643158829 0.1335009908 0.0644485656 0.0300734249 0.0130303582 0.0051582072 0.0019611966 0.0011502764 0.0020171191 0.0051434471 0.0118416228 0.02270799 0.0350804604 0.0435790955 0.0433887582 0.0349894286 0.0231516521 0.013005031 0.0067211 0.0040952088 0.004681927 0.009009824 0.0184903872 0.0341053978 0.0555743191 0.0841915595 0.1161400104 0.145649571 0.1643850814 0.1761579893 0.1943203757 0.1756747364 0.1333095715 0.0678489838 0.0312902201 0.0131123122 0.0051205704 0.0024077722 0.0027588328 0.0060366648 0.0132870701 0.0250536786 0.0396237354 0.0527416212 0.0657724219 0.0800223578 0.1361534762 0.7587119577 0.2431151672 0.3821348788
0.1070813882 0.1368210478 0.2559965581 0.1085250282 0.0473743064 0.0195338621 0.0084757527 0.0035750781 0.0015694164 0.0012546454 0.0026305397 0.0069459825 0.016436635 0.0324385188 0.0521113274 0.0657421755 0.0657397428 0.052425815 0.0346382078 0.0199542873 0.0106906056 0.0061189757 0.0051599373 0.0077589079 0.0145306148 0.0255733619 0.0392840865 0.0535122132 0.0671996717 0.0818668599 0.0991031271 0.1195169919 0.1325215341 0.1291021933 0.1028236991 0.0668703728 0.0344674602 0.0147861978 0.005607139 0.0025121381 0.0029810436 0.0068488453 0.0155357758 0.0302918751 0.0492761743 0.0673649976 0.0770099959 0.08148905 0.1224905121 0.1492796522 0.2420124721 0.4475772946
0.088909141 0.1062482469 0.0979662084 0.0789156237 0.0292522086 0.0121340492 0.005718299 0.0029067905 0.0016579517 0.0016034412 0.0032338338 0.0081583078 0.0190467647 0.0378594656 0.0612913317 0.0796937736 0.0809353694 0.067584608 0.049449429 0.0333780968 0.0215926486 0.0134801518 0.0093267236 0.0095709049 0.0149486952 0.0249277465 0.0369625472 0.0462453417 0.051761061 0.0565568964 0.065974953 0.0799254111 0.0943501878 0.1025376926 0.0923826809 0.067270221 0.0364211431 0.0158219505 0.0058336544 0.0024855183 0.0028647471 0.0066294144 0.0152547622 0.0302980086 0.0511046706 0.0721730136 0.0870167679 0.090527333 0.0890071564 0.1066520566 0.1978332789 0.4720716628
0.0641334125 0.0472117989 0.0381522924 0.0273356232 0.0178897936 0.0099153891 0.0065579063 0.0044114974 0.0030159084 0.0027623777 0.0043336513 0.0091561377 0.0196001968 0.0374096363 0.0603292145 0.0791906249 0.0871758997 0.0867328039 0.0809621485 0.0722088954 0.0550551186 0.0367107742 0.0216766994 0.0158643637 0.0176757159 0.0258156254 0.0363823628 0.0438670528 0.0441576786 0.0424608818 0.0442570802 0.0524757396 0.0666183466 0.080846694 0.0860347926 0.0618658412 0.0345941815 0.0149233737 0.0054428673 0.0022214489 0.0024153297 0.0055071862 0.0126930309 0.0256362132 0.0444119187 0.0662779026 0.0839440192 0.0905769497 0.0861104281 0.097065347 0.1767079941 0.4120270309
0.0324961348 0.0232972617 0.0171603305 0.0160851468 0.0166673785 0.0163210447 0.013902735 0.010168205 0.0070180458 0.0058972491 0.007440216 0.0120220254 0.0209231409 0.0357208415 0.0558033403 0.0778607021 0.099179976 0.1239896054 0.1655160746 0.172060254 0.1493406768 0.0912263413 0.0542476528 0.0324620827 0.0237328081 0.0253678507 0.0318474853 0.0358933477 0.0346929476 0.0302767685 0.0283318685 0.0322789206 0.042730475 0.0563681217 0.0584819331 0.0472053559 0.0266674273 0.0119024553 0.0043901888 0.001776383 0.0018147952 0.0039961257 0.0091622032 0.0186826283 0.0334025417 0.0516233948 0.0679862517 0.0744919055 0.0731320036 0.0820830354 0.1437654974 0.3343539336
0.0169420074 0.0135322305 0.015483629 0.0230726467 0.0320499216 0.0363921331 0.0321353329 0.0231881931 0.0153352577 0.0128799918 0.0152863112 0.0207974009 0.0285307786 0.040368763 0.0602412364 0.0926069867 0.1402770887 0.208950312 0.2979765826 0.4077177029 0.3107078619 0.2184001997 0.1344113089 0.0731357901 0.0390898329 0.02623654 0.0244327051 0.0247897255 0.0228148178 0.0191342139 0.0165720236 0.0178741415 0.0236152184 0.029797042 0.0316972049 0.0259050768 0.0164158512 0.0077734377 0.0030925125 0.0013414709 0.0013213441 0.0027033632 0.0060085676 0.01223361 0.0220517822 0.0344767213 0.0454792882 0.051140646 0.0526765796 0.0635079262 0.1126996977 0.249469362
0.0111320337 0.0125307012 0.0217776775 0.042310482 0.0672176094 0.0795932692 0.0696969518 0.0473040628 0.0300190951 0.0257005753 0.0308460447 0.0394810334 0.0475888436 0.056553301 0.0794606218 0.1326910946 0.2307949954 0.3771686024 0.5878654477 0.7032039371 0.6888972144 0.5067080428 0.3176172641 0.1663397813 0.0759533043 0.03477806 0.0200542543 0.0152770379 0.0128125 0.0103658002 0.0086338699 0.008754958 0.0106929055 0.0130530185 0.0136822257 0.0117822252 0.0081040824 0.0045563387 0.0022078711 0.0012234685 0.0012288155 0.0021390475 0.0042484321 0.0080595184 0.013838146 0.0207978095 0.0271101538 0.0313329056 0.0358824215 0.0502411023 0.0936161734 0.1972157708
0.0101248557 0.016244305 0.0333640689 0.0688362436 0.151202719 0.1795653025 0.160052376 0.0845641944 0.0550202035 0.0465524863 0.0531613735 0.0674022289 0.0751933985 0.0811510746 0.1070125808 0.1991631379 0.3853510301 0.6836827898 1.0911321255 2.1031297436 1.4384731931 1.1413323549 0.7147471321 0.3777823474 0.1503978291 0.0581039187 0.0217989826 0.0102458902 0.0066423111 0.0050013711 0.0040943539 0.0039896949 0.0046584285 0.0056148733 0.006197216 0.0059536944 0.0049599579 0.0036336346 0.0024778836 0.0018301611 0.0019032517 0.0028432854 0.0047679443 0.0077326473 0.0115652608 0.0157014288 0.0194130695 0.0230820451 0.0302304605 0.0496194111 0.0968977139 0.1950082858
0.011774917 0.0232764171 0.0501005554 0.1029487078 0.2082927021 0.541675417 0.2399968023 0.1512080501 0.1018524274 0.077596652 0.0783132961 0.0898196948 0.099174996 0.0967730147 0.1302618425 0.2684026404 0.6377060804 1.2090153158 2.0309778793 2.8045154935 2.8942142014 2.1430047286 1.8889074437 0.6769199971 0.2697876469 0.0940660335 0.0285979019 0.0091024434 0.0039414084 0.0025662671 0.0022536765 0.0024982957 0.0032594236 0.0044398262 0.0057293796 0.0066288791 0.0067007448 0.005871823 0.0045891701 0.0036309932 0.0037866852 0.0055287007 0.0088824943 0.0134175717 0.018663275 0.025057693 0.0305578894 0.03576288 0.0437848522 0.0681176838 0.1243915849 0.2374342106
0.0168565188 0.0337525312 0.0719935388 0.143888874 0.2774654876 0.3943561487 0.4033665682 0.3062542841 0.1826220999 0.1229172216 0.0993341966 0.0988236331 0.0949554589 0.0953042211 0.1354501651 0.3108783827 0.8179584713 2.0964271102 4.0089891031 5.2965735704 4.4264769792 3.6073126514 2.7626291598 1.0022036287 0.3946291457 0.1265458903 0.0358655761 0.0098607523 0.0033776158 0.0021803919 0.0024783347 0.0034253417 0.0049863624 0.007282902 0.0100427912 0.0123707116 0.0130576964 0.0116692924 0.0090164398 0.0069115841 0.0071404045 0.0108519836 0.0180727975 0.0280095225 0.0393135528 0.0541880734 0.1058079003 0.1133354691 0.1185194318 0.1097833117 0.1799875804 0.2967325135
