Models/Synthetic/Density/temp_raster_dens.asc
NCOLS 100
NROWS 100
XLLCORNER 3302900
YLLCORNER 3112000
CELLSIZE 4430
NODATA_VALUE NaN
[rows 69 to 91 of 100, columns 0 to 51 of 100]
0.0000388503 0.0001505444 0.0000991736 0.0001318393 0.0001005556 0.0000392223 0.0000341369 0.0000464269 0.0000744702 0.0000896426 0.0000730854 0.0000181644 0.0000627685 0.000082394 0.0000539614 0.0000214595 0.000019309 0.0000994241 0.0000550404 0.0002648948 0.0000794165 0.0000495246 0.000393226 0.0001450498 0.0003445417 0.0000542112 0.0000900648 0.0000659084 0.000086552 0.0001163324 0.0004376684 0.0001474964 0.0001844901 0.0000808384 0.0002612585 0.0001551763 0.0000352653 0.0000311942 0.0001016816 0.00027066 0.0002378123 0.0000739053 0.0001415427 0.0000629245 0.0000527235 0.0000202461 0.0000469775 0.0000563969 0.0000632843 0.0000989034 0.0000254838 0.0000250325
0.0000323347 0.0000322635 0.0000333053 0.0000420179 0.0000708031 0.0000432443 0.0001283159 0.000058248 0.0000575508 0.0000484528 0.0000233193 0.0000155111 0.0000621808 0.000332106 0.0000481136 0.0000228167 0.0000242379 0.0000480102 0.0002224138 0.0000781316 0.0001132218 0.0000723007 0.000080975 0.0001811496 0.0000532049 0.0000630065 0.0000779769 0.0000549811 0.000053975 0.0001696224 0.0001278836 0.0000911152 0.0000953041 0.0002448012 0.0001389885 0.0001031475 0.0000489973 0.000020914 0.0000543953 0.0000718522 0.0000742204 0.0000537323 0.0000516794 0.0000934898 0.0001063028 0.0000186252 0.0000099852 0.0000424002 0.0004512748 0.0000622889 0.0000365095 0.0000534648
0.0000306262 0.0000377586 0.0000464431 0.0000226743 0.0000411006 0.0000563578 0.0003010395 0.0000539066 0.000089853 0.0000643099 0.000052309 0.0000303396 0.0000945142 0.0003223582 0.0000594838 0.0000227699 0.0000388233 0.0001741488 0.0000394254 0.0000433083 0.0000290079 0.0000826089 0.0000458857 0.0000447505 0.0001315747 0.0000643731 0.000059562 0.0001062238 0.0000957449 0.0000623205 0.0002433951 0.0000605439 0.0000462924 0.0001752634 0.0003420758 0.0000915932 0.0000496473 0.0000184814 0.0000514486 0.0000283882 0.0000554183 0.0002059969 0.0001095501 0.0000517083 0.0000795242 0.0000169094 0.0000083445 0.0000397364 0.0001204594 0.0001547615 0.0000371103 0.0000379756
0.0000805636 0.0001399891 0.000032677 0.0001170113 0.0000702439 0.000399143 0.0001112341 0.000137929 0.0000834621 0.0007039493 0.0000895294 0.0000559065 0.0001467498 0.0001283386 0.0001098215 0.0001711441 0.0000872306 0.0000386114 0.0000219752 0.0000200826 0.0000233527 0.0000358939 0.0000235344 0.000130367 0.0001624948 0.0001491271 0.000104008 0.0002807803 0.0000744568 0.0001949405 0.0000435279 0.0000429737 0.0000475703 0.0001421283 0.0001753316 0.0001989744 0.0000767802 0.0000397966 0.0000290115 0.0000581967 0.0001504031 0.0000568867 0.000053303 0.0002439915 0.0000380699 0.0000212951 0.0000345101 0.0000339951 0.0000426393 0.0001976924 0.0000762328 0.0000225021
0.000083634 0.0000326148 0.0000332758 0.0000612688 0.000134062 0.0004082831 0.0001165702 0.0000455488 0.000277525 0.0001342388 0.0000605267 0.0000807093 0.0000253647 0.0000318498 0.0000625466 0.0004866552 0.000103085 0.0000379474 0.0000518505 0.0000416725 0.0000583801 0.000016772 0.0000175431 0.0000731043 0.0000385237 0.0000532883 0.0000968839 0.0000475813 0.0000966184 0.0000687943 0.0001322347 0.0000460197 0.0000289421 0.0000671445 0.0001252663 0.0000726824 0.0000605742 0.0002332289 0.000065209 0.0000881355 0.000056662 0.0000424534 0.0000642647 0.0000670529 0.0000561346 0.0001446708 0.0000274169 0.0000988017 0.0000790329 0.000062536 0.0000671289 0.0000313879
0.0000109213 0.0000266402 0.0001620064 0.0000570163 0.0001174462 0.0000980329 0.0001397839 0.0000531546 0.0000417174 0.0000825053 0.0000468952 0.0000197409 0.0000127301 0.0000159898 0.0001384492 0.0000527579 0.0001379754 0.0002118116 0.0001698738 0.000165625 0.0000385103 0.0000184505 0.000018871 0.0000550665 0.0001002666 0.0000571376 0.0000742728 0.000049401 0.0001672395 0.0005529996 0.0002709222 0.0001616307 0.0000821968 0.0000404433 0.0001066307 0.000430341 0.0000693516 0.0001102763 0.0003000737 0.0000725084 0.0000835681 0.0000355629 0.0000535545 0.000234604 0.0001915893 0.0000346811 0.0000468714 0.0000740226 0.0000400523 0.0002132999 0.0000604082 0.0002981339
0.0000331153 0.000041002 0.0000462858 0.0000788561 0.0000712726 0.0000755786 0.0000448363 0.0000473611 0.0001952386 0.0000355337 0.0000838813 0.000035184 0.0000310665 0.0000146928 0.0000172969 0.0000426459 0.0000342301 0.0000560496 0.0002645449 0.0000904589 0.0000446671 0.0001367462 0.0000236841 0.0000465878 0.0004998418 0.0002122733 0.0000320139 0.0000492845 0.0005843499 0.0011410106 0.0015017912 0.0002164987 0.0002113078 0.0000726717 0.0001012477 0.0000554191 0.0000421865 0.000043174 0.0000706235 0.0000494119 0.0001634999 0.0001870846 0.0000333277 0.0000466519 0.0000565222 0.0000559629 0.0000712113 0.0000367542 0.0001037026 0.000094742 0.0003340098 0.0000517531
0.000485494 0.0000394562 0.0000208024 0.0001295969 0.000216795 0.0000930215 0.0002161814 0.0001480646 0.0000502608 0.0000341664 0.0000409882 0.000031811 0.000014154 0.0000366632 0.0000111732 0.0000105786 0.0000123759 0.0000312021 0.0000579241 0.0000541304 0.0000412925 0.0001134607 0.0000406757 0.0000440724 0.0000751243 0.0001187381 0.0000795218 0.0000677945 0.0001928682 0.0005147202 0.0002994833 0.0003206745 0.0000757558 0.0000368264 0.0000330456 0.0000376249 0.0000623083 0.000035574 0.0000368756 0.0001345418 0.0000529817 0.0000436009 0.0000336336 0.0000193517 0.0000263138 0.000219109 0.0000766809 0.0002567811 0.0000723593 0.0003309487 0.0000989094 0.0000596067
0.0000645857 0.0000535039 0.0000825707 0.0000409834 0.0000500543 0.0000779899 0.0000563347 0.0001701192 0.0000351318 0.000040801 0.0000307502 0.0000262425 0.0000604477 0.0000144635 0.000021953 0.0000268674 0.0000135748 0.0000330431 0.0001242511 0.0000377517 0.0001415088 0.0000903399 0.0000404653 0.0000218944 0.0001221159 0.000092677 0.0000827502 0.000098966 0.0001402737 0.0002005936 0.0006349267 0.0001905626 0.000050359 0.0000267053 0.0001030506 0.0001656741 0.0001281507 0.0000653086 0.0000842434 0.0002152813 0.000142448 0.0000508472 0.0000279931 0.000073645 0.0000251186 0.0000424225 0.000077061 0.00009 0.0001384787 0.0001191931 0.0000653934 0.000030722
0.0000336411 0.0000852753 0.0002161495 0.0000398299 0.0000277061 0.0001144813 0.0000726621 0.0000741521 0.0000250727 0.0000654694 0.0000763901 0.0000264432 0.0000705871 0.0000194758 0.0000108836 0.0000284602 0.0000360269 0.000115434 0.0000929227 0.0001441041 0.0001047894 0.0001116783 0.0000307868 0.0000669445 0.0000733788 0.0002408112 0.0003033641 0.0000948851 0.0000578594 0.0002395605 0.0021081232 0.0003306543 0.0000428011 0.0000401926 0.0001130234 0.000155678 0.0000973229 0.0001016605 0.0002064297 0.0000847465 0.0001113864 0.0002015313 0.0000494585 0.000023801 0.0000393186 0.0000543578 0.0000965247 0.0001386892 0.0002061241 0.0000677577 0.0002252012 0.0000367974
0.0000804096 0.0002777353 0.0001831206 0.0000568412 0.0000809067 0.0000722906 0.0000254783 0.0000157168 0.0000170123 0.0000370171 0.0000337355 0.0000323986 0.0001065065 0.0000155967 0.0000148805 0.0000871227 0.0002967473 0.0000753483 0.0003370222 0.0001814749 0.0000720615 0.0000277213 0.0000526911 0.0000483362 0.0002068354 0.0000883334 0.0003381904 0.0000630505 0.0002597467 0.0003281391 0.0001925297 0.0001697776 0.0000388506 0.0000739684 0.0004182272 0.0002444405 0.000077565 0.0001828874 0.0002190987 0.0000895614 0.0002235214 0.0000624196 0.0000375098 0.0000479662 0.0001806295 0.0003941568 0.0000891362 0.0001089006 0.0001452694 0.0000537755 0.0000327927 0.0000478971
0.0000469347 0.0000958062 0.0001285723 0.0001464455 0.0000683304 0.0000260349 0.0000165589 0.0000118881 0.0000309901 0.0000254931 0.0001673837 0.0000419126 0.0000199346 0.0000224615 0.0000342738 0.0001200982 0.0000831151 0.0000801388 0.0000859682 0.000217438 0.000055025 0.0000307179 0.0000437462 0.0001244395 0.0000980384 0.000143272 0.00005823 0.0000625871 0.0000536033 0.0001064192 0.0004687919 0.0000935872 0.000040908 0.0001158223 0.0001139926 0.0003574138 0.0001139314 0.0000411603 0.0000454845 0.000110549 0.0004235344 0.000184198 0.0000295869 0.000156021 0.0001940448 0.0001258197 0.0003482569 0.0005730727 0.0002702075 0.0000420582 0.0000289156 0.0000226445
0.0002925139 0.0000529654 0.0002034847 0.0004436967 0.0000804032 0.0000295304 0.0000108855 0.0000149854 0.0000543568 0.0000287894 0.0000585229 0.0000424734 0.0000602888 0.0000180423 0.0001038247 0.00003077 0.000093759 0.0000763551 0.0001320393 0.000165389 0.0000476381 0.0000360902 0.0001538799 0.0001235526 0.0003424584 0.0000868619 0.0000704267 0.0000352135 0.0000576318 0.0000492741 0.0000941588 0.0001967536 0.000135425 0.0000272213 0.0000388086 0.000036892 0.0000342143 0.0000343142 0.0001293702 0.0001053688 0.0000792693 0.0001071463 0.0000486543 0.0000470671 0.0000607341 0.0002181353 0.0005511613 0.0002111654 0.000143002 0.0000762207 0.0000734333 0.0000518628
0.0000311983 0.000050754 0.0000446273 0.000075473 0.0002968507 0.0000558839 0.0000196843 0.0000308467 0.000030001 0.0000518675 0.0000664585 0.0000540942 0.0000223477 0.0000247893 0.0000313424 0.0000276935 0.0000751094 0.0002931054 0.0000782965 0.0000671543 0.0000389569 0.0000982244 0.0002293218 0.0001150336 0.0001988025 0.0000604713 0.0000821173 0.0002353929 0.0000344161 0.0001085291 0.0000538636 0.0000865868 0.0000286622 0.000016644 0.0000386598 0.0000251269 0.0000352133 0.0000837578 0.0002234512 0.0001222181 0.0001338275 0.0001291652 0.0002942518 0.0001069285 0.0000911066 0.0000628562 0.0000867553 0.000125442 0.0000907177 0.0006475829 0.0000583544 0.0000396592
0.0001265314 0.0000620335 0.0000214434 0.000048047 0.0003408739 0.0000979857 0.0000200735 0.0000123749 0.0000278973 0.0001880267 0.0003402006 0.0000449038 0.0001109347 0.0000172534 0.0000124126 0.0000441394 0.0000622041 0.0000335149 0.0000587559 0.0000283169 0.0000226813 0.0000486058 0.0002280062 0.0001305442 0.0000671023 0.0000799552 0.0000944688 0.0000440491 0.0000534933 0.0000556229 0.0000281583 0.0000193368 0.0000110221 0.0000183339 0.0000235399 0.0000470566 0.0000365979 0.0001693924 0.0000925919 0.000046525 0.0001378191 0.0009582368 0.000135742 0.0001923796 0.0000659466 0.0001006538 0.0000524252 0.0000835116 0.0001946536 0.0001035609 0.000070584 0.000013865
0.0000668614 0.0000892589 0.0000577888 0.0000661352 0.0000611066 0.0001346881 0.0000249018 0.0000084458 0.000068036 0.0001145964 0.0000476053 0.0001032761 0.0000537565 0.0000512528 0.000014567 0.0000263423 0.0000312808 0.0000237277 0.0000229253 0.0001316493 0.0000194992 0.0000228508 0.0000404204 0.0001317013 0.0003684923 0.0002095754 0.0001227459 0.0000974654 0.000143393 0.0000241741 0.0001148479 0.0000189354 0.0000272883 0.0000405743 0.0002050156 0.0000854166 0.0000867908 0.0000849228 0.0000419772 0.0000300962 0.0001384818 0.0001128084 0.0001242138 0.0003493729 0.0001697177 0.0000949574 0.000231158 0.0000572251 0.0000455267 0.0000440223 0.0000636025 0.00001407
0.0000286612 0.0001652001 0.0002295708 0.0001056344 0.0000311673 0.0000809464 0.0000169437 0.0000104363 0.0000150984 0.0000260097 0.0000276399 0.0000335104 0.0001796449 0.0000886991 0.0000321914 0.0000252144 0.0000290546 0.0000565695 0.0000291404 0.0000245815 0.0000445618 0.0000503312 0.000021647 0.0000406348 0.0000587295 0.0001135872 0.0001662627 0.0007770019 0.0000626214 0.000029464 0.0000199857 0.0000261187 0.0001412014 0.0003045807 0.000136561 0.0001886669 0.0000853229 0.0000423255 0.0001160529 0.0000276204 0.0000621237 0.0001717945 0.0000682472 0.0000819568 0.0001366406 0.0003632415 0.0000492008 0.0000828907 0.0000843119 0.0002755862 0.0000400855 0.0000554706
0.0001529785 0.0000553086 0.0000580247 0.0001063442 0.0000333911 0.0000548655 0.0000429095 0.0000311777 0.0000278271 0.0000272023 0.0001550606 0.0000325691 0.0000310787 0.000119749 0.0000938791 0.0001969015 0.0000732316 0.0000909502 0.0000320226 0.0000195704 0.0000927684 0.0000223816 0.0000275173 0.0001128611 0.000036969 0.0000713843 0.0000702906 0.000063271 0.0001136462 0.0001052291 0.0000270679 0.000056116 0.0001293039 0.0000907815 0.0003488816 0.0005429597 0.0002079375 0.0000510191 0.0000886565 0.0000776978 0.0000330298 0.000036093 0.0000937848 0.0002892923 0.0001012919 0.0000547145 0.0000408403 0.0000649806 0.000465631 0.000099767 0.0000940576 0.0000448822
0.0000926948 0.0000749972 0.0000329964 0.0000549419 0.0000345947 0.0001982941 0.0003595082 0.0001025884 0.0000660422 0.0000936369 0.0000882364 0.0000310162 0.0000417004 0.0000643156 0.0000620279 0.0002596549 0.0000907036 0.000077494 0.000044947 0.0000366055 0.0000301472 0.0000173838 0.0000394673 0.0002727283 0.0000927239 0.0000167225 0.0000196872 0.0000542651 0.0000426945 0.0000274008 0.0000687215 0.000226921 0.0000762243 0.0000856205 0.0001612319 0.0001727451 0.0001261162 0.0000389016 0.0000606653 0.0001920269 0.0000871179 0.0000543904 0.0000777055 0.0001007109 0.0002495089 0.0001386907 0.000043091 0.0000758308 0.0000630113 0.0000615279 0.0000546701 0.0001583641
0.000023407 0.0000228488 0.0000809063 0.0000335649 0.0001180907 0.0001251953 0.0001238014 0.000196871 0.0002328378 0.0003421519 0.0001500251 0.0000265008 0.0000281783 0.0001187928 0.0000721024 0.0000405255 0.000127876 0.0001578728 0.0000597603 0.0000262593 0.000041684 0.0000411847 0.0000651246 0.0002174991 0.0000759707 0.0000150641 0.0000233284 0.0000520379 0.0000383117 0.0000503614 0.0000560103 0.0002571139 0.0000923758 0.0003412507 0.0000411844 0.0000464572 0.0000313489 0.0000512974 0.000163403 0.0005392093 0.0003212807 0.0001974278 0.0001985013 0.0001125462 0.0001628865 0.0001050556 0.0000836953 0.0000278324 0.0000601816 0.0000339969 0.0000922876 0.0002821941
0.0000055302 0.0000228804 0.0000375566 0.0000499796 0.0001752357 0.0000360553 0.0000488268 0.0000969352 0.0001787417 0.0001625529 0.0000571584 0.0000815605 0.0000309805 0.0000283491 0.0000849909 0.0000319906 0.0000576875 0.0003746847 0.0001265652 0.00004405 0.0000566058 0.0003072395 0.0000598085 0.0000841967 0.0000520028 0.0000540112 0.0000246567 0.0000511352 0.0000718841 0.0001858451 0.0001855386 0.0000893949 0.0001637122 0.0000552009 0.000030934 0.0000132903 0.0000468652 0.0001256191 0.0001755777 0.000408823 0.0001540206 0.000070711 0.0000425164 0.0000499987 0.0000349451 0.0000823835 0.0001429335 0.0000291214 0.0000212944 0.0001151286 0.0002385141 0.0002529391
0.0000254617 0.0000273005 0.0000225835 0.0000422259 0.0000549839 0.0000519502 0.0000214919 0.0000662426 0.000075634 0.000052953 0.0001098931 0.0001347467 0.0000295176 0.0000976506 0.000032914 0.0000530748 0.0000394523 0.0001283664 0.0000543955 0.0000626506 0.0003192218 0.0000670179 0.0000549477 0.0000297397 0.0000699862 0.0001000295 0.0000289722 0.0000517926 0.0000933089 0.0000737533 0.0001189473 0.0001130771 0.0003068301 0.0000414853 0.0000484495 0.0000126697 0.0000191506 0.0000384048 0.0000742058 0.0000931017 0.0002538492 0.0001080444 0.0000563564 0.0000336623 0.0000172726 0.0000588996 0.000043941 0.0001151043 0.0000282783 0.0000326715 0.0000659559 0.0000888869
0.0003043825 0.0000763095 0.0000379072 0.0001518739 0.0000194753 0.0000387319 0.0000130297 0.0000180856 0.0000450436 0.0000832278 0.0001229785 0.0001148394 0.000067933 0.0000209529 0.0000382273 0.0000145266 0.0000207821 0.0000618405 0.0000525101 0.0000633376 0.0001798422 0.0000540865 0.0000346883 0.0000706295 0.0000937158 0.0001404993 0.0000284654 0.0000490842 0.0000729482 0.0001812393 0.0000931961 0.0001496296 0.0000595871 0.0000420382 0.0000324762 0.0000366817 0.0000281636 0.0000364987 0.0000377539 0.0000350733 0.0000483319 0.0001113259 0.0003979648 0.0000564355 0.0000129964 0.0000106994 0.0000340207 0.0001789652 0.0000444689 0.0000196812 0.0000205409 0.0000247275
