Models/Synthetic/Density/temp_raster_pop.asc
NCOLS 101
NROWS 101
XLLCORNER 3302900
YLLCORNER 3112000
CELLSIZE 4386.138614
NODATA_VALUE NaN
[rows 69 to 91 of 101, columns 0 to 51 of 101]
10.3697277063 10.4836551797 10.6541731886 11.012176138 11.0509550028 11.2956868102 11.5249034936 11.7470081919 11.9837705059 12.2469289225 12.5446795806 12.8359918792 13.1279744382 12.9286230153 12.8324821391 12.8789935451 12.7290785937 12.7059493088 12.2928552699 12.1750262512 12.1295724665 11.4532513961 10.9465018224 10.5628747512 9.9574127261 9.4387327387 8.9457844256 8.5032685123 8.1514659112 7.9875204502 7.4489796647 7.1001604994 6.8395378792 6.6463612901 6.520536768 6.3647970823 6.2284321558 6.1097882414 6.0814985791 6.1075234334 6.2117384325 6.1895666426 6.2995110597 6.5925125908 6.5083550256 6.5882378408 6.7345242676 6.8846843837 7.0420196763 7.2369355426 7.4825804153 7.6904514441
10.591793426 10.6993839343 10.8314503509 10.9915696841 11.2222737086 11.4664655663 11.7665439246 11.9842580882 12.2314973087 12.5151850359 12.7293533949 12.9183988435 12.9708417722 13.0398472888 13.2551095411 13.246876358 13.1541149315 12.792303788 12.5791112351 12.3319655304 12.0208351466 11.6971704519 11.4293676652 10.8205100017 10.3339345529 9.808062009 9.3452330792 8.9131236001 8.5662371843 8.1101739935 7.7355414874 7.3647542841 7.1025936335 6.9053566221 6.7443838238 6.5977855486 6.4500390998 6.3652828095 6.2816174798 6.2951160697 6.3105078146 6.3866494144 6.5124278915 6.6361535904 6.7707399583 6.8984938393 7.0709428778 7.2488428042 7.4355259242 7.636426269 7.9060928071 8.1957918456
10.9540133205 10.994059183 11.055242652 11.1979769879 11.4485378111 11.7454639328 12.0390058145 12.2815603269 12.5204907665 12.7713899779 13.3299617355 12.9969247021 13.0318917324 13.1136197224 13.1830126046 13.2361653475 13.1379941073 13.0174990651 13.2048661936 12.5522534097 12.2133783773 11.8816612297 11.4681257538 11.0785717224 10.7778493296 10.0715346268 9.6367347946 9.8766407459 8.9078082775 8.4885816214 8.0358585594 7.6745766024 7.4145875131 7.1921053711 6.9884928712 6.8277231045 6.8594294301 6.5789198733 6.5670926607 6.4668327618 6.4873958694 6.580703688 6.7076525383 6.8522774635 7.0527074013 7.2427201325 7.4450624409 7.5784074158 7.7978637124 8.470627131 8.3328355389 8.5511693537
11.4273286685 11.2995159706 11.3567637094 11.5299271135 11.768250114 12.1870885492 12.4416271033 12.6998456397 12.8183273307 12.9770031227 13.0756565579 13.14913777 13.151625141 13.1958339976 13.2450226784 13.2883949365 13.3398713346 13.1802050243 12.9809778148 12.7519636343 12.8275532279 12.0248478652 11.6162235067 11.3156747911 10.7733149338 10.2593732021 9.8391810862 9.484432224 9.3525593884 8.8161910497 8.3510660694 8.0023668827 7.7321740755 7.4994095944 7.2106440745 7.0242661877 6.8688715729 6.7827258784 6.6862208481 6.6726477698 6.7011852824 6.8125237844 6.9651608711 7.1233020317 7.3468671466 7.9907548889 7.7650094323 7.9211999735 8.1680142714 8.4361750184 8.7721925005 8.9929050151
11.4257269993 11.5227237892 11.7191468012 11.8247325484 12.2020833085 12.5122370033 13.22878492 13.107978866 13.1251498935 13.1586667858 13.2976686655 13.3005258395 13.3288879487 13.3605781296 13.4019662136 13.4553339932 13.4451770193 13.3306348789 13.109957719 12.9328767921 12.5334500646 12.1827647724 11.7956586166 11.3735673243 10.897387935 10.3993134381 9.9530548697 9.6000775665 9.2734373475 8.9581320559 8.5934574533 8.3003374915 8.0235183675 7.7109325007 7.4222485088 7.191652768 7.0750515062 6.9763878535 6.9194915827 6.8796219031 6.9424441402 7.0719969463 7.2418095006 7.4284046163 7.6732729678 7.9111881417 8.1446433198 8.3263253376 8.5413499977 8.8171919753 9.1225668665 9.4676114527
11.5545760537 11.687169599 11.8473322473 12.0770354556 12.4182386966 13.430260065 12.9355011826 13.0097480015 13.180174954 13.7751274346 13.5202822114 13.6001571641 13.6210741192 13.5980441907 13.5855966372 13.6138497664 13.6023247978 13.5134903956 13.2494869304 12.9378475944 12.6736350094 12.3545801036 12.0179033927 11.5428318748 11.1010269612 10.637029554 10.2243650265 9.7982103747 9.4361009423 9.0782890689 8.7795202917 8.5037298069 8.2274185947 7.9079778471 7.6448034966 7.4418124506 7.3379369378 7.4196893839 7.17913733 7.1447570531 7.2115439081 7.355442498 7.5507811569 7.7748231997 8.0019821495 8.2712884665 8.5897770164 8.8122322896 9.0445309654 9.290070836 9.5940690934 9.95517356
11.8041816365 11.8931167123 12.0437589887 12.258006362 12.613754525 12.8383850494 12.9959624998 13.0292552611 13.2794785802 13.5662527962 13.7816268469 14.0643025198 14.0633706558 13.8168202032 13.761740399 13.7429399603 13.7605218022 13.5952795815 13.3708266281 13.1086479138 12.8880928141 13.0275334048 12.225380324 11.776560175 11.3383084522 11.0784664628 10.5201181384 10.1708011064 9.70174579 9.2954180869 8.979399526 8.6881866019 8.3871204057 8.1011537336 7.8767267949 7.7802606839 7.6154441415 7.5391736371 7.4960416436 7.4598869456 7.5105989244 7.6695595798 7.9098776527 8.1657858878 8.4401588938 8.7358581809 9.0619678632 9.3990136381 9.6255176394 9.8827653682 10.1833761892 10.5365968483
12.1293547064 12.1876410438 12.3061325552 12.4716472497 12.6824883802 13.0520865933 13.0409511251 13.2423395657 13.4969827026 13.7750888085 14.4059833268 14.073481339 14.0494330066 14.0672275713 13.9063157043 13.8494192853 13.7758637376 13.6592588851 13.4591512983 13.4299324511 13.4888378632 12.7884268914 12.4576193294 12.069494172 11.6688774165 11.2112229459 10.8198753337 10.5757006127 9.9913556147 9.6315159834 9.2903459144 8.9565868251 8.5771532067 8.3278094164 8.1445812196 7.9825091906 7.8522828674 7.7975367553 7.8382863705 7.7693311272 7.8363085131 8.0187710565 8.2917887559 8.6388696792 8.9300210961 9.2741108387 9.6330128467 9.9743517786 10.2889688239 10.6152556008 10.9294924484 11.3008234385
12.4630888165 12.5222280495 12.638503444 12.7883208372 12.9492072681 13.1044085788 13.2693884908 13.4698933647 13.8565931892 14.0742046139 14.1417005144 14.1507107583 14.1468219403 14.1320633191 14.1247300783 14.0154207536 13.8550876977 13.6330788607 13.4925938183 13.7330031564 13.0893342999 12.8037099752 12.5571096882 12.4423613001 12.3190937255 11.5403454127 11.2001340911 10.8015794593 10.3766998212 9.9751996718 10.1254118617 9.2006106898 8.8073902815 8.5948733264 8.4851011723 8.2509520069 8.0880151558 8.050066315 8.0421467355 8.0839098177 8.1893592511 8.4110227532 8.7236886781 9.0810898375 9.4825630761 9.906892455 10.3271772712 10.6702262252 11.0161310645 11.4178640025 11.9452550022 12.1131218276
12.7773209403 12.9062293239 13.0328857023 13.1896595101 13.4006609569 13.3709657774 13.5708873003 13.6910073888 13.8801774871 14.4997728393 14.1912889932 14.393310484 14.2561939711 14.268929591 14.4568786017 14.5838218847 13.9317206183 13.6787395103 13.5037706733 13.2931475907 13.0759192173 12.815194152 12.6072267769 12.4177347832 12.1381937522 11.8850705322 11.8514569473 11.6170665511 10.7201708163 10.6939858805 9.8631857998 9.4767826125 9.081837727 8.9066312415 8.8589677298 8.5140497742 8.3534392214 8.31969343 8.3423460655 8.4015935253 8.6206758705 8.90326288 9.2398790195 9.5985743132 10.0503538597 10.5618742625 11.4273672248 11.387155396 11.7779413269 12.3347176334 12.6394046799 13.0024869629
13.2453630147 13.3498381492 13.5174711228 13.4960363248 13.542008939 13.6620295654 13.9412510985 13.8476927159 13.9538612814 14.1039542892 14.2758580705 14.3384517404 14.3869018591 14.4934298855 14.4997388534 14.3674180222 14.0590637375 13.7720364838 13.5662537713 13.3970140387 13.1890954886 12.9504792427 12.6771798287 12.4746063232 12.4629931163 12.1184142926 11.9440352482 12.0105281302 11.0468055823 10.4589930719 9.9981936771 9.6296215321 9.5240991125 9.1417118113 9.325020637 8.7100412618 8.5860600347 8.6830920217 8.6678065383 8.8193339916 9.0906038741 9.8379213985 9.7793701374 10.1333439642 10.6350937794 11.3387012583 11.7568406701 12.1856209204 12.5438212994 13.0636825553 13.6582067621 13.8446458536
13.8973721247 13.7941506709 13.7384073147 13.7955676715 13.7462774726 13.9470594085 14.0194594957 14.0770842253 14.1076099525 14.2276878863 14.3833260315 14.4488425059 14.5053417275 14.5603250685 15.1499969543 14.4755701642 14.1245240506 13.902528914 13.7277536626 13.5930711597 13.5310034862 13.1935999461 12.8964896671 12.7255352475 12.5693729761 12.3949887282 12.0585828667 11.8340831404 11.5835733962 10.5584799792 10.1075883467 9.8036514123 9.5527373619 9.4406534995 9.1111228905 8.9259224524 8.8167057554 8.8384194827 8.9605162686 9.2485121548 9.9282820483 9.8552207226 10.2456417321 10.6881990214 11.2093299155 11.8452558285 13.0225737125 12.8729693224 13.2977294175 13.8457065666 14.4998758612 14.7064344584
13.9051810893 14.0295754054 14.005471234 13.965002078 13.956077148 14.0647511659 14.2979745034 14.4272098394 14.4296667269 14.4425207815 14.6284058469 14.6188764689 14.6462088698 14.6798373536 14.6396008024 14.5145464652 14.270320758 14.0935191276 13.9491413601 13.8998972244 13.7783304556 13.7168689538 13.1705222103 12.9395729999 13.3565835414 12.6843563593 12.2003661483 11.8542641319 11.2691800147 10.678099519 10.2471980938 9.9761615743 9.718481156 9.5328724296 9.4077968528 9.1465484678 9.0445416947 9.0594003961 9.20955816 9.49167864 9.8388084645 10.2592860663 10.706064258 11.231614004 11.8015736802 12.4948539428 13.0783954037 13.599222507 14.0937168849 14.7650941971 15.2419544244 15.6874963454
13.9805899952 14.1238102878 14.4594257003 14.1789519929 14.1560006551 14.2918899346 14.5585011765 15.0131791964 14.7816231078 14.7290620026 14.7366969667 14.9625915134 14.8080548337 14.9519157777 14.7030849073 14.5888678226 14.8536031212 14.2774459279 14.1853557326 14.2447127366 14.4928210097 13.8255365735 13.4770715294 13.1494364304 12.9403210293 12.6541227068 12.3286911137 12.3916705036 11.3807759658 10.8392823893 10.4577994315 10.1909781541 9.9587189166 9.7548596727 9.5872779213 9.4303834183 9.3232864237 9.3435943086 9.4963870962 9.7746125195 10.1724025855 10.6645787079 11.2344626608 11.8497462955 12.5241298961 13.2159228413 13.7925098515 14.2278431934 14.8782499991 15.9950390507 16.1953967009 16.8386802957
14.1861882743 14.4059173873 14.4735896391 14.5268108698 14.4540361375 14.5935976212 14.8453418762 15.0726423213 15.5478653556 14.9849024288 14.9079023905 14.9482070456 15.0145368828 15.0444345062 15.0664388232 14.9613405594 14.7064549118 14.5081762122 14.3906177197 14.4147660297 14.4446864807 13.9778105279 13.5439562278 13.2458543637 13.0332774427 12.7215294342 12.4504887975 12.0819747062 12.0138396083 11.0849361086 10.7190067417 10.5418300962 10.2858152267 9.9976920627 9.8368369778 9.7250878468 9.6414944722 9.7214218966 9.9097675366 10.2186667037 10.6006488073 11.1144037563 11.6876017606 12.4304464665 13.5039882436 14.0764864932 14.4164140769 14.9477758219 15.6489338599 16.4234577022 17.2743845277 17.5527666241
14.5528493272 14.6889228362 15.3092058749 14.7404553981 14.9251324439 14.8887603942 15.089461835 15.3951787205 15.4163558369 15.2265158726 15.0781498822 15.0590088429 15.1054345235 15.2940862936 15.9090129759 15.5136401095 15.0276661524 14.8147397901 14.6607318817 14.5910111788 14.5027906261 14.1120078866 13.7781675942 13.4437810343 13.1731144294 12.898058669 12.7071336888 12.3283610737 11.7860158547 11.3744228014 11.0691436775 10.7558530507 10.4963223075 10.2827164426 10.1450010681 10.0400665718 9.9960910797 10.1190360439 10.5521773693 10.7006482893 11.1257757246 11.6078691556 12.2151246425 12.9411277604 13.9247118889 14.8665990233 15.044549055 15.6853612538 16.4487511787 17.2490407645 17.8766931814 18.4598660007
15.1486679057 15.0333957165 15.0527573375 15.1389938013 15.1400347148 15.2244039453 15.400693436 15.5751568141 15.5840703914 15.4519471599 15.323912136 15.2744281816 15.3420821633 15.5327946199 16.0471568568 15.5704748443 15.774589727 15.1068976741 15.1046713347 15.1726121697 14.5930053625 14.7871436278 14.1149917643 13.9215890894 13.462210805 13.220408341 12.9399507981 12.5276808053 12.0981143399 11.6341203833 11.3027019568 11.0673761721 10.7139643272 10.5426450652 10.493732822 10.3940470492 10.3806175033 10.5383481624 10.820080977 11.2064091039 11.6079845852 12.5397830488 12.7108319601 13.4543874645 14.133612096 14.9419175383 15.7301217502 16.5344746294 17.2671430545 18.0779538132 19.2378058441 19.3571314783
15.5028438762 15.3668591143 15.3502558221 15.9840774402 15.9382254775 15.569389253 15.7363107625 15.893759048 15.8600545939 15.7836486586 15.701639806 15.6289379055 15.6861045748 15.9429776171 15.7409780789 15.6585137231 15.4922754599 15.4985436952 15.2547762663 15.0330503856 14.8321893034 15.0356039237 14.5984999807 14.1075650924 13.720024048 13.9048628759 13.3524899498 13.2759644775 12.3980445715 12.0176009423 11.5942346212 11.2471890155 10.9568572383 10.7968712917 10.7598643186 10.8215245192 10.76026289 10.898573928 11.2206106537 11.576525303 12.0561013292 12.5692949069 13.2291843398 13.8723630159 14.6558811473 15.5235579735 16.6558018783 17.2638462955 18.0420590927 18.9256634045 19.6344192281 20.3368759569
15.7858258333 15.9011714406 15.7621995932 15.7877779974 15.9017596723 16.5184950758 15.98778501 16.0896433805 16.177455272 16.1957538186 16.1642614785 16.162963613 16.0705466184 16.405843949 16.0895609231 15.7393575791 15.7318765237 15.6839004477 15.9696637472 15.4183478287 15.011174594 14.8405340385 14.6436582432 14.2490769657 13.9516355539 13.6868549516 13.8675146925 13.0872292118 13.3161876898 12.3109605337 11.9655040545 11.5121362068 11.214419198 11.0594321126 11.0887046179 11.1189559893 11.1684462036 11.2925395064 11.5676149697 11.9507141519 12.4029215582 12.9670585979 13.6053312398 14.371515456 15.6244843867 16.3184451978 17.0646343833 17.9621238309 18.8672216017 19.7050034807 20.5080461803 21.1035485678
16.0506401772 16.0845017921 16.0763956566 16.4332128164 16.2939436576 16.1527511385 16.2290870069 16.2874889284 16.3967764923 16.5040800527 16.6526207607 16.6163428247 16.4312007059 16.4498713001 16.100674516 16.0051897167 16.0487620863 16.308986605 15.8471518852 15.4932525074 15.213340057 14.9802323593 14.7433283866 14.4068338944 14.0852881077 14.0387685812 13.5448502702 13.3064426276 12.9556053378 12.6814075456 12.1831802403 11.8608014437 11.5414227877 11.3959480178 11.4411560884 11.6100166916 11.6369672193 11.7241103501 11.9699281216 12.3261037807 12.8380406641 13.4403945646 14.1277676818 14.8984778516 15.8144300153 16.7449061272 17.7139268677 19.0496922339 19.6326441471 20.9326220381 21.3383697494 21.9877548363
16.2792138687 16.4868628393 16.3335643447 16.2745399441 16.296005657 16.4041057875 16.458018872 16.5299398589 16.6766116627 16.7503306391 16.8502371892 16.8353587224 17.1360970453 16.6294313598 16.2512559224 16.1763896691 16.7060537667 16.4272628169 16.0440251882 15.6820251342 15.4417067641 15.209325227 14.9393527879 14.6224898839 14.3218506442 14.0247334726 13.718897744 13.4487291927 13.0975665066 12.9304621353 12.4404635547 12.1270120687 11.979990385 11.7530149602 11.7893159906 12.3633187577 12.0886554908 12.1575636172 12.3805636782 12.7391390073 13.2403721479 14.3157413625 14.7122005988 15.4606226193 16.3986205232 17.8314302098 18.4639569761 19.4293484083 20.4669463225 21.3219611943 22.1625155772 22.825768996
16.4440276576 16.9066483256 16.5128049566 16.4455407816 16.4742240262 16.5954089029 17.1266123969 16.8322301133 16.8497195057 17.0033074985 17.1022171192 17.2133658018 16.9366376961 16.6994236824 16.4690124942 16.3757868132 16.3452732005 16.307057008 16.3217927289 15.937663205 15.603814889 15.9437250723 15.48845201 14.7929523349 14.9461108968 14.2584968125 13.9111074249 13.5821831627 13.2865219509 12.9717762883 12.7180442293 12.4752464734 12.2695594485 12.1337362435 12.136106277 12.1949573856 12.3062092265 12.4399984192 12.7451288469 13.1021124158 13.6796768133 14.3637723466 15.1892609558 16.1083101038 17.2791938256 18.123076526 19.2701322585 20.6493066041 21.1904082375 22.2448062848 22.9342924736 24.1022630008
16.5731289396 16.6171281519 16.6824058633 16.7164290196 16.6931293903 16.7959863017 17.0893153084 17.0552737274 17.1895117983 17.1838999393 17.7257837055 17.3099208728 17.1962840299 16.9843858592 16.8061037408 16.6572566145 16.5334946149 16.4053829106 16.2414531597 16.0817888509 15.7677072898 15.5037398667 15.251570154 15.0136817277 14.8499386773 14.5597253 14.2133633818 13.8648878428 13.5580211324 13.2836376092 13.0727792904 12.8475501526 12.6176415482 12.4759044635 12.436591683 12.4655295543 12.4966351608 12.6884731808 13.0130624783 13.5169575761 14.1196992352 14.9183237386 15.6770341186 16.7471927941 17.8623578092 18.713751102 19.8353614948 21.4368518986 21.8177573757 22.8305338172 23.6259329294 24.6357008269
