Models/Synthetic/Density/temp_raster_dens.asc
NCOLS 101
NROWS 101
XLLCORNER 3302900
YLLCORNER 3112000
CELLSIZE 4386.138614
NODATA_VALUE NaN
[rows 69 to 91 of 101, columns 0 to 51 of 101]
0.0002080466 0.0001961776 0.000180393 0.0001532364 0.0001412899 0.0001096441 0.0000831934 0.0000634783 0.0000488774 0.0000387157 0.0000327704 0.0000293122 0.0000283199 0.0000285243 0.0000309081 0.0000344818 0.0000395429 0.0000460416 0.000053133 0.0000601762 0.0000672245 0.0000745498 0.0000907797 0.0000788131 0.0000795287 0.0000838758 0.0000788033 0.0000684165 0.0000586857 0.0000498202 0.000042047 0.000035864 0.0000301392 0.0000268237 0.0000256045 0.0000259536 0.0000271357 0.0000289422 0.0000311006 0.0000341875 0.0000378662 0.0000412485 0.0000441864 0.0000451804 0.0000445649 0.0000422359 0.0000397365 0.0000376236 0.0000365182 0.0000370219 0.000039853 0.0000456858
0.0001795392 0.0001681944 0.0001577503 0.0001385284 0.000130687 0.0001001963 0.0000776493 0.0000587053 0.0000454511 0.0000364827 0.0000310613 0.0000342794 0.0000262794 0.000025644 0.0000267988 0.0000294212 0.000033188 0.0000379996 0.0000431693 0.0000484971 0.0000532427 0.0000577312 0.0000608185 0.0000628551 0.0000648718 0.0000656045 0.0000691083 0.0000582431 0.0000517926 0.0000461932 0.0000392782 0.0000337228 0.0000295383 0.0000275972 0.0000272075 0.0000287305 0.0000321648 0.0000341168 0.0000376202 0.0000420485 0.0000467503 0.0000513815 0.0000553158 0.0000563942 0.0000545047 0.0000500937 0.0000455183 0.0000413964 0.000038402 0.0000373586 0.0000390009 0.0000435295
0.0001458162 0.0001416133 0.0001318869 0.000121337 0.0001063416 0.0000892893 0.0000689074 0.0000525296 0.0000411045 0.0000333935 0.0000288512 0.000025851 0.0000242249 0.0000232792 0.0000240123 0.0000265115 0.0000300945 0.000033549 0.0000366697 0.0000395472 0.0000428012 0.0000457089 0.0000483118 0.0000505579 0.0000529338 0.0000560268 0.0000521615 0.0000511715 0.0000458648 0.0000418722 0.0000392968 0.0000330904 0.0000301253 0.0000292454 0.0000303357 0.0000332628 0.0000371545 0.0000420371 0.0000476033 0.0000540792 0.0000605435 0.0000664506 0.00007234 0.0000763507 0.0000700677 0.0000627444 0.0000555378 0.0000485413 0.000043151 0.0000400002 0.000039984 0.0000432604
0.0001226734 0.0001255566 0.0001097448 0.0001008827 0.0000881161 0.0000790043 0.0000581817 0.0000452949 0.0000362572 0.0000300437 0.0000259489 0.0000233877 0.0000219414 0.0000214543 0.000022079 0.000024315 0.0000294714 0.0000323266 0.0000319068 0.0000336467 0.0000358527 0.0000385637 0.0000407331 0.0000427453 0.0000438915 0.00004426 0.0000440237 0.0000425365 0.0000413608 0.000041344 0.0000368389 0.0000343722 0.0000327619 0.000033211 0.0000359801 0.0000402972 0.0000461652 0.0000529801 0.0000618189 0.0000710782 0.000080365 0.0000873595 0.0000931175 0.0000997159 0.0000897013 0.0000816664 0.0000703055 0.0000600807 0.0000506962 0.0000448289 0.0000424824 0.0000445484
0.0000990728 0.0001109834 0.0000873527 0.0000915129 0.0000742018 0.0000581367 0.0000471636 0.0000379283 0.000031289 0.0000266114 0.000023473 0.00002194 0.0000208184 0.0000204738 0.0000209798 0.0000228746 0.0000253812 0.0000270582 0.0000285886 0.0000300464 0.0000315506 0.0000337669 0.000041092 0.0000379971 0.0000386606 0.0000390474 0.0000389165 0.000039083 0.0000391823 0.0000384878 0.0000375255 0.0000368165 0.0000378486 0.0000395009 0.0000437834 0.0000530501 0.0000582439 0.0000681829 0.000080685 0.0000947832 0.0001057579 0.0001184243 0.0001203767 0.0001184892 0.0001144544 0.0001023545 0.0000958907 0.000074758 0.0000611573 0.0000518585 0.00004669 0.0000451672
0.0000812946 0.0000723796 0.0000666619 0.0000604489 0.0000532447 0.0000453581 0.0000371731 0.0000311596 0.0000265621 0.0000233149 0.0000211242 0.0000202106 0.0000265887 0.000019273 0.0000197617 0.0000230801 0.0000226493 0.0000241082 0.0000258399 0.0000277893 0.0000292232 0.0000309786 0.0000324566 0.0000356796 0.0000390606 0.0000365585 0.0000376685 0.0000389598 0.0000396881 0.0000396479 0.0000399261 0.0000409915 0.0000433848 0.0000475943 0.0000534877 0.0000617684 0.0000734623 0.0000890414 0.0001032122 0.0001241375 0.000141851 0.0001536057 0.0001610712 0.0001478452 0.0001362732 0.0001290402 0.0001159449 0.0001020095 0.0000733175 0.0000670713 0.0000505718 0.0000471564
0.0000539259 0.0000526773 0.0000488682 0.0000445145 0.0000445004 0.0000345521 0.0000294019 0.0000254454 0.0000223943 0.0000202456 0.0000307106 0.000018435 0.0000180022 0.0000180813 0.0000186234 0.0000197511 0.0000212418 0.0000225064 0.0000242051 0.0000262194 0.0000292059 0.0000282484 0.000029501 0.0000316393 0.000033582 0.000035625 0.0000381607 0.0000412786 0.0000426704 0.0000435106 0.000044638 0.0000463848 0.0000499255 0.0000556953 0.0000630086 0.000075031 0.0000932223 0.0001095373 0.0001312765 0.0001450131 0.000160228 0.000184388 0.0001943407 0.0001853338 0.0001699553 0.0001599383 0.0001308538 0.0001066959 0.0000926625 0.0000672998 0.0000548777 0.0000485173
0.0000374127 0.0000372239 0.0000357157 0.0000333719 0.0000301527 0.0000266282 0.0000233472 0.000020936 0.0000190063 0.0000176601 0.0000167871 0.0000163608 0.0000162503 0.0000165911 0.0000173681 0.0000186323 0.0000201698 0.0000218139 0.0000237291 0.0000252731 0.0000261177 0.0000265997 0.0000275175 0.0000293715 0.0000318032 0.0000352881 0.0000393525 0.0000429066 0.0000458662 0.0000534488 0.0000496069 0.0000522539 0.000057696 0.0000644907 0.0000740017 0.0000884299 0.0001177534 0.00012947 0.0001464194 0.0001728534 0.0001798459 0.0001938222 0.000211319 0.0001966341 0.0001880184 0.0001717939 0.0001444655 0.0001212888 0.0001003109 0.0000731297 0.0000582106 0.000055978
0.0000270418 0.0000270047 0.0000263832 0.0000307505 0.0000226223 0.0000204396 0.0000189289 0.0000175895 0.0000164417 0.0000155887 0.000015087 0.0000149396 0.0000151496 0.000015755 0.0000168289 0.0000183255 0.0000204561 0.0000219735 0.0000234928 0.0000269241 0.0000362127 0.0000249515 0.0000265038 0.0000285499 0.0000313911 0.0000354119 0.0000414351 0.0000454049 0.0000482097 0.0000514065 0.00005494 0.0000590866 0.0000658545 0.000077106 0.0000852774 0.0001010262 0.0001246881 0.0001408738 0.0001606025 0.0001808744 0.0001956807 0.0002049898 0.0002131539 0.0002112419 0.0001977864 0.0001788361 0.0001495534 0.0001287446 0.0000987412 0.0000856646 0.0000618018 0.0000507338
0.0000203416 0.0000207055 0.0000201233 0.0000188813 0.0000177809 0.0000164973 0.0000158476 0.0000152011 0.00001459 0.0000141111 0.0000138575 0.0000139002 0.0000143262 0.0000152019 0.0000165723 0.0000184785 0.0000205218 0.0000251901 0.0000223647 0.000022385 0.0000230896 0.0000239698 0.0000257625 0.0000281982 0.0000313537 0.0000360319 0.0000406797 0.0000454947 0.0000510182 0.0000543564 0.0000596522 0.0000782782 0.0000747653 0.0000842919 0.000097028 0.0001125665 0.0001395211 0.0001509203 0.0001737122 0.0001960637 0.0002031089 0.0002119799 0.0002129736 0.0002148067 0.0002099585 0.0001804941 0.0001511589 0.0001217026 0.0001004803 0.0000801702 0.0000748497 0.0000523196
0.0000162052 0.000016153 0.0000156527 0.0000148465 0.0000142717 0.000013955 0.0000137306 0.000013512 0.0000132543 0.0000130358 0.0000129635 0.0000131365 0.0000136943 0.0000152235 0.0000168166 0.0000186352 0.0000206191 0.0000205035 0.0000206992 0.0000207894 0.0000217401 0.0000232153 0.000025246 0.0000279642 0.0000314882 0.0000366036 0.0000483306 0.0000469416 0.0000515188 0.0000576017 0.000064809 0.0000740871 0.0000821654 0.0000939946 0.000107309 0.0001288768 0.0001370017 0.0001649983 0.0001739755 0.0002001365 0.0002237968 0.0002175527 0.0002162615 0.0002020578 0.0001956021 0.0001662975 0.000142334 0.0001172183 0.000096331 0.000079863 0.0000650357 0.0000465259
0.0000135202 0.0000134845 0.0000131954 0.0000128621 0.000012613 0.000012461 0.000012381 0.0000123211 0.0000122749 0.0000122553 0.0000123534 0.0000126448 0.0000132679 0.0000147585 0.0000211776 0.0000180024 0.0000182646 0.0000188381 0.0000194395 0.000020351 0.0000214659 0.0000227729 0.000024803 0.0000281863 0.0000322064 0.0000377563 0.0000498876 0.0000569321 0.0000525849 0.0000601812 0.0000752742 0.0000779127 0.0000879875 0.000100973 0.0001138439 0.000131078 0.000140435 0.0001548692 0.0001890478 0.0001969458 0.0001942162 0.0002033915 0.0002204717 0.000194583 0.0001813804 0.0001522155 0.0001352497 0.0001178624 0.0000877756 0.0000759644 0.0000546821 0.000041289
0.0000121988 0.0000122554 0.0000121628 0.0000121457 0.000012025 0.0000118489 0.0000116232 0.0000115826 0.0000116406 0.0000117604 0.0000120027 0.000012457 0.000013041 0.0000143121 0.000015399 0.0000168232 0.0000173068 0.0000181001 0.000019344 0.0000209952 0.0000217087 0.0000224868 0.0000243637 0.0000277481 0.000036323 0.0000377343 0.000042682 0.0000475332 0.0000534783 0.000061278 0.0000720393 0.0000812275 0.0000911222 0.0001032854 0.0001164554 0.0001291019 0.0001500715 0.0001521472 0.0001654391 0.0001723201 0.0001786209 0.0001827675 0.0001855089 0.0001715267 0.0001550669 0.0001450138 0.0001174963 0.0000950554 0.0000774976 0.0000640056 0.0000472694 0.000036532
0.0000120364 0.000012086 0.000012064 0.0000120653 0.0000121269 0.0000116195 0.0000113545 0.0000113748 0.0000115669 0.000011776 0.0000120383 0.0000124641 0.0000130908 0.0000135199 0.0000142949 0.0000156651 0.0000182988 0.0000179678 0.0000192536 0.0000224448 0.0000214492 0.0000221208 0.000023876 0.00002703 0.0000307618 0.0000350084 0.0000396468 0.0000533753 0.0000522475 0.0000603938 0.0000702401 0.0000815952 0.0000914101 0.0001027391 0.0001207046 0.00012795 0.000134313 0.0001481407 0.0001546851 0.0001707105 0.0001624878 0.0001660081 0.0001636318 0.0001543784 0.0001372212 0.0001190801 0.0001001601 0.000086488 0.0000660796 0.0000516326 0.0000407561 0.0000325145
0.000012769 0.000012618 0.0000123568 0.0000122561 0.0000119384 0.0000116246 0.000011442 0.0000121416 0.000012982 0.0000132517 0.0000129337 0.0000127508 0.0000131084 0.0000136085 0.0000144357 0.0000158311 0.0000171556 0.0000186001 0.0000189637 0.0000197591 0.0000207851 0.0000217122 0.0000234383 0.0000258636 0.0000288745 0.0000324516 0.0000370922 0.0000428043 0.0000501717 0.000058263 0.000068081 0.0000775794 0.0000877617 0.0000991351 0.0001097221 0.0001166376 0.0001353078 0.0001331986 0.0001514556 0.000149599 0.000147781 0.0001483307 0.000155099 0.0001348116 0.0001223216 0.0001010253 0.0000848977 0.0000759849 0.0000565524 0.0000527838 0.0000352727 0.0000290253
0.0000138821 0.0000132757 0.0000127916 0.000012357 0.0000120509 0.0000118795 0.0000120487 0.0000129499 0.000017874 0.0000176693 0.0000138655 0.0000135199 0.0000138096 0.0000143233 0.0000152043 0.0000166318 0.0000174416 0.0000181579 0.0000188665 0.0000194562 0.0000204003 0.0000213587 0.0000230464 0.000025886 0.0000284757 0.0000314077 0.000034546 0.0000399355 0.0000472098 0.0000556313 0.0000634037 0.0000747542 0.0000807717 0.0000894603 0.0000976241 0.0001057649 0.0001179403 0.0001193439 0.0001320674 0.0001382197 0.0001298992 0.0001291914 0.0001255748 0.0001155445 0.0001014693 0.0000981914 0.0000723021 0.0000592554 0.0000482861 0.0000386303 0.0000313938 0.0000260112
0.0000141902 0.0000138313 0.0000132989 0.000012778 0.0000125535 0.0000129726 0.0000134278 0.0000144724 0.0000152278 0.0000156234 0.000015402 0.000015192 0.00001554 0.0000160145 0.0000167106 0.0000175432 0.0000185472 0.0000185555 0.0000191599 0.0000210139 0.0000205692 0.0000212714 0.0000225988 0.0000250753 0.0000367013 0.0000298872 0.0000325764 0.0000373547 0.0000438854 0.0000512072 0.0000573768 0.0000644188 0.0000733882 0.0000797772 0.0000873586 0.0000992315 0.0001012096 0.0001275463 0.0001085555 0.0001109753 0.000111937 0.0001144667 0.0001053577 0.000098025 0.0000869306 0.0000743452 0.0000628796 0.000050883 0.0000416227 0.0000342587 0.0000285308 0.0000244161
0.0000148335 0.000014748 0.0000143622 0.0000136536 0.0000137265 0.0000145288 0.0000164047 0.0000160685 0.000016456 0.0000170177 0.0000175824 0.0000180966 0.0000186228 0.0000189698 0.0000192302 0.0000195537 0.0000200028 0.0000201023 0.0000203294 0.0000204105 0.0000209476 0.0000214173 0.000022123 0.0000239721 0.000025753 0.0000400192 0.0000303569 0.0000344215 0.0000397603 0.0000450305 0.0000503255 0.0000562392 0.0000634657 0.0000719582 0.0000931811 0.0000848711 0.0000974588 0.000091051 0.0000929985 0.0000941432 0.0000971575 0.0000947771 0.0000945905 0.0000807402 0.0000720649 0.0000624971 0.0000526128 0.000046247 0.0000365711 0.0000308709 0.0000287169 0.0000232369
0.0000161715 0.0000261498 0.000015483 0.0000151815 0.0000157058 0.0000174774 0.0000187262 0.0000197827 0.0000200021 0.0000209112 0.0000218016 0.0000225313 0.0000230684 0.0000234169 0.0000230783 0.0000231666 0.0000231011 0.000023485 0.0000216699 0.0000211319 0.0000212833 0.0000216588 0.0000219071 0.0000223375 0.0000234907 0.0000253105 0.0000280159 0.0000310975 0.0000350617 0.0000398178 0.0000441898 0.0000489119 0.0000549058 0.0000720291 0.0000757887 0.0000751637 0.0000776018 0.0000801422 0.0000806042 0.0000826912 0.0000799375 0.0000801559 0.0000732567 0.0000751287 0.0000598946 0.0000516059 0.0000443691 0.0000379327 0.0000326976 0.000028449 0.0000251281 0.000022782
0.0000199583 0.0000169344 0.0000170177 0.000017564 0.0000190779 0.000021347 0.0000264461 0.0000247272 0.0000257 0.0000269854 0.0000281009 0.0000288356 0.0000291739 0.0000289191 0.0000288402 0.0000283551 0.0000292526 0.0000258 0.0000240814 0.000022896 0.000022575 0.0000225806 0.0000224623 0.0000222536 0.0000224763 0.00002364 0.0000255262 0.0000279865 0.0000309842 0.0000345873 0.0000391247 0.0000431536 0.0000469743 0.0000538566 0.0000601855 0.0000669502 0.0000734757 0.0000696365 0.0000715493 0.0000676336 0.0000649794 0.0000617619 0.0000596688 0.0000597092 0.0000537859 0.0000442015 0.000038206 0.0000338841 0.0000303005 0.0000272 0.0000248291 0.000023149
0.0000165559 0.0000174647 0.0000185456 0.0000211519 0.0000245033 0.0000279942 0.0000305555 0.0000329768 0.000034558 0.0000361037 0.0000367962 0.000037419 0.0000372171 0.000036325 0.0000354499 0.0000395233 0.0000324855 0.000029835 0.0000273621 0.0000258489 0.0000254687 0.0000252448 0.00002484 0.0000235933 0.0000229263 0.0000231948 0.0000244154 0.0000260356 0.000028047 0.0000305907 0.0000336649 0.0000367789 0.0000407783 0.0000449201 0.0000504219 0.0000571929 0.0000586781 0.0000591443 0.0000587449 0.0000602092 0.0000527596 0.0000505828 0.0000497913 0.000048134 0.0000469235 0.0000393782 0.0000353512 0.0000330989 0.0000306828 0.000028903 0.0000273766 0.000026262
0.0000168656 0.0000186326 0.0000215139 0.000025728 0.0000315719 0.0000374381 0.0000403573 0.0000447028 0.0000543227 0.0000481303 0.0000480997 0.0000488111 0.0000481856 0.0000458511 0.0000439282 0.0000414953 0.0000388402 0.0000349746 0.0000322508 0.0000302394 0.0000294771 0.0000317771 0.0000286364 0.0000267236 0.0000253634 0.0000246019 0.0000249966 0.0000262248 0.000026778 0.0000281887 0.0000303268 0.000032938 0.0000363872 0.000044251 0.0000436495 0.0000465869 0.0000488974 0.0000496783 0.0000479342 0.0000462815 0.0000503038 0.0000430424 0.0000422725 0.0000413132 0.0000392517 0.0000372341 0.0000356609 0.0000349688 0.0000344959 0.0000339375 0.0000338569 0.0000329242
0.0000198552 0.0000222776 0.0000263524 0.0000320422 0.0000387778 0.0000458057 0.000056917 0.0000592697 0.0000674541 0.0000621113 0.0000611376 0.0000626493 0.0000668172 0.0000568977 0.0000524939 0.0000529194 0.0000456798 0.0000418185 0.0000388328 0.0000367025 0.0000357319 0.0000348361 0.0000338324 0.0000325703 0.0000297412 0.0000283801 0.0000281877 0.0000279659 0.0000277864 0.0000280642 0.0000297395 0.0000322161 0.0000354725 0.0000386059 0.0000408957 0.0000421949 0.0000539471 0.0000421668 0.0000408189 0.0000396944 0.0000387474 0.0000386004 0.000038478 0.0000386465 0.0000385949 0.0000387777 0.0000397832 0.0000414687 0.0000430209 0.0000446903 0.0000447664 0.0000447101
