Models/Synthetic/Density/temp_raster_dens.asc
NCOLS 100
NROWS 100
XLLCORNER 3302900
YLLCORNER 3112000
CELLSIZE 4430
NODATA_VALUE NaN
[rows 69 to 91 of 100, columns 0 to 51 of 100]
0.0000324644 0.0000817704 0.0002216123 0.0004636809 0.0008003881 0.0009222545 0.0008008372 0.0005051111 0.000243528 0.000109984 0.0000640374 0.0000566534 0.000045757 0.0000349806 0.0000238425 0.0000155644 0.0000119054 0.000012956 0.0000164392 0.0000190316 0.0000168855 0.0000128789 0.0000089348 0.0000057487 0.0000035675 0.0000023537 0.0000019397 0.0000020017 0.0000022765 0.0000027806 0.0000037241 0.0000054127 0.0000077692 0.0000105464 0.0000138699 0.0000202641 0.0000326197 0.0000534119 0.0000824576 0.0001145422 0.0001306914 0.0001112325 0.0000729026 0.0000390815 0.0000183004 0.0000093973 0.0000080972 0.0000132498 0.0000264023 0.0000493227 0.0000791491 0.0001067457
0.0000347113 0.0000896835 0.0002402467 0.0005458768 0.0009226492 0.0011993058 0.0009597507 0.0005722641 0.0002662309 0.0001131807 0.0000580277 0.0000428266 0.0000368678 0.0000286036 0.0000203624 0.0000141364 0.0000118347 0.0000131929 0.0000163352 0.0000177439 0.0000162817 0.0000125933 0.0000089978 0.0000061397 0.0000041679 0.0000031434 0.0000028113 0.0000027334 0.0000027181 0.0000029024 0.0000036941 0.0000052257 0.0000073913 0.0000098116 0.0000133165 0.000020461 0.0000346576 0.0000569154 0.0000854187 0.0001110743 0.0001172876 0.0000989983 0.0000682641 0.0000350053 0.0000164459 0.0000078824 0.0000050573 0.0000056741 0.0000095521 0.0000176702 0.0000293832 0.0000415124
0.0000312705 0.0000798522 0.000212291 0.0004667893 0.0007739304 0.000928312 0.0008326429 0.0004890767 0.000235097 0.0000975529 0.0000446376 0.0000293837 0.0000249193 0.0000213476 0.0000161747 0.0000124551 0.0000115668 0.0000129675 0.0000147834 0.0000153565 0.0000140551 0.0000116122 0.0000089587 0.0000068997 0.0000055514 0.0000048433 0.0000045238 0.0000042057 0.0000036581 0.000003302 0.0000035539 0.0000045435 0.0000059392 0.0000078717 0.0000114144 0.0000193967 0.0000358926 0.0000623968 0.0000922586 0.0001112496 0.0001077889 0.00008474 0.0000530615 0.0000280494 0.0000130514 0.0000061997 0.0000035423 0.0000031437 0.0000047487 0.0000092159 0.0000233205 0.0000237696
0.0000233885 0.0000580247 0.0001461914 0.0003021551 0.0004672464 0.0005633682 0.0004843042 0.0003333166 0.0001627743 0.0000695209 0.0000300472 0.0000177989 0.0000150429 0.0000135469 0.0000117053 0.0000103877 0.0000110221 0.0000128396 0.0000140374 0.0000141372 0.0000132842 0.0000118632 0.0000105208 0.0000095464 0.0000088716 0.0000083418 0.000007632 0.0000065451 0.0000051313 0.0000038816 0.000003317 0.0000035121 0.0000043316 0.0000059355 0.0000095957 0.0000182517 0.0000371902 0.0000756349 0.0001066947 0.0001243809 0.0001119527 0.0000768035 0.0000438995 0.0000215778 0.0000098583 0.0000046292 0.0000025643 0.0000020475 0.0000028442 0.0000055477 0.0000095873 0.0000138115
0.0000144542 0.0000340373 0.0000800817 0.0001503757 0.0002189078 0.0002510179 0.0002361509 0.0001603692 0.0000895658 0.000040346 0.000017453 0.0000096599 0.0000078646 0.0000075488 0.0000074139 0.0000080523 0.0000099536 0.000012426 0.0000140525 0.0000144437 0.0000142044 0.0000140887 0.0000143617 0.0000147313 0.0000148811 0.0000139939 0.0000122389 0.0000096647 0.0000069392 0.0000045312 0.0000030956 0.0000026916 0.0000031512 0.0000046572 0.0000082579 0.0000169657 0.0000361435 0.0000696546 0.000109968 0.0001329836 0.0001102159 0.0000720036 0.0000378612 0.0000174624 0.0000075988 0.0000034741 0.0000018501 0.0000013549 0.0000016714 0.0000028617 0.0000047861 0.0000068881
0.0000073435 0.0000162182 0.000034555 0.0000600637 0.0000835324 0.0000946469 0.0000862979 0.0000642113 0.0000382351 0.0000190474 0.0000086075 0.0000046155 0.0000036501 0.0000037257 0.0000043476 0.000005813 0.0000083388 0.0000113421 0.0000137099 0.0000146315 0.0000155127 0.0000170358 0.0000189646 0.0000212985 0.0000220738 0.0000206211 0.0000167871 0.0000126222 0.0000083891 0.0000050848 0.0000031026 0.0000023776 0.0000026541 0.0000039759 0.0000071722 0.0000144937 0.0000304095 0.0000576779 0.0000901635 0.000104643 0.0000931055 0.000059978 0.0000314792 0.0000143185 0.0000061112 0.0000027002 0.0000013674 0.0000008955 0.0000009258 0.000001373 0.00000215 0.0000030607
0.0000030912 0.0000063226 0.0000123529 0.0000205342 0.0000309489 0.0000304061 0.0000276682 0.0000211718 0.0000135319 0.000007285 0.0000035688 0.0000019435 0.0000015352 0.0000017426 0.000002494 0.000004057 0.0000065867 0.0000096285 0.0000121725 0.0000141092 0.0000160771 0.0000187792 0.000022258 0.0000255069 0.0000271122 0.0000242899 0.000019277 0.0000137385 0.000008938 0.0000054691 0.0000035538 0.0000028346 0.0000029492 0.0000038781 0.0000061001 0.0000111732 0.0000215829 0.0000385871 0.0000561772 0.0000657506 0.0000654664 0.0000420484 0.0000233222 0.000011196 0.0000049646 0.0000022174 0.0000010995 0.0000006851 0.000000602 0.00000072 0.0000009731 0.0000013118
0.0000011068 0.0000021307 0.0000039245 0.0000065346 0.00000836 0.0000090126 0.0000078614 0.0000061261 0.0000041051 0.0000023916 0.0000012835 0.000000757 0.0000006431 0.0000008551 0.0000014989 0.0000028346 0.000005028 0.0000078287 0.0000106661 0.0000134197 0.0000162978 0.0000196007 0.0000229131 0.0000254927 0.0000258163 0.0000230824 0.0000181551 0.0000127292 0.0000084967 0.0000059605 0.0000048395 0.0000044557 0.0000043556 0.0000045683 0.0000055895 0.0000081657 0.0000133365 0.0000209326 0.0000288774 0.0000334533 0.0000315764 0.0000244201 0.0000151896 0.0000081264 0.0000039824 0.0000019422 0.0000010801 0.0000007808 0.0000007146 0.0000007189 0.000000738 0.0000007816
0.0000003658 0.0000006745 0.0000011982 0.0000017972 0.0000022724 0.000002397 0.000002188 0.0000017484 0.000001265 0.0000008428 0.0000005497 0.0000003988 0.0000003854 0.0000005475 0.0000010221 0.0000020437 0.0000038322 0.0000064055 0.0000096826 0.0000133695 0.0000173652 0.0000206659 0.0000223423 0.0000223643 0.0000207444 0.0000178947 0.0000139936 0.0000102079 0.0000076231 0.0000068797 0.0000072301 0.0000075377 0.0000070576 0.0000062955 0.0000059876 0.0000066567 0.000008188 0.0000105508 0.0000131288 0.0000148064 0.0000146078 0.0000122942 0.0000088656 0.0000055399 0.0000031659 0.0000018698 0.0000013588 0.0000012894 0.0000013425 0.0000013231 0.0000011738 0.0000009771
0.0000001266 0.0000002261 0.0000003835 0.0000005698 0.0000007368 0.0000008509 0.0000009005 0.0000008913 0.0000008302 0.000000733 0.0000006303 0.0000005554 0.0000005394 0.0000006281 0.0000009309 0.0000016428 0.0000030107 0.000005298 0.0000086768 0.0000134883 0.000019243 0.0000226199 0.0000225607 0.000019227 0.0000156933 0.000012399 0.0000095081 0.0000073735 0.0000067575 0.0000079487 0.0000102128 0.0000112284 0.000010401 0.0000084277 0.0000071863 0.0000067036 0.0000064581 0.0000063082 0.0000063801 0.000006598 0.0000065495 0.0000059872 0.0000049341 0.0000036979 0.0000026347 0.0000020328 0.0000019861 0.0000022722 0.0000025506 0.0000025043 0.0000021511 0.0000016569
0.0000000622 0.0000001107 0.0000001978 0.0000003326 0.0000005278 0.0000007939 0.0000011026 0.0000013738 0.0000015015 0.0000014642 0.0000013287 0.0000012084 0.000001151 0.0000011787 0.0000013382 0.0000017694 0.0000027004 0.000004467 0.0000076599 0.0000128161 0.00001911 0.0000245558 0.0000217414 0.0000172135 0.0000126387 0.0000090692 0.0000066686 0.0000055649 0.0000061422 0.0000086258 0.0000117562 0.000013697 0.0000120215 0.0000097548 0.0000083753 0.0000076055 0.000006683 0.0000053778 0.0000043371 0.0000036943 0.0000033549 0.000003158 0.0000029988 0.0000027633 0.0000025253 0.0000025021 0.0000028986 0.0000036055 0.0000040474 0.0000039699 0.0000033073 0.0000025811
0.0000000797 0.0000001384 0.0000002589 0.0000004864 0.0000008713 0.0000014414 0.0000021576 0.0000027932 0.0000031037 0.0000029744 0.0000026622 0.0000024178 0.0000023722 0.0000024314 0.0000025922 0.0000028619 0.0000033877 0.0000044983 0.0000069135 0.0000111245 0.000016605 0.0000196091 0.0000190996 0.0000153426 0.0000112978 0.0000081149 0.0000061139 0.0000055195 0.0000064216 0.000008714 0.0000116232 0.0000122507 0.0000111536 0.0000092691 0.0000083667 0.0000080626 0.0000068972 0.0000054316 0.0000040337 0.0000029951 0.0000023362 0.0000021464 0.0000023202 0.0000026542 0.0000029501 0.0000033512 0.0000040132 0.000004765 0.0000052495 0.0000048432 0.0000041104 0.0000033158
0.000000203 0.0000003088 0.0000005198 0.0000009489 0.0000016813 0.0000027289 0.0000039502 0.0000050617 0.0000054605 0.0000051169 0.0000043885 0.0000040471 0.0000041476 0.0000045453 0.0000050202 0.0000057477 0.0000059317 0.0000061988 0.0000070331 0.0000096235 0.0000127295 0.000014871 0.0000148984 0.0000132483 0.0000109657 0.0000089662 0.0000080914 0.000008297 0.0000092185 0.0000103454 0.0000107843 0.0000102026 0.0000086808 0.0000074394 0.0000069838 0.0000067546 0.0000061751 0.0000050577 0.0000039206 0.0000028166 0.0000021028 0.0000019465 0.0000023571 0.0000031151 0.0000039333 0.0000046405 0.000005162 0.0000055166 0.0000053338 0.000004799 0.000004038 0.0000036796
0.0000005754 0.0000007512 0.0000010595 0.0000017282 0.0000029499 0.000004587 0.000006314 0.000007559 0.0000079893 0.0000071174 0.0000060346 0.0000054873 0.0000059909 0.0000071905 0.0000085421 0.0000097484 0.0000119444 0.0000088562 0.0000084738 0.0000095839 0.0000112105 0.0000123143 0.0000125087 0.0000120095 0.0000113857 0.0000116703 0.0000133361 0.0000159945 0.0000176778 0.000017103 0.000014271 0.0000105827 0.0000074468 0.0000056505 0.0000050219 0.0000049143 0.0000046879 0.0000041819 0.0000033999 0.00000262 0.0000020999 0.0000021571 0.0000028428 0.0000040001 0.0000052994 0.0000060799 0.0000062024 0.0000056056 0.0000048174 0.0000039932 0.0000035526 0.000003792
0.0000015151 0.0000017233 0.000002016 0.000002799 0.0000043714 0.0000066018 0.0000085009 0.0000095733 0.0000093321 0.0000083747 0.0000069595 0.0000063219 0.000007023 0.0000092362 0.0000122081 0.0000135821 0.0000131894 0.0000118147 0.0000110961 0.000011609 0.0000123688 0.0000127156 0.0000125953 0.0000124957 0.0000131307 0.0000159214 0.0000227878 0.0000305525 0.0000352339 0.0000323575 0.0000245596 0.0000153508 0.0000086452 0.0000051125 0.0000038901 0.0000037134 0.0000037257 0.0000035012 0.0000030295 0.0000025087 0.0000023066 0.0000027006 0.0000037121 0.0000051284 0.0000064259 0.0000071087 0.0000064423 0.0000052765 0.0000040023 0.0000032043 0.0000031777 0.0000041502
0.0000034414 0.0000034564 0.0000034565 0.0000040322 0.0000055467 0.0000076689 0.0000095692 0.000009873 0.0000094236 0.0000083227 0.0000071223 0.0000064015 0.0000072552 0.0000099092 0.0000131355 0.0000152179 0.0000146463 0.0000139788 0.0000142913 0.000015309 0.000015455 0.0000150929 0.0000148468 0.000014633 0.000015744 0.0000206847 0.0000327456 0.0000535952 0.0000582914 0.0000547784 0.0000396924 0.000023414 0.0000117125 0.0000059104 0.0000039732 0.0000037907 0.0000039333 0.0000037999 0.0000033103 0.0000028355 0.0000027982 0.0000034897 0.0000048363 0.000006193 0.0000070745 0.0000068657 0.0000058938 0.0000044323 0.0000032385 0.0000027041 0.0000032573 0.0000050733
0.0000063023 0.0000056644 0.000005056 0.0000052408 0.000006185 0.0000075298 0.0000084051 0.000008579 0.0000080643 0.0000074433 0.0000065259 0.0000061887 0.0000070897 0.000009358 0.0000121387 0.0000138635 0.0000147179 0.0000158659 0.000018113 0.0000199573 0.0000203463 0.0000191072 0.0000180059 0.0000178597 0.0000179269 0.0000238981 0.0000393063 0.0000603168 0.0000774101 0.0000725691 0.0000533784 0.0000305046 0.0000148525 0.0000071933 0.0000048353 0.0000050309 0.0000053863 0.0000051475 0.0000041688 0.0000034822 0.0000034806 0.0000043749 0.0000058372 0.0000071692 0.0000072483 0.0000064124 0.0000050308 0.000003675 0.0000027228 0.0000025937 0.0000037016 0.0000066782
0.0000086839 0.0000069294 0.0000062078 0.0000061873 0.000006425 0.0000065768 0.0000065148 0.0000062306 0.0000059929 0.0000057183 0.0000056391 0.000005985 0.0000071604 0.000008989 0.0000108083 0.0000123761 0.0000142653 0.0000177092 0.0000224701 0.0000254162 0.0000255571 0.0000251539 0.0000208672 0.0000191038 0.0000195296 0.0000248467 0.0000385736 0.0000591685 0.000074618 0.0000756324 0.0000556563 0.0000326978 0.0000161016 0.0000080563 0.0000056342 0.0000060257 0.0000130315 0.0000061222 0.0000047921 0.0000040011 0.000004086 0.000005153 0.0000068584 0.0000080811 0.0000080849 0.0000068052 0.000005093 0.0000036361 0.0000028423 0.0000029503 0.0000043062 0.0000075779
0.0000072101 0.0000068121 0.0000064876 0.0000065877 0.0000064493 0.0000057907 0.0000048352 0.0000041526 0.0000038692 0.0000040106 0.0000046038 0.0000058496 0.0000076744 0.0000095591 0.0000112138 0.0000127791 0.0000153684 0.0000198994 0.0000255574 0.0000298244 0.0000287523 0.0000255727 0.0000229249 0.0000208864 0.0000209395 0.0000244973 0.0000338921 0.0000475909 0.0000595899 0.0000592896 0.0000468754 0.0000285581 0.0000149753 0.0000081016 0.0000060313 0.0000062797 0.0000065021 0.0000059898 0.0000047872 0.0000040699 0.000004319 0.0000058005 0.0000080652 0.0000099709 0.000010288 0.0000087992 0.0000065418 0.0000046738 0.0000038054 0.00000388 0.0000049618 0.0000076085
0.000005349 0.0000058075 0.0000061941 0.0000064531 0.000006244 0.0000050836 0.0000037374 0.0000027625 0.0000024186 0.0000027085 0.0000037115 0.0000054985 0.0000079342 0.0000106463 0.0000129861 0.000015538 0.0000185967 0.0000223317 0.0000268312 0.0000293297 0.0000288663 0.0000257692 0.0000233163 0.0000226158 0.0000226328 0.0000241629 0.0000286329 0.0000363406 0.0000423555 0.0000415708 0.0000329799 0.0000215734 0.0000123731 0.0000076579 0.0000061411 0.0000059558 0.0000057714 0.0000051599 0.0000043118 0.0000038014 0.0000042373 0.0000060797 0.0000092193 0.0000124123 0.0000133875 0.0000117494 0.0000086545 0.0000064053 0.0000054215 0.0000052533 0.0000056135 0.0000066375
0.0000049543 0.0000056701 0.0000061453 0.000006162 0.0000055495 0.0000044164 0.0000030657 0.0000020867 0.0000016848 0.0000019421 0.0000029561 0.000004822 0.0000074699 0.0000106201 0.0000145033 0.0000189821 0.0000223672 0.0000244725 0.0000256464 0.0000271167 0.0000267174 0.000024613 0.0000224277 0.0000220919 0.0000228287 0.0000227001 0.000024959 0.0000296857 0.0000325198 0.000030163 0.0000228829 0.0000151764 0.0000098205 0.0000071458 0.0000062947 0.0000060334 0.0000056224 0.0000049033 0.0000040656 0.0000035321 0.000003919 0.0000058117 0.0000092773 0.0000131571 0.0000152299 0.0000130958 0.0000099454 0.000007849 0.0000068926 0.0000064241 0.0000059867 0.0000057379
0.0000071474 0.0000076299 0.0000073147 0.000006407 0.0000052268 0.0000040014 0.0000029013 0.0000020302 0.0000015528 0.0000016168 0.0000023773 0.0000039314 0.0000062568 0.000009525 0.0000141981 0.0000195928 0.0000237724 0.000023645 0.0000230799 0.0000233871 0.0000236664 0.0000214462 0.0000193602 0.0000188437 0.0000187608 0.0000192548 0.0000212868 0.0000253151 0.0000278623 0.0000236689 0.0000169305 0.0000110443 0.0000078142 0.0000068 0.0000066036 0.0000066113 0.000006351 0.0000056103 0.0000044855 0.0000035969 0.0000035958 0.00000499 0.0000078533 0.0000112635 0.0000128155 0.000011697 0.0000093005 0.0000078222 0.0000072953 0.0000065257 0.0000056037 0.000004928
0.0000127478 0.0000122486 0.0000102745 0.0000078218 0.0000056804 0.0000043022 0.0000033759 0.0000025749 0.0000019466 0.0000017169 0.0000021048 0.0000031633 0.0000049393 0.0000077126 0.000011756 0.0000164832 0.0000193552 0.0000196385 0.000018595 0.0000184318 0.0000181295 0.0000166841 0.0000146678 0.0000135058 0.0000133111 0.0000140314 0.0000164788 0.0000200317 0.0000212105 0.0000182803 0.0000126798 0.0000083063 0.0000064132 0.0000065101 0.0000076028 0.0000086617 0.0000089183 0.0000079437 0.0000061011 0.000004361 0.000003587 0.0000041486 0.0000058596 0.00000781 0.0000088215 0.0000083769 0.00000727 0.000006493 0.0000060419 0.0000055059 0.0000047669 0.0000043518
