Models/Synthetic/Density/temp_raster_pop.asc
NCOLS 101
NROWS 101
XLLCORNER 3302900
YLLCORNER 3112000
CELLSIZE 4386.138614
NODATA_VALUE NaN
[rows 46 to 68 of 101, columns 0 to 51 of 101]
2.3342032117 2.7297009805 3.4008021971 4.3493213802 5.6309951764 7.2575569943 8.5482716502 9.5686852718 10.5523767716 11.5193311457 12.3461073409 12.5992946689 11.8946053537 9.9221278106 8.7622104898 7.8715824279 8.1592979334 7.1140127493 7.1857278379 7.6301262084 8.9126176145 10.1951149892 10.4259989376 11.7850932482 13.2985909945 13.9307888182 13.6920690057 14.4031410517 13.1792251328 11.7751124179 10.7194113348 9.5433309577 7.7425295603 6.2732824061 5.13195781 4.7900542066 4.5099939239 3.1401190262 2.9369448467 2.9349295798 2.8218851951 2.7601842163 2.6967927559 2.7447528468 2.7765789999 2.801556295 2.7934532497 2.8050895689 2.7798696685 2.7394255835 2.684399545 2.6492042391
1.87147176 2.1590105081 2.6944296996 3.4383966976 4.4369967462 5.5844783969 6.8811628488 7.573812611 8.4064053316 9.2185150026 9.8385122408 9.5924172065 8.9375832188 8.0005061444 7.3716316922 6.5086396631 6.0688854024 6.0232762602 6.2249937756 6.9162982239 8.2947668242 9.4308903677 10.2949165758 11.2997947371 12.632719392 14.1693124005 13.7992842317 13.0360707197 12.3051147614 11.5726554949 10.1998978856 9.0480394667 7.1930862212 5.7572160426 4.7101382987 4.2648364335 3.3894147055 3.0263358197 2.9430918345 3.0390327782 3.4714425399 3.0892441894 3.0171018493 3.0516774311 3.4281788598 3.2659066459 3.3734223862 3.3539846655 3.1340584384 2.8976553428 2.8064769728 2.7679990155
1.4868664838 2.4280713722 2.1143468903 2.7127188896 3.4357251388 4.2855592393 5.2142541898 5.8255278984 6.5272371782 7.2597261711 7.4475136966 7.5379225826 7.1982206423 6.6034519055 6.2176920017 5.6072941785 5.4134035482 5.5268446726 5.9113405773 6.5683470221 7.6922909403 8.6754420197 9.7485266064 11.8256763423 12.5683875322 12.4698248056 12.6460174446 12.3289551336 11.8568416632 10.9587349815 10.4275251531 8.3871350246 7.2706697737 5.3390269261 4.3649141678 3.6376547537 3.2415875344 3.0479304578 3.1029373145 3.3776752571 3.8093577254 3.6785341178 3.4358167248 3.4545535136 3.5245647253 3.7195069258 4.2305868578 4.3511496993 3.4107728576 3.1030192832 2.9945904927 2.9999145111
1.1933837504 1.3539018763 1.6597477254 2.1016551494 2.8001493861 3.2113983533 3.7477875263 4.3390347883 5.7616832149 5.354651205 5.7889459626 5.9398797466 6.05815913 5.6812156036 5.3708037407 5.2479557152 5.4030048239 6.2312506371 6.1312659869 6.6421860994 7.3529233387 8.6802613831 9.4256243094 10.2593717685 11.1048472713 11.4722881407 11.905392411 12.376931042 10.8646728515 9.8755247855 8.7133984015 7.5922549073 6.0799972068 5.1625950573 4.0613075518 3.4757840673 3.1656191865 3.1585412538 3.4002792104 3.705189442 3.7092893549 4.593088735 3.8857659109 3.8883983005 3.9353068679 4.0804603184 4.3423737762 3.9698893787 3.6173048047 3.31227556 3.2280146576 3.3006408418
0.9668653567 1.0827337668 1.2955029741 1.6338636451 1.9977649214 2.3894467433 2.7654062679 3.1990896405 3.6122256787 4.0212056039 4.4343044689 5.4545745082 5.6031729417 5.1573647926 5.184634967 5.8194601927 5.8175835933 7.452971666 6.899661088 7.008369553 7.4766231255 8.0280661661 8.7743806904 10.1737656702 10.6711755352 10.455945913 10.6675239337 10.4990353524 9.8169441333 8.9691666976 7.6976745703 6.4985978787 5.4967519198 4.5763422804 4.7809309369 3.3942128744 3.8331847577 3.2018177109 3.3782527057 3.6468915824 3.9446094096 4.1695302842 4.3428455983 4.4128203017 4.4610758831 4.4321288681 4.2785631242 4.0112618949 3.7272938708 3.5446374838 3.5212084235 3.7149091279
0.8580788323 0.9377258104 1.0771888264 1.2715839367 1.5156543665 1.7949610313 2.1097277 2.4356528593 2.7821081722 3.1914251104 3.7040475629 4.3412217231 4.7675122806 5.0202592551 5.4308585194 6.568704737 6.5622032078 7.2174015922 7.9260968511 7.6044085483 7.7403952834 8.1272843017 8.3775196589 8.730844433 9.0708018263 9.2218535723 9.2446287723 9.0125680662 8.5329349221 8.0685940649 6.6971954728 5.7136323022 5.0558136115 4.2376637009 3.7671191239 3.4826628608 3.3095460818 3.2820746832 3.4765247408 3.848985347 4.3026097331 4.6136671296 4.8286769384 5.8258285407 4.9970885574 5.40946102 4.5709884506 4.2801527714 3.9809089596 3.8588629893 3.9156381877 4.2066342094
0.8347749973 0.887978923 0.9702267337 1.0865152037 1.2420398653 1.44419812 1.6945427661 1.9892769005 2.3175495981 2.8013748994 3.5166300025 4.0046534328 4.5504021015 5.2217423866 6.0167113229 6.8692030238 7.7632231326 8.2338519988 8.5012506488 8.5450551769 8.4663165527 8.4245166037 8.2032727625 8.1540553733 8.3258499817 8.1385983871 7.9892165852 7.7924916106 7.314372569 6.6238637217 5.8492316808 5.0727967981 4.4642230208 4.0001355349 3.7295792574 3.9521552062 3.427238611 3.4385901106 3.7384567283 4.1887152226 4.7156578475 5.9905384896 5.4014804921 5.4308742593 5.3725695762 5.1746837584 5.2535757571 4.589870957 4.3280954313 4.3023970543 4.5062290654 4.9383967465
0.8973812577 0.9300558235 0.9700879702 1.0284953237 1.1192754528 1.2584333164 1.4622149154 1.7302090204 2.0956273004 2.6757676873 3.5559994018 4.0349006535 4.797363533 5.7816264854 6.9028093582 8.1071101687 9.8366107971 9.7405827324 9.8939782318 10.9378198617 9.5323304804 8.9909629909 8.4185707472 8.0401969962 7.8003723505 7.4431273519 7.1167302129 6.7492403824 6.3200725428 5.8259144863 5.1441196545 4.5623588827 4.1137379225 3.8130994033 3.6782468692 3.6731047696 3.5533295849 3.6212184133 4.0339294338 4.5445846553 5.0537200952 5.7786485579 5.8419150473 6.1452009965 5.697984501 5.4663673313 5.1541585189 4.8869963721 4.7776049902 4.7301420059 5.5653499138 5.8307649823
1.0563426021 1.0705306097 1.0724069206 1.0768397892 1.1100933547 1.1953153667 1.3610203055 1.6676518244 2.0755975943 2.7216598059 3.5780865726 4.315979824 5.3511971484 6.5960713376 7.9782773922 9.3491958099 10.651875539 11.3799142976 11.9503611112 12.3240468154 11.5610118566 9.872194187 8.9893561429 8.2008730119 7.6299476419 7.122678514 6.6128021238 6.1508493081 5.6654335167 5.2365175353 4.7527499029 4.2998488343 3.901524791 3.6628682855 3.5503138288 3.5180104322 3.5897366786 3.7322538849 4.0802161902 4.6504326672 5.2067279976 5.7769707647 6.0914798742 6.1189320573 6.037909288 5.6624304033 5.3542039137 5.1088917099 4.9928521634 5.1664387197 5.6308688005 6.5089931395
1.3131917217 1.343226634 1.3046459002 1.2548568657 1.1937761416 1.2305261564 1.3660072769 1.6976947189 3.5518361792 2.7916653001 3.7529444893 4.7619130611 6.0348892321 8.3492599709 8.9190512974 10.437471744 11.9221232916 13.4778193208 14.0246016031 13.5561303106 12.5696277957 11.2807280059 9.7670810852 8.6422586364 7.8198377902 7.1304372876 6.6188737938 5.9025319042 5.3552431409 4.9096109829 4.9280359241 4.1607706803 3.8146803381 3.5700844362 3.4656586371 3.4710388411 3.5809098639 3.7308812067 4.0447533295 4.5097289485 5.9076628866 5.6769300714 6.5049949027 6.5108120723 5.9752860763 5.7253608 5.5020555806 5.3340960379 5.3038024045 5.5597540236 6.2663183362 7.3354741105
1.6518904023 1.6599410855 1.8952455748 1.478418408 1.3638215251 1.3550031264 1.4560399487 1.7642763543 2.3414626512 2.8423796348 3.7449526597 6.0587001693 7.2026435655 8.1700986819 9.6068448664 12.2287966884 13.0175327276 14.332283685 15.1704784343 14.3386549296 13.91226733 12.8760945361 10.6719390023 9.4053602813 8.3556058273 8.1094187128 6.747442669 6.0417118193 5.3693507973 4.895232448 4.468288601 4.3976026018 3.7514323513 3.5198786058 3.4205013872 3.4364661446 3.5147227104 3.7586174673 4.0064173018 4.4167789694 4.8343142911 5.3820711419 5.8036526083 5.8479993977 5.7507098474 5.7027185442 5.700736282 5.6596303881 5.7282223193 6.0673877142 6.8937113982 8.7260014384
2.0618841027 2.0464303845 1.9418814907 1.7915186349 1.6275477431 1.5683104124 1.6543876865 1.8719311023 2.2460577569 2.836529726 3.7940731058 5.1223342694 7.2522470994 8.2408061248 10.0010791818 11.8075386136 13.6975079401 16.6555670152 15.7337571556 15.2866488884 14.2790941744 13.1748487499 11.7767437423 10.4038430266 9.6474483841 8.1955989612 7.3682040525 6.566205107 5.7587965547 5.0254668387 4.6973124078 4.0503223414 3.716493685 3.4893563663 3.343500661 3.3281572138 3.5363091849 3.6061590396 4.3688199092 4.169196168 4.5473404927 5.0312757031 5.4003202031 5.5312734367 5.5279417884 5.5984459537 6.08186896 6.3748103045 6.1574019825 6.6426514693 7.6930449454 8.8945594567
2.5230691064 2.5260118636 2.3833689632 2.2030221029 2.0244471822 1.8978900589 1.9057768155 2.2812747953 2.3306464116 2.884618614 3.8197827568 5.0979951055 6.586240339 8.2580927544 10.09417387 12.076446535 14.1024829126 17.627817298 17.4813611153 15.9057776776 15.6623083876 13.9775526727 14.4070845524 12.9463804601 10.0959029607 9.0155750238 8.5334305222 7.4850313156 6.3616312471 5.415859107 4.6448976075 4.1060608118 3.6774309798 3.3998726371 3.2285072591 3.1714394466 3.1923874549 3.3785953081 3.5632379984 3.8621606538 4.1914015591 4.7638453213 5.2540909678 5.7242471477 5.292315393 5.4726365679 5.8072205104 6.5212448957 6.4901408538 7.1305939756 7.6463838546 9.1523407926
3.2319980882 3.2138096996 3.0572999512 2.8466099109 2.6147648766 2.3827499346 2.2620001958 2.3150175112 2.5334200286 3.0054148647 3.8318457094 5.1610586765 7.2169936322 8.2066042347 10.1744001544 12.8668013201 14.1423384457 17.0534467589 16.5688147314 15.8927649587 15.5419667517 14.6227192668 13.6579438146 13.3152464766 11.1885482396 10.0729267998 9.1393466673 8.1341183699 7.2805843591 5.7963828304 4.9252513582 4.2757039462 3.7541899655 3.3626863244 3.0889489875 2.9658386252 2.9449002084 3.0150608987 3.1917224581 3.4612710957 3.827947194 4.2379017138 4.6084712069 4.8520375425 5.0874697626 5.3249560039 5.7047047861 6.0185146402 6.3955979184 6.8788562723 7.7463212154 9.7566715544
4.9843904313 4.1922942015 3.9941636332 3.7670440647 3.4412800298 3.0701960179 2.6897414089 2.5755216581 3.0209562076 3.0197922443 3.7056747526 4.8106564966 6.2278574887 8.922069624 10.1412246394 12.5758391012 13.9890610429 14.9266014528 15.5847509811 15.2167337469 14.9706307356 15.7530517608 14.9730864692 14.1191235546 12.5039420137 11.1117037226 10.014250656 9.9256516565 7.4804630426 6.1329638037 5.177905113 4.459129576 4.210965403 3.2987958376 2.9587994958 2.7931192768 2.7194189613 2.7545835666 2.9030441599 3.1555568965 3.5159886248 3.8485038552 4.1728926054 4.4457934952 4.8032606657 5.371691851 5.5238372065 6.3569591015 6.2546628181 7.5480931939 7.534018168 8.7803536314
5.6905733631 5.6330231183 5.3578304296 4.9126195437 4.5938405976 3.8557803065 3.2765751109 2.922678235 2.8026730968 2.9790681666 3.4501817547 4.4011252207 5.7430419651 7.2206953903 9.3221481746 12.0922639065 12.1064594078 13.3178865852 14.6244118152 15.3403276645 14.5268533197 15.8527407064 14.4511086161 14.418441885 14.3303640571 12.3534933294 10.7472323582 9.410299017 7.8538908031 6.680439661 5.3421895394 4.4538439434 3.76389773 3.2455405184 2.8361143573 2.6184436004 2.5077126398 2.5190535187 2.6856474278 2.9207652105 3.2540006858 3.918594747 3.8611867177 4.1582069414 4.5309233194 5.8514327048 5.2965922304 5.6294673093 6.3865941894 7.0105884505 7.3306281141 8.2586666243
7.5740523386 7.9870279577 6.9379108704 6.3310945203 5.5575264095 4.9465268451 3.9299489055 3.2860804416 2.9528305409 2.8953714199 3.2003044488 3.8852619772 4.9491888013 6.3057668 7.8377066072 9.2108501942 10.7812138119 12.6273825225 12.8524150937 13.5502259954 15.1655681731 14.3567393737 15.358723303 14.6685086469 14.2987222854 12.9351858581 11.0846421235 9.5163250434 8.1036307101 7.0985051034 5.4317819883 4.3949750424 3.7394747682 3.0813729414 2.7182299679 2.4377573595 2.3077716572 2.3075596345 2.4576006402 3.2169962134 2.9875204657 3.2922822486 3.6009386969 3.8818346514 4.1862905959 4.5908916526 4.9690225836 5.3871840599 5.7264857621 6.293642018 6.8308688805 7.7798308614
10.2228357603 9.428422669 8.7585387808 7.8110864124 6.7937576235 6.3959349788 4.602893598 3.8098832165 3.2278022404 2.9550554609 2.9984187934 3.4416095261 4.2747454623 5.6114452175 7.1987882178 7.8212300828 9.0970837802 12.205749561 11.7458182542 12.6603111326 13.7941880791 13.9069776891 14.2984341946 14.7230212143 14.3448867319 12.8035671777 11.2478495499 9.9071823238 8.9340115547 6.8600937478 5.4788518964 5.1224111702 3.4855557566 2.9110651875 2.5090192663 2.268180139 2.1407012118 2.1380469238 2.2731308109 2.4553567867 2.6983918467 2.9871423764 3.5956697241 3.5238790985 4.7274213015 4.2003555164 4.8750472904 5.0151460281 5.3823307493 5.7867068159 6.9244835074 7.0969896502
12.4316067666 11.5725523465 10.5634216985 9.5273465462 8.3235378621 6.6573319579 5.2838248967 4.2612974316 4.322691983 3.0490124018 2.9167312961 3.1834237391 3.7893389105 4.6502107905 5.9192535717 6.5649020346 7.7025523716 9.0187085489 11.2181404406 11.5999878548 12.4389920416 13.1904105663 13.6482157024 13.6536491777 14.2087719906 12.8729151649 11.1515935662 10.4220395267 8.08560131 6.6012857502 5.5006627263 4.1923140452 3.3005356945 2.7058110134 2.3337846957 2.117094465 2.0245785583 2.030724437 2.1281461716 2.315073598 2.5040722915 2.7336497072 2.9168539379 3.1742810724 3.451430413 3.8126153664 4.2042464192 6.0420772383 4.986020632 5.459293737 5.7097273043 6.2760686484
14.6015703522 13.8789858561 12.3679831258 11.0127952692 10.1160544284 7.5879592169 5.9792198629 4.8183807172 3.8327511655 3.2399427607 2.894530116 3.0370968321 3.6110740613 3.935770984 4.6476620014 5.5245962963 6.5356659652 7.7241561086 8.9319733934 10.1826634633 11.485803008 12.1587075371 12.421637081 13.3143795725 12.2093006161 12.0038794199 10.3493087971 8.8680386647 8.9724902402 6.1311025388 5.4450592723 3.9497336416 3.1038642593 2.5436994065 2.1956540624 2.0146129031 1.9678240665 1.9924387641 2.0843834773 2.261745041 2.7409711809 2.5021064254 2.6473380915 2.8663945838 3.1353229456 4.0855222715 3.7408450197 4.0769822943 4.547774631 4.7899032135 5.017161056 5.4014523134
17.3464017721 15.6086402349 13.9158542908 12.0561741682 10.0322757391 8.2312047067 6.9639228424 5.1645425828 4.3260588382 3.3309889987 2.9656099089 2.8237343463 2.9617027124 3.3841562322 3.9543964892 4.7021870252 5.5913954635 6.6050983504 7.6278286136 8.7762109103 10.0582573433 10.6821302349 11.0043975191 11.0151103474 10.8683333347 10.3311741873 9.526035404 8.428484571 6.76536681 5.6293838546 4.6045608979 3.6793419614 2.9300571765 2.3954340413 2.0895884387 1.9501020471 1.9349441262 2.0220357241 2.0681259576 2.2003614908 2.3144643804 2.4453075963 2.6017221349 2.8002891164 3.0341293142 3.1762637746 3.3643776368 3.5837328141 3.8291326536 4.0796678216 4.337023271 4.7827498591
18.085016397 16.7550765152 14.8043003819 12.5563191005 10.3986137857 8.6728981823 7.6583228278 5.4089204463 4.1198902165 3.3570754234 3.5077950776 2.6091325884 2.6357445812 2.896463248 3.3657848029 4.9076003142 4.7194480376 5.7119354554 7.3784033559 7.3616179308 8.3085312474 9.6327320945 9.4907069651 9.4326676196 9.2710550673 9.2368872134 8.3578259473 7.1695479676 6.4662861994 5.1016361732 4.1335223738 3.9814991673 2.7236086955 2.2632319611 2.016333962 1.9183043536 1.9344051377 1.9938352454 2.0884949385 2.2016387881 2.3617259082 2.5283019636 2.7585628674 3.0231301606 3.0585001188 3.7044316682 3.1019724897 3.1686072599 3.3002008939 3.5109211166 4.0320301012 4.2606951341
19.3238720996 17.5850906668 15.5987357269 12.6603279793 11.3320077669 8.7243591283 7.3964987283 5.2844543222 4.0492919435 3.2467540897 2.7246842471 2.4570524514 2.4031015511 2.6358107778 2.8660539038 3.3117452634 4.3106355857 4.5494151402 5.2734070326 6.094069292 6.7519974363 7.3972808247 7.7665702882 8.2702161723 7.7974008043 7.530486623 7.0674332868 6.4614464695 5.3758090182 4.4937905224 3.7447505414 3.074527658 2.5640596311 2.1759294753 1.9966715276 1.9497794261 1.9853501012 2.0752513198 2.202658698 2.3768360699 2.6004532383 2.8734780614 3.0405454061 3.3371334354 3.2143047488 3.1141047222 3.0387442019 2.9720119564 2.9990663795 3.1640405498 3.4426531429 3.9020023532
