Models/Synthetic/Density/temp_raster_dens.asc
NCOLS 100
NROWS 100
XLLCORNER 3302900
YLLCORNER 3112000
CELLSIZE 4430
NODATA_VALUE NaN
[rows 23 to 45 of 100, columns 0 to 51 of 100]
0.0000657175 0.0000840664 0.0000798634 0.0000807351 0.0000731738 0.0000846797 0.0001110332 0.000143753 0.0001152363 0.0000988071 0.0000836412 0.0000771675 0.0001239824 0.0002428731 0.0002603574 0.0001851555 0.0001525789 0.0001732446 0.0001873325 0.0002413507 0.0001988351 0.0001903624 0.0001573194 0.0001284445 0.0000670576 0.0000595703 0.0000856778 0.0000782447 0.0000655164 0.0000559602 0.0000557424 0.0000513752 0.0000672152 0.0001114777 0.0001382607 0.0001086953 0.0000929054 0.0000838077 0.0000804077 0.0000665884 0.0000954374 0.0001121053 0.0000856448 0.0000724153 0.0000971249 0.0001291872 0.0001790665 0.0002302281 0.0002815557 0.0002159219 0.0001433162 0.0001323059
0.0000901669 0.0000811202 0.0001007573 0.0001403936 0.0000824913 0.0000878283 0.0001140702 0.000156557 0.000105457 0.0000695734 0.0000661751 0.0000759376 0.000105814 0.0001344102 0.0001643766 0.0001433883 0.0001616566 0.0001717193 0.0002445851 0.0002946957 0.0002798022 0.0002072263 0.0001447126 0.0000884331 0.0000790647 0.0001100651 0.0001033225 0.0001073178 0.0000733659 0.0000469163 0.000045896 0.0000778083 0.0001074016 0.0001445149 0.0001279954 0.0001219803 0.0000909218 0.0000738596 0.0000692506 0.0000549164 0.0000864107 0.0000750845 0.0000556325 0.0000693557 0.0000737922 0.0001003701 0.0001062544 0.0001559402 0.0001680851 0.0001642389 0.0001170183 0.0001326356
0.0000530097 0.0001016986 0.0001114173 0.0001248676 0.0001126312 0.0001040521 0.0001063574 0.000120428 0.0001043273 0.0000996658 0.0000607287 0.00007109 0.0000793362 0.0000967646 0.0000803019 0.0000989809 0.000119786 0.0001234116 0.0001801003 0.0001984049 0.0002327461 0.0002363845 0.0001207435 0.0001011178 0.0000710443 0.0000998958 0.0001013903 0.0000815092 0.0000808348 0.0000666982 0.0000555215 0.0000792985 0.0001136962 0.0001581115 0.0001641922 0.0001222201 0.0000894305 0.0000542917 0.0000398172 0.000045561 0.0000597956 0.0000541058 0.0000413939 0.0000404079 0.0000841322 0.0000835741 0.000099806 0.0001139287 0.000136452 0.0001216201 0.0001036231 0.0001408296
0.0000371727 0.0000546884 0.000064155 0.0000894165 0.0000774765 0.0001016062 0.000118293 0.0001317594 0.0001576849 0.000123014 0.0000864016 0.0001030959 0.0000737457 0.0000517402 0.0000529342 0.0000617553 0.0000833295 0.0000732724 0.0000801712 0.0001542323 0.000189766 0.0001651352 0.0001074159 0.0000795828 0.0000822868 0.0000923598 0.0001076403 0.0000959987 0.0000739365 0.000067344 0.0000898717 0.0001266085 0.0001546018 0.000114417 0.0001457512 0.0001102126 0.0000745408 0.0000485295 0.0000387842 0.0000462968 0.0000494987 0.0000439921 0.0000344501 0.0000420134 0.0000569879 0.0000846551 0.0001031087 0.0001199997 0.0001052363 0.0001116274 0.0001009123 0.000097955
0.0000187121 0.0000342404 0.0000610293 0.0000575004 0.0000626212 0.0000722111 0.0001172644 0.0002248666 0.000182187 0.0001437583 0.0001493192 0.0001005408 0.0000728212 0.0000636116 0.0000482918 0.0000452724 0.0000421803 0.0000426261 0.0000645515 0.0000668986 0.0000845455 0.0001033121 0.0000986163 0.0000728173 0.0000909111 0.0001337024 0.000129254 0.0001379566 0.0000769739 0.0000770108 0.0000904082 0.0001322146 0.0001153992 0.0001163118 0.000086043 0.0000803705 0.0000580293 0.0000576944 0.0000447737 0.0000425178 0.0000747042 0.0000537328 0.0000474191 0.0000600621 0.0000736932 0.0000827976 0.0001040484 0.0000937697 0.0000983124 0.0000906712 0.0000981765 0.0000881667
0.0000147117 0.0000364825 0.0000501762 0.000047669 0.0000505897 0.0000716701 0.0001111428 0.000163362 0.0002463357 0.0001721306 0.0001343191 0.0001260375 0.0001155858 0.000076874 0.0000565124 0.0000376496 0.0000300785 0.0000237193 0.0000316944 0.0000394129 0.0000490803 0.0000706657 0.0000899286 0.0000679612 0.0001374034 0.0001247411 0.000151123 0.000106932 0.0000935453 0.0001505087 0.0001535309 0.0001533402 0.0001093536 0.0001020266 0.0000828317 0.0000617957 0.0000582899 0.0000634242 0.0000503821 0.0000588149 0.0000488716 0.0000721863 0.0000772723 0.0000844489 0.0000795079 0.0000768949 0.0000980702 0.0000832487 0.0000866384 0.0001037584 0.0000972084 0.0000751609
0.0000195044 0.0000333612 0.0000538664 0.0000667821 0.0000711962 0.00008127 0.0001051074 0.0001293026 0.0002125029 0.0001446138 0.0001445513 0.0001278122 0.0001255687 0.0001276353 0.0000723864 0.0000410848 0.0000199066 0.0000145924 0.00001569 0.0000309293 0.000045521 0.0000579265 0.0000558543 0.0000692055 0.0000849884 0.0000909765 0.0001350743 0.0001096759 0.000098447 0.0001597141 0.000229629 0.0001411342 0.0001007929 0.000072209 0.0000903276 0.0000871509 0.000071902 0.0000580711 0.0000669297 0.0000539737 0.0000602976 0.0000644842 0.0001008015 0.0000864336 0.0000732987 0.0000844671 0.0000819176 0.0000893415 0.000076406 0.000058317 0.0000694174 0.0000691664
0.0000406676 0.0000501484 0.0000842406 0.0000894726 0.0000833182 0.0001021043 0.0000802298 0.0001038128 0.0001143283 0.0001262875 0.000151654 0.0001357736 0.0001095603 0.0001132827 0.0000773258 0.0000346069 0.0000251152 0.000013012 0.0000136159 0.0000248581 0.0000427016 0.0000698452 0.0000657318 0.0000613909 0.0000690186 0.0000985063 0.0000983731 0.000092742 0.000099725 0.0001572332 0.0001516138 0.0001144813 0.0000693097 0.0000593413 0.0000799744 0.0000680867 0.0000937568 0.0000877056 0.0000491634 0.0000500359 0.0000648739 0.0000894329 0.0000967062 0.000104546 0.0000996172 0.0001012943 0.0000965711 0.0000657234 0.0000678649 0.0000742616 0.0000542479 0.0000624124
0.0001011146 0.0001081302 0.0000668186 0.0000789584 0.0000972456 0.0000859981 0.0000877775 0.0000698705 0.00008122 0.0001093349 0.0001419876 0.0001210531 0.0001150463 0.0000919476 0.000065228 0.0000405153 0.0000226318 0.0000239898 0.0000159209 0.0000308448 0.0000441383 0.0000821753 0.0000774946 0.0000569082 0.0000489665 0.0000808247 0.0001093092 0.0000930849 0.0001262829 0.0001496404 0.000117762 0.00008083 0.0000639151 0.0000508495 0.0000494426 0.0000657175 0.0000747201 0.0000767766 0.0000536318 0.0000627908 0.0000844568 0.0000803383 0.0000716525 0.0000889373 0.0001702253 0.0001158001 0.0000787892 0.0000840201 0.0000698304 0.0000913652 0.000068246 0.0000866805
0.0001521958 0.0000793333 0.000051844 0.0000559874 0.0000545129 0.000075637 0.0000658972 0.0000694918 0.0000902802 0.0000999847 0.0001036019 0.0000946641 0.0000929516 0.0000754321 0.0000475176 0.0000422079 0.0000336617 0.0000256187 0.0000240102 0.0000304655 0.0000523982 0.000083096 0.0000717188 0.0000590961 0.0000523839 0.0000499439 0.000086755 0.0001325794 0.0001521931 0.0001358186 0.0001192511 0.0000759614 0.0000650216 0.0000577134 0.0000533726 0.0000923594 0.0000831902 0.0000917889 0.0000624137 0.0000623409 0.0000700008 0.0000618718 0.000064859 0.0000877801 0.0000825544 0.0000896732 0.0000840225 0.0000928587 0.0001118805 0.0001317985 0.0001110894 0.0000873743
0.0000614363 0.0000486819 0.0000335208 0.0000328021 0.0000521171 0.0000460424 0.000068597 0.0000831294 0.0000904627 0.0000791624 0.0001032243 0.0000680218 0.0000612393 0.0000483879 0.0000448451 0.0000384848 0.000044695 0.0000529884 0.0000380299 0.0000443864 0.0000653801 0.0000790404 0.0000830683 0.0000550027 0.0000460618 0.0000445442 0.00007289 0.0001026551 0.0001332295 0.0001151291 0.000092122 0.0000635135 0.0000895647 0.0000812169 0.0000824815 0.000123203 0.0001347359 0.0001001906 0.0000912551 0.000061031 0.0000530089 0.0000631653 0.0000721111 0.0000559431 0.0000561659 0.0000509112 0.0000523914 0.0000881013 0.0001619402 0.0001773137 0.0001304653 0.0000833286
0.0000266674 0.0000364942 0.000029368 0.0000346519 0.0000550115 0.0000667918 0.0000626285 0.0000755426 0.0000643845 0.0000616364 0.0000657572 0.000048517 0.0000327712 0.0000323331 0.0000371596 0.0000494046 0.0000368399 0.0000402881 0.0000436664 0.0000701405 0.0000938995 0.0000921032 0.0001068005 0.0000683419 0.0000592744 0.0000520279 0.0000687513 0.0001025717 0.0000977588 0.0000980962 0.0000694269 0.0000623249 0.0000604699 0.000088469 0.0001183309 0.0001262773 0.0001592944 0.0001295482 0.0000994649 0.0000616465 0.0000560404 0.0000551797 0.0000821702 0.0000602241 0.0000510104 0.0000368875 0.0000463258 0.0000852363 0.0001244102 0.0001304363 0.0001405748 0.0000975899
0.0000478458 0.0000509325 0.0000605222 0.0000491574 0.0000734744 0.0000903036 0.0000949143 0.0000765868 0.0000549406 0.0000418609 0.0000434886 0.0000294148 0.0000292411 0.0000237053 0.0000273864 0.0000395513 0.0000523044 0.0000344112 0.0000354005 0.000052509 0.0000774402 0.0001241008 0.0001171388 0.0001007258 0.0000803847 0.0000971964 0.0000905686 0.0000892982 0.0000990303 0.0001350088 0.000108091 0.0000658066 0.000077964 0.0001127856 0.00012879 0.0001235183 0.000118431 0.0000949658 0.0000811457 0.0000745443 0.0000786758 0.0000974646 0.0000898823 0.0001285505 0.0000671607 0.0000461345 0.0000466489 0.0000664765 0.0000808296 0.0000967225 0.0000971101 0.0000835761
0.0000955306 0.0001059875 0.0001015231 0.0000962424 0.0000920704 0.0001428217 0.0002010765 0.0001132925 0.000058289 0.0000379653 0.0000422647 0.0000276858 0.0000268067 0.0000284097 0.0000334214 0.0000366507 0.0000394711 0.0000411207 0.0000371749 0.0000575304 0.000088785 0.0000930754 0.0000867423 0.0000876644 0.0000966916 0.0000978374 0.000110982 0.0001152986 0.0001404765 0.0001436102 0.0001445585 0.0000836353 0.0001059852 0.0001465988 0.0001415283 0.000114378 0.0000785725 0.0000810495 0.0000880761 0.0000820148 0.0000934525 0.0001435292 0.0001178448 0.0001083541 0.0001033398 0.0000632275 0.0000761749 0.0000610086 0.0000731283 0.0000754411 0.0000717479 0.0000871651
0.0003744176 0.0003012277 0.0001834813 0.0001601078 0.0001323568 0.0001497544 0.0001379288 0.0001280213 0.0000919966 0.0000578474 0.0000563334 0.0000493858 0.0000456684 0.0000573512 0.0000531844 0.0000482032 0.0000434561 0.0000467837 0.0000547316 0.0000867899 0.0000823913 0.0000874447 0.0000711852 0.0000851285 0.0000867216 0.0000822933 0.0001124215 0.0000975665 0.0001259249 0.0001377117 0.0001186913 0.0001022888 0.0001459765 0.0001648536 0.0001787454 0.0001211026 0.000078373 0.0000684837 0.0000840841 0.0001001477 0.0001141861 0.0001188391 0.0001160163 0.0001564678 0.0001003519 0.0001006875 0.0000749939 0.0000639924 0.0000565482 0.0000570845 0.0000617692 0.000070518
0.0010300447 0.0004497392 0.0002351348 0.0001691946 0.0001553117 0.0001460371 0.0001306508 0.000148765 0.0001392437 0.0001253472 0.0000937979 0.0000828541 0.000117116 0.0000946029 0.0000594788 0.0000482411 0.0000501882 0.0000521318 0.0000868251 0.0000869175 0.0000893256 0.0000901793 0.000097737 0.0000963028 0.0000673386 0.0000705871 0.000076194 0.0000701845 0.0000789551 0.0000934493 0.0001127384 0.0001198863 0.00017996 0.0002148159 0.0001828944 0.0001410682 0.000082179 0.0000773067 0.0001058299 0.0001478801 0.0001113355 0.0000769527 0.0000757759 0.000080284 0.0001042537 0.0000961507 0.0000817941 0.0000668667 0.0000700391 0.0000628442 0.000054482 0.0000604599
0.0005608846 0.0004213481 0.0002641267 0.0001865734 0.000130635 0.0001456974 0.0001520953 0.000190721 0.0002477254 0.000174655 0.0001388624 0.0001160743 0.0001198971 0.0001262985 0.0000839232 0.0000612952 0.0000797639 0.0000941543 0.0001001505 0.000156242 0.0001184368 0.0001181038 0.0001010255 0.0000945958 0.0000740352 0.0000700661 0.0000627374 0.0000572917 0.0000627088 0.0000868366 0.0001234876 0.0001853114 0.0002072623 0.0001965702 0.0001674871 0.0001103136 0.000084528 0.000078044 0.0000935305 0.0000961614 0.000086049 0.0000596237 0.0000616461 0.0000672097 0.0000711448 0.0001113547 0.0000935674 0.0000981249 0.0001031795 0.0001106114 0.0000904107 0.0000665588
0.0003391778 0.0002483274 0.0001474432 0.0001343256 0.0001452277 0.0001329018 0.0001814277 0.000280966 0.0002701677 0.0002622444 0.0002182846 0.0001029739 0.0000826937 0.0000899308 0.0000873753 0.0001023606 0.0001026508 0.0001049817 0.0001381522 0.0001440793 0.0001165286 0.0001364715 0.0001327089 0.0000887946 0.00006464 0.0000654046 0.0000703144 0.0001047205 0.0001135792 0.0000906196 0.0001134333 0.0001946409 0.0001822027 0.0001300211 0.000108105 0.0000924041 0.0000787608 0.0000696363 0.0000793237 0.0001042194 0.0000949498 0.0001217145 0.0000877416 0.0000715248 0.0000868659 0.0000933626 0.0001160146 0.0001401579 0.0001495711 0.0001391049 0.0001422276 0.0000916073
0.0001293219 0.0000973511 0.0000779776 0.0000800555 0.0001473113 0.0001680482 0.0002113089 0.0002634066 0.000281016 0.0002579745 0.0001352174 0.0000892399 0.0000723248 0.0000893008 0.0001169201 0.0001419773 0.0001489037 0.0001477313 0.0001256253 0.0001379347 0.0001564981 0.0001308125 0.0001344253 0.0000673898 0.0000507989 0.0000727004 0.0001166731 0.0001170335 0.000141015 0.0000973321 0.0001327447 0.000132305 0.0001069407 0.0001120374 0.0000786212 0.0000832086 0.0000826099 0.0000842863 0.000110398 0.0001436111 0.0001241486 0.0001785118 0.0001781521 0.0001383269 0.0001000459 0.0001159278 0.0001279294 0.0001507362 0.0001858025 0.000138313 0.0000872711 0.0000797677
0.0000483409 0.0000679596 0.0000651928 0.0001234827 0.0001422801 0.0001879972 0.000241955 0.000245889 0.0001876604 0.0001591352 0.0000873367 0.0000551976 0.0000793517 0.0000878203 0.0000778481 0.0001013909 0.0001388664 0.0001346119 0.000113403 0.0001226384 0.0001497163 0.0001447143 0.0000997354 0.0000612462 0.0000466002 0.000053927 0.0000801733 0.0001032783 0.0000977459 0.0001229842 0.0000976463 0.0001000077 0.0000994771 0.0000933473 0.0001151029 0.0000965417 0.0001059666 0.0001195099 0.000133711 0.0001781813 0.0001950515 0.0001663182 0.0001599007 0.0001731908 0.0001216808 0.0001454725 0.0001378309 0.0001781637 0.0001659414 0.0001207876 0.0000800132 0.0000726475
0.0000746732 0.000063034 0.0000964595 0.0001449384 0.0001579681 0.0002022157 0.0001967666 0.0001345256 0.0001218321 0.00009103 0.0000701434 0.0000557557 0.0000665569 0.000073689 0.000081557 0.000075011 0.0000895543 0.0000816632 0.0001075406 0.0001169805 0.0001544343 0.0001249154 0.0000979594 0.0000505577 0.0000403411 0.0000447201 0.000075656 0.0000744265 0.0000739699 0.0001006024 0.0001250679 0.000120282 0.0001336777 0.0001458714 0.0001400379 0.0001395512 0.0001182777 0.0001014863 0.0001625949 0.0002030453 0.0001577275 0.000141011 0.0001275346 0.0001461753 0.0001522522 0.000144984 0.0001668979 0.0001623867 0.0001075576 0.0000715153 0.0000586802 0.0000534934
0.0000777985 0.0000859568 0.000107718 0.0001655183 0.0002310857 0.0001715493 0.000129662 0.0000821529 0.0000657338 0.0000679265 0.000068581 0.0000707265 0.0000883342 0.0000718623 0.000078842 0.0000722528 0.0000499636 0.000052624 0.0000760119 0.0001496553 0.0001543391 0.0001664436 0.0001266227 0.0000588812 0.0000419181 0.0000497284 0.0000588676 0.0000794878 0.000075189 0.0000961798 0.0001613837 0.0001322339 0.0001611103 0.0002073326 0.0002074506 0.0001787858 0.0001138642 0.0000840724 0.0000950677 0.0001244334 0.0001400319 0.0001113123 0.00012932 0.0001203673 0.000152103 0.0001485509 0.0001441719 0.0001417025 0.0001181013 0.0000523994 0.0000384726 0.0000378929
0.000072699 0.0000790979 0.0001199811 0.000164128 0.0002046342 0.0001253578 0.0000798755 0.0000501176 0.0000495083 0.0000488021 0.0000544341 0.0000704454 0.0000723104 0.0000968728 0.000120791 0.0000667483 0.0000652908 0.0000493373 0.0000825792 0.000118011 0.000127685 0.0001338254 0.0000968872 0.0000763709 0.0000612349 0.0000688773 0.0000675209 0.0000841317 0.0000756046 0.000107232 0.0001327705 0.0002062509 0.0001644934 0.0001544882 0.0001692955 0.0001375783 0.0000785076 0.0000632878 0.0000558543 0.0000700373 0.0000778938 0.0000974846 0.0001162967 0.0001343534 0.0001533882 0.0001134619 0.0001453968 0.0001286068 0.0000762253 0.0000454051 0.0000247325 0.0000311926
