Models/Synthetic/Density/temp_raster_dens.asc
NCOLS 101
NROWS 101
XLLCORNER 3302900
YLLCORNER 3112000
CELLSIZE 4386.138614
NODATA_VALUE NaN
[rows 69 to 91 of 101, columns 0 to 51 of 101]
0.0000968116 0.0000976134 0.0000962776 0.0000944112 0.0000923356 0.000090756 0.0000893457 0.0000878784 0.0000864172 0.0000850859 0.0000840535 0.000083751 0.0000861684 0.0000846905 0.0000848436 0.0000851622 0.0000848883 0.0000854025 0.0000858879 0.0000864621 0.0000872836 0.0000868753 0.0000867384 0.0000858399 0.0000862905 0.0000865793 0.0000863119 0.0000864342 0.0000893607 0.0000860181 0.0000850816 0.0000833433 0.0000815213 0.0000786713 0.0000761527 0.00007332 0.0000702174 0.0000674213 0.0000651959 0.0000639592 0.0000629623 0.000062427 0.0000621656 0.0000601603 0.0000588381 0.0000576985 0.0000572665 0.0000563618 0.0000555265 0.0000544134 0.0000540823 0.0000541976
0.0001086944 0.0001081121 0.0001076121 0.0001053299 0.0001027593 0.0000997469 0.0001013285 0.0000943942 0.0000921429 0.0000911854 0.0000894533 0.0000886806 0.0000884032 0.0000885031 0.0000886407 0.0000884869 0.0000883387 0.0000884494 0.0000893048 0.0000930453 0.0000909449 0.0000895699 0.0000894161 0.0000940434 0.0000890313 0.0000888609 0.0000891565 0.0000898595 0.0000978449 0.0000973432 0.0000885532 0.0000915257 0.0000855054 0.0000829941 0.0000808675 0.0000784862 0.0000757784 0.0000730927 0.000070768 0.0000690002 0.0000679048 0.0000674219 0.0000667933 0.0000661359 0.0000648439 0.0000639375 0.0000625562 0.0000630441 0.0000599797 0.0000586157 0.0000578174 0.0000573084
0.0001205587 0.0001284117 0.0001195324 0.0001213816 0.0001140912 0.0001101773 0.0001061453 0.0001022919 0.0000989916 0.0000968844 0.0000968942 0.000093487 0.0000924994 0.0000938557 0.0000929485 0.0000926274 0.0000922625 0.0000916846 0.0000977729 0.0000947967 0.0000924125 0.0000920731 0.0000924365 0.0000923122 0.000092468 0.0000919923 0.0000924354 0.000092763 0.0000928082 0.0000921842 0.000091883 0.0000907248 0.0000898535 0.0000878895 0.0000865042 0.0000845585 0.0000823563 0.0000797672 0.0000771385 0.0000755358 0.0000743951 0.0000737374 0.0000729194 0.0000724121 0.0000725354 0.0000705016 0.0000692694 0.0000674857 0.0000655086 0.0000637432 0.0000627256 0.0000613799
0.0001341816 0.000133643 0.0001324218 0.0001294316 0.0001259195 0.0001215634 0.0001158441 0.0001116236 0.0001074696 0.0001045234 0.0001013098 0.0000992694 0.0000986439 0.0000967873 0.0000974062 0.0000960388 0.0000948007 0.000099646 0.000094141 0.0000942987 0.0000945218 0.0000941186 0.0000943389 0.0000987775 0.0000947907 0.0001028444 0.000095655 0.0000961301 0.0000960836 0.0000955494 0.0000945104 0.000093762 0.0000932965 0.000099995 0.0000921609 0.0000908919 0.0000967846 0.0000867405 0.0000838709 0.0000823813 0.0000837963 0.0000806877 0.0000800707 0.0000798847 0.000079306 0.0000781309 0.0000800177 0.0000739873 0.0000717621 0.0000699481 0.0000683122 0.0000682104
0.0001482934 0.0001470392 0.0001448653 0.0001415273 0.000137021 0.0001321917 0.0001259787 0.000121174 0.0001312025 0.0001112602 0.0001138442 0.0001078079 0.0001018196 0.0001055687 0.0000983014 0.0000982385 0.0000958806 0.0000947872 0.0000948553 0.0001000404 0.0000984085 0.0000955129 0.0000957852 0.0000961435 0.0000969083 0.0000976138 0.0000986441 0.000099704 0.0001013292 0.0000995725 0.0000984104 0.0000975861 0.0000975594 0.0000975204 0.0000985675 0.0001050293 0.0000946431 0.0000928553 0.0000909144 0.0000898522 0.0000889823 0.0000886262 0.0000882687 0.000088681 0.0000881583 0.000091486 0.0000841622 0.0000817935 0.0000798794 0.0000775583 0.0000753696 0.000072338
0.0001603953 0.0001582724 0.0001588756 0.000152481 0.000148335 0.0001414353 0.0001358995 0.0001305378 0.0001247147 0.0001178401 0.000112423 0.0001087064 0.0001063671 0.0001027274 0.0001001592 0.0000969855 0.0000958405 0.0000946487 0.0000951113 0.0000967758 0.0000963347 0.0000962892 0.0000964431 0.0000970752 0.0000982065 0.000099698 0.0001017155 0.000102738 0.0001124084 0.0001041544 0.0001023972 0.0001019011 0.0001014072 0.0001017284 0.0001012817 0.0001006871 0.0000996794 0.0000988824 0.000106999 0.0000975598 0.0000973612 0.0000981277 0.0000984451 0.0000987016 0.0000990988 0.0000967508 0.0000941483 0.000090836 0.0000888604 0.0000918997 0.0000832393 0.0000796438
0.0001688913 0.0001683566 0.0001661375 0.0001620899 0.0001562791 0.0001500346 0.0001445391 0.0001410034 0.000130841 0.0001234807 0.0001175853 0.0001129752 0.0001100017 0.0001177084 0.000101236 0.0000978188 0.0000957564 0.0000948457 0.0000948657 0.0000958103 0.0000959493 0.0000963133 0.0000972233 0.0000978419 0.0000998177 0.0001086528 0.0001031744 0.0001038151 0.0001106174 0.0001063512 0.000109954 0.0001060264 0.00010526 0.0001051762 0.0001051925 0.0001050364 0.0001052506 0.0001057052 0.0001060571 0.0001065444 0.0001074362 0.0001090036 0.0001173602 0.0001097154 0.0001094927 0.0001109654 0.0001060969 0.0001024288 0.0000997082 0.0000967814 0.0000932815 0.0000890086
0.0001784482 0.0001792227 0.0001841783 0.0001730992 0.0001640474 0.0001574014 0.0001523002 0.0001475572 0.0001385201 0.000137355 0.0001236752 0.0001179325 0.0001136744 0.0001088371 0.0001037678 0.0000991654 0.00010406 0.0000947783 0.0000948748 0.0000959477 0.000096604 0.0000968252 0.0000968441 0.0000977155 0.0001005639 0.0001057544 0.0001035408 0.0001039877 0.000104179 0.0001066261 0.0001201128 0.0001082441 0.0001077597 0.0001093464 0.0001096413 0.0001105072 0.000111799 0.0001134321 0.0001151311 0.0001165643 0.0001185381 0.000122293 0.0001224749 0.0001226746 0.0001219476 0.000121341 0.0001195115 0.0001179993 0.0001108918 0.0001074557 0.0001054573 0.0000999599
0.0001892707 0.0001879598 0.0001901631 0.0001797479 0.0001724511 0.0001638818 0.0001574222 0.0001514491 0.0001489419 0.0001392111 0.0001292113 0.0001226543 0.0001170562 0.000111365 0.0001060687 0.0001003776 0.0000969725 0.0000953105 0.0000951325 0.0000968257 0.0000991386 0.0000963972 0.0000960006 0.0000967316 0.0000989656 0.0001037644 0.0001033707 0.0001020001 0.0001029108 0.0001052444 0.0001073824 0.0001093901 0.0001098934 0.0001118001 0.0001207813 0.0001156674 0.0001180783 0.0001259942 0.0001241904 0.0001269681 0.000132316 0.0001329655 0.0001406225 0.0001372336 0.0001343292 0.0001329035 0.0001311096 0.0001274812 0.0001239387 0.0001199742 0.0001164533 0.0001111263
0.0001972795 0.0002021772 0.0001958294 0.0001883662 0.0001808635 0.0001684609 0.0001615047 0.0001600239 0.0001527132 0.0001420635 0.0001336393 0.0001270938 0.0001212917 0.0001139248 0.0001069507 0.0001007939 0.0000970639 0.0001007046 0.0000950332 0.0000955166 0.0000961949 0.0000960254 0.0000955087 0.0000951391 0.0000966925 0.0000986868 0.0001001289 0.0001007466 0.0001016069 0.0001039486 0.0001067866 0.0001098704 0.0001119096 0.0001148958 0.000117496 0.0001203137 0.0001297949 0.000127677 0.0001326735 0.0001394256 0.0001400746 0.0001433303 0.0001522951 0.0001528513 0.0001476711 0.0001463552 0.000144532 0.0001416969 0.0001381841 0.0001381897 0.00012948 0.0001275207
0.0002026216 0.0002010909 0.0001996162 0.000190245 0.0001799543 0.0001712855 0.000164718 0.0001631038 0.0001522436 0.0001432814 0.0001365752 0.0001409144 0.0001237427 0.0001167047 0.0001070318 0.0001007652 0.000097223 0.0000950487 0.0000940592 0.0000939991 0.0000992303 0.0000993269 0.0000936808 0.0000937005 0.0000947279 0.000096512 0.0000986672 0.00010824 0.0001007035 0.0001034419 0.0001132308 0.0001106042 0.0001139469 0.0001196093 0.0001210896 0.0001240983 0.0001280313 0.0001332425 0.0001477628 0.0001475067 0.000148079 0.0001516641 0.0001564197 0.0001583932 0.0001648955 0.0001620028 0.0001634533 0.0001576446 0.0001579241 0.000150506 0.0001456452 0.0001400622
0.000202751 0.0002022665 0.0002031701 0.0001906255 0.0001814912 0.0001732006 0.0001656563 0.0001588953 0.000152687 0.0001430967 0.0001375109 0.0001357354 0.000123729 0.0001136876 0.0001062738 0.0001092251 0.0000969505 0.0000948365 0.0000935033 0.0000932088 0.0000940319 0.0000926063 0.0000919518 0.0000924523 0.0000933871 0.0000951177 0.0000972719 0.0000984117 0.0001005942 0.0001036912 0.0001072717 0.0001112554 0.0001193572 0.0001202368 0.0001237938 0.0001277313 0.0001403897 0.0001384632 0.0001451379 0.0001515365 0.0001569667 0.0001609969 0.0001651949 0.0001705798 0.0001710449 0.0001728688 0.0001753626 0.0001724321 0.0001714229 0.0001725427 0.0001635002 0.0001572871
0.0002152521 0.0002010971 0.0001955528 0.0001933281 0.0001835372 0.0001745492 0.0001671876 0.0001602404 0.0001515552 0.0001424168 0.0001356134 0.0001353691 0.0001211061 0.0001118539 0.0001050839 0.0000997967 0.0000967657 0.0000953312 0.0000936366 0.0000921918 0.0000989846 0.0000905288 0.0000902041 0.0000909384 0.0000924504 0.0000941036 0.0000957385 0.0000974574 0.0001001572 0.0001070168 0.0001073394 0.00011181 0.0001170549 0.0001244063 0.000126088 0.0001310277 0.0001386019 0.0001438132 0.0001513604 0.0001602306 0.0001664793 0.0001748605 0.0001765616 0.0001806939 0.000184501 0.000187182 0.0001881211 0.0001882241 0.0001886668 0.0001900556 0.0001878102 0.0001784979
0.0002073685 0.000199787 0.0001943207 0.000187878 0.000182932 0.0001734627 0.0001716152 0.0001670376 0.0001514196 0.0001408249 0.0001326556 0.0001253301 0.0001182585 0.0001160854 0.0001041538 0.0000994713 0.0000965976 0.0000945781 0.0000928863 0.0000915817 0.0000900696 0.0000894702 0.0000980258 0.0000898581 0.0000914626 0.0000941154 0.0000951007 0.0000971694 0.0001004653 0.0001039393 0.0001078898 0.0001119318 0.0001178577 0.0001234184 0.0001285493 0.0001343168 0.0001412059 0.0001493368 0.0001583348 0.0001678204 0.0001776065 0.0001829865 0.0001965229 0.00019684 0.0002018533 0.0002050475 0.0002074121 0.000206152 0.0002065046 0.0002105081 0.0002032986 0.0002012949
0.0001968429 0.0002040095 0.0001941893 0.0001845721 0.0001774838 0.0001699239 0.0001631639 0.0001589866 0.0001520785 0.0001388022 0.0001298534 0.000122574 0.0001204666 0.0001094029 0.0001046306 0.0001002827 0.0000973035 0.0000942122 0.000092414 0.0000908361 0.0000896073 0.0000890647 0.0000889615 0.000089608 0.0000908925 0.0000925763 0.0000945498 0.0001010664 0.0001027895 0.0001033575 0.000107448 0.000112504 0.0001178118 0.0001242981 0.0001311069 0.0001381065 0.0001457275 0.0001550873 0.0001653866 0.0001759847 0.0001847398 0.0001938171 0.0002038267 0.0002086836 0.00021779 0.0002219158 0.0002361804 0.0002255594 0.0002268599 0.000228851 0.0002245198 0.0002198777
0.000190209 0.000188196 0.0001842008 0.00018257 0.0001692547 0.0001619152 0.0001566602 0.0001491095 0.000142594 0.000142775 0.0001265206 0.0001187309 0.0001132816 0.0001170112 0.0001042293 0.0001051699 0.0000970049 0.0000943616 0.0000922232 0.0000909458 0.0000898147 0.0000892263 0.0000900076 0.0000900737 0.0000909487 0.0000922752 0.0000939846 0.000097251 0.0000992428 0.0001028876 0.0001094805 0.0001130643 0.0001184374 0.0001252533 0.0001394394 0.0001424411 0.0001498984 0.0001596899 0.0001742176 0.0001828878 0.0001929067 0.0002019638 0.0002119339 0.0002243854 0.0002352371 0.0002382631 0.000251099 0.0002486754 0.0002467135 0.0002495336 0.0002480256 0.0002470974
0.0001808517 0.0001787176 0.0001729274 0.0001667499 0.0001604953 0.0001596958 0.0001478776 0.000140268 0.0001344271 0.0001288394 0.0001210095 0.0001141537 0.0001099096 0.000107892 0.0001028603 0.0000988025 0.0000959519 0.000093258 0.0000920088 0.0000912275 0.0000905962 0.0000898085 0.0000897906 0.0000907799 0.000095975 0.000092083 0.0000932731 0.0000970486 0.0000979422 0.0001019588 0.0001084499 0.0001172617 0.0001191113 0.0001264674 0.0001354418 0.0001516059 0.0001521166 0.0001625213 0.0001756285 0.0001877861 0.0001994451 0.0002158671 0.0002224782 0.0002378139 0.000247257 0.0002552318 0.0002617267 0.0002663421 0.000270018 0.0002736128 0.00028665 0.0002746902
0.0001677896 0.0001655154 0.0001612102 0.0001564434 0.0001563554 0.0001445221 0.0001379715 0.0001321429 0.0001266075 0.0001203825 0.0001145586 0.0001093961 0.0001063415 0.0001040054 0.0001002672 0.0000964084 0.0000940169 0.0000922846 0.0000915022 0.0000912068 0.0000912059 0.0000909609 0.0000911019 0.0000920907 0.0000924539 0.0000929179 0.0000934771 0.0000951418 0.0000977141 0.0001012092 0.0001062765 0.0001119292 0.0001184839 0.0001282806 0.0001372115 0.0001449293 0.0001533638 0.0001640797 0.0001769256 0.0001920142 0.000211532 0.0002203359 0.0002347466 0.0002488134 0.0002632897 0.0002759423 0.0002828343 0.0002917072 0.0002960417 0.0003024446 0.0003122395 0.0003198254
0.0001585558 0.0001522946 0.0001493759 0.0001475487 0.0001423936 0.0001348892 0.0001298153 0.0001260462 0.000120103 0.0001138637 0.0001089992 0.0001052421 0.0001025791 0.0001049143 0.0000973363 0.0000957943 0.0000935053 0.0000921205 0.0000911758 0.0000914657 0.0000920875 0.0000968312 0.0000930152 0.0000933011 0.000095419 0.0000941138 0.0000948218 0.0000960934 0.000098116 0.000101033 0.0001051292 0.0001103102 0.0001170792 0.0001251034 0.0001344231 0.0001437586 0.0001543217 0.0001660221 0.0001812507 0.0001960495 0.0002141843 0.0002360773 0.000248897 0.000265112 0.0002863993 0.0002987156 0.0003070149 0.000316558 0.0003259546 0.0003364673 0.0003401603 0.0003431621
0.0001410632 0.0001401374 0.0001371941 0.0001341981 0.0001301383 0.0001265873 0.000121164 0.0001236946 0.0001126163 0.0001084636 0.0001035979 0.000101051 0.0001014481 0.0000975256 0.000096423 0.0000951224 0.0000950563 0.0000923938 0.000091581 0.0000920064 0.0000952912 0.0000934892 0.000094395 0.0001097192 0.000096082 0.0000982459 0.0000964649 0.0000978065 0.000099433 0.0001018647 0.0001047125 0.0001092432 0.0001154854 0.0001236211 0.0001333352 0.0001517774 0.0001560192 0.0001731004 0.0001843361 0.0002010687 0.0002249736 0.0002531885 0.0002715992 0.0002829775 0.0002989569 0.000326394 0.0003355135 0.0003453577 0.0003633769 0.0003710005 0.0003748964 0.0003821644
0.0001349203 0.0001281712 0.0001256334 0.0001228189 0.0001196919 0.000116213 0.0001126675 0.0001088041 0.0001051363 0.000101131 0.0000981739 0.0000960774 0.0001028068 0.0000997396 0.0000968096 0.000097815 0.0000945709 0.0000934374 0.0000932357 0.000093004 0.0000932182 0.0000940478 0.0000959489 0.0001060935 0.0001013745 0.0000978069 0.0001072071 0.000099383 0.0001019408 0.0001027625 0.0001050386 0.0001086308 0.0001147303 0.0001233503 0.0001339979 0.0001460826 0.0001578169 0.0001755047 0.0001916271 0.0002083936 0.0002289256 0.000254497 0.0002877015 0.0002979461 0.000314775 0.000341779 0.000373165 0.0003825193 0.0003932778 0.0004059654 0.0004079868 0.000411504
0.0001254386 0.0001178925 0.000114783 0.0001121594 0.0001108419 0.000106687 0.0001070811 0.0001004886 0.0000981778 0.0000947725 0.0000922187 0.0000913412 0.0000912814 0.0000926229 0.0000948671 0.0000969184 0.0000945812 0.0000968309 0.0000946531 0.0000936895 0.0000940664 0.000095109 0.0000973741 0.0001078038 0.0000997792 0.0000996256 0.0001065506 0.0001010886 0.0001023995 0.0001101968 0.0001056253 0.0001090093 0.000115282 0.0001239667 0.0001367873 0.0001461255 0.0001588018 0.0001741499 0.0001921907 0.0002127225 0.0002360672 0.0002635156 0.0002900445 0.0003104035 0.0003311061 0.0003670241 0.0003813541 0.0004082844 0.0004318715 0.0004459662 0.0004468361 0.0004516904
0.0001067916 0.0001112679 0.0001040591 0.0001016168 0.00009913 0.0000971293 0.0000942737 0.0000928981 0.000091914 0.0000886423 0.000087334 0.0000873024 0.0000930017 0.0000901559 0.0000929829 0.0000941888 0.0000942533 0.0001029046 0.0000945927 0.000095014 0.000095881 0.0000974359 0.0000996226 0.0001017295 0.0001054002 0.0001012503 0.0001015418 0.0001023774 0.0001043369 0.0001056803 0.0001080195 0.000111086 0.0001170277 0.0001270153 0.000135061 0.0001467783 0.0001596549 0.0001760374 0.000196412 0.0002199032 0.0002464467 0.0002726189 0.000315576 0.0003247963 0.0003504841 0.0003826906 0.000419521 0.0004409384 0.0004644632 0.0004873913 0.0004908152 0.0004976876
