Models/Synthetic/Density/temp_raster_dens.asc
NCOLS 101
NROWS 101
XLLCORNER 3302900
YLLCORNER 3112000
CELLSIZE 4386.138614
NODATA_VALUE NaN
[rows 23 to 45 of 101, columns 0 to 51 of 101]
0.0000612681 0.0000660762 0.0000665794 0.0000698895 0.0000754739 0.0000714582 0.0000690538 0.0000682557 0.0000671383 0.0000685763 0.0000695231 0.0000735895 0.0000897267 0.0000739299 0.0000702724 0.0000692353 0.0000752303 0.0000650767 0.0000594073 0.0000534789 0.0000484598 0.0000430918 0.0000377454 0.00003331 0.000030297 0.0000294382 0.0000310098 0.0000353337 0.0000407679 0.0000473618 0.0000548752 0.0000660783 0.0000777527 0.0000925147 0.0000930243 0.0001032867 0.0000949279 0.0000938521 0.0000979857 0.0000983147 0.0000900666 0.0000837831 0.0000806209 0.0000671703 0.0000587346 0.0000524786 0.0000493455 0.0000473348 0.000046341 0.0000456055 0.0000475707 0.0000426782
0.0000586811 0.0000600565 0.0000622887 0.0000659109 0.0000693581 0.0000712512 0.0000727364 0.0000697096 0.000071062 0.0000710059 0.0000719065 0.0000752609 0.0000789856 0.0000793273 0.0000766587 0.0000753596 0.0000726068 0.0000681281 0.00006189 0.0000568043 0.0000515486 0.0000455586 0.0000400415 0.0000349579 0.0000317681 0.0000308908 0.0000325067 0.0000363645 0.0000420897 0.0000493143 0.0000580428 0.0000681197 0.0000797522 0.0000886751 0.000096321 0.0000988738 0.0001013455 0.0001008238 0.0001004139 0.0000968923 0.0000923826 0.0000859096 0.0000791782 0.0000877273 0.000061632 0.0000551109 0.0000516189 0.0000490836 0.0000473704 0.0000734823 0.0000458568 0.0000443089
0.0000575505 0.0000574046 0.0000589767 0.0000605353 0.0000651636 0.0000695333 0.0000677904 0.0000685863 0.0000728812 0.0000898923 0.0000736403 0.0000759066 0.0000803915 0.0000886335 0.0000838671 0.0000833879 0.0000796504 0.0000729461 0.0000650832 0.0000602381 0.0000541279 0.0000486957 0.0000426852 0.0000378867 0.0000339235 0.0000329146 0.0000356471 0.0000396916 0.000045833 0.0000526146 0.0000621862 0.00007296 0.000083672 0.0000929942 0.0000994713 0.00013014 0.0001078897 0.0001134467 0.0001036678 0.0001001352 0.0000953323 0.0000916507 0.0000803998 0.0000720042 0.0000646646 0.000058222 0.0000545518 0.0000514986 0.0000496014 0.0000483688 0.0000486011 0.0000480935
0.0000527086 0.0000602464 0.0000549456 0.0000559639 0.0000592321 0.0000613482 0.0000638623 0.0000656295 0.0000696523 0.0000719913 0.0000760502 0.000079231 0.000085849 0.0000892526 0.0000924237 0.0000884312 0.0001012832 0.0000773808 0.0000683184 0.0000607076 0.0000554128 0.0000505218 0.0000687467 0.0000417393 0.00003716 0.0000359712 0.0000378099 0.0000600116 0.000050402 0.0000578877 0.0000683906 0.000081399 0.00009361 0.000102316 0.0001067446 0.000107772 0.0001113751 0.0001116239 0.0001125167 0.000107402 0.0001215984 0.0000899276 0.0000806811 0.0000723984 0.0000673604 0.0000625534 0.0000590068 0.0000551626 0.0000532097 0.0000525463 0.000053652 0.0000561033
0.0000471184 0.0000489674 0.0000511982 0.0000529962 0.0000546402 0.0000565438 0.0000587652 0.0000783083 0.0000670559 0.0000712118 0.0000764938 0.0000849167 0.0000888913 0.0001078029 0.0000936003 0.0000903788 0.0000867223 0.0000850623 0.0000698741 0.0000602183 0.0000538569 0.0000518321 0.000051848 0.0000459634 0.000043705 0.0000377477 0.0000398513 0.0000448633 0.0000540023 0.0000804912 0.0000735362 0.0000873251 0.0001114301 0.0001112602 0.0001080042 0.0001093066 0.0001385918 0.0001220842 0.0001150003 0.0001585463 0.0001024238 0.0000899409 0.0000802114 0.0000734197 0.0000692536 0.0000743811 0.0000628 0.0000601503 0.0000592192 0.0000591072 0.0000603465 0.0000630333
0.0000402838 0.0000431873 0.0000471925 0.0000497895 0.0000582353 0.0000532801 0.0000560694 0.0000607306 0.0000861516 0.0000707305 0.000077195 0.0000829858 0.00008996 0.0001024226 0.0000928712 0.0000884205 0.0000857389 0.000082883 0.0000696257 0.0000590431 0.0000523793 0.0000510969 0.0000607378 0.0000534785 0.0000409205 0.0000388258 0.0000404422 0.0000485062 0.0000585175 0.0000703061 0.0000792833 0.0000925949 0.0001023671 0.0001080364 0.0001081111 0.0001093898 0.0001128238 0.0001161076 0.0001178502 0.0001117861 0.0001011053 0.00008842 0.0000800303 0.0000737041 0.0000704923 0.0000677985 0.0000665366 0.0000656444 0.0000665385 0.0000662586 0.0000667249 0.0000689683
0.0000375739 0.0000404944 0.0000438299 0.0000478212 0.0000494616 0.0000521078 0.0000539328 0.0000588299 0.0000634852 0.0000699565 0.0000755203 0.000081739 0.0000874434 0.000089539 0.000089759 0.0000896292 0.0000851644 0.0000780107 0.0000674536 0.0000577995 0.000051098 0.0000490035 0.0000648725 0.0000444992 0.000040204 0.0000388796 0.0000423108 0.000052421 0.0000790933 0.0000738077 0.0000976081 0.0000905087 0.0000982761 0.0001028701 0.0001067768 0.0001094627 0.0001119693 0.00011448 0.0001419339 0.0001064454 0.0000960628 0.0000872737 0.0000798157 0.0000738762 0.0000701181 0.0000684289 0.0000687346 0.0000707788 0.0000729407 0.0000731141 0.0000732547 0.0000753433
0.0000374662 0.0000399462 0.0000439628 0.0000465698 0.0000483053 0.0000499759 0.00005502 0.0000568611 0.0000639954 0.0000701153 0.0000762878 0.0000808337 0.0000852544 0.0000871188 0.0000856839 0.0000853911 0.0001048974 0.0000749072 0.0000647665 0.0000565519 0.0000499816 0.0000466151 0.0000439475 0.0000420762 0.0000398382 0.0000404064 0.0000444367 0.0000550355 0.0000724984 0.0000780755 0.0000824301 0.0000904671 0.0000947037 0.0001004785 0.0001055139 0.0001338318 0.0001132174 0.0001143187 0.0001096008 0.0001018629 0.0000920739 0.0000858585 0.000079273 0.0000742099 0.0000708082 0.0000701979 0.0000718773 0.0000753044 0.0000782315 0.0000797138 0.000079937 0.0000815462
0.0000392042 0.0000416676 0.0000457349 0.0000506434 0.0000488727 0.0000494941 0.0000526937 0.000056916 0.0000640543 0.0000935065 0.0000755668 0.0000792242 0.0000933757 0.0000836947 0.0000831629 0.0000801359 0.0000763608 0.0000715466 0.0000632305 0.0000559032 0.0000493328 0.0000449722 0.0000439595 0.0000433239 0.0000425956 0.0000427191 0.0000472453 0.0000556272 0.0000650317 0.0000750141 0.0001022109 0.0000884324 0.0000936494 0.0000995545 0.0001061849 0.0001118096 0.000125349 0.0001107178 0.000102753 0.0000947544 0.0000874457 0.000081969 0.00007902 0.0000734303 0.0000713388 0.0000730371 0.0000758672 0.0000798873 0.0000839953 0.0000850361 0.0000869492 0.0000892772
0.0000420103 0.0000453453 0.0000492214 0.0000517142 0.0000498056 0.0000491977 0.0000518491 0.0000598569 0.0000637858 0.000067856 0.0000732509 0.0000834869 0.0000802156 0.0000828737 0.0000766785 0.0000739749 0.0000712597 0.0000677036 0.0000640041 0.0000566724 0.000050581 0.0000451574 0.0000444924 0.0000594701 0.0000445069 0.0000454668 0.0000504172 0.0000578737 0.0000658002 0.0000755529 0.0000847751 0.0000891226 0.0000941198 0.0001004924 0.0001077829 0.0001148897 0.0001135277 0.0001065051 0.0000977855 0.0000896921 0.0000830009 0.0000784069 0.0000748316 0.0000724871 0.0000716191 0.0000756776 0.0000845031 0.000085183 0.0000883794 0.0000912907 0.000093152 0.0000973615
0.0000442869 0.0000471063 0.0000633505 0.0000514821 0.0000501718 0.0000496999 0.0000522317 0.0000567877 0.000062121 0.0000635224 0.0000671808 0.0000733086 0.0000815713 0.0000764747 0.0000728422 0.0000703655 0.00006975 0.0000675924 0.0000622243 0.000070003 0.0000510262 0.0000461885 0.0000455775 0.0000452314 0.0000464441 0.0000483339 0.0000537762 0.0000609838 0.0000691151 0.0000754654 0.0000830479 0.0000900409 0.0000962915 0.0001021048 0.0001103544 0.000120413 0.0001112995 0.0001021837 0.0000934164 0.0000861534 0.0000808243 0.0000778106 0.0000763609 0.0000737194 0.0000729684 0.0000769553 0.0000888916 0.0000925488 0.0000923097 0.0001080662 0.0000990829 0.0001047658
0.0000451005 0.0000476076 0.0000496757 0.0000517203 0.0000511316 0.0000516662 0.0000531872 0.0000566435 0.0000609677 0.0000615126 0.0000637115 0.0000699721 0.000080911 0.0000754632 0.0000719064 0.0000701629 0.000069945 0.0000669598 0.0000637607 0.000056075 0.0000521061 0.0000489585 0.0000473732 0.0000470765 0.0000476625 0.0000517497 0.0000577252 0.0000648263 0.0000720623 0.0000781034 0.0000848788 0.0000941706 0.0000974568 0.0001030206 0.0001103077 0.0001314924 0.0001121053 0.0001023981 0.0000918788 0.0000838073 0.0000782053 0.0000861743 0.0000949104 0.0000801038 0.000074216 0.0000777594 0.0000846079 0.000094604 0.000095215 0.0000992227 0.0001063215 0.0001140916
0.0000458921 0.0000469657 0.0000485322 0.0000504776 0.0000531892 0.0000556217 0.0000574532 0.0000589936 0.0000598572 0.0000615 0.0000650786 0.0000711733 0.0000746898 0.0000760586 0.0000781848 0.0000708177 0.0000696704 0.0000904533 0.0000630943 0.0000565744 0.0000531621 0.0000519582 0.0000550597 0.0000501807 0.0000510084 0.0000557138 0.0000642594 0.0000711077 0.0000783474 0.0000994349 0.0000877937 0.0000921199 0.00009793 0.0001024461 0.0001073036 0.0001114752 0.0001320139 0.0001023 0.000111884 0.0000830433 0.0000768301 0.0000758328 0.0000823664 0.0000777762 0.000077447 0.0000789828 0.0000852348 0.0000902976 0.0000968177 0.0001044539 0.0001144072 0.0001252303
0.0000493043 0.0000496309 0.0000496211 0.0000514708 0.0000550871 0.0000604494 0.0000653281 0.0000655053 0.0000660792 0.0000654928 0.0000693122 0.0000794512 0.00008011 0.0000774011 0.000077654 0.000074655 0.0000752564 0.0000718226 0.0000689552 0.0000612993 0.0000581448 0.0000566591 0.0000550463 0.0000544763 0.0000556681 0.0000606768 0.0000693774 0.0000831087 0.0000828925 0.0000878684 0.000090205 0.0000932402 0.0000981332 0.0001014259 0.0001038414 0.0001061302 0.0001148293 0.000098639 0.0000918853 0.0001055909 0.0000762065 0.0000745413 0.0000765038 0.000081606 0.0000800982 0.0000843206 0.0000872873 0.0000931242 0.0001005299 0.0001129138 0.0001282812 0.0001410495
0.0000580031 0.0000540483 0.0000521998 0.0000537657 0.0000576085 0.000062593 0.0000691336 0.0000859809 0.0000759907 0.0000763244 0.0000807158 0.0000819315 0.0000831446 0.0000828632 0.0000832909 0.0000989395 0.0000791249 0.0000910007 0.0000747761 0.0000709973 0.0000663214 0.0000645225 0.0000627586 0.0000617902 0.0000622096 0.0000664706 0.000073867 0.0000796732 0.00008514 0.000086695 0.000090757 0.0000947556 0.0000967774 0.000122109 0.000101089 0.0001011915 0.0000973688 0.000092467 0.0000859706 0.0000844931 0.0000752435 0.0000831509 0.0000898449 0.0000786254 0.0000874572 0.0000870263 0.0001053347 0.000096787 0.0001061689 0.0001221172 0.0001416024 0.0001694371
0.0000665123 0.0000569118 0.0000566369 0.0000587769 0.0000624854 0.0000666224 0.0000753602 0.0000808994 0.0000868806 0.0000981852 0.0001175829 0.0001039788 0.0000919633 0.0000920371 0.0000981305 0.000095692 0.0000862845 0.0000833507 0.0000885368 0.0000806383 0.000078451 0.0000743408 0.0000809553 0.0000906336 0.0000700793 0.0000710846 0.0000742788 0.0000877256 0.0000820252 0.0000853835 0.0000892754 0.0000908523 0.0000930864 0.000095394 0.00009913 0.000098996 0.000092597 0.0000847102 0.0000868002 0.000074776 0.0000950541 0.0000705009 0.0000715285 0.0000763221 0.0000836841 0.0000887777 0.0000929613 0.0000998935 0.0001340013 0.0001282854 0.0001495485 0.0001690701
0.0000569829 0.0000583592 0.0000608879 0.0000852058 0.0000698524 0.0000746898 0.0000818362 0.0000921383 0.0000951508 0.000099862 0.0001049895 0.0001049216 0.0001049197 0.0001096771 0.0001042518 0.0000993643 0.0000937123 0.0000890457 0.0000873581 0.0000888141 0.0000947235 0.0000835683 0.0000787894 0.0000767087 0.0000840141 0.000076233 0.0000742735 0.0000755469 0.0000788201 0.000081468 0.0000836006 0.0000861663 0.0000876252 0.0000906649 0.0000947856 0.0001024743 0.0000857749 0.0000777364 0.0000713304 0.0000681996 0.0000659702 0.0000656843 0.000066773 0.0000713649 0.0000789412 0.0000893166 0.0000920103 0.0001022011 0.0001130255 0.0001329792 0.0001570508 0.0001760388
0.0000575251 0.0000604035 0.000066696 0.0000723762 0.0000795596 0.0000855881 0.0000938574 0.0000990508 0.0001041623 0.0001082913 0.0001193969 0.0001210557 0.000117875 0.0001164068 0.0001143994 0.0001187889 0.0001026229 0.0000960727 0.0000929305 0.00009309 0.0000975763 0.0000896974 0.0000803408 0.0000780509 0.0000773387 0.0000752662 0.000073023 0.0000725548 0.0000739974 0.0000752301 0.0000768426 0.0000802212 0.0000887898 0.000084517 0.0000864086 0.0000848954 0.0000787154 0.0000703261 0.0000647898 0.0000614601 0.0000616621 0.000068548 0.0000631209 0.0000667912 0.0000755526 0.0000825429 0.000090856 0.0000995211 0.0001135628 0.0001341538 0.0001647284 0.000181141
0.0000599397 0.0000772204 0.0000701387 0.0000777358 0.000086295 0.0000978907 0.0001015413 0.0001180212 0.0001123256 0.0001175974 0.0001243873 0.0001299036 0.0001503752 0.000128657 0.0001277253 0.0001206682 0.0001131326 0.0001056403 0.0001009564 0.0000979954 0.0000940012 0.0000882935 0.0000818977 0.0000779154 0.0000755052 0.000073447 0.000071772 0.0000719148 0.0000701844 0.0000695452 0.0000702267 0.000073642 0.0000789445 0.0000764957 0.0000755275 0.0000756216 0.0000854623 0.0000637357 0.0000591581 0.0000739808 0.0000566417 0.0000830961 0.0000589059 0.000062539 0.0000698711 0.0000790802 0.0000877241 0.0000989838 0.0001131433 0.0001329324 0.0001546647 0.0001718383
0.0000662303 0.0000699006 0.000075832 0.0000813491 0.0000912749 0.000098386 0.0001063555 0.0001126181 0.0001196684 0.0001260602 0.0001339357 0.0001662845 0.0001416558 0.0001404738 0.000141283 0.0001288351 0.0001206288 0.0001152517 0.0001103485 0.0001050832 0.0000975909 0.0000890123 0.0000824238 0.0000781736 0.0000756509 0.0000742282 0.0000729047 0.0000714203 0.0000679738 0.0000653698 0.0000644942 0.0000662107 0.0000680756 0.0000686018 0.0000665666 0.0000699765 0.000062444 0.0000588339 0.0000547507 0.0000508388 0.0000508176 0.0000515463 0.0000544491 0.0000591854 0.000066726 0.0000762867 0.0000879557 0.0001001767 0.0001136469 0.0001283575 0.0001438762 0.0001590266
0.0000746053 0.0000818667 0.0000821217 0.0000868406 0.0000942668 0.0001013803 0.0001096262 0.000117589 0.0001267928 0.0001373554 0.0001477594 0.0001585121 0.0001470001 0.0001423835 0.0001462847 0.0001335752 0.0001251659 0.0001204303 0.0001290196 0.00011331 0.0001009572 0.0000915441 0.00008498 0.0000806241 0.0000769144 0.0000750601 0.0000893429 0.0000728613 0.0000682341 0.0000635228 0.0000598445 0.0000592063 0.0000604729 0.0000633021 0.000057937 0.0000540531 0.0000529582 0.0000576145 0.0000474801 0.0000448652 0.0000467098 0.0000493857 0.0000537805 0.0000581148 0.0000665875 0.000076529 0.0000892512 0.0001053319 0.0001157255 0.0001251127 0.000137121 0.0001529122
0.0000887211 0.0000880622 0.0000890002 0.0001057637 0.0000992926 0.0001068829 0.0001161995 0.0001275901 0.0001371036 0.0001488761 0.0001601097 0.0001696669 0.0001472755 0.0001432284 0.0001427102 0.0001372899 0.0001302703 0.0001243943 0.000118363 0.0001117966 0.0001029262 0.0000945705 0.0000884712 0.0000857844 0.0001058213 0.0000761589 0.0000738627 0.0000754401 0.0000743323 0.0000623053 0.0000572892 0.0000551155 0.0000547244 0.0000532723 0.0000507178 0.0000472204 0.0000459551 0.0000440975 0.0000425941 0.0000413822 0.0000446311 0.0000635798 0.0000528558 0.0000588092 0.0000660909 0.0000792546 0.0000888198 0.0001000101 0.0001171881 0.0001375193 0.0001292903 0.0001695229
0.0000922914 0.0000918312 0.0000951543 0.000099106 0.0001062488 0.0001148938 0.0001248477 0.0001371078 0.0001622093 0.0001523523 0.000152224 0.0001509907 0.0001580387 0.0001422302 0.0001411785 0.000145995 0.0001382501 0.0001285327 0.000121069 0.0001119471 0.0001051608 0.0000990805 0.0000936135 0.0000884807 0.0000830167 0.000077347 0.000073302 0.0000723555 0.0000699097 0.0000662958 0.0000608035 0.000056546 0.0000530119 0.0000499883 0.0000476932 0.0000451685 0.0000434478 0.0000415764 0.0000405104 0.0000402453 0.0000437949 0.0000479315 0.000051498 0.000056663 0.0000649019 0.0000742458 0.0000823701 0.0000950307 0.0001016507 0.0001115497 0.0001216704 0.0001343366
