Models/Synthetic/Density/temp_raster_pop.asc
NCOLS 100
NROWS 100
XLLCORNER 3302900
YLLCORNER 3112000
CELLSIZE 4430
NODATA_VALUE NaN
[rows 69 to 91 of 100, columns 0 to 51 of 100]
2.4769400234 9.5981078452 6.3229119691 8.405547619 6.4110224557 2.5006558954 2.1764351104 2.9599945397 4.7479226348 5.7152550004 4.6596331202 1.158089988 4.0018656684 5.2531132065 3.4403626881 1.3681726498 1.2310663128 6.338880611 3.5091556206 16.8886299168 5.0632786332 3.1574874849 25.0705196414 9.2477928036 21.966602161 3.4562900567 5.7421711118 4.2020542163 5.5182077477 7.4168854107 27.9039869986 9.4037801676 11.7623490242 5.1539357178 16.6567984646 9.8934233368 2.2483722315 1.9888152873 6.4828148897 17.2562006999 15.1619622641 4.7119086447 9.0241970154 4.0118127007 3.3614421714 1.2908133955 2.9950958239 3.5956433803 4.0347517889 6.3056823844 1.6247460382 1.5959747036
2.061532959 2.0569886281 2.1234131039 2.6788948231 4.5141229875 2.7570832976 8.1809081284 3.7136568623 3.6692071712 3.0891551131 1.4867430616 0.9889282603 3.9643981848 21.1737485991 3.0675337373 1.4547043267 1.5453116119 3.0609406807 14.1802111027 4.9813594765 7.2185691158 4.609604545 5.1626418418 11.549375917 3.3921323614 4.0170404541 4.971494026 3.5053738036 3.4412298041 10.8144471122 8.1533489892 5.809141842 6.0762099047 15.6075427966 8.8613536917 6.5762751569 3.1238749003 1.3333900335 3.4680263861 4.5810107941 4.7319989013 3.4257587969 3.2948730913 5.9605344105 6.7774408497 1.1874660214 0.636614094 2.7032693592 28.7714764159 3.9712894307 2.3277005099 3.4086994242
1.9526034713 2.4073355802 2.9610279454 1.4456240824 2.620411381 3.5931464681 19.1930757628 3.4368674159 5.7286665393 4.1001450205 3.3350141404 1.9343336885 6.0258445144 20.5522666536 3.7924505709 1.4517172081 2.4752155546 11.1030302809 2.513603659 2.7611611831 1.8494303918 5.2668102503 2.9254916961 2.8531100545 8.388679011 4.104171035 3.7974360861 6.7724036594 6.1043126759 3.9733050255 15.5178993113 3.8600383499 2.9514151354 11.1740914866 21.8093873452 5.8396132684 3.1653127785 1.1783007445 3.2801544645 1.8099200408 3.5332471434 13.1335382158 6.9844761081 3.2967120482 5.0701462584 1.078075001 0.5320093319 2.5334347562 7.6800067836 9.8669760863 2.3660036204 2.4211735279
5.1364156464 8.9251452215 2.0833534744 7.4601723293 4.4784715942 25.4477593271 7.0918425405 8.7937985662 5.3212122032 44.8809911781 5.7080374176 3.5643741939 9.3561802926 8.1823579859 7.0017814005 10.9114625132 5.5614749417 2.4617098662 1.4010523471 1.2803834287 1.488877312 2.2884546274 1.5004592139 8.3116799959 10.3600184809 9.5077479778 6.6311369775 17.9014315481 4.7470700632 12.4286278238 2.7751650866 2.739829491 3.032890185 9.0615345155 11.1784445728 12.6858120604 4.8951974577 2.5372731771 1.8496550379 3.7103888574 9.5890995038 3.6268690301 3.3983858163 15.5559244029 2.4271832867 1.3576900031 2.2002249706 2.1673929227 2.7185095509 12.604074852 4.8602958473 1.4346470339
5.3321722211 2.0793900581 2.1215302079 3.9062509076 8.5472561512 26.0304996154 7.4320472115 2.9040102893 17.6938839265 8.5585270498 3.8589422082 5.145705071 1.6171548558 2.0306159657 3.9877200806 31.0271897482 6.5722898571 2.4193764781 3.3057805503 2.6568725889 3.7220791999 1.0693154573 1.1184750712 4.6608368228 2.4561172331 3.3974505029 6.1769308423 3.033594332 6.1600013585 4.3860505391 8.4307583358 2.9340321927 1.8452298576 4.2808624315 7.9864809406 4.633941545 3.8619661635 14.8697414491 4.1574652754 5.61916921 3.6125442817 2.7066574484 4.0972617006 4.2750265339 3.5789145521 9.2236301658 1.7479898784 6.2992007207 5.0388238137 3.9870447361 4.2798688547 2.0011688352
0.6962966699 1.6984755935 10.3288797065 3.6351317055 7.4879002502 6.2501846 8.9120605984 3.3889237056 2.6597352367 5.2602048983 2.9898511934 1.2586024893 0.8116172217 1.0194477786 8.8269659343 3.3636316305 8.7967584292 13.5042635154 10.8304753706 10.5595859796 2.4552615724 1.1763312887 1.2031420074 3.5108194946 6.3925959097 3.6428645703 4.7353377107 3.1496088255 10.6625185868 35.2570435817 17.2729136569 10.3049278287 5.240536005 2.5785005924 6.7983458044 27.4368184643 4.42158101 7.0307776525 19.1315001025 4.6228451281 5.3279655604 2.2673469866 3.4144206118 14.9574115182 12.2149677989 2.2111299539 2.9883350589 4.7193861716 2.5535717378 13.599145704 3.8513824502 19.0078229408
2.1113010148 2.6141213418 2.950999528 5.0275515102 4.5440532652 4.818587699 2.8585804251 3.0195549775 12.4476331354 2.2654873931 5.3479343752 2.2431936481 1.9806738245 0.9367541083 1.1027805885 2.7189322107 2.1823756164 3.5734954615 16.866324727 5.7672965484 2.847793469 8.7183924768 1.5100035064 2.9702511096 31.8679122828 13.5336963281 2.0410783611 3.1421829172 37.2558098748 72.7462703999 95.7482024208 13.8030921053 13.4721404485 4.6332550832 6.4551502555 3.5333032931 2.6896416268 2.7526002305 4.5026740955 3.1503055115 10.4240977134 11.927764107 2.1248379365 2.9743377582 3.6036266847 3.5679701288 4.5401486419 2.3433017451 6.6116659252 6.0403700272 21.2951259209 3.2995700144
30.9531541694 2.5155715078 1.3262766612 8.2625775734 13.8219817955 5.9306761973 13.7828588959 9.4400048713 3.2044305593 2.1783154958 2.6132463394 2.0281392906 0.9024016631 2.3374964605 0.7123573169 0.6744480673 0.7890400614 1.9893226167 3.6930099374 3.4511349668 2.6326459194 7.2338015715 2.5933215944 2.809879964 4.7896238147 7.5702689888 5.0699934131 4.3223045472 12.2965027418 32.8164979904 19.0938563312 20.4449204877 4.8298876898 2.3479022743 2.106853037 2.3988113467 3.9725260779 2.26805696 2.3510406811 8.5778487983 3.3779043167 2.7798160296 2.1443433029 1.2337899265 1.6776612927 13.9695105488 4.8888668967 16.3713337086 4.6133409794 21.0999636476 6.3060671711 3.8002838309
4.1177269258 3.4111922542 5.2643750195 2.6129369759 3.1912612897 4.9723211901 3.5916748601 10.8461196781 2.2398622798 2.601308194 1.9605074931 1.6731166557 3.8539055047 0.922131911 1.3996365126 1.7129608207 0.8654773233 2.1066989355 7.9217542971 2.4069000575 9.0220362065 5.7597111565 2.5799026813 1.3959019853 7.7856237349 5.9087117229 5.275820766 6.3096778368 8.9432890341 12.789046671 40.4803863974 12.1495094543 3.2106885444 1.7026262441 6.5700942825 10.5627174554 8.1703748247 4.1638123126 5.3710230627 13.7254760131 9.0819140973 3.2418167138 1.7847312614 4.6953116503 1.6014587449 2.7046905906 4.9131003594 5.7380377119 8.8288450463 7.5992749365 4.1692197835 1.9587105713
2.1448251556 5.4368122182 13.7808260508 2.5393925333 1.7664294064 7.2988701384 4.6326461501 4.7276398183 1.5985364528 4.1740663669 4.8703261998 1.6859111815 4.5003493602 1.2417005632 0.6938964983 1.814509377 2.2969279388 7.359610036 5.9243767352 9.1875009231 6.6809510545 7.1201643403 1.9628423302 4.2681144889 4.6783400281 15.3531578765 19.3412821982 6.0494965688 3.6888839538 15.2734216526 134.4055031583 21.081198583 2.7288278032 2.5625188905 7.2059197893 9.9254062304 6.2049164093 6.4814674118 13.1611342587 5.4030967308 7.1015524721 12.8488323648 3.1532735553 1.5174571693 2.5067975156 3.4656337788 6.1540307009 8.8422699257 13.1416474487 4.3199585637 14.357925946 2.3460564971
5.1265929394 17.7072908846 11.6750348005 3.6239678119 5.1582861789 4.6089599877 1.6243926576 1.002037241 1.0846372842 2.3600649168 2.1508374397 2.0656060648 6.7904282389 0.9943807722 0.948720839 5.5545923296 18.91942327 4.8039073322 21.4871867379 11.5701112837 4.5943499328 1.7673980691 3.3593751397 3.0817255399 13.1869972145 5.6317854991 21.5616686779 4.0198447476 16.5604099622 20.9208340317 12.2749216674 10.8243396344 2.4769583579 4.7159282508 26.6644941892 15.5845502385 4.9452338294 11.6601694744 13.9688577861 5.7100735749 14.2508331076 3.9796231254 2.3914757915 3.0581331749 11.5162172039 25.129858762 5.6829663916 6.9430662534 9.2617980289 3.4285134793 2.0907338028 3.0537268468
2.9923663534 6.1082230504 8.1972558034 9.3367795616 4.3564702335 1.6598819548 1.0557276027 0.7579392037 1.9758062927 1.6253376609 10.6717171895 2.6721816882 1.2709512 1.4320581482 2.1851625605 7.6569814059 5.2990857646 5.1093271799 5.4809860613 13.8629785027 3.5081719949 1.9584522201 2.7890850225 7.933762117 6.250539317 9.1344512932 3.7125124829 3.9903008165 3.4175315912 6.7848629162 29.8882967267 5.9667433545 2.608132341 7.3843654304 7.2677111534 22.787275356 7.26381092 2.6242158294 2.8999082986 7.0481612015 27.0028576867 11.7437247035 1.8863455628 9.9472764001 12.3715176192 8.0217592807 22.2034661258 36.5368219 17.2273519404 2.6814647524 1.8435435718 1.4437230381
18.6495147698 3.3768610103 12.9733701709 28.2883279393 5.1261842624 1.8827429986 0.6940154792 0.9554073806 3.4655702152 1.8354969573 3.7311872595 2.7079345701 3.8437728464 1.1503062821 6.6194466342 1.9617737949 5.9777000483 4.8680968883 8.4182983101 10.5445389315 3.037215432 2.3009693619 9.8107663889 7.8772198363 21.8337775461 5.5379697775 4.490126783 2.2450716384 3.6743731294 3.1415208861 6.0031867443 12.5442232231 8.6341534402 1.7355203759 2.4742821409 2.3520835131 2.1813699375 2.1877352788 8.2481252763 6.717891101 5.0538912329 6.831217219 3.1020039562 3.0008101537 3.8721647987 13.9074354239 35.1398381141 13.4630589831 9.1172371019 4.859525052 4.6818112836 3.306565841
1.9890806331 3.2358710063 2.8452611274 4.8118535904 18.9260163949 3.5629350913 1.2549908106 1.9666591736 1.9127455976 3.3068660772 4.2371287404 3.4488293757 1.4248021616 1.5804688843 1.9982637561 1.7656261639 4.7886718319 18.6872279663 4.9918716798 4.2814884021 2.4837370712 6.2623948834 14.6206429038 7.3340825953 12.6748495745 3.8554085154 5.2354732453 15.0077114575 2.1942356439 6.919381632 3.4341292128 5.52042494 1.8273891763 1.0611540176 2.4647959367 1.6019895905 2.2450579697 5.340064943 14.2463574936 7.7921359924 8.5323045337 8.2350545527 18.7603193057 6.8173306178 5.8085939356 4.0074584956 5.5311703595 7.9976822629 5.7837983933 41.2872969038 3.7204441176 2.5285122356
8.06713492 3.9550072083 1.3671435092 3.0632841988 21.7327558542 6.2471783652 1.2798066441 0.7889745937 1.7786172208 11.9878304598 21.6898320249 2.8628846025 7.0727521735 1.1000082914 0.791375898 2.8141497512 3.9658847575 2.1367736106 3.7460391736 1.8053744003 1.4460665232 3.098912015 14.5367630744 8.3229745633 4.2781744349 5.0976267519 6.0229530953 2.8083918326 3.4105168483 3.5462923222 1.7952599461 1.2328397746 0.7027279869 1.1688992465 1.500809236 3.000140802 2.3333377746 10.7997841935 5.9032880331 2.9662501193 8.786793657 61.0933454404 8.6543679424 12.2653561402 4.2044926936 6.4172864292 3.3424223726 5.3243675507 12.4103358353 6.6026292963 4.5001539929 0.8839789679
4.2628156664 5.6907881045 3.6843839268 4.2165132525 3.895909876 8.587176651 1.5876360837 0.5384696545 4.3377019752 7.3062107042 3.0351256624 6.5844681069 3.4272986765 3.2676736609 0.9287338629 1.6794816922 1.9943393341 1.5127849373 1.4616283208 8.3934346169 1.2431885965 1.4568728437 2.5770454252 8.3967509418 23.4935977003 13.3616893843 7.8257895636 6.2140044266 9.1421624894 1.5412419833 7.3222400657 1.2072483144 1.7397941895 2.586856089 13.070974232 5.4458186408 5.5334316876 5.4143385193 2.6762981399 1.9188136321 8.8290479789 7.1922097425 7.9193721738 22.2746208966 10.8205229662 6.0541045444 14.737711978 3.6484415441 2.9026026022 2.8066889052 4.0550391825 0.8970473813
1.8273229309 10.5324948386 14.636513137 6.7348255091 1.9870998124 5.1608186973 1.0802634152 0.6653781359 0.9626111737 1.6582752112 1.7622063999 2.1364922311 11.4534373327 5.6550966784 2.0523970269 1.6075682102 1.852406581 3.6066473303 1.8578733555 1.5672188796 2.8410801567 3.2089133138 1.380125826 2.5907143109 3.744356243 7.2418671358 10.6002474668 49.5385327301 3.9924916765 1.8785076074 1.2742080598 1.6652248885 9.0024388688 19.4188489741 8.706586067 12.028645788 5.4398449612 2.6985015266 7.3990714699 1.760964266 3.9607572136 10.9529282904 4.3511712097 5.2252403694 8.711655752 23.1588274549 3.1368489352 5.2847766783 5.375389301 17.5702718906 2.5556914313 3.5365831198
9.753298221 3.5262569342 3.6994246705 6.7800786755 2.1288807223 3.4980070666 2.7357361233 1.9877677113 1.7741468608 1.7343076895 9.8860442471 2.0764732547 1.9814517812 7.634717916 5.98535788 12.5536495487 4.6689545624 5.7986201889 2.0416355576 1.2477332635 5.9145407874 1.4269637743 1.7543945158 7.195569553 2.3569966838 4.5511779979 4.481444376 4.0339034595 7.2456283686 6.7089846587 1.7257412362 3.5777303926 8.2438976954 5.7878670024 22.243298052 34.6169407305 13.2572634437 3.2527762289 5.6523867924 4.9536998459 2.1058455531 2.3011441277 5.9793410066 18.4441223105 6.4579661826 3.4883767739 2.6038141106 4.1429021864 29.6867700199 6.3607476497 5.9967347856 2.8615126923
5.9098498859 4.7815221258 2.1037178125 3.5028778198 2.2056165815 12.6424356263 22.9208072181 6.5406272427 4.2105858295 5.9699110492 5.6255989126 1.9774685325 2.6586493272 4.100502635 3.9546497063 16.5545580302 5.7828973013 4.9407073841 2.8656415739 2.3338186571 1.9220670364 1.1083240743 2.5162767336 17.3880656817 5.9117074888 1.0661615542 1.2551794038 3.4597237347 2.722031803 1.7469627606 4.3814091897 14.4675751588 4.8597543785 5.4588205814 10.2795040075 11.0135384491 8.0406675881 2.4802075739 3.8677764844 12.2428700768 5.5542863901 3.4677172352 4.9541934238 6.4209215426 15.9076876551 8.8423647845 2.7473091784 4.8346696328 4.0173470047 3.9227697329 3.485545868 10.0966597765
1.4923363933 1.456746525 5.158262314 2.1399650468 7.5289883657 7.981952358 7.893083179 12.5517078986 14.8448047464 21.8142349853 9.5649994299 1.6895860925 1.7965345649 7.5737550259 4.5969619499 2.5837409654 8.1528642291 10.0653366032 3.8100769715 1.6741872903 2.6576035784 2.6257730477 4.1520844036 13.8668711156 4.8435891468 0.9604274822 1.48732705 3.3177283474 2.4426021036 3.2108416113 3.5709925373 16.3925560335 5.8895097248 21.7567810256 2.625755426 2.9619238754 1.9986827296 3.2705181413 10.4179239149 34.3778267991 20.4835704184 12.5872097107 12.6556501021 7.1754924173 10.384993047 6.6979218924 5.3360789685 1.7744846446 3.8369396075 2.1675064984 5.8838865661 17.9915676451
0.3525851006 1.4587597327 2.3944604542 3.1865002055 11.1723291998 2.2987429613 3.1130016696 6.1801993769 11.3958534755 10.3637234889 3.6441901423 5.1999740631 1.9751927926 1.8074233344 5.4186805361 2.0395908637 3.677922058 23.8883950698 8.0692925512 2.8084547735 3.6089624851 19.5883616126 3.8131517219 5.3680454721 3.3154920961 3.4435397941 1.5720120888 3.2601759993 4.5830418086 11.8487430405 11.8291974243 5.6994632455 10.4376321508 3.51938904 1.9722262215 0.8473365617 2.9879393046 8.0089686636 11.1941309629 26.0649179413 9.8197344395 4.5082503131 2.7106767274 3.1877200073 2.2279586477 5.2524410628 9.1128685811 1.8566611002 1.3576435582 7.3401414545 15.2067079802 16.1263869939
1.6233369773 1.7405695527 1.4398360965 2.6921550762 3.5055503467 3.3121353089 1.3702391621 4.2233634085 4.8221243144 3.3760697169 7.0063446101 8.5909086203 1.8819221014 6.2258125736 2.0984643937 3.3838379271 2.5153220376 8.1841284945 3.468039848 3.9943510086 20.3523062056 4.2727959938 3.5032448073 1.8960864457 4.4620424828 6.3774838256 1.8471545522 3.3020908008 5.9490049429 4.702215527 7.5836068163 7.2093458524 19.5622575239 2.6449389773 3.0889447419 0.8077713635 1.2209646305 2.4485391438 4.7310678372 5.9357944831 16.1844125642 6.8884816142 3.5930595324 2.1461707587 1.1012300117 3.7552035458 2.8015029874 7.3385910905 1.8029085042 2.083004023 4.2050835634 5.6670752858
19.4062134615 4.8651856606 2.4168122725 9.6828699772 1.2416652878 2.4693916013 0.8307224513 1.1530624745 2.8717968133 5.3062684493 7.8406203995 7.3216976863 4.3311382377 1.3358729572 2.4372191861 0.9261599961 1.3249856123 3.9427053804 3.347836566 4.0381501674 11.4660161568 3.4483420654 2.2115894413 4.50305589 5.9749449166 8.9576755905 1.8148396482 3.1294143269 4.6508839424 11.5550957897 5.9418108793 9.5397848577 3.7990352125 2.6801856144 2.0705497496 2.3386797007 1.7955960168 2.3270091075 2.4070402368 2.2361314502 3.0814510118 7.0976942401 25.3726446953 3.5981006846 0.8285956712 0.682151153 2.1690238184 11.4101077377 2.8351586116 1.2547968712 1.3096065304 1.5765289237
