Models/Synthetic/Density/temp_raster_dens.asc
NCOLS 501
NROWS 301
XLLCORNER 3551300
YLLCORNER 2778253.213573
CELLSIZE 833.932136
NODATA_VALUE NaN
[rows 0 to 22 of 301, columns 424 to 476 of 501]
0.0000000004 0.0000000004 0.0000000004 0.0000000004 0.0000000006 0.0000000016 0.0000000045 0.000000012 0.0000000329 0.0000000987 0.0000003269 0.0000011271 0.0000037914 0.0000119155 0.0000334195 0.0000824644 0.0001533005 0.0002135576 0.0001740411 0.0001188977 0.0000389315 0.0000134973 0.0000042082 0.0000011972 0.0000003518 0.0000001731 0.0000001588 0.0000001642 0.0000001542 0.0000001317 0.000000123 0.0000001975 0.0000005635 0.0000018348 0.0000054414 0.0000132129 0.0000230209 0.0000250733 0.0000320925 0.0000561458 0.0000922758 0.0001417012 0.0002069737 0.0001446541 0.0001711394 0.0000388673 0.0000095058 0.00000242 0.0000006134 0.0000001476 0.0000000389 0.0000000291 0.0000000735
0.0000000092 0.0000000108 0.0000000093 0.0000000051 0.0000000028 0.0000000032 0.0000000083 0.0000000212 0.0000000533 0.0000001412 0.0000004115 0.0000012865 0.0000040176 0.0000116617 0.0000299936 0.0000644361 0.0001276684 0.000237548 0.0001313149 0.0000719273 0.000036454 0.0000131025 0.0000044713 0.0000013664 0.0000004589 0.0000002754 0.0000002799 0.0000002983 0.0000002844 0.0000002447 0.0000002179 0.0000002881 0.0000006764 0.0000019685 0.0000053184 0.0000115106 0.0000182805 0.0000226967 0.0000312166 0.0000499081 0.000085845 0.0001473661 0.0001634208 0.0001338817 0.0000903049 0.0000403951 0.000010526 0.0000028133 0.0000007386 0.0000001854 0.0000000565 0.0000000533 0.0000001253
0.0000001557 0.0000002243 0.0000001557 0.0000000791 0.0000000073 0.0000000066 0.000000016 0.0000000389 0.00000009 0.0000002036 0.0000004822 0.0000012498 0.0000034083 0.0000088968 0.0000202133 0.0000435335 0.0001225187 0.0000788482 0.0000672113 0.0000428509 0.0000216715 0.0000098477 0.0000035931 0.000001235 0.0000005353 0.0000004533 0.0000005338 0.0000005961 0.0000005854 0.0000005187 0.0000004559 0.0000004842 0.0000007817 0.000001764 0.000004102 0.000008059 0.000012346 0.0000171766 0.0000246621 0.0000414001 0.0000772385 0.0001155277 0.0001570676 0.0001357903 0.0000687281 0.0000273032 0.0000091936 0.000002679 0.0000007131 0.0000001906 0.0000000794 0.0000001095 0.0000002434
0.000002103 0.0000022395 0.0000021022 0.0000001586 0.0000000155 0.0000000138 0.0000000305 0.0000000691 0.0000001495 0.0000003036 0.0000005927 0.0000011966 0.0000026138 0.0000058307 0.000012302 0.0000268128 0.0000324782 0.0000351597 0.0000272131 0.0000198321 0.0000115329 0.0000055015 0.0000023345 0.0000009468 0.0000005959 0.0000006895 0.0000009043 0.0000010669 0.0000011121 0.000001079 0.0000010396 0.0000010542 0.0000012072 0.0000017121 0.000002895 0.0000048141 0.0000074033 0.0000108238 0.0000171636 0.0000328803 0.0000590425 0.0001023915 0.0000892987 0.0000655193 0.0000385936 0.000019889 0.0000084721 0.0000021718 0.0000005852 0.0000001758 0.0000001217 0.0000002389 0.0000005264
0.0000022522 0.0000243112 0.0000022472 0.0000002349 0.000000027 0.0000000301 0.0000000585 0.0000001183 0.0000002363 0.0000004449 0.0000007715 0.0000012582 0.0000020873 0.0000037076 0.0000068895 0.0000098168 0.0000119998 0.0000118094 0.0000105092 0.0000078788 0.000005012 0.0000026377 0.0000012354 0.0000006689 0.0000006363 0.0000009104 0.0000012976 0.0000016456 0.0000019194 0.0000021785 0.0000024517 0.0000026636 0.0000026963 0.0000026169 0.000002651 0.0000030873 0.0000041082 0.0000060667 0.0000105656 0.0000215194 0.0000496371 0.0000497121 0.0000474447 0.000033004 0.0000210029 0.0000299757 0.0000061577 0.0000015768 0.0000004209 0.0000001587 0.0000001948 0.0000004908 0.0000011411
0.0000021602 0.0000022842 0.0000021354 0.000000187 0.0000000498 0.0000000671 0.0000001162 0.0000002036 0.0000003577 0.0000006135 0.0000009777 0.000001409 0.0000018654 0.0000024785 0.0000031839 0.0000038964 0.0000042079 0.0000041219 0.0000035805 0.0000027844 0.0000018604 0.0000010754 0.0000005979 0.0000004646 0.0000006282 0.0000010178 0.0000015441 0.0000021751 0.000003014 0.0000041329 0.0000054743 0.0000064517 0.0000065998 0.0000056664 0.0000041789 0.0000029441 0.0000025093 0.0000031672 0.0000055313 0.0000120179 0.0000178198 0.0000216252 0.0000189556 0.0000144072 0.0000108023 0.0000067691 0.0000041976 0.0000009508 0.0000002812 0.000000151 0.000000292 0.0000008506 0.0000022581
0.000000375 0.0000003826 0.0000002617 0.0000001603 0.0000000978 0.0000001438 0.0000002328 0.0000003601 0.0000005398 0.0000007994 0.0000011433 0.0000014943 0.0000017341 0.0000017679 0.0000016948 0.0000015893 0.000001486 0.0000013405 0.00000114 0.0000008824 0.0000006142 0.0000003936 0.000000284 0.0000003285 0.0000005511 0.0000009537 0.0000015481 0.0000024679 0.00000412 0.0000069509 0.0000100914 0.0000131295 0.0000152082 0.0000132429 0.0000092915 0.0000041825 0.0000022407 0.0000016915 0.0000024983 0.0000041129 0.000006 0.0000070121 0.0000067845 0.0000054543 0.0000037821 0.000002319 0.0000011998 0.0000005391 0.0000001927 0.000000152 0.0000003787 0.000001199 0.0000035245
0.0000007743 0.0000004537 0.0000002874 0.0000001951 0.0000001912 0.0000002802 0.0000004414 0.0000006359 0.0000008306 0.0000010287 0.0000012414 0.000001432 0.0000014832 0.0000013428 0.0000010632 0.0000007838 0.0000005768 0.0000004429 0.0000003477 0.0000002666 0.0000001948 0.0000001463 0.0000001464 0.0000002271 0.0000004203 0.0000007599 0.0000013347 0.0000024624 0.0000048326 0.0000089944 0.0000148453 0.0000191613 0.0000237005 0.0000478255 0.0000152487 0.0000082496 0.0000024843 0.0000010863 0.0000009864 0.0000014073 0.0000019818 0.0000024502 0.0000025881 0.000002337 0.0000017963 0.0000011787 0.0000006609 0.0000003215 0.0000001556 0.0000001518 0.0000004121 0.0000013444 0.0000042265
0.0000018076 0.0000010669 0.0000006418 0.0000003946 0.0000003436 0.0000004787 0.0000007493 0.0000010477 0.0000012611 0.0000013365 0.0000013227 0.000001263 0.0000011532 0.0000009562 0.0000006997 0.0000004535 0.0000002781 0.000000181 0.0000001393 0.0000001223 0.0000001104 0.0000000995 0.0000001058 0.0000001561 0.0000002818 0.0000005274 0.0000010303 0.0000021805 0.0000046944 0.0000093018 0.0000150723 0.0000210585 0.0000256057 0.0000242005 0.0000533493 0.0000089601 0.0000026562 0.0000008361 0.0000004819 0.000000599 0.000000909 0.0000012827 0.000001576 0.000001626 0.000001394 0.0000009835 0.0000005802 0.000000293 0.0000001456 0.000000141 0.000000371 0.0000011966 0.0000037564
0.0000037084 0.0000022889 0.0000013333 0.0000007527 0.0000005646 0.000000716 0.0000010978 0.0000015285 0.0000017616 0.0000017008 0.0000014216 0.0000011115 0.0000008486 0.0000006281 0.0000004308 0.0000002674 0.0000001613 0.0000001364 0.0000001818 0.0000002597 0.0000002917 0.0000002576 0.0000001805 0.00000014 0.0000001762 0.000000333 0.0000007285 0.0000016984 0.0000038197 0.0000074175 0.0000122054 0.0000164636 0.0000188799 0.0000234281 0.0000139822 0.0000079547 0.0000021614 0.0000006601 0.0000003139 0.0000003807 0.0000006448 0.0000010184 0.0000013621 0.0000015002 0.0000013242 0.000000954 0.0000005674 0.0000002875 0.0000001393 0.000000118 0.000000276 0.0000008368 0.0000024529
0.0000072323 0.0000047427 0.0000026629 0.000001358 0.0000008672 0.000000948 0.0000013957 0.0000019119 0.0000021791 0.000001991 0.0000015228 0.0000010226 0.0000006465 0.0000004037 0.000000249 0.0000001499 0.0000001089 0.0000001796 0.000000491 0.0000008545 0.0000010774 0.000000855 0.0000004923 0.0000001819 0.0000001171 0.0000001987 0.0000004731 0.0000011585 0.0000025737 0.0000049094 0.0000077036 0.000010056 0.0000119197 0.0000105895 0.000007718 0.0000035254 0.0000014201 0.0000004572 0.0000002285 0.0000002931 0.0000005222 0.000000849 0.0000011573 0.0000012805 0.0000011502 0.0000008363 0.0000005039 0.000000258 0.000000124 0.0000000903 0.0000001719 0.0000004618 0.0000011647
0.00001581 0.0000105633 0.0000049014 0.0000023766 0.0000012313 0.0000011314 0.0000015632 0.0000021028 0.000002347 0.0000021254 0.0000015652 0.0000009727 0.0000005364 0.0000002799 0.0000001463 0.0000000834 0.0000000862 0.0000002546 0.0000008538 0.0000023105 0.000002736 0.0000023107 0.0000008541 0.0000002548 0.0000000906 0.0000001147 0.0000002797 0.0000006856 0.0000014846 0.0000026931 0.0000040441 0.0000051358 0.0000053644 0.0000046655 0.0000031732 0.0000017316 0.0000007072 0.0000002767 0.0000001582 0.000000216 0.000000385 0.0000006193 0.0000008308 0.0000009183 0.0000008305 0.0000006189 0.0000003836 0.0000002051 0.0000001044 0.0000000713 0.0000001008 0.0000002112 0.0000004124
0.0000386568 0.0000164054 0.0000086349 0.0000035102 0.0000015883 0.000001227 0.0000015761 0.0000020803 0.0000023129 0.0000020891 0.0000015305 0.0000009286 0.0000004815 0.0000002222 0.0000000975 0.0000000504 0.0000000738 0.0000002826 0.0000010747 0.0000027351 0.0000055285 0.0000027351 0.0000010745 0.0000002823 0.0000000756 0.0000000642 0.0000001488 0.0000003579 0.000000749 0.0000013282 0.0000019724 0.0000024365 0.0000024893 0.000002086 0.0000014251 0.0000007868 0.0000003585 0.0000001517 0.0000001003 0.0000001404 0.0000002432 0.0000003787 0.000000498 0.0000005464 0.0000005007 0.0000003853 0.0000002554 0.0000001553 0.0000001002 0.0000000819 0.0000000891 0.000000117 0.000000164
0.0000290285 0.0000241159 0.0000105743 0.0000043563 0.0000017925 0.0000012065 0.0000014366 0.0000018838 0.0000021437 0.0000019914 0.0000015172 0.0000009566 0.0000004942 0.0000002129 0.0000000778 0.0000000352 0.0000000585 0.000000241 0.0000008478 0.0000023077 0.000002734 0.0000023076 0.0000008474 0.0000002402 0.0000000576 0.0000000344 0.0000000721 0.0000001713 0.0000003695 0.0000007165 0.0000012346 0.0000017051 0.0000018794 0.0000015628 0.0000010129 0.0000004991 0.0000002136 0.000000093 0.0000000629 0.0000000824 0.0000001324 0.0000001968 0.0000002522 0.0000002758 0.0000002587 0.0000002143 0.0000001692 0.0000001454 0.000000147 0.0000001611 0.0000001701 0.0000001645 0.0000001464
0.0000300425 0.000018922 0.0000105818 0.0000042835 0.0000017512 0.0000010631 0.0000011711 0.0000015496 0.0000019879 0.0000021664 0.0000019993 0.0000013637 0.0000007162 0.0000002391 0.0000000773 0.0000000341 0.0000000458 0.0000001495 0.000000477 0.0000008471 0.0000010716 0.0000008464 0.0000004747 0.0000001441 0.0000000365 0.0000000174 0.0000000331 0.0000000846 0.0000002159 0.0000005346 0.0000011708 0.0000021176 0.0000024545 0.0000020836 0.0000011202 0.0000004904 0.0000001928 0.0000000858 0.0000000552 0.0000000547 0.0000000696 0.0000000918 0.0000001122 0.0000001231 0.0000001244 0.0000001272 0.000000152 0.0000002131 0.0000003039 0.0000003883 0.000000423 0.0000003858 0.0000002951
0.0000251667 0.0000150129 0.000007766 0.0000035271 0.0000014662 0.0000008355 0.0000008475 0.0000011504 0.0000018014 0.0000034199 0.0000036049 0.0000029024 0.000000981 0.0000003103 0.0000001403 0.000000107 0.0000000957 0.0000001047 0.0000001592 0.0000002398 0.0000002753 0.0000002375 0.0000001433 0.0000000624 0.0000000177 0.0000000082 0.000000016 0.0000000492 0.0000001589 0.0000004761 0.0000012151 0.0000022968 0.0000032935 0.0000023314 0.0000012817 0.0000005668 0.0000002599 0.000000145 0.000000096 0.0000000688 0.0000000541 0.000000049 0.00000005 0.000000055 0.0000000685 0.0000001072 0.0000002023 0.0000003879 0.0000006475 0.0000008952 0.0000009952 0.0000008932 0.0000006421
0.0000184071 0.0000100359 0.0000052507 0.0000024326 0.000001091 0.0000006096 0.0000005638 0.0000007844 0.0000015761 0.0000034474 0.0000076651 0.0000031665 0.0000011482 0.0000005426 0.0000005979 0.0000007557 0.0000005511 0.0000002985 0.0000000777 0.0000000566 0.0000000588 0.0000000508 0.0000000342 0.0000000173 0.000000007 0.0000000039 0.0000000089 0.0000000331 0.000000122 0.0000003909 0.0000009894 0.0000019394 0.000002342 0.000002096 0.0000012768 0.000000756 0.0000004923 0.0000003466 0.0000002344 0.0000001456 0.000000084 0.0000000486 0.0000000327 0.0000000329 0.000000055 0.0000001241 0.000000295 0.0000006453 0.0000012127 0.0000017751 0.0000020387 0.0000017742 0.0000012104
0.0000101351 0.0000058538 0.0000031263 0.000001595 0.0000008287 0.0000005142 0.0000004311 0.0000005407 0.0000010827 0.0000027561 0.0000031152 0.0000026163 0.0000009042 0.0000007689 0.0000040768 0.0000044479 0.0000040428 0.0000005741 0.000000102 0.0000000302 0.0000000225 0.0000000185 0.000000013 0.0000000076 0.0000000039 0.0000000026 0.0000000056 0.0000000222 0.0000000834 0.0000002574 0.0000006286 0.0000010753 0.0000014523 0.0000015618 0.0000015342 0.0000013868 0.0000011831 0.0000008742 0.0000005607 0.0000003134 0.0000001627 0.0000000789 0.00000004 0.0000000322 0.0000000584 0.0000001495 0.0000003836 0.0000008938 0.0000017749 0.0000028902 0.0000033235 0.0000028897 0.0000017739
0.0000051264 0.000003057 0.0000018814 0.0000012748 0.0000009657 0.0000007646 0.0000005973 0.0000005075 0.0000006732 0.0000009194 0.0000010799 0.0000008234 0.0000005517 0.0000010444 0.000004783 0.0000456376 0.0000047775 0.0000009631 0.0000001609 0.0000000659 0.0000000523 0.0000000411 0.0000000278 0.0000000161 0.000000008 0.0000000039 0.0000000043 0.0000000137 0.0000000481 0.0000001398 0.0000003106 0.0000005857 0.0000010306 0.0000018604 0.0000027327 0.0000032682 0.0000028638 0.0000020122 0.0000011089 0.0000005842 0.0000002896 0.0000001349 0.0000000639 0.0000000436 0.000000067 0.0000001642 0.0000004224 0.0000009957 0.0000020392 0.0000033237 0.0000042488 0.0000033233 0.0000020381
0.0000023749 0.0000017643 0.0000016637 0.0000018634 0.000002 0.0000018389 0.0000013866 0.0000008813 0.0000005233 0.0000003602 0.0000002835 0.0000002218 0.0000002386 0.0000009595 0.0000065867 0.0000072804 0.0000066372 0.0000010309 0.0000002854 0.0000001956 0.0000001719 0.0000001333 0.0000000873 0.000000048 0.0000000222 0.000000009 0.0000000047 0.0000000083 0.0000000254 0.0000000702 0.0000001744 0.0000004243 0.0000010728 0.0000026015 0.0000056393 0.0000068027 0.000006165 0.0000033802 0.0000017867 0.0000009119 0.0000004499 0.0000002157 0.0000001103 0.000000074 0.0000000853 0.0000001663 0.0000003929 0.0000008982 0.0000017767 0.0000028908 0.0000033237 0.0000028898 0.0000017739
0.0000011811 0.0000014879 0.0000024709 0.0000039022 0.0000049726 0.000004831 0.0000035274 0.0000019484 0.0000008296 0.0000003224 0.0000001323 0.0000000729 0.0000001298 0.0000008201 0.0000034422 0.0000169975 0.0000036125 0.0000011536 0.0000005861 0.0000005609 0.0000005096 0.0000003885 0.0000002451 0.0000001282 0.0000000558 0.0000000208 0.0000000077 0.0000000062 0.0000000151 0.0000000455 0.000000136 0.0000004048 0.0000011734 0.000003176 0.0000067802 0.0000122189 0.0000076111 0.0000044041 0.0000022998 0.0000011996 0.0000006192 0.0000003359 0.0000002116 0.0000001595 0.0000001446 0.0000001811 0.0000003261 0.0000006598 0.0000012188 0.0000017776 0.0000020398 0.0000017746 0.0000012104
0.0000009341 0.0000017456 0.0000037032 0.000007436 0.0000112384 0.0000113495 0.0000080856 0.0000035747 0.0000013483 0.0000004537 0.0000001461 0.0000000622 0.000000099 0.0000004655 0.0000027599 0.0000032005 0.0000031718 0.0000013097 0.0000013189 0.0000014346 0.0000013175 0.0000009833 0.0000005981 0.0000002969 0.0000001229 0.0000000433 0.000000014 0.0000000067 0.0000000119 0.000000038 0.0000001234 0.0000003824 0.0000011103 0.0000028267 0.0000061506 0.0000076067 0.00000712 0.0000042375 0.0000024214 0.0000013502 0.0000007956 0.0000005544 0.0000004626 0.0000004035 0.0000003327 0.0000002762 0.0000002916 0.0000004288 0.0000006655 0.0000009042 0.0000009997 0.0000008948 0.0000006416
0.000001225 0.0000021273 0.0000046293 0.0000095074 0.0000172676 0.0000221138 0.0000115758 0.0000049689 0.0000018012 0.0000005884 0.0000001959 0.0000000971 0.0000001141 0.000000323 0.0000006196 0.0000010342 0.0000014273 0.0000020701 0.0000027519 0.0000031792 0.000002925 0.0000021473 0.0000012531 0.0000005961 0.000000235 0.00000008 0.0000000246 0.000000009 0.0000000109 0.0000000329 0.0000001059 0.0000003173 0.0000008543 0.0000020002 0.0000033723 0.0000043956 0.0000042276 0.0000032872 0.0000021014 0.0000013492 0.0000010261 0.0000010091 0.0000010949 0.0000010644 0.0000008674 0.0000005862 0.0000003838 0.0000003171 0.0000003582 0.0000004201 0.0000004396 0.0000003903 0.0000002909
