Models/Synthetic/Density/temp_raster_pop.asc
NCOLS 100
NROWS 100
XLLCORNER 3302900
YLLCORNER 3112000
CELLSIZE 4430
NODATA_VALUE NaN
[rows 23 to 45 of 100, columns 0 to 51 of 100]
0.0986710768 0.1791027186 2.7584121465 0.1332558935 0.0746839454 0.8388242023 0.8392645248 0.050379317 0.8740341302 1.7611164602 0.0594231872 0.0252164413 0.8710391337 0.9272802491 0.1175747911 0.1650100722 1.0003446458 2.6918921176 1.0651880448 1.8004195135 0.1632363439 0.1420611587 0.1188307395 0.1671830702 3.5965394309 6.3315947057 1.8533663111 1.0511676023 5.3925677698 0.1929469023 0.1430486944 1.6893394359 2.6128079992 1.8610744009 4.4939774072 1.0031092932 0.1517518282 0.0619551546 0.1496164365 0.1419676282 0.1981441559 0.1091788543 0.0959800316 0.0822444219 0.1049710532 0.9186518396 0.1917343076 7.9273278839 0.2493882763 2.6779932075 0.1538859538 0.8983301328
1.8913875923 0.1570873963 0.1334328061 2.6641004339 0.0711386534 0.0466863774 0.0683426015 0.0698387599 0.1034851673 0.8714313698 0.0588937173 0.0255937369 0.0822998601 1.8173664474 2.5869907085 0.1426365128 1.9207626769 1.8353726525 0.2327095188 0.9133220102 2.6978021575 0.8996710104 0.1321981007 0.2136198422 2.0429207229 0.3891196871 2.9657603278 1.9212709909 0.3282892555 2.7270755446 0.207925962 0.185413242 0.2420710938 0.2469231759 0.2802580554 1.8585242728 0.1194533123 0.8207499274 0.0969557954 3.4579045715 1.0435258709 1.7654929649 0.0834252507 0.0936769874 1.6950452014 0.0956965657 0.2268012444 0.2743517151 2.819858008 0.1560696005 0.1062940458 0.0263958845
1.9743852499 1.9045403252 0.1670550104 0.0844916489 0.0481974192 0.0032851638 0.0716463412 0.8636139604 0.0957470854 0.061702115 0.060336824 0.0390999018 0.0857661417 0.141517479 0.1416419631 0.1194295467 0.9545360684 2.6687189219 0.1994740139 0.1670593506 0.1543413145 0.1679666379 1.846969385 3.5379605647 0.2154095164 4.4405583396 0.27236793 2.8190052498 1.9598783572 1.0032640447 1.7443593322 1.765595013 0.110294652 3.4348508848 0.2003233015 1.8129436912 0.256475205 0.1687958969 0.2557155991 0.1905550876 1.0994784831 0.9331734299 0.106758658 0.9058774451 0.9183296931 0.1412939824 0.135818447 3.6475482479 1.0800456008 1.8091201361 0.0383101787 0.0028190768
2.0088771185 2.8272750915 1.8676626614 0.0400220555 0.0033321473 0.0040306552 0.0943246023 2.7185998386 0.1526454473 0.1303279313 1.786390649 0.1417048399 0.1425560326 2.6752775217 0.0739233279 0.0407410035 0.1766795841 0.213950019 1.8930743543 1.8141246594 0.9687331089 0.2899785742 1.9797707609 0.2236677501 0.178408394 0.9018394847 0.2006903255 0.9704847375 2.7679742103 0.1883446499 0.1403242789 0.1169330344 0.1064974478 0.1083591265 0.1977756036 2.6354845154 0.2377517738 6.2070732385 1.8959541789 0.971769571 1.8682135781 0.1764555801 0.9192840052 0.1770490034 0.1567401474 1.8477569257 1.8823923387 0.2040437539 0.9915090777 0.0957381757 0.0596845032 0.0250653148
0.1954552087 3.5851323236 0.1905640132 0.10773042 0.1050225544 0.0731671893 0.1428307133 0.9773602451 2.6559528353 0.175374135 1.8115419344 1.8789273178 1.857211088 0.9657032173 0.1060358768 0.0507164345 0.9872188567 4.4840873878 0.3055423179 0.2822027296 1.9011887309 3.5153340731 3.4928988946 0.1563686304 0.1312439687 0.1193818402 0.1619574505 0.9094729508 0.1309637915 0.1211485909 1.7527335191 0.0612254029 0.049127605 0.0840844236 1.7977241723 0.135629277 1.9882788954 0.3250486765 0.3577596593 2.8391259602 1.0145843632 0.999758959 1.7987691502 0.1676207758 4.5248744578 0.2742243971 0.3190003162 3.6292883965 0.1453432366 0.0841362204 0.8505792824 0.10382271
2.0673254741 0.2847433772 0.2248049373 1.7541681025 1.7864358281 1.8331882105 0.1786197156 1.8996089541 0.9319215669 0.1414960615 1.0264354569 0.3053020504 1.9495258095 0.1319260779 1.7396356465 0.0508408748 0.098181178 0.2051737288 6.2725652768 1.7855927551 0.2005290216 0.2218245948 0.2192341094 1.7975785735 0.1083364148 3.4542684129 0.9306927921 0.0739041851 0.0840222456 1.7853630625 0.1068523017 0.0939782016 0.8385071598 0.894751409 0.1647484344 0.214688566 0.4035201553 6.4395109334 2.1076714006 0.2967899164 3.5816627544 0.1754740149 0.0978656434 1.8565912691 0.1809870933 1.9195952039 5.4534924381 2.8746918252 0.2135959628 0.085980009 1.7749539431 0.1409103216
2.8775647496 6.1842780879 0.1796809885 0.1310146469 0.1430885637 0.2109830488 4.4243366184 0.187133225 0.0859136754 0.0731765991 0.1695893499 7.9385941215 0.2494660066 0.143103671 0.0946741747 0.0946663266 0.0966997322 0.1805522628 0.236537524 1.0925859432 0.188539915 0.89018999 0.13117512 0.041743288 0.1071985431 0.1648040807 0.2206230997 0.9433605635 0.0972908393 0.1207358266 1.7983143405 0.1068284983 0.0823098155 0.105517392 0.9556492344 4.3951380993 2.0510856602 8.165791413 2.9539393214 2.0086248365 0.9467944119 0.118542905 0.0624722784 0.1172760346 1.8097344629 0.1919495091 0.2849409856 3.6298972929 1.0366439036 0.1665930267 0.1891018843 1.8442557343
1.0594158864 0.2236136965 0.9552567092 0.1303186573 1.7881814131 0.2221335379 0.9341296882 0.1847373011 0.8400214338 0.0946762136 0.190226889 0.2251782948 1.9027426551 1.7646479407 0.0736024292 0.9189531816 1.8430034416 1.8681345106 0.1571602729 1.8237072936 0.1872533807 3.4766285291 0.151560488 0.0759845127 0.0968849047 0.1119846806 3.5665227438 1.8674897521 0.1903913219 0.1920461575 2.7571205725 0.1188751982 0.0385714682 1.7399485271 0.2350306314 0.2862461998 0.4625378667 0.4512475939 4.6917141543 1.0592273253 0.1300958161 0.0707314108 0.837952254 0.0824711104 0.9075085013 0.1419002967 0.1884976114 1.8348506682 0.2019096536 3.5046044244 1.9062131176 1.0497279859
0.0742111523 0.0957066795 0.051089891 0.9181626229 2.675191465 0.1413121085 1.7421809001 0.1050679994 0.8405831242 0.0952949556 2.6205153303 0.086984646 0.0856248783 0.9727751971 0.0727982636 0.1299901996 3.521647869 0.2017519274 2.7231435358 0.9559159696 0.964910249 0.1213117454 0.199052729 2.6347222038 1.0967210933 0.9439828001 0.2085391564 2.6566608199 0.2131659325 4.5476996253 1.8579047067 0.085432591 0.0371021693 0.0395660725 0.1927869974 5.3992151589 2.8920972131 3.7326903618 1.0065954471 0.9455778221 0.0732687619 0.8383677278 0.0478619947 0.0608733187 0.0964000397 2.5875079524 0.9424890506 0.0991560852 0.2451021444 0.2694909254 1.2260577596 3.636416789
1.7604130933 0.0706614498 0.0491629583 0.0944483854 0.0749557336 0.1194279976 0.0757077055 0.174667205 0.1094468019 0.1869072714 0.1301739106 0.1285259865 0.0599074982 0.0163738641 0.0963146667 0.1535819633 0.1544271354 0.1542225179 1.0311197779 0.1863745043 0.9518089849 0.108782549 0.2091073463 3.5465493682 1.0206119043 0.8768591785 0.1061554049 0.0866929461 1.0116829171 1.0131949837 0.1997486317 0.0623299075 0.0261185348 0.0284459713 0.2262826854 3.7643506614 2.8339756841 0.1922842537 0.1446488882 0.1193249943 0.1181192976 0.0953490932 0.0615662438 0.0984975702 1.0552429157 0.1891590903 0.1636741016 1.7423164421 0.144106465 5.2034759253 1.8044884458 0.1353462526
0.0486834756 0.0705380284 0.8394167602 0.129004939 0.1095618469 0.1872680726 1.7886231643 0.2093491809 4.3556112115 0.1648563546 1.8082909316 1.7080035084 0.071558138 0.0063761922 0.1067873789 4.3531977847 0.1076361173 0.0405055017 0.8639848574 1.7758528375 0.1191628742 2.5548620914 0.1871789822 0.9454171001 0.207797069 0.0846897305 0.0605356713 0.0864273172 0.1538006553 1.8115582506 0.963217042 0.1063072133 0.083101305 0.9087024292 0.2261215929 2.7956309314 0.173211335 0.1133632433 0.135403325 1.8584345664 1.8578969808 0.167058509 1.8211747203 0.1776966794 2.7457242405 2.7241970784 0.1310667151 0.0631365084 0.1630325941 0.1535924788 0.2102182662 0.1205801447
0.0381321291 0.0830353177 0.1084930995 0.9663081372 4.3812460619 0.212963343 3.4692682218 0.2102948445 0.9004880231 0.1659000683 0.9552619182 0.9894025382 0.1878277804 0.1219499161 0.1869111659 0.931437674 0.1071035921 0.0494853666 0.116838248 0.1310698654 0.20100357 0.1361862329 0.2116334119 1.7790762732 0.1316403863 1.7412680602 0.0606646979 0.0851621875 3.5648090776 0.1884977803 2.6209461179 0.8984142595 0.1081926987 1.8549961021 2.7146696931 0.3444626254 0.3099524278 0.2859737573 2.7910476018 2.7809884236 1.1021817459 2.734417259 1.8437148554 1.011039374 1.0117963062 1.0230321063 0.1527437318 0.8744749228 0.096262322 0.0984014932 0.1559697067 3.5443311706
0.0631614704 1.8440236064 1.004940697 0.3716681659 1.1083774694 0.3362830182 0.1675936842 0.1611804102 0.0949779983 0.130246733 0.2945546882 1.9876619625 2.0218662169 2.7384459975 1.834894308 0.1232365701 0.1222196629 0.1435910386 0.9096194308 1.8336599633 1.1139604454 3.6487617518 0.2591353947 1.8596496552 0.2334020829 0.1192418093 0.8724987649 0.1184000303 0.098955632 0.201210204 0.2099734663 0.2098953153 0.164188295 0.9908460294 1.9257837133 1.1572304422 10.6548256073 2.7564566715 0.1924682336 1.8469936127 0.1669301149 0.1204938227 0.1297285682 0.9297773172 1.8075287022 0.1413265889 2.6202425315 0.1309726056 0.1427525685 3.4553853627 1.0377583733 0.2848596871
1.0374759223 0.2827469239 4.4750050166 2.8837942826 4.4103262511 2.8026334299 0.8911845916 0.8624447835 0.8624822233 0.9110041736 1.9651402797 8.970221133 0.4036082853 2.8181677131 0.2239317508 0.2124165132 3.7010553571 1.8783965803 0.9895879674 0.2239155285 2.7626334349 2.6863096632 0.2960582753 3.5957563163 1.9693402278 0.9324838955 0.0846255648 0.1194916274 1.77810529 0.1475528872 2.7232983619 3.4352448921 0.1531912865 0.1341328308 2.724862512 1.1673344215 0.3542234185 0.3079216655 0.154407985 0.1194077526 0.9073537342 0.028056138 0.0266199569 0.0600532554 0.061060596 0.0951784464 0.1087144056 2.6984126187 0.2119281676 0.1896564536 0.2603799284 5.3969616933
4.6946350098 1.9654490342 0.2199879713 0.338956776 1.886134524 0.2882569719 0.1540128235 0.1259820122 0.0717002909 0.141675837 1.9977377422 0.4141524585 4.614783551 0.1739398279 0.1480115865 4.3282202699 1.037264197 1.8572407765 0.1438957335 2.7231263321 1.1393336827 0.307412829 0.3630163789 3.5836326152 1.068802154 1.8424901491 0.0849963633 0.1418299237 3.63546304 0.2606700498 0.2469403443 0.999239238 0.9406473967 0.1649766918 0.1677716919 0.2493911774 3.5292079957 0.1496793999 0.1018619272 2.6007718096 0.152228764 0.0947234956 0.0253850946 0.0247704062 0.0256324849 0.0715590115 0.0978247888 0.1891405191 1.0037568056 3.607955203 0.254186164 0.3217429155
3.8493854734 0.2520595282 0.1729264905 2.8048890757 0.9960519409 0.1672405169 2.5560852444 0.0844279936 0.0506518278 0.1314537266 0.9928982922 2.8644697366 1.918231901 0.2178644436 0.2920256298 0.2706228212 0.2548890273 0.063842782 0.0853865499 0.0989786088 0.2604134415 8.7083571442 0.2738631517 0.1581040696 0.9990708538 0.1289168658 0.8735498351 0.130134697 0.9929561075 3.727472298 1.871342653 0.1206025555 0.0735499101 0.9080705905 3.4564477781 0.2370619749 1.9852350651 2.0423834299 0.2956463095 0.2504337043 2.7780046377 0.9098272373 0.0602451036 0.0595461851 0.8496477516 0.0724123 2.6194642781 0.1434096474 3.6033739297 0.3295491532 5.4733803655 0.1598942378
1.8815101198 0.1365864058 1.906524602 2.8845384211 1.9630313222 0.2588268395 0.2029656636 0.990246507 0.0635132773 0.8870953964 2.7555484561 1.0279696196 0.3425480777 1.9019359744 2.9209284172 5.2172929576 0.1556464132 0.0519683603 0.0494364295 0.050502249 1.0465890818 0.26063497 0.2704894485 1.7654980113 0.1056522997 0.8609545184 0.049129126 0.0724658226 0.9802332264 1.9585811638 1.9144895066 0.1176704334 0.0489947221 0.1155901082 0.1529190383 0.2467967959 2.820501198 5.4249054275 3.8001571813 1.9424896868 2.7570057369 0.121861876 0.1086801986 1.7875934389 0.1301683178 0.1412528461 0.1190521859 0.165569268 0.1559660189 4.4834868331 0.206396058 0.2296779205
0.097226639 0.1323541984 0.2147659873 5.3826834358 1.8941351736 0.1823631814 6.2504617912 1.149978933 0.1779019844 0.1098668127 0.1874950742 0.9939688083 2.0088523292 8.0884722126 1.1415064863 0.1790724191 0.1525235042 2.6172964357 0.0490883129 0.049631712 0.9456542725 2.7478591692 0.1909556555 0.8753421336 0.0825579539 0.0278755342 0.0818959892 0.0839280602 0.1647071472 2.7332200482 0.9338559281 0.0843036927 0.8170216567 0.0275299108 0.0644448634 2.6594390949 1.1532004149 2.079529293 2.0222212305 1.896886372 0.1573232542 0.1115726862 0.2459817219 2.7819706082 0.2476408407 0.9018128134 2.6756787116 0.0523612694 0.0852412443 0.0865567753 0.1695935131 2.0108702566
0.9875999763 1.8100576372 0.1545324249 0.1327011528 0.1320511699 0.1457932413 0.2519784679 4.578380421 1.9075648574 0.1127133416 0.1212193853 3.535271984 0.3403156705 0.2734462065 0.2141278984 0.0301651122 0.0969235138 0.0969092306 0.0956518853 0.0405102442 0.224754091 3.7041424514 1.024333938 0.0725937594 0.1158403515 0.0964027464 0.1301124146 2.5327659855 0.1428279026 0.1096746895 0.1539185498 0.1530450062 0.1298494859 0.0838669168 0.1408374096 0.2128637763 2.8503417917 1.930253979 0.2628238862 0.2727286468 0.2035945231 1.8253111966 1.0844169354 5.354058418 0.3518376824 1.9149098047 0.177204955 0.1186294677 0.0047526514 0.0634794426 0.1814668733 2.9585044403
2.837596371 0.9209337153 0.0620693193 0.0392025877 0.038508979 0.041015389 0.2384802138 2.8879592546 2.9420757337 0.2014480686 0.9777978189 0.1902871374 0.9804679125 2.5895251846 0.062296613 0.027119689 0.1180625421 2.6866052604 0.1313034952 0.0765342422 1.1037691674 4.4503326427 0.1690286317 0.0520728984 0.8857957927 3.48874644 0.2667310161 0.2009711391 0.1981566514 1.753867065 0.1199855294 2.7106718831 3.5645609498 0.0635397922 0.0864836713 4.380308953 0.2289892224 0.2182924448 3.5753544608 2.7959253032 4.4739486573 0.2047233118 0.2843429679 4.5402813856 2.8087301332 0.2598040595 3.5361369798 0.1297802898 0.0279170099 0.1070091079 3.6249294507 1.9882816913
0.0965674387 0.1540926291 0.1072790017 0.0964877956 1.7376604986 0.0617282853 0.179379094 6.2292456401 0.2621994864 2.6358711543 1.8211011179 0.1981554218 1.8754915421 0.1726496617 0.0602080963 0.026946181 0.9549599672 2.7339849603 0.1788710877 1.8111956835 1.1303382323 0.3089280946 0.2389497485 0.1098392135 0.1755873712 0.1908605576 1.9260770947 5.2386833958 0.2013726806 0.0982724293 1.7975200855 0.142271919 0.1078377422 0.0833224683 0.1073004921 0.165771876 0.2383938377 3.6822597283 0.2522843635 0.3636640386 1.1427942924 2.0086433219 0.207359274 0.2488532978 1.0144361195 1.9225334948 1.8448245514 0.185451174 0.8746611639 0.142970092 0.9688855947 0.2369609822
0.0614433154 0.9103030138 3.6096647096 0.1316938606 0.0943390466 0.8969479772 0.1782215623 0.1585215993 0.1885420975 0.11937849 0.1414661243 0.9445132387 2.5896640012 0.097294475 0.0069647155 0.0945814757 0.1879551693 2.7558958895 0.1561117109 0.1439341185 2.7405129297 8.0646591972 0.2544002779 0.9731123809 3.5906603046 0.1241441896 0.2345069162 1.9691229043 1.0575256496 0.152855624 0.0948421994 0.0591487179 0.0037881732 0.0465984356 0.8402374064 0.2216561439 2.7410209528 1.9513907297 0.2316054073 1.9430087549 5.3901259492 1.0984571162 3.6387349338 0.1336216593 0.8763039749 0.1184272853 0.0972543445 0.9079242361 1.8670464286 0.1905593436 0.20472209 2.648468046
0.0834332573 1.8420265005 0.1978225323 1.7987223336 0.0621524783 0.1204565619 2.7091810106 0.1213449889 0.0720155348 0.8401606974 0.1064810665 0.2109837086 0.2122869266 0.2219638362 0.0760067786 0.1415574971 3.4782189884 0.1674068237 0.1559809063 0.9558105574 0.2701730849 0.2634754874 2.9666772865 2.8762395194 0.294327459 0.1240331275 0.9228394824 1.8342181103 1.8451562229 1.7970764971 0.8506277454 0.0251820831 0.003885882 0.0472090828 0.8409660548 0.2213476293 6.1835571951 0.2601877312 0.217590884 5.3954668759 0.3624112959 2.0408157722 1.0606814606 0.1902736917 0.0622709146 0.0481439671 0.0482207057 0.0833056129 0.1666478254 6.2152084454 0.294908405 1.1589975417
