Models/Synthetic/Density/temp_raster_pop.asc
NCOLS 101
NROWS 101
XLLCORNER 3302900
YLLCORNER 3112000
CELLSIZE 4386.138614
NODATA_VALUE NaN
[rows 69 to 91 of 101, columns 0 to 51 of 101]
9.6810587579 9.761244038 9.6276595427 9.4410305793 9.2334632406 9.0755112635 8.934479003 8.7877546422 8.6416372159 8.5085049728 8.4052683463 8.3750175938 8.6167568436 8.4689690433 8.484278196 8.5161388537 8.4887465088 8.5401693094 8.5886998619 8.6461236473 8.7282758311 8.6874405228 8.6737501307 8.5839074975 8.6289592741 8.6578454266 8.6311074533 8.6433345746 8.9359773427 8.6017274566 8.5080765619 8.3342493876 8.1520465992 7.8670509624 7.6151901856 7.3319264825 7.0216651684 6.7420600541 6.5195280352 6.3958536969 6.2961673084 6.2426411724 6.2164997384 6.0159717623 5.8837470379 5.7697878997 5.7265877866 5.6361205965 5.5525990697 5.4412854692 5.4081741164 5.4197102957
10.8693283062 10.8111058036 10.7611028205 10.5328831861 10.2758223438 9.9745927405 10.132748281 9.4393235309 9.2141999073 9.1184483324 8.9452452526 8.8679753879 8.8402324219 8.8502246227 8.8639826358 8.8486003656 8.8337822109 8.844855399 8.9303891671 9.3044333856 9.0944019139 8.9569023082 8.9415241315 9.4042463061 8.9030444585 8.8859973043 8.9155633484 8.9858644317 9.7843962843 9.7342247436 8.8552289699 9.1524818276 8.5504528007 8.2993275191 8.0866683601 7.8485418046 7.5777680771 7.3091937525 7.0767286582 6.8999500747 6.7904080624 6.7421186148 6.6792617903 6.6135240268 6.4843300419 6.3936901171 6.2555526666 6.3043427406 5.9979061143 5.8615090386 5.7816836464 5.7307832425
12.0557523602 12.8410366782 11.9531185198 12.1380395836 11.4090089651 11.0176158611 10.6144253513 10.2290906859 9.8990587065 9.6883446846 9.6893201727 9.3486058372 9.2498439651 9.3854799605 9.2947592434 9.2626463163 9.2261586113 9.16836415 9.7771888753 9.4795712245 9.2411542745 9.2072207895 9.2435531302 9.2311297972 9.2467059164 9.1991386099 9.2434474739 9.2762049588 9.2807320016 9.2183323318 9.1882045884 9.0723929784 8.9852646702 8.7888655903 8.6503355482 8.4557646678 8.2355455896 7.976643505 7.7137683825 7.5535017505 7.4394322699 7.3736617363 7.2918686566 7.2411403741 7.2534652976 7.0500874871 6.9268708818 6.7484977532 6.5507911498 6.3742558544 6.2724925161 6.1379255328
13.4180213889 13.3641675812 13.2420486122 12.9430286801 12.5918214542 12.1562154198 11.5842986495 11.1622494252 10.7468560804 10.4522336645 10.1308742714 9.9268365792 9.8642947161 9.6786286389 9.7405188794 9.6037827208 9.4799789351 9.9645014002 9.4140073536 9.4297803168 9.4520877946 9.4117620995 9.4337951385 9.8776551652 9.478972555 10.2843385854 9.5654030261 9.6129118515 9.6082641079 9.5548409403 9.4509501534 9.3761069428 9.3295567017 9.9994049081 9.2159977514 9.0890948891 9.6783594607 8.6739650566 8.3870027644 8.2380488304 8.3795451409 8.06868728 8.0069907738 7.988391446 7.9305252044 7.8130070584 8.001687319 7.3986531993 7.1761418503 6.9947395 6.8311504108 6.8209766224
14.8291942837 14.703771608 14.4863837835 14.1525874757 13.7019616199 13.2190364444 12.5977421756 12.1172807526 13.1201147956 11.1259078229 11.3843023997 10.78068716 10.1818599983 10.5567634651 9.8300383568 9.8237487413 9.5879599809 9.4786248675 9.4854345742 10.0039359404 9.8407530857 9.5511961706 9.5784242082 9.6142509518 9.690733863 9.7612779371 9.8643082278 9.9703027338 10.1328175428 9.9571516422 9.8409409769 9.7585127736 9.7558381012 9.7519405083 9.8566468956 10.5028277174 9.4642115975 9.2854400278 9.0913468926 8.9851331749 8.8981379004 8.8625325382 8.8267835077 8.8680109557 8.8157446078 9.1485048285 8.416136752 8.1792706376 7.9878595107 7.7557530722 7.5368848901 7.233725412
16.0393660085 15.8270775975 15.8873964212 15.2479456735 14.8333522487 14.1433854393 13.5898162702 13.053650166 12.4713463571 11.7838948035 11.2421832327 10.8705315775 10.6366026842 10.272633841 10.0158180329 9.6984525891 9.5839512903 9.464780221 9.5110379234 9.6774791526 9.6333756386 9.6288201183 9.6442147122 9.7074184997 9.8205523821 9.9697040823 10.1714508075 10.2736950542 11.2407236756 10.4153375861 10.2396222822 10.1900042987 10.1406161526 10.1727424511 10.1280697825 10.0686048273 9.9678441891 9.888139876 10.6997979669 9.7558814856 9.7360266057 9.8126723322 9.8444140119 9.8700632386 9.9097789501 9.6749782839 9.4147396092 9.0835114258 8.8859518179 9.18988245 8.3238513252 7.9643000672
16.8889574696 16.8354881026 16.613582577 16.208827228 15.6277542972 15.0033131427 14.4537654871 14.1001963039 13.0839664292 12.3479499411 11.7584133985 11.2974073634 11.0000582577 11.7707258832 10.1235003903 9.7817815689 9.5755489942 9.4844765729 9.4864728642 9.580932081 9.5948321818 9.6312363359 9.7222328518 9.7840887079 9.9816678482 10.8651707621 10.3173393648 10.3814057477 11.0616260473 10.6350158907 10.9952929912 10.6025353055 10.5258916676 10.5175099523 10.5191494262 10.5035344485 10.5249534703 10.5704164309 10.6056085637 10.6543306244 10.7435133182 10.9002498985 11.735901183 10.9714319181 10.9491647824 11.0964319008 10.6095813288 10.2427770842 9.9707155011 9.6780457202 9.328055209 8.9007757083
17.8446457276 17.9220905378 18.4176494049 17.3097479271 16.4045712004 15.7399782945 15.2298682312 14.7555692443 13.8518708907 13.7353620008 12.3673934992 11.7931271756 11.367329003 10.8835990164 10.3766780409 9.9164396771 10.4058962324 9.4777351528 9.4873898204 9.5946788945 9.6602999701 9.6824228037 9.6843106601 9.7714505377 10.0562909033 10.5753329741 10.3539794981 10.3986674698 10.4177929395 10.662504114 12.0111584938 10.8242976199 10.7758583709 10.9345267533 10.9640171656 11.0506059266 11.179784963 11.343094887 11.5129920708 11.6563129852 11.8536948518 12.2291810993 12.2473640306 12.267335961 12.1946356949 12.1339767871 11.9510283305 11.7998106269 11.089073713 10.7454652503 10.5456246262 9.9958936598
18.9268768754 18.795794402 19.0161208028 17.9746067013 17.2449399912 16.3880186062 15.7420590274 15.1447590381 14.8940417961 13.9209673649 12.9210011369 12.2653065281 11.7054980574 11.1363873188 10.6067644262 10.0376607536 9.6971515198 9.5309498255 9.5131572173 9.6824708913 9.9137580923 9.6396201833 9.5999591436 9.6730629474 9.8964560488 10.3763359216 10.3369704489 10.1999095045 10.2909773537 10.5243390563 10.7381292522 10.9389022588 10.989229558 11.1798995589 12.0780118547 11.5666196 11.8077099679 12.5992890331 12.4189138063 12.6966801692 13.2314655382 13.2964217075 14.062113125 13.7232212136 13.4327855847 13.2902131621 13.1108327138 12.7479952415 12.3937454622 11.9973015259 11.6452139138 11.1125171471
19.7277509942 20.2175205245 19.582743052 18.8364338376 18.0861684356 16.8459256494 16.1503050755 16.0022257725 15.2711704094 14.2062068869 13.3637997117 12.7092529104 12.1290536708 11.3923647505 10.6949666209 10.0792854707 9.706292896 10.0703585425 9.5032218087 9.5515680163 9.6193948381 9.6024464686 9.5507790939 9.5138157098 9.6691572891 9.86858514 10.0127920445 10.0745641857 10.1605865197 10.3947525764 10.6785500187 10.9869307937 11.1908435165 11.4894610396 11.7494806393 12.031254603 12.9793553936 12.7675685262 13.2672133379 13.9424191077 14.0073181031 14.3328849697 15.2293558002 15.2849794421 14.7669665658 14.6353732487 14.4530576459 14.169552994 13.8182673575 13.8188276547 12.9478724961 12.7519387933
20.2619561281 20.1088871093 19.9614187242 19.0243078121 17.9952534818 17.128382859 16.4716361627 16.3102155916 15.2242122712 14.3279952857 13.657385793 14.0913035869 12.3741479392 11.6703564493 10.7030736477 10.0764179013 9.7222030894 9.50477754 9.4058309111 9.3998162158 9.9229261025 9.9325886369 9.3679819173 9.3699610033 9.4726952983 9.6511003742 9.8666222723 10.8238885068 10.0702532682 10.3440903258 11.3229629137 11.0603070746 11.3945723585 11.960810595 12.1088361638 12.4097019909 12.8030015339 13.3241201375 14.7761323877 14.7505210373 14.8077523594 15.1662576539 15.6418112564 15.8391615074 16.4893826649 16.200120377 16.3451647331 15.7643053966 15.7922509554 15.0504478191 14.5643727467 14.006081832
20.2748952649 20.2264527304 20.3168050824 19.0623562751 18.148933917 17.3198891516 16.5654602902 15.8893708599 15.2685429062 14.3095275646 13.750947779 13.5734026528 12.3727783222 11.3686487575 10.6272698847 10.92240328 9.6949514195 9.4835510717 9.3502345232 9.3207908018 9.4030992733 9.260535034 9.1950833306 9.2451395601 9.3386186198 9.5116769641 9.7270973984 9.8410683022 10.059324296 10.369012871 10.7270642083 11.1254313233 11.935596411 12.0235585285 12.3792579145 12.7730064065 14.0388324956 13.8461829493 14.5136482839 15.1534948737 15.6965139201 16.0995327271 16.5193284252 17.0578070308 17.1043156127 17.2867096672 17.5360806933 17.2430392695 17.1421172366 17.2540945299 16.3498604883 15.7285511529
21.5249924314 20.1095127112 19.5550799293 19.3326163396 18.3535367948 17.4547476459 16.7185938153 16.0238818198 15.1553697658 14.2415425617 13.5612019143 13.5367727864 12.1104913571 11.1852754731 10.5082822019 9.979571972 9.6764718189 9.5330289321 9.3635684361 9.2190903381 9.8983607576 9.0527939145 9.0203186306 9.0937532053 9.2449478531 9.4102659666 9.5737522695 9.7456469734 10.0156221532 10.7015763377 10.7338279116 11.1808901913 11.7053708468 12.4405017729 12.6086784677 13.1026433003 13.8600492416 14.3811734701 15.1358909434 16.0228988869 16.6477590038 17.485872826 17.6559874133 18.0692143031 18.4499189276 18.718014933 18.8119216418 18.822222747 18.8664935044 19.0053714149 18.7808300117 17.8496095089
20.7366403804 19.9784957451 19.431873647 18.7876103294 18.2930214094 17.3460990438 17.1613510002 16.7035901775 15.1418097787 14.0823456875 13.2654304564 12.5328800753 11.8257345182 11.6084265147 10.4152738106 9.9470309655 9.6596652928 9.4577124613 9.2885345157 9.1580817129 9.0068730089 8.9469256384 9.8024820554 8.9857180402 9.1461670662 9.4114436308 9.5099735468 9.716841968 10.0464340371 10.3938258077 10.788873876 11.1930705049 11.7856505839 12.3417187367 12.8548053342 13.4315473328 14.1204471449 14.9335307003 15.8333182592 16.7818694006 17.7604709386 18.2984629023 19.6520919032 19.683803727 20.185125936 20.5045449048 20.7409990706 20.6149962221 20.6502562899 21.0505985311 20.3296576962 20.129283838
19.684090215 20.4007477204 19.4187353048 18.4570231807 17.7481982669 16.9922154373 16.3162275746 15.8984962126 15.2076980698 13.8800806725 12.9852122417 12.2572776591 12.0465429768 10.9401817471 10.4629531157 10.0281698018 9.7302557829 9.421130209 9.2413108672 9.083515992 8.9606422759 8.9063835184 8.896059435 8.9607054926 9.089160091 9.2575365615 9.4548871665 10.1065353805 10.278845819 10.3356450112 10.7446890997 11.2502827679 11.7810596442 12.4296894641 13.1105618982 13.8105147557 14.5725995394 15.5085749453 16.5384969329 17.5982977482 18.4737908231 19.3815195766 20.3824624014 20.8681493597 21.7787793467 22.1913586917 23.6177996948 22.5557163589 22.6857605563 22.8848749648 22.4517592133 21.9875462226
19.0207138617 18.8194121455 18.4198923579 18.2568148059 16.9253007693 16.1913547123 15.6658652568 14.9108045746 14.2592590193 14.2773577133 12.6519304275 11.8729685262 11.3280454942 11.7010010082 10.4228226178 10.5168816872 9.7003978614 9.4360674492 9.2222255332 9.0944938838 8.9813766863 8.9225424706 9.0006736105 9.007281138 9.0947758936 9.227425416 9.3983700778 9.7250032498 9.9241841965 10.2886574435 10.9479392046 11.3063142915 11.8436201485 12.5252058438 13.9438046119 14.2439703396 14.9896894598 15.9688325373 17.4215846402 18.2886019621 19.2904791655 20.1961779361 21.1931736877 22.4383166566 23.5234738787 23.8260756301 25.109647011 24.8672875065 24.6711006302 24.9531148119 24.802312427 24.7094926003
18.0849888152 17.8715855029 17.292566173 16.6748243828 16.0493724182 15.9694227494 14.7876097698 14.0266554469 13.4425756042 12.8838147984 12.1008247273 11.4152560162 10.9908542774 10.7890904028 10.2859302626 9.8801548385 9.5950902481 9.3257061408 9.2007868122 9.1226561213 9.0595270324 8.9807608105 8.9789733044 9.0778976343 9.5974005732 9.2082044817 9.3272213856 9.7047616882 9.7941218971 10.1957751386 10.8448857564 11.7260510417 11.9110129141 12.6466145474 13.544047351 15.1604379711 15.2115057831 16.2519686812 17.5626776018 18.7784250335 19.9443057845 21.5864902982 22.2475988148 23.7811479032 24.7254499176 25.5229219185 26.1724129345 26.6339389607 27.0015315422 27.3610103437 28.6647115914 27.4687494841
16.7787903711 16.5513709938 16.1208627761 15.6441852064 15.6353835081 14.4520648118 13.7970156244 13.2141618176 12.6606232444 12.0381262712 11.4557414193 10.9395037098 10.6340470107 10.4004358277 10.0266183732 9.6407420814 9.4015933123 9.2283713629 9.1501294681 9.12058598 9.1204983893 9.095994702 9.1100983452 9.2089768944 9.2452965024 9.2916922942 9.3476207516 9.5140873767 9.7713125276 10.1208174859 10.6275392867 11.192809087 11.8482697408 12.8279293097 13.721011511 14.4927883402 15.3362288209 16.4078097478 17.6923838069 19.2012252481 21.1529872956 22.0333714949 23.4744249831 24.8810940181 26.32870438 27.5939507469 28.2831427314 29.1704276873 29.6038735071 30.2441624655 31.2236349833 31.9822251331
15.8554183178 15.2293045918 14.9374417525 14.7547196893 14.2392191761 13.4887823761 12.9814006427 12.604495274 12.0101800714 11.3862531013 10.8998144409 10.524106037 10.2578050658 10.4913237549 9.7335289168 9.5793320237 9.3504349998 9.2119599322 9.1174933673 9.146479702 9.2086543797 9.6830216584 9.3014237657 9.3300138675 9.5418011644 9.4112906547 9.4820869435 9.6092461666 9.8115051954 10.1032030909 10.5128176481 11.0309115836 11.707799158 12.5102190899 13.4421746851 14.3757138427 15.4320109074 16.6020484391 18.1248894321 19.6047558826 21.4182176438 23.6074927973 24.889450625 26.5109311815 28.6396414964 29.871266025 30.701180212 31.6554844136 32.5951311106 33.6463972913 34.015687384 34.3158712482
14.106176387 14.0136017081 13.7192720391 13.4196722478 13.0137039859 12.6586074019 12.116276309 12.3693399846 11.2615168004 10.8462532733 10.3596823517 10.1049994108 10.1447078224 9.7524614437 9.6422027331 9.5121477102 9.5055335748 9.2392893402 9.1580105957 9.2005517375 9.5290197878 9.3488217888 9.4394082825 10.9718111573 9.6081050901 9.8244899309 9.6463897214 9.7805512287 9.9431991474 10.1863713615 10.4711477083 10.9242129004 11.5484277778 12.3619869115 13.3333893162 15.1775914962 15.6017657253 17.3098648662 18.4334213495 20.1066720126 22.4971335805 25.3186011439 27.1596526201 28.2974656873 29.8953871383 32.6390779847 33.5510193851 34.5354287639 36.3373259515 37.0996830471 37.4892659929 38.2160545925
13.4918952962 12.8169951119 12.5632183337 12.2817665246 11.9690658348 11.621183438 11.2666416102 10.8803052683 10.5135234619 10.1130007333 9.8172957592 9.6076464844 10.280576698 9.9738640826 9.680862338 9.7814045612 9.4570003827 9.3436464465 9.3234776435 9.3003114014 9.3217251623 9.404683228 9.5947979101 10.6092436323 10.1373479946 9.7805886419 10.7206014398 9.9381984421 10.193982815 10.2761450678 10.5037543984 10.8629688956 11.4729135469 12.3349023777 13.399660971 14.6081098696 15.7815336517 17.5502920283 19.1625230783 20.8391508549 22.8923347216 25.449445768 28.7698657615 29.7943165834 31.4771895638 34.1775605226 37.3161270543 38.2515426847 39.327390808 40.5961303652 40.7982712995 41.1499881728
12.5437314854 11.7891362064 11.478180995 11.2158232823 11.0840799789 10.6685960809 10.7079986531 10.0487589813 9.8176776964 9.4771556429 9.2217767009 9.1340253389 9.1280480494 9.2621966786 9.4866132489 9.6917472844 9.4580287222 9.6829898253 9.4652143868 9.3688513426 9.4065442167 9.5108026256 9.7373078921 10.7802732136 9.9778194778 9.9624575113 10.6549544097 10.1087547763 10.23985191 11.0195653199 10.5624249527 10.9008243205 11.5280813349 12.3965509715 13.6785883599 14.6124074832 15.8800182025 17.4148118599 19.2188748532 21.2720332821 23.6064853888 26.3512987719 29.0041634484 31.0400409484 33.1102766281 36.7020404568 38.1350301801 40.8280345671 43.1867140702 44.5961768678 44.683159946 45.1685891094
10.67905052 11.1266785856 10.4058035814 10.1615810531 9.9129035888 9.7128282061 9.4272786833 9.2897189039 9.1913088747 8.8641377187 8.7333094283 8.7301487184 9.3000752249 9.0155026697 9.2981969944 9.41878154 9.4252352927 10.2903555429 9.4591793964 9.5013076554 9.5880064712 9.743489676 9.9621567252 10.1728519051 10.5399163693 10.1249280539 10.1540785695 10.2376417542 10.4335897049 10.5679234748 10.8018464321 11.1084867305 11.702651197 12.7014015548 13.5059694165 14.6776841056 15.9653281549 17.6035662562 19.641007126 21.9900982849 24.6444284473 27.2616214088 31.5572870939 32.4793003356 35.0480581332 38.2686752744 41.951680349 44.0933949288 46.4458589014 48.7386430763 49.0810260313 49.7682611323
