Models/Synthetic/Density/temp_raster_dens.asc
NCOLS 501
NROWS 301
XLLCORNER 3551300
YLLCORNER 2778253.213573
CELLSIZE 833.932136
NODATA_VALUE NaN
[rows 230 to 252 of 301, columns 265 to 317 of 501]
0.0000002922 0.0000004789 0.0000006698 0.0000007987 0.0000008189 0.0000007292 0.0000005716 0.0000003983 0.0000002484 0.0000001384 0.0000000686 0.0000000307 0.0000000143 0.0000000122 0.0000000247 0.0000000692 0.0000002243 0.0000007889 0.000002698 0.0000085372 0.0000232795 0.0000542081 0.0000944747 0.0001276628 0.0001951008 0.0001461818 0.0001181538 0.0000876518 0.0000398946 0.0000223334 0.0000175743 0.0000051995 0.0000014111 0.0000002932 0.0000000693 0.0000000263 0.0000000206 0.0000000358 0.0000000958 0.0000002679 0.0000006786 0.0000015028 0.0000030669 0.0000066184 0.0000230026 0.0000073823 0.0000061045 0.000012006 0.0000544387 0.0000129586 0.0000060455 0.0000030717 0.0000017332
0.000000507 0.000000879 0.0000012909 0.0000016129 0.0000017262 0.0000016057 0.000001311 0.0000009464 0.0000006025 0.0000003361 0.0000001634 0.0000000694 0.0000000268 0.0000000123 0.0000000143 0.000000038 0.0000001292 0.0000004566 0.0000015283 0.0000045169 0.0000113495 0.0000227174 0.0000364026 0.0000509014 0.000056839 0.0000543306 0.0000431563 0.0000301662 0.0000556237 0.000010924 0.0000062656 0.0000038114 0.0000009548 0.0000002095 0.0000000498 0.0000000271 0.0000000323 0.0000000548 0.0000001217 0.0000003077 0.0000007565 0.0000016626 0.0000032765 0.0000068777 0.0000079806 0.0000076564 0.0000060227 0.0000116757 0.000013425 0.0000133696 0.000006276 0.0000035903 0.0000024034
0.0000008085 0.0000014869 0.000002324 0.0000030858 0.0000035197 0.0000034808 0.0000029973 0.0000022403 0.000001436 0.0000007869 0.0000003665 0.0000001473 0.0000000516 0.0000000174 0.00000001 0.0000000202 0.0000000679 0.0000002343 0.0000007388 0.0000020141 0.0000045522 0.0000083523 0.0000128675 0.0000165203 0.0000181012 0.0000167951 0.0000134092 0.00000999 0.000006467 0.0000041036 0.000002 0.0000010794 0.0000004907 0.0000001299 0.0000000611 0.0000000679 0.0000000909 0.000000122 0.0000001835 0.0000003444 0.0000007355 0.0000015221 0.0000028222 0.0000042115 0.0000049829 0.0000048387 0.0000048042 0.0000053876 0.00000659 0.0000063863 0.0000051254 0.0000033602 0.0000030459
0.0000012641 0.000002521 0.0000042412 0.0000060188 0.0000074211 0.0000078602 0.0000071946 0.0000054276 0.0000034157 0.0000017336 0.0000007605 0.0000002834 0.0000000921 0.0000000274 0.00000001 0.000000012 0.0000000351 0.0000001108 0.0000003164 0.0000007774 0.0000015906 0.0000027348 0.0000039598 0.000004902 0.0000052064 0.0000047868 0.0000038158 0.0000026666 0.0000016604 0.0000009561 0.0000005258 0.0000002818 0.0000001504 0.000000112 0.0000001443 0.0000002188 0.0000002934 0.0000003439 0.0000003809 0.0000004626 0.0000006988 0.0000012038 0.0000019759 0.0000027509 0.0000031849 0.0000031608 0.0000030077 0.0000031351 0.0000034344 0.0000035134 0.0000030697 0.0000026852 0.0000034942
0.0000019762 0.0000045838 0.0000083974 0.0000127123 0.0000160771 0.0000190091 0.0000175589 0.0000136017 0.0000072981 0.0000034985 0.0000014072 0.0000004821 0.0000001468 0.0000000411 0.0000000128 0.0000000111 0.0000000261 0.0000000684 0.0000001707 0.0000003603 0.000000646 0.0000009713 0.0000012652 0.0000014399 0.0000014574 0.0000013071 0.0000010396 0.0000007299 0.0000004563 0.0000002585 0.0000001393 0.0000000853 0.0000000965 0.0000001997 0.000000405 0.000000675 0.0000008974 0.0000009905 0.0000009387 0.0000008387 0.00000081 0.0000009526 0.0000012549 0.0000015904 0.0000017839 0.0000017839 0.000001706 0.0000016999 0.0000017701 0.0000017755 0.0000016995 0.0000019033 0.0000034294
0.0000031483 0.0000079487 0.000017716 0.0000277958 0.0000362084 0.000039361 0.0000444311 0.0000260523 0.0000139722 0.0000062099 0.000002233 0.0000007134 0.0000002069 0.000000056 0.0000000175 0.0000000169 0.00000004 0.0000000962 0.0000002239 0.0000005738 0.0000009667 0.0000012802 0.000001171 0.0000009291 0.0000006429 0.000000492 0.0000003543 0.0000002312 0.0000001375 0.000000077 0.0000000473 0.0000000554 0.0000001414 0.0000004083 0.0000010035 0.0000017663 0.0000024084 0.0000025206 0.0000022137 0.0000016903 0.0000012543 0.0000009803 0.0000008829 0.0000008963 0.0000009226 0.0000009122 0.0000008846 0.0000008758 0.0000008827 0.0000008793 0.0000009148 0.0000012883 0.0000028057
0.0000045278 0.0000140546 0.0000298561 0.0000602916 0.000077963 0.0000832362 0.000070762 0.0000450999 0.0000245053 0.0000089676 0.0000029968 0.0000009125 0.0000002566 0.0000000682 0.000000023 0.0000000287 0.0000000765 0.0000001943 0.0000004526 0.0000011416 0.0000034394 0.0000039971 0.0000036894 0.0000015553 0.0000009017 0.0000005642 0.000000323 0.000000164 0.0000000802 0.0000000435 0.0000000368 0.0000000718 0.0000002234 0.0000006966 0.0000018147 0.0000037706 0.0000050895 0.0000053599 0.0000042845 0.0000031472 0.0000021321 0.0000013793 0.0000009366 0.0000007114 0.0000006022 0.0000005539 0.0000005476 0.0000005631 0.0000005707 0.0000005567 0.0000005803 0.0000008536 0.0000018399
0.0000057841 0.0000176542 0.0000541603 0.0000774976 0.0001476518 0.0001980063 0.0000976523 0.0000861565 0.0000308574 0.0000106108 0.0000033868 0.0000010109 0.0000002805 0.0000000743 0.0000000277 0.0000000438 0.0000001286 0.0000003436 0.0000008142 0.0000019801 0.0000048912 0.0000135747 0.0000056943 0.0000031531 0.0000018807 0.0000010642 0.0000005336 0.0000002427 0.0000001151 0.0000000729 0.0000000712 0.0000001186 0.0000003181 0.0000009583 0.0000025707 0.0000053396 0.0000086158 0.0000081932 0.0000068311 0.0000050086 0.0000033125 0.0000021329 0.0000014152 0.0000009827 0.0000007117 0.000000584 0.0000005804 0.0000006374 0.0000006635 0.0000006174 0.0000005477 0.0000006046 0.0000010133
0.0000062025 0.000019053 0.000044805 0.0001190472 0.0001624143 0.0001762181 0.0001147476 0.0000800236 0.0000322888 0.0000109208 0.0000032665 0.0000009754 0.000000271 0.0000000725 0.0000000302 0.0000000569 0.0000001763 0.0000004892 0.0000011574 0.0000025791 0.000007379 0.0000105955 0.0000107903 0.0000066349 0.0000032119 0.000001693 0.0000008224 0.0000003817 0.0000002191 0.0000001846 0.000000191 0.0000002315 0.0000004269 0.0000011106 0.0000028324 0.0000059848 0.000008927 0.000010128 0.0000088563 0.0000065009 0.0000044712 0.000003126 0.0000022935 0.0000016374 0.0000011234 0.0000008393 0.0000008315 0.0000009512 0.0000010112 0.000000907 0.0000006985 0.0000005296 0.0000005269
0.0000057502 0.0000157023 0.0000393421 0.0000821356 0.000111281 0.0001281871 0.000108277 0.0000839093 0.0000628454 0.0000090837 0.0000027271 0.000000827 0.0000002322 0.0000000632 0.0000000293 0.0000000619 0.0000001968 0.0000005494 0.0000012935 0.0000026862 0.0000061836 0.0000354748 0.0000228975 0.0000078484 0.0000039882 0.000002121 0.0000010432 0.0000005498 0.0000004291 0.000000471 0.0000005088 0.0000005061 0.0000005937 0.0000011273 0.0000026094 0.00000517 0.0000081145 0.0000099364 0.0000089776 0.0000069322 0.0000051375 0.0000041213 0.000003331 0.000002474 0.0000016022 0.000001137 0.0000011117 0.0000013095 0.0000014025 0.0000012416 0.0000008878 0.0000005501 0.000000349
0.0000045062 0.0000119251 0.0000279304 0.0000538701 0.0001118006 0.0001351868 0.0000739788 0.0000807525 0.0000186516 0.0000067215 0.0000020109 0.0000006204 0.000000177 0.0000000493 0.0000000251 0.0000000564 0.0000001783 0.0000004914 0.000001114 0.0000021539 0.0000050217 0.0000080295 0.0000087621 0.0000067335 0.0000036715 0.0000020779 0.0000011194 0.0000007256 0.0000007921 0.0000010308 0.0000011695 0.0000010383 0.000000871 0.0000010585 0.0000020322 0.000003902 0.0000062024 0.0000074871 0.000007283 0.0000060129 0.0000050635 0.0000045481 0.0000040421 0.0000029314 0.000001878 0.0000012856 0.0000012411 0.0000014615 0.0000015895 0.0000013808 0.0000009694 0.000000561 0.0000002898
0.0000030377 0.0000075406 0.0000160968 0.0000320683 0.0000985003 0.0000569896 0.0000819119 0.0000284058 0.0000115557 0.0000038891 0.0000013176 0.0000004134 0.00000012 0.0000000343 0.0000000187 0.0000000429 0.0000001319 0.0000003481 0.0000007569 0.0000013633 0.0000021722 0.0000029574 0.0000034672 0.000003318 0.0000026396 0.0000017528 0.0000011221 0.0000009363 0.0000012257 0.0000018317 0.0000020601 0.0000017748 0.00000115 0.0000009438 0.0000013939 0.0000024793 0.0000037324 0.0000045775 0.0000046521 0.0000043652 0.0000041687 0.0000041531 0.0000036579 0.0000027498 0.0000017481 0.000001193 0.000001125 0.000001307 0.0000013944 0.0000012287 0.000000863 0.0000004975 0.0000002431
0.0000017303 0.0000040052 0.0000080835 0.0000161295 0.0000214566 0.0000281112 0.0000229401 0.0000166928 0.0000060461 0.0000022215 0.0000007624 0.0000002434 0.0000000722 0.0000000213 0.0000000123 0.0000000275 0.0000000801 0.0000002005 0.0000004106 0.0000007197 0.0000011093 0.0000015407 0.0000019037 0.0000020704 0.0000019704 0.0000016882 0.000001414 0.0000013675 0.0000017229 0.000002346 0.0000028177 0.0000021098 0.0000012775 0.0000007901 0.0000008435 0.0000012809 0.0000018489 0.0000022795 0.0000025059 0.0000026531 0.0000028696 0.0000029368 0.0000026558 0.000001988 0.0000013135 0.0000009029 0.0000008322 0.0000009278 0.0000009788 0.0000008644 0.0000006245 0.0000003675 0.0000001811
0.0000008671 0.0000019783 0.0000041058 0.0000066045 0.0000088852 0.0000091608 0.0000078789 0.0000051105 0.0000027419 0.0000010611 0.0000003806 0.0000001255 0.0000000383 0.0000000118 0.0000000072 0.0000000155 0.0000000425 0.0000001008 0.0000002079 0.0000003894 0.0000006905 0.0000011316 0.0000016929 0.0000023186 0.0000028255 0.0000031086 0.0000030234 0.0000028056 0.0000026453 0.0000027443 0.0000025449 0.0000019814 0.0000011404 0.0000006246 0.0000004786 0.0000005819 0.0000007816 0.0000009841 0.0000011745 0.0000013935 0.0000016043 0.0000016929 0.0000015311 0.0000011772 0.0000007968 0.0000005638 0.0000005041 0.0000005395 0.000000557 0.000000496 0.000000367 0.0000002249 0.0000001146
0.0000004334 0.0000011302 0.0000027415 0.0000059444 0.0000071384 0.000006468 0.0000035315 0.0000018725 0.0000009319 0.0000004212 0.0000001615 0.0000000561 0.0000000179 0.0000000059 0.0000000041 0.0000000093 0.0000000252 0.0000000619 0.0000001409 0.000000317 0.0000007244 0.0000016218 0.0000029818 0.0000048301 0.000008288 0.0000095349 0.0000108204 0.0000081 0.0000064761 0.0000037113 0.0000025283 0.0000016381 0.0000009744 0.000000541 0.0000003558 0.0000003176 0.0000003474 0.0000004112 0.0000005094 0.0000006376 0.0000007604 0.0000008086 0.000000742 0.0000005825 0.000000411 0.0000002964 0.0000002581 0.0000002629 0.000000265 0.0000002364 0.0000001793 0.0000001142 0.0000000611
0.0000002628 0.0000008284 0.000002505 0.0000057365 0.0000109839 0.0000058353 0.0000026604 0.0000009833 0.0000003784 0.0000001536 0.0000000613 0.0000000224 0.0000000076 0.0000000029 0.0000000031 0.0000000086 0.0000000257 0.0000000703 0.0000001775 0.0000004434 0.0000011421 0.000002874 0.0000065609 0.0000108864 0.0000176306 0.0000427515 0.0000230822 0.0000492526 0.0000129041 0.0000066752 0.0000035721 0.0000019299 0.0000011501 0.0000008044 0.0000006289 0.0000004951 0.000000367 0.0000002781 0.0000002545 0.0000002881 0.0000003389 0.0000003648 0.0000003431 0.0000002812 0.0000002075 0.0000001512 0.0000001229 0.0000001145 0.0000001094 0.0000000964 0.0000000743 0.000000049 0.0000000276
0.0000002094 0.0000006877 0.0000019793 0.0000047899 0.0000056409 0.0000048071 0.0000020071 0.0000007168 0.0000002326 0.0000000784 0.0000000275 0.0000000096 0.0000000033 0.0000000017 0.0000000033 0.0000000116 0.0000000384 0.0000001125 0.0000002964 0.0000007358 0.0000018459 0.0000046941 0.0000108606 0.0000228622 0.0000337127 0.0000470367 0.0000494762 0.0000405598 0.0000242417 0.0000126227 0.0000063148 0.0000032928 0.0000022034 0.0000021152 0.0000021673 0.0000018217 0.0000011512 0.0000005463 0.0000002444 0.0000002042 0.0000002319 0.0000002638 0.0000002677 0.0000002356 0.0000001806 0.0000001244 0.0000000828 0.0000000586 0.0000000456 0.0000000365 0.0000000274 0.0000000184 0.0000000108
0.0000002134 0.0000005954 0.0000014474 0.0000023575 0.0000028627 0.0000023602 0.0000014518 0.0000006001 0.0000002172 0.0000000716 0.0000000223 0.0000000066 0.000000002 0.0000000014 0.0000000042 0.0000000163 0.0000000566 0.0000001725 0.0000004632 0.0000011378 0.0000026941 0.0000064597 0.0000152608 0.0000325309 0.000096237 0.0000805559 0.0001075403 0.0000634323 0.0000397625 0.0000218226 0.0000117233 0.0000056964 0.0000042627 0.0000059036 0.0000078742 0.0000071147 0.0000041376 0.0000010265 0.0000003911 0.0000003023 0.0000003682 0.0000004575 0.0000004948 0.0000004491 0.0000003415 0.0000002196 0.0000001235 0.0000000647 0.0000000348 0.0000000202 0.0000000122 0.0000000073 0.0000000043
0.0000002592 0.0000006392 0.0000012263 0.0000018253 0.0000020761 0.0000018254 0.0000012265 0.0000006391 0.0000002588 0.0000000889 0.0000000268 0.0000000073 0.000000002 0.0000000015 0.0000000051 0.0000000204 0.0000000725 0.0000002254 0.0000006133 0.0000014867 0.0000033958 0.0000076689 0.000017541 0.0000399678 0.0000838806 0.0001501681 0.0001118659 0.0000894536 0.0000553786 0.0000361214 0.0000159235 0.0000089815 0.0000072801 0.0000089064 0.0000182466 0.0000221222 0.0000053916 0.0000015669 0.0000006196 0.0000005444 0.0000007423 0.0000009846 0.0000010927 0.0000009956 0.0000007451 0.0000004712 0.0000002625 0.0000001385 0.0000000715 0.0000000354 0.000000016 0.0000000066 0.0000000031
0.0000003299 0.0000008001 0.0000015817 0.0000023994 0.0000027658 0.0000023987 0.00000158 0.0000007974 0.0000003262 0.0000001113 0.0000000329 0.0000000086 0.0000000022 0.0000000016 0.0000000054 0.0000000219 0.0000000785 0.0000002451 0.000000665 0.0000015977 0.0000035115 0.0000076422 0.0000171178 0.0000392956 0.0000743586 0.0000980745 0.0001360505 0.0001354561 0.0000566985 0.0000312526 0.0000186649 0.00001196 0.0000102716 0.0000110011 0.0000118319 0.0000098299 0.0000056535 0.0000017743 0.0000008679 0.0000009063 0.0000013757 0.0000018737 0.0000021122 0.0000019091 0.0000014449 0.0000009492 0.0000005935 0.000000363 0.0000002084 0.0000001032 0.0000000418 0.0000000136 0.0000000048
0.0000003869 0.0000009615 0.0000019845 0.0000032526 0.0000038008 0.0000032501 0.0000019791 0.0000009526 0.0000003745 0.000000125 0.0000000362 0.0000000093 0.0000000023 0.0000000015 0.000000005 0.0000000202 0.0000000715 0.0000002201 0.0000005881 0.0000013737 0.0000029456 0.0000061442 0.000013466 0.0000287978 0.0000544357 0.0000640802 0.0001291347 0.0000630151 0.0000473465 0.0000259811 0.0000163027 0.0000134297 0.0000112134 0.0000098452 0.0000083472 0.0000059834 0.0000035153 0.000001722 0.000001019 0.0000025029 0.0000032645 0.0000041176 0.0000032676 0.0000030613 0.0000024544 0.0000018642 0.000001396 0.0000009776 0.0000005826 0.0000002772 0.0000000984 0.0000000285 0.0000000087
0.0000004023 0.0000009721 0.0000020393 0.0000033613 0.0000042326 0.0000033544 0.0000020241 0.0000009466 0.000000366 0.0000001205 0.0000000347 0.0000000089 0.0000000022 0.0000000013 0.0000000041 0.0000000158 0.0000000545 0.0000001631 0.0000004202 0.0000009505 0.0000019538 0.0000039858 0.0000082528 0.0000164951 0.0000245755 0.0000334089 0.0000340129 0.0000320876 0.0000236163 0.0000172144 0.0000122967 0.0000102196 0.0000093539 0.0000080452 0.0000063938 0.0000044963 0.0000026413 0.000001409 0.0000010162 0.0000026397 0.0000346763 0.0000045859 0.0000040089 0.0000051609 0.0000049484 0.0000047146 0.0000031341 0.0000023245 0.0000013683 0.0000005679 0.000000186 0.00000005 0.000000014
0.0000003894 0.0000008226 0.0000016231 0.0000026412 0.0000030444 0.0000026247 0.0000015855 0.000000758 0.0000002957 0.0000000982 0.0000000285 0.0000000073 0.0000000018 0.000000001 0.0000000028 0.0000000105 0.0000000348 0.0000000993 0.0000002443 0.0000005262 0.000001057 0.0000020797 0.0000040117 0.0000067919 0.0000100146 0.0000123849 0.00001342 0.0000126273 0.0000108433 0.0000087099 0.0000071951 0.0000064049 0.0000059401 0.0000052895 0.0000042472 0.0000029859 0.0000018252 0.0000010322 0.0000008266 0.0000024608 0.0000032972 0.000004268 0.0000037393 0.0000054654 0.0000371627 0.0000071096 0.0000057984 0.0000045227 0.0000023017 0.0000009079 0.0000002815 0.0000000741 0.0000000205
