Models/Synthetic/Density/temp_raster_pop.asc
NCOLS 100
NROWS 100
XLLCORNER 3302900
YLLCORNER 3112000
CELLSIZE 4430
NODATA_VALUE NaN
[rows 69 to 91 of 100, columns 0 to 51 of 100]
14.5605725596 7.6271892603 5.7771089475 4.259549056 5.4016986171 4.8468188217 7.5921057514 11.4522713581 8.19245059 9.8488697749 8.0057061883 7.3738173426 7.3525940908 11.034638121 8.7506736329 9.9285180404 7.2073367963 4.5156689222 5.3965958008 7.5708610492 8.06775881 8.7868483986 6.4939281119 3.5598094414 3.7625132981 3.1565891138 3.4704786474 5.7273247853 7.8884211196 5.5003434319 4.9944081636 4.5807299224 4.3157487578 5.4733823231 5.3584199569 8.159765483 7.9516060112 6.3288562152 9.9291593999 8.2906500135 9.8948831479 11.047801779 11.0222539996 7.0765327346 6.230078424 5.9421361999 6.6485863036 7.0201518871 8.2334764734 6.2929491737 4.9155737825 6.4103223483
10.3218083612 9.1454768964 6.0810478753 5.2015930479 4.6689485126 4.9417480538 5.4637590288 6.1015911288 7.0885749774 8.0702204304 7.407660023 6.9660038471 9.5440872426 10.8065158554 7.5970156151 6.0809646453 7.0009873018 5.7685835142 5.3641168256 8.8771852798 10.8656617391 10.7915956002 6.7203005992 3.5498280017 2.9313688641 4.0227094243 5.0978387891 6.3210208328 5.419805462 6.1460038598 5.4429666295 6.0979138705 4.9890199826 4.2603097097 4.4612783629 6.4571520308 6.3633528923 7.0711043156 7.032448048 8.4690248339 8.7490954081 8.9980108006 8.6040293974 6.1263865285 5.4526838911 4.7833865048 6.6620564588 7.6868105278 6.4013039636 5.808008735 4.3707536465 5.761019427
4.3969642884 6.0641803404 8.9289225361 6.5336497744 4.3333132624 4.6550813967 5.4903546107 4.8534383273 8.3308754558 6.5111739308 6.7358281981 7.0795083577 7.0269922934 8.7346580371 5.1309444849 3.9953486381 5.2301817786 5.5932631472 5.9808045692 7.9535925487 12.1785326826 7.6983770218 6.2236931809 3.3922323713 5.1061626313 5.6722506711 5.4555429463 6.5014797879 5.9550923744 7.2492867763 8.3169513457 10.9152320643 6.0466730912 4.9227562481 5.9057385746 6.8312373923 6.8187210241 5.0067789366 4.7745545842 8.0340812873 12.4080802166 7.8311921469 7.2856496059 7.180121125 6.6475850726 6.0521083282 4.9644021923 5.9023023081 6.927041579 7.1601601238 4.9007632424 6.7791999664
6.2468612311 8.843755093 7.45204281 10.5395939286 4.6786783344 4.3555765981 5.581944512 4.4920797374 4.5984889566 5.1675356007 5.0700771229 5.814169914 7.6656284436 5.5217689009 4.6559975369 3.3999048855 4.3775907257 4.4297621757 4.2084298298 7.3727337694 7.8916118699 5.8296392595 5.1068923142 4.5369052 4.751822485 5.4014777161 7.6134061465 7.8256158081 6.2833743291 8.5463133464 10.0922563233 8.844392607 6.5429828651 3.7615575798 5.4618941251 7.5289208074 4.0198618695 5.711066371 5.12117778 7.1496541915 6.3809130745 11.0026047399 7.2842856881 8.5359525495 10.0792042649 6.1322948564 5.5267039815 8.7265717922 11.7118599483 8.5627738284 6.1859852978 9.7681443939
11.9201200675 12.7600458833 10.3795125014 8.2347548953 5.5535075737 4.7613480539 5.9626044381 4.1974989576 2.7055854812 3.596365195 3.1993423262 4.7048035739 7.1192954887 5.5096387058 6.6154856145 4.1828089505 2.3817591746 3.5808318689 3.9890040966 4.9010096251 4.8537467527 8.7377676764 5.3508252689 4.8235846191 3.606255699 8.199084522 6.3912463149 6.3593557895 7.1240481968 10.3563623774 9.4162634073 5.3522550676 4.2059562921 3.5633727026 4.048753302 2.9688371219 3.3304913703 2.7684451102 4.2995018792 4.6477967685 4.5450105507 7.3897078079 8.1800734334 5.5922265678 6.4486002707 8.2905509009 6.0967958219 9.5179100828 12.8240601509 9.2088937379 8.8432323838 11.6825139042
20.3438176479 12.3199619564 7.3118992888 6.3661434796 5.0419727318 4.8791264924 4.8353809307 4.5107797906 2.5883043549 2.0980500746 2.3537542433 3.5239420958 6.5929747751 7.4953763726 5.8725656588 3.5666837549 2.322192285 2.4688215219 4.067824055 5.0921331916 9.5200772692 6.5628581505 6.4751652319 3.2087805608 4.6004123303 4.4540458929 5.8655769504 6.2805914329 8.8380139615 8.2657897523 7.4861931991 5.307221222 4.1300348718 4.6759424644 3.0298495939 2.2099856901 1.8735640777 4.2760822408 4.3306822745 4.1773864371 4.0613548747 4.0928799572 5.3855912444 6.6330997205 6.2769890977 5.5210976977 5.3168177377 7.5683569367 6.2346278041 7.8715612278 6.5338753518 6.6854764072
8.8635029335 9.4948705256 5.58300265 5.2511769177 5.0706948356 5.2047341576 5.2060450359 5.5817335054 3.7149748457 3.6584059576 3.7766863064 3.6078836695 6.4845817916 7.6809535427 4.6440695545 4.8796764334 3.5407417166 4.2815307985 4.7125396836 7.6284914644 10.2600660745 11.1044298034 5.443921901 4.6227374256 4.0825342805 4.2739982671 3.3826254469 4.8237793462 7.6302193006 7.805176472 4.577694283 4.4083350582 4.9874240848 8.704997968 5.5423190951 2.5479460585 3.4091597789 3.4030492132 3.8048293393 4.6708926038 2.9864123184 2.7087366642 5.4096619429 6.2676504181 6.6992257103 5.3645841398 5.3510323563 4.0848798481 4.2119119721 5.3360032914 5.6589820668 4.8060516618
7.2573306734 6.8188321396 5.0396404615 5.3423779302 6.9233403546 6.4935065306 8.9943503011 8.0807978764 7.2108113477 6.4906192515 5.4258742582 5.9265457452 5.0883521942 5.9205872013 6.2959064396 4.4572116033 6.2513552064 5.4364868879 7.0673004848 8.1582140438 12.9150904022 9.3554731209 9.1914948467 5.6731778944 6.6862834461 3.2432779672 3.5149343889 3.99876486 6.3670915009 6.375394499 5.0549741959 5.0597466029 10.8648347062 8.6824404428 5.2724096981 4.4197868039 4.2179187476 3.8701252804 4.0652762986 2.987191241 2.3574874031 2.9910952152 4.9913356691 7.056308021 10.5585514932 7.1739747669 5.0579798203 5.7331473767 3.8529102481 5.4443138357 4.8003081533 5.3035154889
13.3279596633 6.9964034414 8.0401512587 8.1602698567 9.6014085705 7.0814728783 10.5029649721 20.7361735302 14.4646720699 8.6001724914 6.6641664223 6.8425721176 5.0978696996 4.887721839 5.0959502615 5.8851370619 5.6810447615 5.0193233032 5.6920892205 12.8328621277 7.8745391283 9.6864416376 8.3165802332 8.2604352574 4.5369393073 5.0201028671 3.4220165398 4.4245835438 4.3453311283 5.3038575313 6.8707930689 5.5089147319 7.1856003488 11.1351071839 7.0143790312 5.4522993417 4.3241298217 5.5937847756 4.387428408 2.9020234378 2.7651686335 4.6211210562 6.352370262 7.7444645555 7.4847090057 8.2289179323 5.6463299932 4.031638822 7.3145204625 5.1040168734 5.9309061726 6.88722005
4.6158363103 5.7487435446 5.284230966 4.7557048779 4.6252048676 6.7511903048 11.8910806136 18.0837127376 17.5437260166 10.6709166639 4.7472972606 4.566282676 4.3069329733 3.3077791928 3.01711749 3.7996651376 3.5234110464 4.1625507984 6.687161797 8.9286521151 7.5363967866 6.6597023937 5.5861319437 5.2092102958 6.9042697651 5.9761678047 4.1776584655 4.6946826428 7.0584243926 6.1830150144 5.8335646145 6.499605913 7.2176607761 7.1474172083 6.5264989029 5.8311604789 4.172417762 5.3822300318 5.1961740853 3.133652123 4.2680224862 4.9459890632 5.6875155121 6.7055105399 8.1702869133 7.7287801117 4.768586258 5.2625892527 5.6497212254 8.6705166774 5.1823966419 4.5033632826
2.8633927001 3.556256158 4.2584723547 4.3959053114 5.383631406 5.0329699595 9.8962082193 12.3847298653 10.4612499766 8.9127683396 5.4287289795 3.8556871769 5.8963604669 3.5213017795 3.2943016596 2.9098376886 4.4682624572 7.1414080122 6.7495877225 9.2402002825 6.8407554625 5.0970486039 4.3744504443 6.9950303002 7.7597922758 7.2006362075 3.523614215 4.6431847558 4.6030104608 9.2960578474 9.1090214808 7.7578932975 5.4542074651 7.1882183026 8.6177281708 4.713343912 5.0581794927 6.4867033781 6.091287266 5.3986148877 4.0254110834 4.0618278748 5.9404540584 8.2786328483 8.5357411259 6.0638492232 3.9141344141 3.5935701212 6.2859369845 4.9758851553 4.039509342 5.8450329337
3.4309430489 3.9873561169 4.2047961462 6.0149336418 6.3798977821 8.0539837333 5.9592116132 6.1689974922 8.1394506958 10.261163653 5.8377954551 5.0012148396 5.5670813077 5.8824865489 5.7321780638 4.1867109979 4.6146233665 6.134241509 9.3375210235 7.5391417976 7.0714850347 5.6011368285 5.3246785653 7.3904374502 13.2484797075 5.65220099 3.6087588787 2.9769615594 3.5039368772 6.1256727268 9.2178290845 7.1428339833 6.2450185233 6.7941022988 6.8924205191 5.5380672478 4.3445109934 5.1786516758 5.4700906259 4.4274921436 4.7408621233 3.504147089 4.0269403816 8.2167932174 8.3040910272 8.1014499732 4.5767233343 4.3092274028 3.2331554498 3.7876179522 4.3711935056 4.7998654525
5.6898824898 6.917142874 9.2023332617 7.5694267627 8.0062718502 6.1258364999 6.4360945525 5.136676459 9.6278027739 10.5049280104 7.581134718 4.2926837092 5.427671312 6.2783957237 7.431621777 7.1192263834 4.100065867 5.322355269 6.6167950903 5.7898744509 4.7907638671 5.657161252 7.7769485764 9.5155027501 7.8936384971 9.9446004278 5.3677734208 3.9704703143 3.1455758465 4.6778550849 9.5123203184 6.8136101653 4.3052694589 5.0579563848 5.6963439594 6.1048842726 5.0701794501 5.0358577282 4.6806376161 4.4967124566 4.7107266799 3.1954306197 3.9375895088 6.2328121876 7.7244398262 6.7484176674 6.8205657269 3.386173908 4.7753964538 3.0703902528 3.5846354171 5.9550388087
8.2316718404 8.9750190615 8.0561244929 7.4660054925 5.6179746191 5.613266471 4.1367588671 4.9174603676 6.3697329473 7.780513731 6.5303924938 6.4135787076 8.2738810098 11.4928342974 7.123705004 5.3373853885 6.3578922438 6.6592796343 5.4987381109 5.7137728742 5.0331400334 6.2064254696 8.2579415938 8.3067419291 9.7907858016 13.4485630076 10.7840543804 7.0517593915 6.2260353946 7.3344367413 7.4827654588 6.8687459408 6.4414315409 3.9840123631 5.7902222656 8.0181324641 8.2807008263 4.7386492686 4.7681288105 4.764595365 4.3515224369 3.1780471416 4.075884823 5.7695240855 9.5470010707 9.5360186781 5.6902713111 4.9576937193 3.5954009848 2.8936037029 3.1707345243 4.9018815314
4.2381175162 7.0043731971 5.3970356404 6.0454533041 4.8639941621 3.7570730285 2.9950835279 4.1443066257 5.4990500402 9.0640937778 10.2331018987 9.4915350783 12.1112476248 10.004834986 5.8749060792 4.2854140622 5.478321856 9.5222382593 7.1480067365 5.7585527336 5.986950478 6.7168546571 6.9778541913 7.6718772856 10.2256566777 13.6729004621 14.5967547695 10.2780238367 14.0550011397 8.6163718698 7.5702944576 5.866804243 6.5170276093 5.9706612831 5.816687836 8.7242209807 6.7163079764 4.9268992388 4.5629590746 4.8849841828 4.5892239202 4.5965869644 4.0640427933 7.2986770093 11.5402288444 11.6348364295 7.0818641158 4.6167587724 3.1481726934 2.23291259 4.5175069623 6.828463713
4.5576098578 5.7936982573 5.1573906694 5.5925024365 7.0588190389 4.3149259882 2.899512859 3.9475243412 6.9026301211 10.286030507 17.2102989912 20.0416443531 9.4205589912 8.1715629325 6.1008216237 4.8477507798 4.6519179201 6.4746073882 6.2545214733 5.7945924853 9.2301709778 8.1018457567 8.2762417333 12.9341405805 13.6668443061 12.3477622088 9.9477899491 13.0317304082 12.4538649588 11.6628473403 9.3860106371 9.4027801593 8.7196008085 8.29853081 7.3080370218 7.0702240541 6.7921896468 6.462390092 4.5844246628 5.7262287691 7.1660448826 5.5600558226 5.2817555903 7.9644862747 10.2038502864 12.6944611246 6.9111499983 4.9587839794 3.5984939159 2.2990181487 4.2312914471 4.393245629
6.6844592166 5.4532910522 7.5580841374 5.5317819367 6.7348426246 5.3117805187 3.6830052989 4.7265719156 7.0203375614 7.4198325477 10.9195854686 13.8741652394 8.9465700545 6.4509121243 5.7474296858 3.4902225445 3.3656802417 3.8407132914 4.5452998501 6.457875896 8.4937477811 8.4202693687 12.4289793049 16.8203492731 16.505097772 11.1514112271 8.2651138545 8.3844046523 10.264753217 9.0622918888 9.953156356 9.920839219 12.6266890395 7.6754909518 6.0962647265 8.130983365 9.4368041717 9.5848040235 7.1364457884 7.6255150113 7.4518881798 6.2331901833 9.683391143 9.4488767224 10.9091376685 12.2253724278 5.4660571957 3.3055249219 2.6425683021 3.7417678579 3.5949490225 5.0439539185
6.7466759575 9.2253170124 9.753318505 8.0558104368 4.6462294375 3.749675789 3.8605367397 4.8815112011 3.7817544485 6.3257025889 6.4622357853 7.1982716927 7.2702783511 6.8446468403 6.401331266 7.524585144 3.5769454464 4.0883986992 3.7457091035 7.1548436373 7.7455802523 7.4449183696 11.5103580751 13.7215096062 12.9750350358 8.5354173663 7.9473433452 6.6050779024 5.9316218578 5.5344566471 7.0324358985 11.1065190437 10.8815417161 7.1617192729 6.6528256049 8.1270705284 12.2228539229 10.2374381735 9.4094584126 8.4066069019 7.9959311019 7.7451169627 8.0011619672 10.4627920135 8.5324451563 5.9636387225 4.9944268661 4.3663004989 5.2187157009 3.0222800221 3.2651549861 3.4816452336
9.771148833 23.6858309549 17.2422991133 7.4051404054 5.0150385826 3.8526144168 4.1816202553 3.2093346005 4.8911363009 5.6013631062 5.2213314258 4.8310094174 8.427057419 12.028324264 10.4276148402 7.1513078375 7.7738810743 6.4251404587 8.0646955737 5.8571263439 7.977895033 7.0674043689 8.7301808151 9.6418081295 8.299809493 7.0670897124 4.9825313331 5.0950695984 4.5375832618 4.7758184683 5.6942921916 6.7034652458 12.9741333328 9.3355205637 8.3371890212 7.2036598041 6.6284102065 11.4000985768 10.76451859 8.2900123691 7.2192590568 6.5409508096 7.8954414556 8.0396491864 6.6190579609 5.5056522748 5.6428862092 4.9808620732 6.3158294485 4.1520675392 3.429491541 5.680405245
16.3062707338 11.7161036359 16.9751417034 8.7296791909 5.9369067137 5.374272277 3.6712198439 3.1487850386 3.4996764619 7.5601925079 3.5597718954 4.1673759647 5.7366095326 10.8309018045 12.8939300752 9.7751239791 10.0752712389 13.1882938147 9.8468409276 6.2105231847 6.1737359889 7.7419495311 9.1304687157 9.7976458382 5.7445617966 3.8262725208 3.2686180903 5.1615317537 4.3839205181 4.3884527189 5.2552462172 5.9721678887 6.7642543655 6.9253233888 9.62639468 6.8088642426 5.9911922667 7.1941433717 6.7929866652 7.275977667 4.6425545751 5.9342553995 7.3663674428 7.0856310066 7.2063034908 5.5351218091 5.8031656957 7.177690145 6.8983202264 4.3977149866 5.478316888 3.8679720797
7.4838768951 9.9103708291 10.4816742636 7.9769563786 5.6723474656 5.7951839368 6.6463301908 4.7923764697 4.0138602471 2.6990357437 2.9858211606 2.9001450768 6.9203477535 7.8252637951 9.0133341286 9.1478261483 7.6031292672 7.1667679639 7.5974201546 7.6046413092 5.2109555461 9.4505095397 14.110997434 11.5785815611 5.1699031371 2.5797156135 2.6521699046 4.3904580251 3.902695047 4.0304752796 3.0867757036 4.2589833209 4.0453680614 6.7536462295 8.0292189758 8.4945351409 7.3657270201 6.928632773 8.7238438029 5.2416399867 4.1185966625 4.7459383912 5.1382842101 5.0032885578 5.5257175993 6.84755567 7.0110508919 5.401941437 5.6611041868 5.634861728 3.6539118057 4.8116438643
4.4322411397 5.9672613463 6.015923389 4.8674702304 6.6322066713 6.5459406284 8.029652075 5.5154486573 4.2579534758 2.8443844675 1.9598433725 3.7976548282 4.1454748974 4.983869141 5.5458709491 4.823729689 4.8463033497 3.9138746649 4.2547293121 7.2457500038 5.4261009283 8.3592149178 13.1174061143 12.371790442 5.3677809546 3.8084425914 2.229471873 3.001615144 4.7809811085 3.3121256461 2.7561180403 2.5919650856 4.1400745251 3.9285570952 6.1094465429 6.7774878617 7.6916554694 7.6088160494 5.4952829889 5.4639700975 3.0309112551 2.7309109393 4.3453070664 4.3291016867 7.3009858508 12.0549470372 10.9228334613 6.9323002401 4.4563971351 3.766999029 6.0467355479 3.0966762863
4.0471546409 3.5325634244 4.5741000433 4.9046694098 5.5968112142 8.1630492897 9.5597909567 5.4360024854 4.2595181167 3.576346698 3.458896416 2.3196039905 2.6208028799 2.979926397 3.4611193094 4.1438492065 2.5956727549 2.6895558575 4.5879551238 5.453970841 6.7701232456 5.1592097355 6.4386776569 8.3383089551 5.444775943 3.8458028645 3.3126981057 3.8218163033 4.428266516 4.0961251777 4.9529282026 2.906717631 2.9758941306 4.2301567289 5.5516734465 8.3611327138 10.9937088456 7.7699484762 6.2298727072 2.9165808036 2.0164182889 2.5536101938 2.7406009725 4.6225172243 5.7592997789 8.7102288002 11.5278468971 8.2314336499 5.0291765642 4.6072947937 3.3064015296 3.3480410306
