Models/Synthetic/Density/temp_raster_dens.asc
NCOLS 100
NROWS 100
XLLCORNER 3302900
YLLCORNER 3112000
CELLSIZE 4430
NODATA_VALUE NaN
[rows 23 to 45 of 100, columns 0 to 51 of 100]
0.0000092701 0.0000168266 0.0002591518 0.0000125193 0.0000070165 0.0000788072 0.0000788486 0.0000047331 0.0000821152 0.0001654563 0.0000055828 0.0000023691 0.0000818338 0.0000871176 0.0000110461 0.0000155026 0.000093982 0.0002529023 0.000100074 0.0001691488 0.000015336 0.0000133466 0.0000111641 0.0000157068 0.0003378936 0.0005948511 0.0001741231 0.0000987568 0.0005066298 0.0000181273 0.0000134394 0.0001587128 0.0002454724 0.0001748473 0.0004222076 0.0000942418 0.000014257 0.0000058207 0.0000140564 0.0000133378 0.0000186156 0.0000102573 0.0000090173 0.0000077268 0.000009862 0.000086307 0.0000180134 0.0007447696 0.0000234299 0.0002515965 0.0000144575 0.0000843978
0.0001776952 0.0000147583 0.000012536 0.0002502913 0.0000066835 0.0000043862 0.0000064208 0.0000065613 0.0000097224 0.0000818707 0.000005533 0.0000024045 0.000007732 0.0001707409 0.0002430469 0.0000134006 0.000180455 0.0001724326 0.000021863 0.0000858063 0.0002534575 0.0000845238 0.00001242 0.0000200695 0.0001919317 0.0000365577 0.0002786321 0.0001805027 0.0000308427 0.0002562078 0.0000195346 0.0000174195 0.0000227425 0.0000231983 0.0000263301 0.0001746077 0.0000112226 0.0000771092 0.000009109 0.0003248689 0.0000980389 0.0001658674 0.0000078378 0.0000088009 0.0001592489 0.0000089907 0.0000213079 0.0000257752 0.0002649247 0.0000146627 0.0000099863 0.0000024799
0.0001854928 0.0001789309 0.0000156948 0.000007938 0.0000045281 0.0000003086 0.0000067311 0.0000811362 0.0000089954 0.0000057969 0.0000056686 0.0000036734 0.0000080577 0.0000132955 0.0000133072 0.0000112204 0.0000896783 0.0002507252 0.0000187405 0.0000156952 0.0000145003 0.0000157804 0.0001735221 0.0003323901 0.0000202376 0.0004171889 0.0000255889 0.0002648445 0.0001841299 0.0000942563 0.0001638819 0.000165877 0.0000103621 0.000322703 0.0000188203 0.0001703254 0.0000240958 0.0000158583 0.0000240244 0.0000179026 0.0001032956 0.0000876713 0.0000100299 0.0000851069 0.0000862767 0.0000132745 0.0000127601 0.0003426859 0.0001014699 0.0001699662 0.0000035992 0.0000002649
0.0001887333 0.0002656215 0.0001754662 0.0000037601 0.0000003131 0.0000003787 0.0000088618 0.0002554115 0.000014341 0.0000122443 0.0001678308 0.0000133131 0.0000133931 0.0002513414 0.0000069451 0.0000038276 0.000016599 0.0000201005 0.0001778537 0.0001704364 0.0000910121 0.0000272434 0.0001859988 0.0000210135 0.0000167614 0.0000847275 0.0000188548 0.0000911767 0.0002600502 0.0000176949 0.0000131834 0.0000109858 0.0000100054 0.0000101803 0.0000185809 0.0002476028 0.0000223367 0.0005831523 0.0001781242 0.0000912974 0.000175518 0.0000165779 0.0000863664 0.0000166337 0.0000147257 0.0001735961 0.0001768501 0.0000191698 0.0000931519 0.0000089946 0.0000056073 0.0000023549
0.0000183629 0.0003368219 0.0000179034 0.0000101212 0.0000098668 0.000006874 0.0000134189 0.0000918226 0.0002495258 0.0000164763 0.0001701937 0.0001765246 0.0001744843 0.0000907275 0.000009962 0.0000047648 0.0000927489 0.0004212784 0.0000287056 0.0000265128 0.000178616 0.0003302644 0.0003281566 0.0000146908 0.0000123303 0.0000112159 0.0000152158 0.0000854447 0.000012304 0.0000113819 0.0001646687 0.0000057521 0.0000046155 0.0000078997 0.0001688955 0.0000127423 0.0001867981 0.0000305382 0.0000336114 0.0002667349 0.0000953198 0.000093927 0.0001689937 0.0000157479 0.0004251103 0.0000257633 0.00002997 0.0003409703 0.0000136549 0.0000079046 0.0000799116 0.0000097541
0.0001942245 0.0000267515 0.0000211203 0.0001648035 0.000167835 0.0001722274 0.0000167813 0.0001784676 0.0000875537 0.0000132935 0.0000964332 0.000028683 0.0001831573 0.0000123944 0.0001634381 0.0000047765 0.0000092241 0.000019276 0.0005893053 0.0001677558 0.0000188396 0.0000208403 0.000020597 0.0001688819 0.0000101782 0.0003245273 0.0000874383 0.0000069433 0.0000078939 0.0001677342 0.0000100387 0.0000088292 0.0000787774 0.0000840616 0.0000154781 0.0000201699 0.0000379106 0.0006049898 0.000198015 0.0000278833 0.0003364959 0.0000164857 0.0000091944 0.0001744261 0.0000170037 0.0001803453 0.0005123537 0.0002700763 0.0000200673 0.0000080778 0.0001667563 0.0000132385
0.0002703462 0.0005810107 0.000016881 0.0000123088 0.0000134431 0.0000198218 0.0004156648 0.0000175811 0.0000080716 0.0000068749 0.0000159329 0.0007458281 0.0000234372 0.0000134445 0.0000088946 0.0000088939 0.0000090849 0.0000169628 0.0000222226 0.0001026481 0.0000177133 0.000083633 0.0000123239 0.0000039218 0.0000100713 0.0000154833 0.0000207275 0.0000886284 0.0000091404 0.0000113431 0.000168951 0.0000100365 0.000007733 0.0000099133 0.0000897829 0.0004129217 0.0001926988 0.0007671732 0.0002775215 0.0001887096 0.000088951 0.0000111371 0.0000058692 0.000011018 0.0001700239 0.0000180336 0.0000267701 0.0003410276 0.0000973923 0.0000156514 0.0000177661 0.0001732672
0.0000995317 0.0000210084 0.000089746 0.0000122434 0.000167999 0.0000208694 0.0000877612 0.000017356 0.0000789197 0.0000088948 0.0000178717 0.0000211554 0.000178762 0.000165788 0.0000069149 0.0000863353 0.0001731495 0.0001755106 0.0000147652 0.0001713366 0.0000175924 0.000326628 0.0000142391 0.0000071387 0.0000091023 0.0000105209 0.0003350735 0.00017545 0.0000178872 0.0000180427 0.0002590305 0.0000111683 0.0000036238 0.0001634675 0.000022081 0.0000268927 0.0000434553 0.0000423946 0.0004407849 0.000099514 0.0000122225 0.0000066452 0.0000787253 0.0000077481 0.0000852601 0.0000133315 0.0000177093 0.0001723836 0.0000189693 0.0003292563 0.000179088 0.0000986216
0.0000069721 0.0000089916 0.0000047999 0.0000862611 0.0002513333 0.0000132762 0.0001636773 0.0000098711 0.0000789725 0.0000089529 0.0002461965 0.0000081722 0.0000080444 0.0000913919 0.0000068394 0.0000122125 0.0003308576 0.0000189545 0.0002558384 0.000089808 0.000090653 0.0000113972 0.0000187009 0.0002475312 0.0001030366 0.0000886868 0.0000195922 0.0002495923 0.0000200269 0.0004272548 0.0001745495 0.0000080264 0.0000034857 0.0000037172 0.0000181123 0.0005072543 0.0002717115 0.0003506849 0.0000945693 0.0000888367 0.0000068836 0.0000787643 0.0000044966 0.000005719 0.0000090567 0.0002430954 0.0000885465 0.0000093157 0.0000230273 0.0000253186 0.0001151877 0.0003416401
0.0001653902 0.0000066386 0.0000046188 0.0000088734 0.0000070421 0.0000112202 0.0000071127 0.0000164099 0.0000102825 0.0000175599 0.0000122298 0.000012075 0.0000056283 0.0000015383 0.0000090487 0.000014429 0.0000145084 0.0000144892 0.0000968733 0.0000175098 0.0000894221 0.0000102201 0.0000196456 0.000333197 0.0000958861 0.0000823806 0.0000099733 0.0000081448 0.0000950472 0.0000951893 0.0000187663 0.0000058559 0.0000024538 0.0000026725 0.0000212592 0.0003536594 0.000266251 0.000018065 0.0000135897 0.0000112105 0.0000110973 0.000008958 0.0000057841 0.0000092538 0.0000991397 0.0000177714 0.0000153771 0.00016369 0.0000135388 0.0004888647 0.000169531 0.0000127157
0.0000045738 0.000006627 0.0000788629 0.00001212 0.0000102933 0.0000175938 0.0001680405 0.0000196683 0.0004092081 0.0000154882 0.0001698883 0.0001604663 0.0000067229 0.000000599 0.0000100326 0.0004089814 0.0000101124 0.0000038055 0.0000811711 0.0001668407 0.0000111953 0.0002400284 0.0000175854 0.0000888216 0.0000195225 0.0000079566 0.0000056873 0.0000081198 0.0000144495 0.0001701953 0.0000904939 0.0000099875 0.0000078073 0.0000853723 0.000021244 0.0002626485 0.0000162731 0.0000106504 0.0000127211 0.0001745993 0.0001745488 0.0000156951 0.0001710987 0.0000166945 0.0002579598 0.0002559373 0.0000123137 0.0000059317 0.0000153169 0.00001443 0.0000197499 0.0000113285
0.0000035825 0.0000078011 0.0000101929 0.0000907843 0.0004116165 0.0000200078 0.0003259365 0.0000197571 0.0000846005 0.0000155863 0.0000897465 0.000092954 0.0000176464 0.0000114572 0.0000175602 0.0000875082 0.0000100623 0.0000046491 0.0000109769 0.000012314 0.0000188842 0.0000127946 0.0000198829 0.0001671436 0.0000123676 0.0001635915 0.0000056994 0.000008001 0.0003349125 0.0000177093 0.000246237 0.0000844057 0.0000101647 0.0001742762 0.0002550422 0.0000323621 0.0000291199 0.0000268671 0.0002622179 0.0002612729 0.0001035496 0.0002568975 0.0001732164 0.0000949868 0.0000950579 0.0000961135 0.0000143502 0.0000821566 0.0000090438 0.0000092448 0.0000146533 0.0003329886
0.000005934 0.0001732454 0.0000944138 0.0000349181 0.0001041317 0.0000315937 0.0000157454 0.0000151428 0.0000089231 0.0000122366 0.0000276733 0.0001867401 0.0001899536 0.000257276 0.0001723877 0.000011578 0.0000114825 0.0000134903 0.0000854584 0.0001722717 0.0001046562 0.0003427999 0.0000243457 0.0001747134 0.000021928 0.0000112027 0.0000819709 0.0000111236 0.0000092968 0.0000189036 0.0000197269 0.0000197196 0.0000154254 0.0000930896 0.0001809267 0.0001087214 0.0010010171 0.0002589681 0.0000180823 0.0001735244 0.000015683 0.0000113204 0.000012188 0.0000873522 0.0001698167 0.0000132776 0.0002461709 0.0000123048 0.0000134116 0.0003246322 0.000097497 0.0000267625
0.0000974705 0.000026564 0.0004204251 0.0002709314 0.0004143486 0.0002633064 0.0000837265 0.0000810264 0.0000810299 0.0000855885 0.0001846242 0.0008427491 0.0000379189 0.0002647659 0.0000210383 0.0000199565 0.0003477128 0.0001764747 0.0000929714 0.0000210368 0.0002595484 0.0002523778 0.0000278146 0.00033782 0.0001850188 0.0000876065 0.0000079505 0.0000112262 0.0001670524 0.0000138625 0.0002558529 0.00032274 0.0000143923 0.0000126017 0.0002559999 0.0001096707 0.0000332792 0.0000289291 0.0000145066 0.0000112183 0.0000852456 0.0000026359 0.0000025009 0.000005642 0.0000057366 0.000008942 0.0000102137 0.0002535149 0.0000199106 0.0000178182 0.0000244626 0.0005070426
0.0004410593 0.0001846532 0.0000206678 0.0000318449 0.0001772017 0.0000270816 0.0000144694 0.000011836 0.0000067362 0.0000133104 0.0001876867 0.0000389095 0.0004335573 0.0000163416 0.0000139056 0.0004066347 0.0000974506 0.0001744871 0.000013519 0.0002558367 0.00010704 0.0000288813 0.0000341053 0.000336681 0.0001004136 0.0001731013 0.0000079854 0.0000133249 0.0003415505 0.0000244899 0.0000232 0.0000938782 0.0000883735 0.0000154995 0.0000157621 0.0000234302 0.0003315678 0.0000140623 0.0000095699 0.0002443416 0.0000143018 0.0000088992 0.0000023849 0.0000023272 0.0000024082 0.0000067229 0.0000091906 0.0000177697 0.0000943026 0.0003389661 0.0000238807 0.0000302276
0.0003616484 0.0000236809 0.0000162464 0.0002635183 0.0000935787 0.0000157122 0.0002401433 0.000007932 0.0000047587 0.00001235 0.0000932824 0.0002691159 0.0001802172 0.0000204683 0.0000274357 0.0000254249 0.0000239467 0.000005998 0.000008022 0.000009299 0.0000244657 0.000818147 0.0000257293 0.0000148538 0.0000938624 0.0000121117 0.0000820697 0.0000122261 0.0000932879 0.0003501947 0.000175812 0.0000113306 0.00000691 0.0000853129 0.000324732 0.0000222719 0.0001865121 0.0001918812 0.0000277759 0.0000235282 0.0002609925 0.0000854779 0.00000566 0.0000055943 0.0000798241 0.0000068031 0.0002460977 0.0000134733 0.0003385357 0.000030961 0.0005142221 0.000015022
0.0001767672 0.0000128322 0.0001791173 0.0002710014 0.0001844261 0.0000243167 0.0000190686 0.0000930333 0.000005967 0.0000833423 0.0002588828 0.0000965774 0.0000321823 0.0001786862 0.0002744202 0.0004901628 0.0000146229 0.0000048824 0.0000046445 0.0000047447 0.0000983267 0.0000244866 0.0000254124 0.0001658679 0.000009926 0.0000808864 0.0000046157 0.0000068081 0.0000920926 0.000184008 0.0001798656 0.0000110551 0.000004603 0.0000108596 0.0000143667 0.0000231865 0.0002649851 0.0005096679 0.0003570234 0.0001824962 0.0002590197 0.0000114489 0.0000102105 0.0001679438 0.0000122293 0.0000132707 0.0000111849 0.0000155552 0.000014653 0.000421222 0.0000193908 0.0000215782
0.0000091344 0.0000124346 0.0000201772 0.0005057012 0.0001779533 0.000017133 0.0005872287 0.0001080401 0.0000167138 0.0000103219 0.0000176151 0.000093383 0.000188731 0.0007599091 0.0001072441 0.0000168238 0.0000143295 0.0002458941 0.0000046118 0.0000046629 0.0000888439 0.0002581604 0.0000179402 0.0000822381 0.0000077563 0.0000026189 0.0000076941 0.000007885 0.0000154742 0.000256785 0.0000877354 0.0000079203 0.0000767589 0.0000025864 0.0000060546 0.0002498534 0.0001083428 0.000195371 0.000189987 0.0001782118 0.0000147805 0.0000104822 0.0000231099 0.0002613651 0.0000232658 0.000084725 0.0002513791 0.0000049193 0.0000080084 0.000008132 0.0000159333 0.0001889205
0.0000927847 0.0001700543 0.0000145183 0.0000124672 0.0000124062 0.0000136972 0.0000236733 0.0004301372 0.000179215 0.0000105894 0.0000113885 0.0003321375 0.0000319725 0.0000256902 0.0000201172 0.000002834 0.0000091059 0.0000091046 0.0000089865 0.0000038059 0.0000211156 0.0003480029 0.0000962358 0.0000068202 0.0000108832 0.000009057 0.000012224 0.0002379525 0.0000134186 0.0000103039 0.0000144606 0.0000143785 0.0000121993 0.0000078793 0.0000132316 0.0000199985 0.0002677886 0.0001813467 0.0000246922 0.0000256228 0.0000191276 0.0001714873 0.0001018806 0.0005030119 0.000033055 0.0001799051 0.0000166483 0.0000111452 0.0000004465 0.0000059639 0.0000170487 0.0002779504
0.0002665912 0.0000865214 0.0000058314 0.0000036831 0.0000036179 0.0000038534 0.0000224051 0.0002713227 0.000276407 0.000018926 0.0000918638 0.0000178774 0.0000921146 0.000243285 0.0000058527 0.0000025479 0.0000110919 0.0002524056 0.0000123359 0.0000071904 0.0001036987 0.0004181072 0.0000158802 0.0000048922 0.0000832202 0.0003277665 0.0000250593 0.0000188812 0.0000186167 0.0001647752 0.0000112726 0.0002546667 0.0003348892 0.0000059695 0.0000081251 0.0004115285 0.0000215135 0.0000205085 0.0003359033 0.0002626762 0.0004203259 0.0000192337 0.0000267139 0.0004265578 0.0002638792 0.0000244085 0.0003322188 0.0000121928 0.0000026228 0.0000100535 0.0003405608 0.0001867984
0.0000090725 0.0000144769 0.0000100788 0.000009065 0.0001632526 0.0000057994 0.0000168526 0.0005852354 0.0000246335 0.0002476392 0.0001710918 0.0000186166 0.0001762018 0.0000162204 0.0000056565 0.0000025316 0.0000897181 0.0002568569 0.0000168049 0.0001701612 0.0001061949 0.0000290237 0.0000224492 0.0000103194 0.0000164964 0.0000179313 0.0001809543 0.0004921724 0.0000189189 0.0000092327 0.0001688764 0.0000133664 0.0000101313 0.0000078281 0.0000100808 0.0000155742 0.000022397 0.000345947 0.000023702 0.0000341661 0.0001073651 0.0001887113 0.0000194813 0.0000233797 0.0000953059 0.0001806213 0.0001733206 0.0000174231 0.0000821741 0.000013432 0.0000910265 0.0000222624
0.0000057726 0.0000855226 0.0003391267 0.0000123726 0.0000088631 0.0000842679 0.0000167439 0.000014893 0.0000177135 0.0000112156 0.0000132907 0.0000887367 0.000243298 0.0000091408 0.0000006543 0.0000088859 0.0000176583 0.0002589154 0.0000146666 0.0000135226 0.0002574702 0.0007576719 0.0000239008 0.0000914236 0.0003373413 0.0000116633 0.0000220318 0.0001849984 0.0000993542 0.0000143607 0.0000089104 0.000005557 0.0000003559 0.0000043779 0.00007894 0.0000208245 0.0002575179 0.0001833325 0.0000217592 0.000182545 0.0005064004 0.0001031997 0.0003418578 0.0000125537 0.0000823284 0.0000111262 0.000009137 0.0000852992 0.0001754083 0.000017903 0.0000192336 0.0002488226
0.0000078385 0.0001730577 0.0000185854 0.0001689893 0.0000058392 0.0000113169 0.0002545266 0.0000114003 0.0000067658 0.0000789328 0.0000100039 0.0000198218 0.0000199443 0.0000208534 0.0000071408 0.0000132993 0.0003267774 0.0000157278 0.0000146544 0.0000897981 0.0000253827 0.0000247534 0.0002787183 0.0002702217 0.000027652 0.0000116529 0.0000867004 0.0001723241 0.0001733518 0.0001688347 0.0000799162 0.0000023658 0.0000003651 0.0000044353 0.0000790085 0.0000207955 0.000580943 0.0000244445 0.0000204426 0.0005069022 0.0000340484 0.0001917339 0.0000996506 0.0000178761 0.0000058503 0.0000045231 0.0000045303 0.0000078265 0.0000156565 0.0005839166 0.0000277065 0.0001088874
