Models/Synthetic/Density/temp_raster_dens.asc
NCOLS 101
NROWS 101
XLLCORNER 3302900
YLLCORNER 3112000
CELLSIZE 4386.138614
NODATA_VALUE NaN
[rows 46 to 68 of 101, columns 0 to 51 of 101]
0.0000290779 0.0000340048 0.0000423649 0.0000541809 0.0000701472 0.0000904098 0.0001064887 0.0001192003 0.0001314545 0.0001435002 0.0001537996 0.0001569536 0.0001481751 0.0001236033 0.0001091538 0.0000980589 0.0001016431 0.0000886216 0.000089515 0.000095051 0.0001110275 0.0001270039 0.0001298801 0.0001468108 0.000165665 0.0001735405 0.0001705667 0.0001794247 0.000164178 0.0001466865 0.0001335353 0.0001188845 0.0000964513 0.0000781484 0.0000639305 0.0000596713 0.0000561825 0.0000391175 0.0000365865 0.0000365614 0.0000351532 0.0000343845 0.0000335948 0.0000341923 0.0000345888 0.0000348999 0.000034799 0.0000349439 0.0000346298 0.0000341259 0.0000334405 0.000033002
0.0000233135 0.0000268955 0.0000335654 0.0000428333 0.0000552731 0.0000695677 0.0000857209 0.0000943495 0.0001047214 0.0001148381 0.0001225616 0.0001194959 0.0001113385 0.000099665 0.0000918309 0.0000810803 0.0000756021 0.000075034 0.0000775468 0.0000861586 0.0001033307 0.0001174837 0.0001282472 0.0001407653 0.00015737 0.0001765119 0.0001719023 0.0001623947 0.0001532889 0.0001441644 0.0001270635 0.0001127144 0.0000896067 0.0000717196 0.0000586758 0.0000531285 0.0000422231 0.0000377001 0.0000366631 0.0000378582 0.0000432449 0.0000384837 0.000037585 0.0000380158 0.000042706 0.0000406845 0.0000420238 0.0000417817 0.000039042 0.0000360971 0.0000349612 0.0000344819
0.0000185224 0.0000302473 0.0000263391 0.0000337932 0.0000428 0.0000533866 0.0000649557 0.0000725705 0.000081312 0.0000904368 0.0000927762 0.0000939024 0.0000896706 0.0000822614 0.0000774559 0.0000698519 0.0000674366 0.0000688497 0.0000736395 0.0000818241 0.0000958254 0.0001080729 0.0001214406 0.0001473164 0.0001565686 0.0001553408 0.0001575357 0.0001535859 0.0001477046 0.0001365166 0.0001298992 0.0001044813 0.0000905732 0.00006651 0.0000543752 0.0000453155 0.0000403815 0.0000379691 0.0000386543 0.0000420768 0.0000474544 0.0000458247 0.0000428011 0.0000430345 0.0000439067 0.0000463351 0.0000527018 0.0000542037 0.0000424891 0.0000386553 0.0000373046 0.0000373709
0.0000148664 0.000016866 0.000020676 0.000026181 0.0000348824 0.0000400055 0.0000466874 0.0000540528 0.0000717752 0.0000667047 0.0000721148 0.0000739951 0.0000754685 0.0000707728 0.0000669059 0.0000653755 0.000067307 0.0000776248 0.0000763792 0.0000827439 0.0000915978 0.0001081329 0.0001174181 0.0001278044 0.0001383368 0.0001429141 0.0001483094 0.0001541836 0.0001353449 0.0001230227 0.0001085457 0.0000945793 0.0000757406 0.0000643122 0.0000505931 0.000043299 0.0000394352 0.000039347 0.0000423584 0.0000461568 0.0000462079 0.0000572176 0.0000484063 0.0000484391 0.0000490234 0.0000508317 0.0000540944 0.0000494542 0.000045062 0.0000412621 0.0000402125 0.0000411172
0.0000120446 0.000013488 0.0000161385 0.0000203536 0.0000248868 0.0000297661 0.0000344496 0.0000398521 0.0000449987 0.0000500935 0.0000552396 0.0000679495 0.0000698006 0.000064247 0.0000645867 0.000072495 0.0000724716 0.0000928442 0.0000859514 0.0000873056 0.0000931388 0.0001000083 0.0001093054 0.000126738 0.0001329344 0.0001302532 0.0001328889 0.00013079 0.0001222929 0.0001117319 0.0000958925 0.0000809552 0.0000684749 0.000057009 0.0000595577 0.0000422828 0.0000477513 0.0000398861 0.000042084 0.0000454305 0.0000491393 0.0000519412 0.0000541003 0.000054972 0.0000555731 0.0000552125 0.0000532995 0.0000499696 0.0000464321 0.0000441567 0.0000438649 0.0000462779
0.0000106894 0.0000116816 0.0000134189 0.0000158405 0.000018881 0.0000223604 0.0000262816 0.0000303417 0.0000346576 0.0000397566 0.0000461426 0.00005408 0.0000593905 0.000062539 0.000067654 0.0000818285 0.0000817476 0.0000899096 0.000098738 0.0000947307 0.0000964247 0.0001012443 0.0001043616 0.000108763 0.000112998 0.0001148797 0.0001151634 0.0001122726 0.0001062976 0.0001005132 0.0000834292 0.0000711766 0.000062982 0.00005279 0.0000469283 0.0000433847 0.0000412281 0.0000408859 0.0000433082 0.0000479481 0.000053599 0.000057474 0.0000601524 0.0000725743 0.0000622504 0.0000673875 0.0000569423 0.0000533193 0.0000495915 0.0000480711 0.0000487784 0.0000524034
0.0000103991 0.0000110618 0.0000120864 0.0000135351 0.0000154725 0.0000179909 0.0000211095 0.0000247811 0.0000288705 0.0000348977 0.0000438078 0.0000498873 0.0000566859 0.000065049 0.0000749522 0.000085572 0.0000967091 0.0001025718 0.0001059029 0.0001064486 0.0001054677 0.000104947 0.0001021909 0.0001015778 0.0001037179 0.0001013852 0.0000995243 0.0000970737 0.0000911176 0.0000825157 0.0000728658 0.0000631935 0.0000556123 0.000049831 0.0000464606 0.0000492333 0.0000426943 0.0000428357 0.0000465712 0.0000521802 0.0000587445 0.0000746261 0.000067288 0.0000676542 0.0000669279 0.0000644628 0.0000654455 0.0000571776 0.0000539165 0.0000535964 0.0000561356 0.0000615193
0.000011179 0.000011586 0.0000120847 0.0000128123 0.0000139432 0.0000156767 0.0000182153 0.0000215538 0.0000261059 0.0000333329 0.0000442983 0.0000502641 0.0000597624 0.0000720237 0.0000859906 0.000100993 0.0001225379 0.0001213417 0.0001232526 0.0001362561 0.0001187474 0.0001120034 0.0001048729 0.0001001594 0.0000971718 0.0000927215 0.0000886555 0.0000840775 0.0000787313 0.0000725754 0.000064082 0.0000568348 0.0000512462 0.0000475011 0.0000458211 0.0000457571 0.000044265 0.0000451107 0.000050252 0.0000566134 0.0000629559 0.0000719866 0.0000727747 0.0000765528 0.0000709817 0.0000680964 0.0000642071 0.0000608789 0.0000595162 0.000058925 0.0000693294 0.0000726358
0.0000131592 0.000013336 0.0000133593 0.0000134146 0.0000138288 0.0000148904 0.0000169547 0.0000207745 0.0000258564 0.0000339046 0.0000445734 0.0000537656 0.0000666616 0.0000821695 0.0000993881 0.0001164661 0.000132694 0.0001417634 0.0001488696 0.0001535248 0.0001440194 0.0001229812 0.0001119834 0.000102161 0.0000950488 0.0000887296 0.0000823779 0.0000766232 0.0000705762 0.000065233 0.0000592066 0.0000535647 0.0000486026 0.0000456296 0.0000442274 0.000043825 0.0000447185 0.0000464939 0.0000508286 0.000057932 0.0000648619 0.0000719657 0.0000758836 0.0000762256 0.0000752163 0.0000705388 0.0000666991 0.0000636432 0.0000621976 0.0000643601 0.0000701456 0.0000810847
0.0000163589 0.000016733 0.0000162524 0.0000156322 0.0000148713 0.0000153291 0.0000170168 0.0000211487 0.0000442464 0.0000347767 0.0000467517 0.0000593207 0.0000751786 0.0001040095 0.0001111076 0.0001300231 0.0001485179 0.0001678977 0.0001747091 0.0001688732 0.000156584 0.0001405278 0.0001216718 0.0001076595 0.0000974143 0.0000888262 0.0000824535 0.0000735298 0.0000667121 0.0000611607 0.0000613902 0.0000518321 0.0000475207 0.0000444737 0.0000431729 0.0000432399 0.0000446086 0.0000464768 0.0000503868 0.0000561792 0.0000735937 0.0000707194 0.0000810349 0.0000811074 0.0000744361 0.0000713227 0.0000685409 0.0000664486 0.0000660712 0.0000692597 0.0000780616 0.0000913804
0.0000205781 0.0000206784 0.0000236097 0.0000184172 0.0000169896 0.0000168797 0.0000181384 0.0000219782 0.0000291684 0.0000354085 0.0000466521 0.0000754752 0.0000897257 0.0001017776 0.0001196757 0.0001523382 0.0001621637 0.000178542 0.0001889837 0.0001786214 0.0001733098 0.0001604018 0.0001329439 0.0001171657 0.0001040886 0.0001010217 0.0000840551 0.0000752636 0.0000668878 0.0000609815 0.000055663 0.0000547824 0.0000467328 0.0000438483 0.0000426103 0.0000428092 0.0000437841 0.0000468224 0.0000499093 0.0000550213 0.0000602227 0.0000670463 0.000072298 0.0000728505 0.0000716385 0.0000710407 0.000071016 0.0000705039 0.0000713584 0.0000755835 0.0000858773 0.0001087027
0.0000256856 0.0000254931 0.0000241907 0.0000223175 0.0000202749 0.000019537 0.0000206093 0.0000233193 0.0000279799 0.0000353356 0.000047264 0.0000638106 0.0000903437 0.0001026585 0.0001245868 0.0001470904 0.0001706344 0.000207484 0.0001960007 0.0001904309 0.0001778794 0.0001641235 0.0001467068 0.0001296041 0.0001201815 0.0001020953 0.0000917882 0.0000817974 0.0000717393 0.0000626039 0.000058516 0.0000504562 0.0000462976 0.0000434681 0.0000416511 0.00004146 0.000044053 0.0000449231 0.0000544238 0.0000519371 0.0000566477 0.0000626763 0.0000672736 0.0000689049 0.0000688634 0.0000697417 0.0000757639 0.0000794131 0.0000767048 0.0000827497 0.0000958348 0.0001108025
0.0000314307 0.0000314674 0.0000296904 0.0000274438 0.0000252192 0.0000236426 0.0000237409 0.0000284186 0.0000290336 0.0000359347 0.0000475843 0.0000635074 0.000082047 0.0001028738 0.0001257465 0.0001504403 0.0001756793 0.0002195956 0.0002177711 0.0001981436 0.0001951106 0.000174123 0.0001794739 0.0001612774 0.000125768 0.00011231 0.0001063038 0.0000932435 0.000079249 0.0000674672 0.000057863 0.0000511506 0.000045811 0.0000423533 0.0000402186 0.0000395077 0.0000397686 0.0000420883 0.0000443884 0.0000481122 0.0000522137 0.0000593448 0.000065452 0.0000713089 0.0000659281 0.0000681745 0.0000723425 0.0000812373 0.0000808498 0.0000888282 0.0000952536 0.0001140138
0.0000402621 0.0000400355 0.0000380858 0.0000354612 0.000032573 0.0000296827 0.0000281785 0.0000288389 0.0000315597 0.0000374395 0.0000477346 0.000064293 0.0000899045 0.0001022324 0.0001267459 0.000160286 0.0001761758 0.0002124405 0.0002064033 0.0001979815 0.0001936115 0.0001821601 0.0001701416 0.0001658725 0.0001393795 0.0001254818 0.0001138519 0.0001013294 0.0000906967 0.0000722075 0.0000613555 0.0000532639 0.0000467672 0.0000418901 0.0000384801 0.0000369464 0.0000366856 0.0000375596 0.0000397604 0.0000431182 0.000047686 0.000052793 0.0000574093 0.0000604435 0.0000633763 0.0000663348 0.0000710654 0.0000749746 0.0000796721 0.0000856922 0.0000964985 0.0001215421
0.0000620922 0.0000522248 0.0000497566 0.0000469273 0.0000428692 0.0000382465 0.000033507 0.0000320841 0.0000376331 0.0000376186 0.0000461628 0.000059928 0.0000775825 0.0001111452 0.0001263326 0.0001566614 0.0001742664 0.0001859457 0.0001941444 0.0001895599 0.0001864941 0.000196241 0.0001865247 0.0001758866 0.0001557658 0.0001384222 0.0001247509 0.0001236472 0.0000931866 0.0000764004 0.0000645029 0.0000555489 0.0000524574 0.0000410942 0.0000368588 0.0000347948 0.0000338767 0.0000343148 0.0000361642 0.0000393098 0.0000437998 0.0000479421 0.0000519831 0.0000553827 0.0000598358 0.000066917 0.0000688123 0.0000791908 0.0000779164 0.0000940291 0.0000938538 0.0001093798
0.0000708894 0.0000701724 0.0000667443 0.0000611981 0.000057227 0.0000480327 0.0000408174 0.0000364088 0.0000349138 0.0000371112 0.0000429801 0.0000548263 0.000071543 0.0000899506 0.0001161291 0.0001506374 0.0001508142 0.0001659054 0.0001821812 0.0001910996 0.0001809659 0.0001974829 0.0001800223 0.0001796153 0.0001785181 0.0001538916 0.0001338819 0.0001172272 0.0000978385 0.0000832205 0.0000665494 0.000055483 0.0000468881 0.0000404308 0.0000353304 0.0000326188 0.0000312394 0.0000313807 0.000033456 0.0000363849 0.0000405362 0.0000488152 0.0000481001 0.0000518002 0.0000564432 0.0000728932 0.0000659814 0.0000701282 0.0000795599 0.0000873332 0.0000913201 0.000102881
0.0000943525 0.0000994971 0.0000864279 0.0000788686 0.000069232 0.0000616205 0.0000489567 0.0000409358 0.0000367844 0.0000360686 0.0000398673 0.0000484 0.0000616537 0.000078553 0.0000976369 0.0001147426 0.0001343052 0.0001573035 0.0001601068 0.0001687997 0.0001889225 0.0001788467 0.0001913287 0.0001827305 0.000178124 0.0001611379 0.0001380851 0.000118548 0.0001009496 0.0000884284 0.0000676655 0.0000547497 0.0000465839 0.0000383857 0.0000338619 0.000030368 0.0000287487 0.000028746 0.0000306152 0.0000400752 0.0000372165 0.0000410131 0.0000448581 0.0000483573 0.00005215 0.0000571903 0.0000619008 0.0000671099 0.0000713367 0.000078402 0.0000850944 0.0000969159
0.0001273493 0.000117453 0.000109108 0.0000973053 0.0000846321 0.0000796763 0.0000573398 0.000047461 0.0000402098 0.0000368121 0.0000373523 0.0000428733 0.0000532519 0.0000699036 0.0000896777 0.0000974317 0.0001133254 0.0001520511 0.0001463216 0.0001577137 0.0001718388 0.0001732439 0.0001781204 0.0001834096 0.000178699 0.0001594983 0.0001401182 0.0001234171 0.000111294 0.0000854585 0.0000682519 0.0000638116 0.0000434207 0.0000362641 0.0000312557 0.0000282555 0.0000266674 0.0000266344 0.0000283171 0.0000305872 0.0000336148 0.0000372118 0.0000447925 0.0000438981 0.0000588911 0.0000523252 0.0000607301 0.0000624753 0.0000670495 0.0000720869 0.0000862606 0.0000884096
0.0001548647 0.0001441631 0.0001315921 0.0001186853 0.0001036891 0.0000829326 0.0000658224 0.0000530844 0.0000538492 0.0000379826 0.0000363347 0.000039657 0.0000472051 0.0000579292 0.0000737381 0.0000817812 0.0000959533 0.0001123491 0.0001397481 0.0001445049 0.0001549567 0.0001643173 0.0001700204 0.0001700881 0.0001770034 0.0001603622 0.0001389191 0.0001298308 0.000100725 0.0000822344 0.0000685236 0.0000522251 0.0000411159 0.0000337072 0.0000290727 0.0000263734 0.0000252209 0.0000252974 0.000026511 0.0000288396 0.0000311941 0.000034054 0.0000363362 0.0000395431 0.0000429956 0.000047495 0.0000523737 0.0000752682 0.0000621125 0.0000680082 0.000071128 0.0000781831
0.0001818966 0.0001728952 0.0001540721 0.0001371901 0.0001260191 0.0000945257 0.0000744851 0.0000600242 0.0000477459 0.000040361 0.0000360581 0.0000378341 0.0000449844 0.0000490292 0.0000578975 0.0000688217 0.000081417 0.0000962224 0.0001112686 0.0001268488 0.0001430825 0.0001514651 0.0001547405 0.0001658617 0.0001520953 0.0001495363 0.0001289248 0.0001104721 0.0001117733 0.0000763772 0.0000678309 0.0000492031 0.0000386659 0.0000316877 0.000027352 0.0000250967 0.0000245138 0.0000248205 0.0000259659 0.0000281753 0.0000341452 0.0000311696 0.0000329788 0.0000357076 0.0000390578 0.0000508947 0.000046601 0.0000507883 0.0000566531 0.0000596694 0.0000625004 0.0000672877
0.0002160899 0.000194442 0.0001733544 0.0001501878 0.0001249754 0.0001025389 0.0000867519 0.0000643364 0.0000538912 0.0000414952 0.0000369436 0.0000351762 0.0000368949 0.0000421576 0.0000492612 0.0000585767 0.0000696539 0.0000822819 0.0000950224 0.0001093282 0.0001252991 0.0001330709 0.0001370855 0.0001372189 0.0001353905 0.0001286989 0.000118669 0.0001049964 0.0000842784 0.0000701271 0.0000573606 0.0000458348 0.0000365007 0.0000298407 0.0000260307 0.0000242931 0.0000241042 0.0000251892 0.0000257633 0.0000274106 0.0000288321 0.000030462 0.0000324105 0.0000348841 0.0000377972 0.0000395678 0.0000419112 0.0000446438 0.0000477008 0.0000508218 0.0000540277 0.0000595803
0.0002252911 0.0002087236 0.0001844221 0.0001564183 0.000129539 0.0001080412 0.0000954023 0.0000673807 0.0000513228 0.0000418202 0.0000436978 0.0000325028 0.0000328343 0.0000360822 0.0000419287 0.0000611356 0.0000587917 0.0000711555 0.0000919152 0.0000917061 0.0001035021 0.0001199982 0.0001182289 0.0001175059 0.0001154926 0.000115067 0.0001041162 0.0000893135 0.0000805527 0.0000635528 0.0000514927 0.0000495989 0.0000339289 0.0000281938 0.0000251181 0.000023897 0.0000240975 0.0000248379 0.0000260171 0.0000274265 0.0000294208 0.0000314959 0.0000343643 0.0000376601 0.0000381008 0.0000461473 0.0000386423 0.0000394724 0.0000411117 0.0000437367 0.0000502283 0.0000530769
0.0002407239 0.0002190633 0.0001943187 0.0001577139 0.0001411666 0.0001086823 0.0000921407 0.0000658302 0.0000504434 0.0000404459 0.0000339423 0.0000306083 0.0000299362 0.0000328352 0.0000357034 0.0000412555 0.000053699 0.0000566736 0.0000656926 0.0000759159 0.0000841119 0.0000921504 0.0000967508 0.0001030248 0.0000971348 0.0000938098 0.0000880414 0.0000804924 0.0000669682 0.0000559806 0.0000466496 0.0000383004 0.0000319413 0.0000271063 0.0000248732 0.0000242891 0.0000247322 0.0000258521 0.0000274393 0.000029609 0.0000323947 0.0000357959 0.0000378771 0.0000415718 0.0000400417 0.0000387934 0.0000378547 0.0000370233 0.0000373604 0.0000394155 0.0000428863 0.0000486085
