Models/Synthetic/Density/temp_raster_pop.asc
NCOLS 100
NROWS 100
XLLCORNER 3302900
YLLCORNER 3112000
CELLSIZE 4430
NODATA_VALUE NaN
[rows 23 to 45 of 100, columns 0 to 51 of 100]
8.5802524747 7.1299222802 8.7544671283 9.1197378504 5.3278888263 4.5469266961 6.009453085 6.4891607869 4.1654794052 2.962888976 2.7297023572 5.1809518065 3.469944056 3.5764241674 4.1048802309 4.2343768005 3.8350072766 2.8153081744 4.4973197325 8.9507884109 10.9076974752 9.6347510977 6.0606759887 2.6668323439 1.3371925852 1.4581172958 1.4752486693 2.562380286 4.2220133309 8.051947411 13.038267258 36.4188260259 12.5768532794 4.908034941 2.2121296006 4.1263370074 2.6239879908 2.7286681743 1.9408027745 0.8302112001 0.926168722 2.1435638315 3.7927224186 4.2894314682 5.6937648716 4.2185258374 3.6518898227 2.8189383148 4.1642601823 7.5119839874 14.5349835009 23.2820553892
8.0044251333 11.4610851933 13.4052512818 10.9365664665 5.2915641304 4.4830720539 5.2641894124 3.8989317616 3.5519559991 2.1802330806 2.3896233377 2.7530996812 2.8196752535 2.2279222678 2.5883496414 1.5990711989 1.5878413042 3.277364498 2.400990453 3.6783759577 6.1873542377 10.8852309409 10.7258258304 5.7072152454 3.1793698232 2.2398509922 2.8150592545 5.2646439604 8.2424218677 9.4077670117 12.4377266919 11.4903169459 10.6900804077 3.7651069133 2.4021328603 2.9535486468 3.9027985176 2.1468802668 1.3645029405 1.5614967569 1.1433591571 2.2765839798 7.7532201663 3.4690770158 2.7129115027 3.6118907426 4.2323888702 4.1469284053 2.9170854955 4.4523063843 10.9572758792 19.8513105073
9.989944185 15.4144368825 27.0241755291 14.7927058239 5.0020733026 3.4653307365 2.9804598684 3.5441472097 1.8671404528 1.9994653229 1.5476946751 1.7789267923 2.9038543741 3.1916990818 1.5281290648 0.8925144722 0.9032649045 1.1117205445 1.885691795 3.6709836486 6.3079983425 13.0255935326 17.9324974339 12.3698849338 8.2041095473 4.0734286651 4.3935008909 8.8347401313 13.5170598764 8.1410746546 7.7934834982 4.4305245423 3.2045793977 2.8355717475 2.615695198 4.0422492177 3.1908542488 2.630994725 1.3944440438 1.1517727863 1.5060939831 2.2651160909 2.7038261508 2.6945523261 2.5526956033 4.5818653993 9.3302374442 5.0248893563 4.05807572 7.0569279232 6.4109151043 8.8783793369
11.6436478402 15.3890663685 16.371663762 10.0789433573 5.0233959028 2.2253108298 1.4207963276 1.0996524587 1.9215703772 1.0361513065 1.4444046159 1.2868583688 1.5505120767 2.3414176765 1.2467318769 0.7702128867 0.7178137129 1.0135664881 1.8461175353 5.05313359 7.7029413264 11.0926980738 16.8822068547 24.2781671154 11.8930672293 5.3328162681 7.2805510439 8.1394579229 10.4925758252 6.7591532224 3.4695141403 2.4361177906 1.3314037491 2.2144002517 2.7093129653 4.8617640406 5.5067061029 3.3238568769 2.3546076834 1.4416805094 1.4902841509 2.3849475649 3.3908649547 2.7817814626 2.5011751715 7.7523188293 7.9357997531 9.0327839932 5.8788588985 4.4679838329 4.9920467025 4.7311433774
9.2443426682 7.2406578827 7.1683629922 5.6183272727 4.3748641912 2.0293478343 1.0829282594 0.6955158762 0.6320232803 0.8008319437 0.8870248547 0.9187246916 1.5705990409 0.9397853437 0.853339221 0.8209174807 1.3550217734 1.7682499874 2.4974718013 4.3470834272 5.65202929 6.0409100962 11.6918428462 11.3669498939 9.390206989 6.927139447 5.0368384526 4.9850122036 5.9966499678 3.0858278392 1.8029187342 0.9952303609 0.8199560192 1.2776697677 4.2853050368 6.1494275475 7.319138289 7.8565416409 4.4508067066 2.5840147556 2.3078578897 3.2645529242 5.4553053359 2.8791827593 2.9090839417 3.034002865 4.4960180634 5.1618813301 5.9664982244 6.7174391623 6.6154100399 4.1915041287
2.7795191174 3.884385512 4.4215155444 3.666264399 3.1150393758 4.4916470639 1.9504646319 1.0241642815 0.678892827 1.877152259 0.9633203829 0.9456303042 0.7446791955 0.7768332268 0.7769878308 1.1636994156 2.0118487234 4.0340165462 4.3462211015 2.7461668308 3.4477220906 4.4497323996 5.3619841813 6.5737730391 8.0691440452 5.879238621 5.3440765807 3.3680063621 3.1103377959 1.7140795974 0.9768996001 0.7707247956 0.7565178737 1.275779496 3.1350250443 5.1972403077 12.7802364425 10.0602464121 9.5996026725 6.1870867868 5.0648062561 4.5735369757 4.1080875993 3.6848214439 2.5568736797 2.7337586124 3.6581153782 3.4999003133 4.2103743215 4.9801620492 4.4964662011 6.2889449417
1.6486821048 2.9551161769 3.3251099877 2.7833025207 3.7659738979 5.4456796798 4.057499136 2.0686410356 0.9308289935 0.9795325511 2.2676132008 1.2169866749 0.9744936097 0.9475377902 1.1469992972 1.4536728929 4.2681706648 4.9824491428 5.9098816631 3.8987603086 3.8129496502 3.6028730075 4.4032037925 4.6003761658 5.4052228035 9.3927389763 3.946263312 2.3212451252 1.7566903553 1.3629746603 0.7650375412 0.7940616398 1.3863230427 1.0892760502 1.861066171 4.2348478118 8.5148468517 15.7531561746 21.8376863118 12.5397444643 11.0897302207 5.9627072811 4.6987180316 4.1274646243 4.9318224738 5.4527629727 6.0543968002 4.7557868742 4.0850370114 3.1002988672 3.8822151824 5.3088683957
4.417489644 5.3208921516 4.6364733716 3.7481951032 5.4311522515 9.2452209941 4.7515293777 2.5982672079 1.2202150881 1.3529760175 1.791786604 2.3191875059 2.0817762173 1.9362397971 1.5317727756 1.7347538012 2.9944424286 6.1299955193 7.6566041792 7.05743632 8.9496674921 5.9147092551 5.6390964748 5.340354444 6.6307293789 4.4023582549 3.8294741614 1.6020370671 1.0278218705 0.8458897779 0.7883960125 1.1175176344 1.1991841189 1.2428672135 1.2938330486 2.7211263894 7.6417524527 21.3077338992 19.76310934 27.0413773719 11.1265231141 7.6261822126 5.2523989723 5.4790548788 12.3853197918 14.4824476679 16.5117557271 11.1806727872 4.6304966304 4.0294201287 3.2032391082 3.2789139344
17.3917960617 16.1827898941 13.9387610549 6.1856838284 4.7791656519 5.8884108592 4.226339819 2.3508322168 1.7788441971 2.1503138763 4.0897455437 5.1241976512 5.993012178 3.7154302359 2.5545977282 1.5654345876 2.3785481523 6.019569269 8.8899001095 15.1624728994 8.6354398367 7.9928798773 6.9926241105 6.0196982444 4.3373238289 2.6179598351 1.817410701 1.4834841688 1.2241802771 1.0607909051 1.0522135473 1.1160369489 1.8678259503 1.2373921649 1.2294144885 2.3366945733 6.6721955964 9.3637386524 13.2926626382 9.1006039736 8.9694324046 8.7054505546 6.2648441234 6.5202345595 11.4007503204 33.3155696597 13.125551759 8.892576145 9.0519513846 4.3499979835 2.5070833207 3.8626215015
18.874836761 39.3794642646 18.4001421114 7.525179999 3.8038371054 3.3091532821 2.2667665484 1.9069270614 2.7877042404 4.8137855704 6.1817330566 14.7426835001 9.6271377841 5.1958090119 2.1092125378 1.3826520201 1.5966766042 4.1179645247 8.5492756057 8.114854488 8.2616927889 6.7784898782 6.4851680215 4.5660243014 3.6944967773 1.876245805 1.5308951735 2.7919553476 2.1820003125 1.7841988513 1.1462293487 1.1819782329 1.2329732214 1.5086044947 1.6427810521 2.4252800259 4.7487450807 6.9871558767 6.6173189231 5.1322130827 5.1635632162 5.0170588933 9.1091182399 6.6727669316 10.0070734695 11.1478433196 12.8555220123 6.5292637524 4.7570762191 3.7333558754 2.5845458509 1.9166032217
19.5161964813 20.3138578186 20.3507182328 12.175546149 5.6404668632 3.6318957685 1.8191858043 1.7887966399 2.6616857219 4.0469982481 8.6347351307 9.717560514 14.5148314624 5.5208409796 1.9462164499 0.9073038847 1.0566779387 2.0632698293 3.2415420778 4.1548425954 5.1026396105 4.7414338194 3.6969166172 4.3583395238 3.4771013763 2.5283142337 2.4477250117 3.1159087972 3.6317063598 2.3627164484 1.4037910569 1.0419377153 1.2699317328 1.3580323823 2.8075892016 2.4832786223 4.9290791064 12.8618908915 9.2937679007 8.1301787147 4.0270808769 4.3959067103 5.2088387017 3.7747322535 3.4674427335 5.5920996725 4.318152266 3.7690491867 4.0418394154 4.8348609028 2.4285265815 1.6725385198
5.354543187 7.3681072591 10.2768390116 16.6939378389 11.1289275149 5.1440576336 2.3556842848 1.8946435991 3.4584255012 3.3972655555 4.0464988698 6.9038452851 6.1206539611 4.4019029507 1.5633662773 0.7406169221 0.8047174111 1.2133035228 1.7865627933 2.2441436403 2.4256132502 2.6911385878 2.6806449282 4.3844337126 6.0457064651 2.4646443365 2.4597451586 4.322931062 5.0966875941 3.9706916037 1.8875829205 1.2159600043 1.1789611901 1.2678289317 1.4956629847 2.3988067838 5.6366620091 11.0830035458 18.7965545437 7.1227138252 4.1267178001 2.1537654289 1.8795692212 1.5087918391 1.4385127011 1.4998602876 1.6325614409 1.8735394418 3.7408470634 3.4098547086 3.0227894577 1.9088071917
2.7659279249 5.0480555186 6.0806316027 8.6895381596 13.5179724304 5.1516206568 2.9362591098 2.4544345095 1.884237941 2.135800724 4.4936491326 3.4548924745 3.2298418531 2.7471446228 1.2980782106 0.9569744303 1.0968407852 1.4886195412 1.8098312491 2.9995371223 2.7980704037 2.452866678 2.8207212967 3.3176419146 2.7560213531 2.6293077729 2.7666851412 5.0537090163 6.8131558288 6.1498093502 2.5191952519 1.9520014761 1.4105676911 1.3148951693 1.5218481318 2.1396851542 3.2364929765 6.1429866846 6.6997716316 7.5003499032 2.5861945843 1.5620556124 0.9237613404 0.8098672565 0.8535487388 1.1082452515 0.8479510577 1.2818533441 2.4299380101 4.1281807093 5.1504314077 2.7814988507
3.4502726509 2.6154085653 4.7512192712 4.6023150976 5.1144623384 6.9504679453 3.3944755017 3.6332173615 1.7286206054 2.2811279574 4.4878575016 3.3262195363 2.3127085465 1.6865177985 1.7040088342 2.021062847 3.3942914729 2.6319595216 3.2247083575 2.7002138562 3.6142278577 3.687726046 2.49255083 2.0302102371 2.2980307407 2.4329702683 3.0775456005 5.5441387672 11.2802076337 5.6560279025 3.7287823919 3.2264277947 4.2849096535 2.5219932777 2.3425320043 2.2212121589 2.7077230035 3.1965115676 4.4481999912 3.0164654086 1.9194002846 0.9285211327 0.7399603414 1.070798458 1.067367113 1.2961252402 1.0542575659 1.451049448 2.6951390512 7.0451428615 9.9116385993 4.2194942288
1.4613353022 1.9478836043 3.263948314 2.7559485557 2.6206284455 3.3901027931 6.2321577154 2.6425985562 1.7920951987 2.6575348136 5.5024993632 5.6312841183 3.5364887919 2.2113073289 3.9750481569 6.0546844306 5.4863498344 5.9375815743 4.1552081295 4.2260165734 3.733045225 4.9282603555 2.5672201917 1.7622163748 2.4398284469 4.0514589643 4.179249918 6.4335113331 10.3037380577 6.555428575 5.0476917505 7.6372613113 9.2610517234 5.8367404531 4.0922835914 4.9624044492 4.187882181 5.8420541678 5.007534857 3.8853043251 1.3714351458 1.1592426325 0.6377388002 0.9267381397 1.3661999438 2.0475162169 2.2838048621 2.5555158532 4.0591055698 6.503977205 4.7720805618 3.5428655658
0.9090643763 1.1921175523 1.4029292664 1.5752734486 2.5522016106 3.1966390794 2.9950586403 2.2272751342 2.0528379542 2.7732759302 5.263179775 5.9335640242 4.6078218306 3.2301493998 4.3229840758 7.1767044929 12.1363347571 6.0407471313 3.7971416481 3.7585990116 7.2409427951 4.7691998949 2.5468157966 2.6498295573 3.3476323283 5.8232446451 5.8836486349 8.4171010309 6.5638681051 7.3933917748 5.7040115292 10.6240026967 22.0142553559 9.0040120361 5.1100774326 8.502125956 4.8225583944 8.306425055 8.4528362915 3.2574506129 1.4727231427 0.8203777499 0.7735569283 1.0780033121 2.1437079676 3.0392199432 3.217241358 3.6897594889 4.5898453474 4.2115754311 5.4370436635 4.730901919
0.8526569299 2.0496979055 1.7250805656 2.0346683748 2.4514182493 2.3034705431 1.6951270199 1.4452130508 1.4831707926 2.8988964592 7.8860830307 11.4814471907 9.1895669168 5.23441985 3.5584185372 5.6658185947 7.6394767441 7.3869969022 3.5978647692 3.2425695355 3.107263593 3.6589256445 2.2692218744 1.9104893804 3.2992208944 4.1386532377 6.5461738901 7.8841108268 4.873203947 4.529428101 5.4534710528 8.3110076253 9.4119266056 7.2604098479 5.6990185923 4.6653871647 5.2366646973 4.9035212944 6.5115476223 3.5494272373 1.9650556034 1.226290098 1.305612302 1.5248488853 2.4073637693 5.5632182648 4.9290261932 4.1806742648 3.1881570998 4.1302087973 6.5192234202 11.293163695
1.4289610431 1.3331343493 2.6902541978 3.8659934848 2.9506480967 2.2058552782 2.0376258774 1.852990255 1.7997413327 2.7462416323 9.5292628395 14.2644921269 7.2552763671 4.1278227533 3.5409916794 7.2583316915 8.9902175311 8.6032482096 6.7389021356 4.2548898613 2.1197448942 1.8113720502 2.2233760383 1.8187446603 1.9196780053 2.9611826788 4.3183698841 3.4345163094 3.0263952867 2.3813380996 2.8996312001 5.2336706065 6.477907092 5.0375226825 6.3050159181 6.7239005354 3.2158631769 3.1119576507 4.0545474022 4.041660075 2.4582480943 2.9511448717 1.7720753575 1.7608120053 3.3608587178 5.1408039982 6.4543645637 5.6367632679 2.6862549168 2.332594867 4.4686094963 5.5650628916
0.7580052423 1.455005646 2.1465665068 3.1941702971 2.4790089104 2.9214596938 5.3495456846 3.5045698353 2.02638149 2.4412444159 4.9968739914 8.3399726656 6.4893680895 3.4990022604 6.410901632 12.0023261013 24.300405889 24.6632867134 19.1807677494 5.6807449347 1.6315533155 1.212067533 1.3620654053 1.2384120033 1.431067056 2.4362189951 2.2511776265 2.3019543411 1.9068502934 3.4598081738 2.5750694142 4.0734773212 3.8144320779 5.4058628195 6.080214174 3.9607017311 2.5398234422 2.2630467025 2.7524066442 3.054374089 3.929791306 3.3379774658 3.6646069191 2.9019998596 2.6259005177 3.7952380835 5.1119735547 4.8040319726 3.6788962357 2.2647445602 2.7591357167 5.6809021722
0.6953453885 0.9946316492 1.7142011131 1.7828734284 2.4024695657 3.1507045899 3.2232084997 4.0338221463 2.2645044052 2.0768591497 2.873580619 2.673739814 2.7372285634 4.0971698588 12.2397645628 19.2390489738 29.1210882219 81.6328688202 21.5646548064 6.4199665887 1.7217071685 0.8127054846 0.8071404008 0.9001009859 1.1745672709 1.5138000173 2.9422878376 1.8860614304 2.2851542137 2.9257109203 5.2467066844 4.2654667727 5.6845442076 6.7150676252 8.7390386011 6.1174063985 2.7809049716 2.1987077514 3.2029600639 3.87009214 3.8634397369 4.6734347023 7.201934003 5.1976812123 4.3493879434 3.9069169491 4.7670106344 8.0765791759 4.2796776781 3.6376992543 4.103235505 5.4635064267
0.654737071 1.0633760761 0.9533685232 1.2251879827 2.3162363965 3.7827856295 3.2548492677 2.2869712035 2.8417725056 1.3741728708 1.3198866081 1.3501254037 2.608352618 5.493670588 14.5911049433 19.9259314168 34.4013190272 27.5602241536 20.0556443458 5.5996398352 1.8568586283 1.0439097109 1.1012420384 1.3277556099 1.2384760573 1.497241814 1.8127620798 2.3461415348 3.4693442563 4.6350880993 4.5807524907 4.953314974 6.2333055636 8.0280443924 10.4160803725 7.1551944028 4.4606731669 3.0031137106 3.033125455 2.8196319966 3.5401136373 5.6743960647 7.1607009903 8.7273834377 6.6240414585 7.5447436331 10.2780577434 9.2156421193 8.1176213327 5.6862118939 2.858286385 3.5479992574
1.0911294829 1.1539813508 0.9371703654 1.0626783046 1.5182819059 1.9520038325 1.8689255345 1.5254901263 1.2514759178 0.9667947496 0.9200284479 1.3827602955 3.3721475614 12.8229624282 18.0926924751 26.110652231 19.4712319165 15.1476526463 10.3353186266 6.5703448036 2.6469144401 2.5067362804 3.1210806358 2.9833866758 2.4722318586 1.9107499318 2.2532661539 2.6624358158 5.4877869415 5.0133810055 5.2552295048 9.6147899674 9.0284654592 9.0274451009 7.9915373728 8.5381199864 7.6089565757 5.301735669 4.1276007056 2.1473935407 2.3927080421 4.0899582695 4.5524968655 5.9306854647 8.9793674677 11.1742911867 12.6833389156 15.55808167 8.5239344976 4.5613124463 2.569131982 2.6890969772
3.2543330046 1.9178197823 1.9135406079 1.2231976047 1.4989636979 1.5643762556 1.7130864273 0.8952985437 0.5964200653 0.6127336374 0.969379873 1.7813776735 4.7465263814 12.6968970512 38.7636560827 21.826058294 19.6417075774 16.6014293622 13.8935740649 5.4134536757 4.6387766118 6.6656944994 8.6075476697 9.1359719965 4.0334777149 4.3347079714 2.4091903574 2.6995059511 4.9076152974 6.8980859182 5.5725947658 5.0778619948 5.4666995901 5.4466354362 7.9687366063 7.0589126474 10.5887974016 7.6314586536 4.607310978 2.8397230933 1.7844006683 2.0946145718 2.8945872738 4.0639268925 6.3210035035 9.1912415623 14.2015451828 12.7325869523 6.4467496528 4.0127363471 2.4546787108 2.9910070811
