Models/Synthetic/Density/temp_raster_dens.asc
NCOLS 101
NROWS 101
XLLCORNER 3302900
YLLCORNER 3112000
CELLSIZE 4386.138614
NODATA_VALUE NaN
[rows 69 to 91 of 101, columns 0 to 51 of 101]
0.0001836579 0.0001789278 0.0001763102 0.0001790973 0.0001670263 0.0001609247 0.0001537681 0.0001454412 0.0001403473 0.0001259829 0.0001168192 0.0001085706 0.0001016597 0.0000945748 0.0000876817 0.0000808521 0.0000751995 0.0000702775 0.0000655017 0.0000604202 0.0000549701 0.000050417 0.0000469756 0.0000444875 0.000042508 0.0000394598 0.0000369584 0.0000356304 0.0000342888 0.0000330947 0.0000316849 0.0000309338 0.0000303448 0.0000296023 0.0000290012 0.0000287978 0.000029156 0.0000302108 0.0000308671 0.0000335102 0.0000330043 0.0000344785 0.0000368959 0.0000400647 0.0000438141 0.0000479686 0.0000522465 0.0000569424 0.0000623796 0.0000688788 0.0000765252 0.0000850076
0.0001689402 0.0001697935 0.0001668208 0.0001642945 0.0001600671 0.0001571217 0.0001485449 0.0001405046 0.0001318007 0.0001231706 0.0001146229 0.0001095914 0.0001006613 0.0000957186 0.0000870807 0.0000800586 0.0000742265 0.0000696658 0.0000689561 0.0000620686 0.0000561429 0.0000518567 0.0000484576 0.0000459123 0.0000438432 0.0000406159 0.0000379632 0.0000360159 0.0000345103 0.000033239 0.0000322375 0.0000314777 0.0000307844 0.0000300843 0.0000294539 0.0000291869 0.0000294649 0.0000299883 0.0000310876 0.00003202 0.0000334053 0.0000349371 0.000037326 0.000040326 0.0000439121 0.0000479971 0.0000525104 0.0000573827 0.0000628142 0.0000693758 0.000077064 0.000085365
0.0001598554 0.0001599985 0.000162451 0.0001558879 0.0001540294 0.0001487631 0.000143164 0.000134872 0.0001267744 0.0001192132 0.0001116957 0.0001052372 0.0000999053 0.0000929447 0.0000858987 0.000078951 0.0000733804 0.0000691292 0.0000652094 0.0000613308 0.000057218 0.0000534628 0.0000503183 0.0000472432 0.0000444113 0.0000421675 0.0000396655 0.0000376344 0.0000355967 0.0000342011 0.0000330753 0.0000321811 0.0000314244 0.0000307447 0.0000301567 0.0000298356 0.0000298404 0.0000302369 0.0000309529 0.0000321095 0.0000336766 0.0000356864 0.0000380537 0.0000408797 0.0000442442 0.0000482533 0.0000531206 0.000058132 0.0000633626 0.0000693505 0.000083814 0.0000905109
0.0001563028 0.0001516029 0.0001520136 0.0001473517 0.0001471048 0.0001420203 0.0001350595 0.0001283114 0.0001215411 0.0001143576 0.0001078396 0.0001020939 0.0001068156 0.0000964282 0.0000841366 0.0000778144 0.0000729827 0.000068689 0.0000652056 0.0000615939 0.0000584816 0.0000552953 0.0000519673 0.0000488875 0.0000460765 0.000043853 0.0000471516 0.0000394185 0.0000372164 0.00003564 0.0000343325 0.0000333027 0.0000328817 0.0000322323 0.0000316756 0.0000309227 0.0000308186 0.0000310282 0.0000316649 0.0000328346 0.0000346534 0.0000368184 0.0000391442 0.0000416932 0.0000447906 0.0000486861 0.0000535177 0.0000599609 0.0000635042 0.0000691397 0.0000761315 0.0000838481
0.0001465011 0.0001411577 0.00013777 0.0001432768 0.0001346781 0.0001315877 0.0001268864 0.0001232578 0.0001154315 0.0001098379 0.0001041704 0.000099053 0.0000943799 0.000089247 0.0000830944 0.0000773711 0.000073022 0.0000699891 0.0000660455 0.000064473 0.0000603686 0.0000568922 0.0000538867 0.0000512045 0.0000485402 0.0000463972 0.0000439569 0.0000416983 0.0000393413 0.0000375987 0.0000361124 0.0000349572 0.0000344802 0.0000366538 0.0000333256 0.0000326366 0.0000324239 0.0000324495 0.0000328479 0.0000342469 0.0000360556 0.0000387072 0.000040641 0.0000427255 0.0000452422 0.0000490063 0.0000541054 0.0000589966 0.0000639245 0.0000685479 0.0000745731 0.0000817697
0.0001326865 0.0001293698 0.0001263153 0.0001249461 0.0001249095 0.0001231341 0.0001215645 0.0001135808 0.0001090185 0.0001076119 0.0000996969 0.0000957948 0.000092044 0.000086255 0.000081425 0.0000813097 0.0000730761 0.0000690554 0.0000667548 0.0000686263 0.0000625422 0.0000589819 0.0000563599 0.0000539711 0.0000517603 0.0000492874 0.0000465436 0.0000442055 0.0000421309 0.0000402332 0.0000385352 0.0000371779 0.0000365788 0.0000359359 0.0000355 0.0000348411 0.0000346747 0.000034293 0.0000344536 0.0000356046 0.0000387093 0.0000397509 0.000045327 0.0000434659 0.0000453711 0.0000489841 0.0000537114 0.0000635913 0.0000635868 0.0000678203 0.000073751 0.0000801311
0.0001217081 0.0001175976 0.0001154988 0.0001150008 0.0001149002 0.0001186492 0.0001108079 0.0001066145 0.0001034912 0.000099695 0.0000958714 0.000091576 0.0000895703 0.0000838491 0.0000801456 0.0000769114 0.0000731359 0.0000695569 0.0000672745 0.0000652456 0.0000635564 0.0000630807 0.0000588697 0.0000568342 0.0000560456 0.0000526251 0.0000500046 0.000048085 0.0000460532 0.0000439821 0.0000417135 0.0000400951 0.0000390109 0.0000383667 0.0000380117 0.0000377213 0.0000371249 0.0000365179 0.0000364518 0.0000372538 0.000038237 0.000040177 0.00004559 0.000044092 0.0000459063 0.0000487522 0.0000533012 0.0000577504 0.0000622818 0.0000667198 0.0000722473 0.0000805406
0.0001082139 0.0001073587 0.0001062874 0.000106096 0.0001076075 0.0001050167 0.0001030483 0.0001012475 0.0000977258 0.0001001081 0.0000934069 0.0000875318 0.000084501 0.000082612 0.0000797946 0.0000769444 0.00007378 0.0000711123 0.000068781 0.0000669305 0.0000655321 0.0000642503 0.0000622657 0.0000604954 0.0000583671 0.0000564405 0.0000540699 0.0000523208 0.0000557538 0.0000481616 0.0000455463 0.0000437796 0.0000427723 0.0000423772 0.0000418556 0.0000412248 0.0000399937 0.0000388248 0.0000385443 0.0000391547 0.0000391353 0.0000402643 0.000042207 0.0000566019 0.0000462107 0.0000487662 0.0000523684 0.0000563855 0.0000606753 0.0000653359 0.0000707057 0.0000759373
0.0000986414 0.0000990755 0.0000992512 0.0000989025 0.0000984344 0.0000976783 0.0000960548 0.0000941465 0.0000928353 0.0000903555 0.0000875874 0.0000843417 0.0000827468 0.0000818159 0.0000875932 0.0000783782 0.0000756457 0.0000738157 0.0000713977 0.0000698163 0.0000753861 0.0000673786 0.0000702313 0.0000644058 0.0000625651 0.0000609333 0.0000590717 0.0000571334 0.0000548853 0.0000526208 0.0000502146 0.0000483747 0.0000471791 0.0000470887 0.0000475196 0.0000442814 0.0000426885 0.0000415388 0.0000409668 0.0000407135 0.0000408109 0.0000412457 0.0000430392 0.0000448582 0.0000471281 0.0000492763 0.0000524009 0.0000558846 0.0000598057 0.0000644797 0.0000693696 0.000074255
0.0001008841 0.0000952454 0.0000929294 0.0000929331 0.0000948384 0.00009143 0.0000903024 0.0000891333 0.000088018 0.0000873166 0.000084612 0.0000831164 0.0000821752 0.0000821347 0.000082103 0.0000821502 0.0000779894 0.0000762112 0.0000748672 0.0000736491 0.0000724225 0.0000719035 0.0000710062 0.0000699881 0.0000685024 0.0000671406 0.0000653169 0.000062934 0.0000600456 0.0000579382 0.0000562695 0.0000542951 0.0000525536 0.0000509237 0.0000494468 0.0000482606 0.000046608 0.0000454129 0.0000440586 0.000043414 0.0000431758 0.0000437438 0.0000447707 0.0000464712 0.0000482031 0.0000506944 0.0000534258 0.0000563157 0.0000595273 0.0000637316 0.0000694002 0.000073617
0.0000867227 0.0000876786 0.0000914151 0.0000878395 0.0000958992 0.0000864196 0.0000856188 0.0000913112 0.0000846722 0.0000838615 0.000084056 0.0000858321 0.0000841612 0.0000822774 0.0000827085 0.0000817988 0.0000809294 0.0000799731 0.0000791895 0.0000782502 0.0000772618 0.0000765958 0.0000766823 0.0000811404 0.0000749406 0.0000739266 0.0000742179 0.0000697599 0.0000670835 0.000065374 0.0000639744 0.0000685515 0.0000582775 0.0000555695 0.0000537311 0.0000526856 0.0000545306 0.0000504754 0.0000487922 0.0000474304 0.0000468301 0.0000470686 0.0000557259 0.0000490279 0.0000505844 0.0000529831 0.0000562527 0.0000583836 0.0000605254 0.000063064 0.0000671362 0.0000708669
0.0000826459 0.0000836094 0.0000837496 0.0000834819 0.0000826453 0.0000821763 0.0000820861 0.0000819107 0.0000818138 0.0000814195 0.0000830628 0.0000908729 0.0000839621 0.0000841888 0.000083375 0.0000839474 0.000084539 0.0000847584 0.0000851136 0.0000845833 0.0000838685 0.0000829022 0.0000827113 0.0000821048 0.0000815568 0.0000816544 0.000079199 0.0000805374 0.0000740427 0.0000730393 0.0000761666 0.0000770837 0.0000646367 0.0000615886 0.0000597425 0.0000587072 0.0000579797 0.0000645779 0.0000546569 0.0000528739 0.0000518163 0.0000517206 0.0000520641 0.0000529424 0.0000540522 0.0000560312 0.0000594468 0.0000663967 0.0000615144 0.0000628051 0.0000652849 0.0000687976
0.0000804943 0.0000806791 0.0000804162 0.0000799354 0.0000794234 0.0000792042 0.0000792126 0.0000792465 0.0000793158 0.0000796709 0.0000815934 0.0000869978 0.000083853 0.0000838616 0.0000854989 0.0000874687 0.0000893701 0.0000906104 0.0000917828 0.0000955691 0.0000921318 0.0000911554 0.000089972 0.000089502 0.0000882382 0.0000867479 0.0000853995 0.0000831615 0.0000809989 0.0000796275 0.0000776003 0.0000749306 0.0000713056 0.0000683418 0.0000664879 0.0000664178 0.0000642138 0.0000631658 0.0000615473 0.0000594334 0.0000581306 0.000057546 0.0000578773 0.0000589506 0.0000599009 0.0000610537 0.0000622442 0.0000630301 0.0000638049 0.0000641137 0.0000655959 0.0000677153
0.0000793 0.0000788693 0.0000786043 0.0000780414 0.000077418 0.0000774591 0.0000776594 0.0000778738 0.0000781331 0.0000788135 0.0000803375 0.0000819872 0.0000838913 0.0000858164 0.000088865 0.0000920305 0.0000960132 0.0000971347 0.0000983005 0.0001036596 0.000110363 0.0000998076 0.000104528 0.0000980669 0.0000956573 0.0000938402 0.000091968 0.0000899617 0.0000877457 0.0000862571 0.0000884198 0.0000812649 0.0000784341 0.0000765119 0.0000749327 0.0000729652 0.0000715723 0.0000701924 0.0000688398 0.0000671576 0.0000657036 0.0000648337 0.0000649642 0.0000673031 0.0000745162 0.0000672577 0.0000734019 0.0000664604 0.0000664596 0.0000686818 0.0000670819 0.0000681708
0.0000767236 0.0000771942 0.0000787527 0.000076752 0.0000765506 0.0000768768 0.0000776968 0.0000779407 0.0000784186 0.0000789967 0.0000809371 0.0000832553 0.0000860053 0.0000893217 0.0000931796 0.0000992412 0.0000999622 0.0001025869 0.0001051054 0.0001071835 0.0001075272 0.0001079554 0.0001150932 0.0001067619 0.0001037163 0.0001019066 0.0001079214 0.0000979321 0.000095633 0.0000941343 0.0000929699 0.0000886729 0.0000861173 0.0000891827 0.0000903706 0.0000826056 0.0000802791 0.0000799464 0.0000784874 0.0000767561 0.0000744489 0.0000736717 0.0000733413 0.0000734833 0.0000729895 0.0000736286 0.0000793942 0.0000726763 0.000071698 0.0000703823 0.000069735 0.0000697172
0.0000752715 0.0000763545 0.00007658 0.0000763127 0.0000759592 0.000077359 0.0000779717 0.000081353 0.0000792441 0.0000801317 0.0000824702 0.0000870425 0.0000887012 0.0000925139 0.0000992613 0.00010132 0.0001048169 0.0001080407 0.0001138661 0.000114788 0.0001148034 0.0001145444 0.0001142548 0.0001136214 0.0001123338 0.0001112789 0.0001094446 0.0001072489 0.0001043572 0.0001021254 0.0000995326 0.0000969181 0.0000953828 0.0000949435 0.0001012315 0.0000923949 0.0000915508 0.00009036 0.0000953369 0.0000876846 0.0000847892 0.0000836646 0.000085748 0.0000819763 0.0000803173 0.0000800252 0.0000823933 0.0000828428 0.0000772288 0.0000748491 0.0000732382 0.0000722385
0.0000740266 0.0000764397 0.0000817087 0.000075083 0.0000754444 0.000076615 0.0000785012 0.0000795905 0.0000807529 0.0000819639 0.0000843136 0.0000872842 0.0000909138 0.0000951286 0.0000999454 0.0001088248 0.0001088318 0.0001138334 0.000118807 0.0001236416 0.0001217873 0.0001214028 0.0001212131 0.0001203308 0.0001201887 0.000124515 0.0001222144 0.0001154676 0.0001140767 0.00011034 0.0001079264 0.0001078582 0.0001048023 0.0001056492 0.0001042676 0.0001032806 0.0001009506 0.0001016151 0.0001020287 0.0001026471 0.0000962095 0.0000947756 0.000098411 0.0001016156 0.0000900094 0.0000887282 0.0000878242 0.0000873417 0.0000838235 0.0000813534 0.0000790606 0.0000769808
0.0000734306 0.0000740346 0.0000743005 0.0000739713 0.0000747134 0.0000766721 0.000078273 0.0000799152 0.0000831243 0.0000834574 0.0000854665 0.0000888838 0.0000927065 0.0000971523 0.0001022834 0.000107146 0.0001125019 0.0001202377 0.0001237438 0.0001259965 0.0001280692 0.0001332986 0.0001290145 0.0001285522 0.0001281183 0.0001272577 0.0001257744 0.0001234432 0.0001206791 0.000118549 0.0001171692 0.0001156884 0.0001158539 0.0001148256 0.0001230107 0.0001134445 0.0001213205 0.0001125774 0.0001133678 0.0001114791 0.000112081 0.0001065539 0.000104521 0.0001032975 0.0001030369 0.0000986142 0.0000963143 0.0000941455 0.000091367 0.0000890234 0.0000974416 0.0000827163
0.0000721966 0.0000745976 0.0000723235 0.0000724569 0.0000738352 0.0000767031 0.000080532 0.00007969 0.0000813759 0.0000838129 0.0000867066 0.0000908289 0.0000957325 0.0001006105 0.0001057767 0.0001105318 0.0001161886 0.0001208719 0.0001258699 0.0001346818 0.0001329966 0.0001338755 0.0001373711 0.0001409166 0.0001357054 0.0001344571 0.0001331645 0.0001309553 0.0001285174 0.0001265401 0.0001264431 0.0001263705 0.0001261023 0.0001256132 0.0001254025 0.0001326783 0.0001248578 0.000124928 0.0001315346 0.0001237174 0.0001260832 0.0001191727 0.0001168327 0.0001157176 0.0001136498 0.0001108382 0.0001070466 0.0001037417 0.0001019271 0.0000970139 0.0000946436 0.0000899121
0.0000725118 0.0000717665 0.0000714349 0.0000713829 0.0000732178 0.0000753543 0.0000773562 0.0000792775 0.000081431 0.0000845533 0.0000884944 0.0000937556 0.0001006561 0.0001105144 0.0001092445 0.000115753 0.0001190265 0.0001297828 0.0001281937 0.0001319089 0.0001347056 0.0001374012 0.0001404761 0.0001433582 0.0001441927 0.0001436591 0.0001419625 0.0001456057 0.0001362709 0.0001346604 0.0001355123 0.0001484235 0.0001379106 0.0001377684 0.0001388228 0.0001387635 0.0001381496 0.0001381 0.0001384401 0.0001367501 0.0001348293 0.0001333877 0.000132161 0.0001307883 0.0001291406 0.0001251701 0.0001207575 0.0001160231 0.0001103924 0.000105311 0.0001003856 0.0000957212
0.000072063 0.0000719023 0.0000706745 0.0000709966 0.0000721661 0.0000783344 0.0000760327 0.0000788385 0.0000844255 0.000086318 0.000091661 0.0000990948 0.000109533 0.0001064378 0.0001119976 0.0001163774 0.0001212854 0.000125823 0.0001366325 0.000133706 0.0001366748 0.0001399375 0.0001435151 0.0001497569 0.0001496375 0.0001567621 0.000148992 0.0001459745 0.0001436191 0.0001422986 0.0001441606 0.0001477591 0.0001478529 0.0001522659 0.0001587356 0.0001525419 0.0001515608 0.0001529022 0.0001515183 0.0001507424 0.0001499116 0.0001499633 0.0001496538 0.0001554402 0.0001461256 0.0001421339 0.000138498 0.0001297786 0.0001220708 0.0001150616 0.0001085957 0.0001021196
0.0000739444 0.0000706124 0.0000747847 0.0000701597 0.0000715623 0.0000730334 0.0000753993 0.0000789401 0.0000838184 0.0000911443 0.0000941373 0.0001030836 0.0001039079 0.0001066137 0.0001110712 0.0001165742 0.0001214898 0.000127556 0.0001390966 0.0001363279 0.0001391898 0.0001429496 0.0001464943 0.0001492983 0.000153485 0.0001554364 0.000154354 0.0001505168 0.0001493378 0.0001532348 0.0001503941 0.0001530814 0.0001597176 0.000161567 0.0001658553 0.000166909 0.0001660308 0.0001664365 0.0001668271 0.0001672618 0.0001670889 0.000168172 0.0001792975 0.0001674154 0.0001667158 0.0001600777 0.000152818 0.0001445975 0.0001357461 0.0001275873 0.0001191623 0.0001107092
0.0000695239 0.0000691823 0.0000686744 0.0000693492 0.0000702401 0.0000720452 0.0000745762 0.0000784022 0.0000840177 0.0000891335 0.0000959147 0.0001031161 0.0001029421 0.0001057526 0.0001103477 0.0001162994 0.0001288662 0.0001283904 0.0001385077 0.0001379559 0.0001409574 0.0001460388 0.0001493247 0.0001523243 0.0001536486 0.0001683646 0.000155238 0.0001553366 0.0001546304 0.0001556057 0.0001570073 0.0001606797 0.0001644151 0.000170579 0.0001915602 0.0001802982 0.000180913 0.000182218 0.0001860536 0.0001843324 0.000200122 0.0001866823 0.0001879341 0.0001861993 0.0001832826 0.0001794822 0.000170127 0.0001600912 0.0001565941 0.0001414598 0.0001386778 0.0001218568
