Models/Synthetic/Density/temp_raster_pop.asc
NCOLS 101
NROWS 101
XLLCORNER 3302900
YLLCORNER 3112000
CELLSIZE 4386.138614
NODATA_VALUE NaN
[rows 23 to 45 of 101, columns 0 to 51 of 101]
1.9916428067 2.1479397408 2.1642961703 2.2718987339 2.4534308866 2.3228929274 2.2447308722 2.2187893322 2.1824649247 2.2292097668 2.2599867155 2.3921752432 2.9167467988 2.4032408316 2.2843451869 2.2506316483 2.4455100708 2.1154473849 1.9311514904 1.7384388626 1.5752828534 1.4007841571 1.2269893357 1.0828084481 0.9848631119 0.9569484672 1.0080362341 1.1485930598 1.3252431572 1.5395910011 1.7838269356 2.148008793 2.5275060161 3.0073757304 3.0239407848 3.3575410662 3.0858213931 3.0508497909 3.1852217825 3.19591472 2.9277952086 2.7235365629 2.6207423206 2.1835054063 1.9092859603 1.705922056 1.6040743818 1.5387114753 1.5064068427 1.482498975 1.5463792974 1.3873412936
1.9075479436 1.9522580643 2.0248201023 2.1425648617 2.2546241711 2.316162719 2.3644437704 2.266050762 2.310012546 2.3081901802 2.3374657252 2.4465065586 2.5675837546 2.5786922234 2.4919427804 2.4497152989 2.360228513 2.2146399154 2.0118581632 1.8465372917 1.6756908278 1.4809722832 1.3016279137 1.1363766652 1.0326841268 1.0041673342 1.0566953121 1.182102116 1.3682113801 1.6030605966 1.8867964684 2.2143659376 2.5925043087 2.8825605262 3.1311052249 3.2140906289 3.2944376394 3.2774781441 3.264154272 3.1496768615 3.0030809718 2.7926638798 2.573846767 2.8517521526 2.0034713819 1.7914914152 1.6779741571 1.5955609159 1.53986944 2.388687689 1.4906678616 1.4403490083
1.8707929226 1.8660505773 1.9171558117 1.9678211851 2.1182731599 2.2603180732 2.203660951 2.2295335544 2.3691482232 2.9221286077 2.3938243894 2.4674943374 2.6132863105 2.8812104813 2.7262668798 2.7106891522 2.5891964769 2.3712576092 2.1156593328 1.9581599949 1.7595361233 1.5829522738 1.387567402 1.2315834684 1.1027504673 1.0699535832 1.1587793136 1.2902535661 1.4898923698 1.7103430287 2.0214877523 2.3717110815 2.719926899 3.0229614634 3.2335138361 4.2304606301 3.507169659 3.6878127632 3.3699284642 3.2550946983 3.0989685397 2.9792877071 2.6135559197 2.3406393723 2.1020519045 1.8926222331 1.7733167953 1.6740638869 1.6123923253 1.5723246094 1.5798768349 1.5633739662
1.7133976351 1.9584283969 1.7861177688 1.8192176386 1.9254593135 1.9942475285 2.0759715147 2.1334170773 2.2641860834 2.3402201335 2.4721651603 2.5755615528 2.7906932925 2.9013345325 3.0044171658 2.8746325431 3.2924128114 2.5154162295 2.2208269224 1.9734221801 1.8013047975 1.642310933 2.2347488021 1.3568185122 1.2079613839 1.1693164219 1.2290849996 1.9507956766 1.6384185979 1.8817565913 2.223174485 2.6460376695 3.0429804628 3.3259860507 3.4699478661 3.5033448852 3.6204713017 3.628557077 3.6575790358 3.4913176704 3.9527987745 2.9232768136 2.6227015875 2.3534556304 2.1896833968 2.0334218209 1.9181352019 1.7931698874 1.7296874395 1.7081222931 1.7440660406 1.8237486542
1.5316767366 1.5917843955 1.6642983087 1.7227478678 1.776190597 1.8380703031 1.9102810022 2.5455690241 2.1797860077 2.314883514 2.4865842193 2.7603860687 2.8895884618 3.5043483158 3.0426656359 2.9379431631 2.8190804835 2.7651204907 2.271398529 1.9575161051 1.7507259631 1.684906216 1.685423162 1.4941322059 1.4207179717 1.2270651454 1.2954459178 1.4583725614 1.7554519349 2.6165281064 2.3904417594 2.8386757715 3.62225897 3.616735471 3.5108916034 3.5532305241 4.505204255 3.9685905556 3.7383156709 5.1538637668 3.3294904862 2.9237104014 2.607432812 2.3866541405 2.2512269076 2.4179072097 2.0414411604 1.9553070183 1.9250378759 1.9213974161 1.961682613 2.0490239067
1.3095065462 1.4038888124 1.534087354 1.6185083389 1.8930539608 1.7319765744 1.8226485516 1.9741690114 2.8005296469 2.2992363234 2.5093772731 2.697619151 2.9243306865 3.3294513391 3.018963385 2.8742836552 2.7871132083 2.6942763691 2.2633230983 1.9193144462 1.7026930571 1.6610075295 1.9744031874 1.738424692 1.3302030664 1.2621098634 1.3146561217 1.5767919136 1.9022290142 2.285441115 2.5772618219 3.0099812509 3.3276486085 3.5119394818 3.5143664662 3.5559356551 3.6675631189 3.7743084802 3.8309567223 3.6338306339 3.2866296687 2.8742682465 2.6015465801 2.3958996827 2.2914920606 2.2039246193 2.1629068452 2.1339019698 2.1629660452 2.1538667693 2.1690251804 2.2419540959
1.2214134259 1.3163519238 1.424778989 1.5545224096 1.6078493708 1.6938666384 1.7531934649 1.9123830727 2.0637129646 2.2740766767 2.4549398372 2.6570905542 2.8425232924 2.9106441296 2.9177969821 2.9135775102 2.7684375896 2.5358927076 2.1927157395 1.8788886709 1.6610414268 1.5929553632 2.1088097014 1.4465342388 1.3069116819 1.2638579736 1.3753981675 1.7040508923 2.5710858693 2.3992662964 3.1729474883 2.9421650436 3.1946619255 3.3439983443 3.4709949524 3.558303487 3.6397846426 3.7214015455 4.6138466368 3.4602194999 3.1227147612 2.8370074605 2.5945701689 2.4014948546 2.2793283674 2.2244175722 2.2343565785 2.3008062888 2.3710818999 2.3767216072 2.3812894835 2.4491831825
1.2179135674 1.2985327 1.4290980917 1.5138457834 1.570261225 1.6245651945 1.7885359374 1.8483825819 2.080298275 2.2792367822 2.4798877976 2.6276594836 2.7713647207 2.8319708596 2.7853277349 2.7758073152 3.4098984685 2.4350076593 2.1053661115 1.8383322992 1.62475235 1.5153162738 1.4286026326 1.367772003 1.2950201465 1.3134894327 1.444504105 1.7890379403 2.3567070842 2.5379990157 2.6795548853 2.940814093 3.0785340701 3.2662549122 3.4299412284 4.3504697992 3.6803572734 3.7161574023 3.5627918556 3.3112557291 2.9930475985 2.7910016344 2.5769278156 2.4123417875 2.3017614062 2.2819225246 2.3365164154 2.4479210788 2.5430708299 2.5912554491 2.5985118078 2.6508215827
1.27441044 1.3544889816 1.4867053111 1.64626608 1.5887037527 1.6089060135 1.712913273 1.8501697883 2.0822138596 3.0396155219 2.4564488843 2.575342405 3.0353642283 2.7206632914 2.7033756552 2.6049780569 2.4822605638 2.3257652659 2.0554345543 1.8172444033 1.6036612882 1.4619128926 1.4289902552 1.408330571 1.3846559125 1.3886713818 1.5358040433 1.8082736693 2.1139869426 2.4384841083 3.322570433 2.8746713732 3.0442622401 3.2362172835 3.4517531161 3.6345960478 4.0747198222 3.5991050335 3.3401910756 3.0801827039 2.8425972142 2.6645667525 2.5687027557 2.3869999356 2.3190101129 2.3742162111 2.466216486 2.5968955003 2.7304345777 2.7642669355 2.8264568998 2.9021326819
1.3656275254 1.474040902 1.6000384558 1.6810721833 1.6190311171 1.5992710116 1.685459181 1.9457680973 2.0734860059 2.205794901 2.3811680049 2.7139080615 2.6075680572 2.6939769769 2.4925874202 2.4047018634 2.3164388504 2.2008418338 2.0805810377 1.8422512611 1.6442376668 1.4679331476 1.4463157499 1.9331947628 1.4467862252 1.4779905446 1.6389109603 1.8812989322 2.1389666013 2.4559991683 2.7557833476 2.8971098892 3.0595518643 3.2667072375 3.5036978764 3.7347192411 3.6904464749 3.4621603392 3.1787144649 2.9156222966 2.6981109309 2.5487737582 2.4325498281 2.3563395526 2.3281232282 2.4600507538 2.7469417849 2.7690439529 2.8729489537 2.9675862841 3.0280935672 3.1649315129
1.439633214 1.5312836258 2.05933607 1.6735286028 1.6309351097 1.6155960202 1.6978962815 1.8459970536 2.0193674443 2.0649210838 2.1838455001 2.3830411088 2.6516381531 2.4859624953 2.3678814149 2.2873696985 2.2673642234 2.197226115 2.0227237342 2.2755862395 1.6587084104 1.5014486199 1.4815883118 1.4703379102 1.5097572018 1.5711889151 1.7481017881 1.9824000227 2.246723647 2.4531543644 2.6996374756 2.9269595218 3.1301481495 3.319119592 3.5872903057 3.9142656645 3.6180141606 3.3216858636 3.0366856119 2.8005880635 2.6273564703 2.5293903387 2.4822629057 2.3963974155 2.3719851084 2.5015870985 2.8895988154 3.0084826812 3.0007119426 3.5129089564 3.2208881869 3.4056233219
1.4660818716 1.547581062 1.6148068506 1.6812715215 1.6621363654 1.6795144919 1.7289578926 1.8413107483 1.9818771286 1.9995903834 2.0710710032 2.2745821399 2.630174572 2.4530827981 2.3374618792 2.2807854735 2.2737036531 2.1766619745 2.0726683002 1.8228304588 1.6938137731 1.5914939809 1.5399591847 1.5303171549 1.5493651653 1.6822275054 1.8764723994 2.1073073272 2.3425286608 2.5389081671 2.7591561106 3.0612043374 3.1680266617 3.3488899459 3.5857733771 4.2744238355 3.6442079351 3.3286547891 2.9867054068 2.724323027 2.5422197183 2.8012692074 3.0852513177 2.6039329277 2.4125408263 2.5277251302 2.7503485428 3.0752922958 3.0951535899 3.2254321157 3.4561929063 3.7087763555
1.4918129201 1.5267134058 1.5776375682 1.6408739997 1.7290224853 1.8080954407 1.8676325667 1.9177060768 1.9457773724 1.9991795945 2.1155107719 2.3136315695 2.4279405978 2.4724383861 2.5415536129 2.3020714903 2.2647767311 2.9403652514 2.0510061177 1.8390639135 1.7281403528 1.6890044385 1.7898247372 1.6312241637 1.6581291074 1.811089174 2.0888801946 2.3114976507 2.5468389192 3.2323303131 2.8539112206 2.9945431513 3.183410507 3.3302163416 3.4881195022 3.6237232901 4.291377302 3.3254658704 3.6370140385 2.6994874147 2.4975151239 2.4650972078 2.6774838738 2.5282710997 2.5175688919 2.5674930172 2.7707283338 2.935303085 3.1472525178 3.3954817404 3.7190360567 4.0708616948
1.6027342736 1.6133515463 1.6130339106 1.6731611001 1.7907177997 1.9650283438 2.1236213055 2.1293811558 2.1480350168 2.1289744211 2.2531331016 2.5827186368 2.6041373907 2.5160779757 2.524298364 2.4268110292 2.4463610138 2.334738136 2.2415272347 1.9926559943 1.8901119771 1.8418183345 1.7893904075 1.7708608406 1.8096041459 1.9724205738 2.2552521926 2.7016146559 2.6945872676 2.8563371913 2.9322953911 3.0309586152 3.1900152952 3.2970520982 3.375573018 3.4499739418 3.7327552397 3.2064594377 2.9869149591 3.4324419157 2.4772454707 2.4231126658 2.4869106024 2.6527677203 2.6037530725 2.7410098812 2.837447424 3.0271887869 3.2679239982 3.6704876148 4.1700358015 4.58509547
1.885508124 1.7569491417 1.6968593137 1.7477621681 1.8726787885 2.03471007 2.2473264798 2.7949802599 2.4702309196 2.4810776977 2.6238296305 2.6633483542 2.7027821031 2.6936348967 2.7075377974 3.2162247814 2.5721138613 2.9581606305 2.4307462366 2.3079076491 2.1559090344 2.0974318613 2.0400931897 2.0086138733 2.0222479257 2.1607584393 2.4011939398 2.5899363916 2.7676467177 2.8181941432 2.9502386457 3.0802191472 3.1459413346 3.9693978748 3.2860990603 3.289432721 3.1651661427 3.0058263171 2.7946474334 2.7466168622 2.4459420766 2.7029875569 2.9205877359 2.5558745011 2.8429727442 2.828964188 3.4241134694 3.146254409 3.4512319422 3.9696632666 4.603069519 5.5078917453
2.1621146083 1.8500304934 1.8410940845 1.9106594877 2.0312144571 2.165695223 2.4497332892 2.629797758 2.8242274299 3.1917056185 3.8222664534 3.380037682 2.9894496853 2.9918494315 3.1899268773 3.1106613702 2.8048486672 2.7094799143 2.8780670574 2.6213098999 2.5502055533 2.4165951539 2.6316141129 2.9462278825 2.2780686162 2.3107470137 2.4145806536 2.8516975272 2.6663939621 2.7755601599 2.9020750559 2.9533365541 3.0259595644 3.100971783 3.2224178704 3.218061602 3.0100497082 2.7536759685 2.8216138381 2.4307420011 3.0899228038 2.2917742987 2.3251768714 2.4810012099 2.720320525 2.8858955881 3.0218933958 3.2472368946 4.3559803199 4.1701728903 4.8613718409 5.4959633491
1.8523441948 1.8970811515 1.9792840646 2.7697843164 2.2706923707 2.4279415893 2.6602479095 2.9951410199 3.0930679257 3.2462156495 3.4128936965 3.4106855389 3.4106245795 3.5652729775 3.3889127868 3.2300361214 3.0463065796 2.8946094596 2.8397483205 2.8870796914 3.0791779978 2.7165538992 2.5612082871 2.4935682982 2.7310473008 2.4781075895 2.4144087048 2.4558037779 2.5622044247 2.6482804083 2.7176053766 2.8010073663 2.8484332892 2.9472424924 3.0811944433 3.3311312807 2.7882850788 2.5269755487 2.3187374212 2.2169648476 2.1444923778 2.1351993038 2.1705900178 2.3198577307 2.5661421674 2.9034142454 2.9909776053 3.3222508205 3.6741198937 4.3227534365 5.1052500597 5.7224927745
1.869967104 1.9635370078 2.1680882 2.3527324645 2.5862438102 2.782211703 3.0510237654 3.2198459247 3.3860040409 3.5202249513 3.881234554 3.9351565079 3.8317634718 3.7840369967 3.7187802601 3.8614723936 3.3359631457 3.1230337499 3.0208906359 3.0260770895 3.1719118378 2.9157948322 2.6116391338 2.5372021869 2.5140490704 2.4466796428 2.3737579087 2.3585376488 2.4054330596 2.4455033651 2.4979235644 2.6077518486 2.8862886731 2.7473930748 2.80888431 2.7596939286 2.558801894 2.2860913397 2.106120455 1.9978838212 2.00444889 2.2282883411 2.0518695621 2.1711810927 2.4559885981 2.6832207844 2.9534561659 3.2351312278 3.6915868839 4.3609368223 5.3548274226 5.8883504399
1.9484601567 2.5102047788 2.2799988009 2.5269592352 2.8051901501 3.1821316512 3.3008037276 3.8365147245 3.6513692208 3.822738927 4.0434573789 4.2227756692 4.8882479145 4.1822525562 4.1519669299 3.922561244 3.6776007269 3.4340481723 3.2817908797 3.185534861 3.0556981857 2.8701558349 2.6622493946 2.5327958848 2.4544462183 2.3875428611 2.3330909947 2.3377337772 2.2814833837 2.2607061035 2.2828585676 2.3938815155 2.5662474385 2.4866443082 2.4551711729 2.4582320008 2.7781224723 2.0718551561 1.9230535896 2.4048948955 1.8412532206 2.701203645 1.9148551164 2.0329546817 2.2713009775 2.5706609866 2.851645949 3.2176656322 3.6779490244 4.321232924 5.0276851724 5.585946195
2.1529471327 2.2722572091 2.4650694909 2.6444155513 2.9670738457 3.1982342006 3.4572987344 3.6608754174 3.8900601306 4.097839318 4.3538483098 5.405411073 4.604806618 4.5663809155 4.5926871859 4.1880418167 3.9212795664 3.7464862782 3.587098709 3.4159400606 3.1723865373 2.8935231299 2.6793519858 2.5411889749 2.4591842348 2.4129348402 2.3699116864 2.3216591002 2.2096234099 2.1249769494 2.0965137385 2.1523128016 2.2129324188 2.230038443 2.1638812081 2.2747261728 2.0298658483 1.9125138499 1.7797819956 1.6526169225 1.6519276247 1.6756145479 1.7699764331 1.9239391522 2.1690636901 2.4798509108 2.8591773873 3.2564448856 3.6943210823 4.1725177218 4.676982079 5.1694779277
2.4251948965 2.6612395504 2.6695314275 2.8229264627 3.0643297952 3.2955705505 3.563618812 3.8224671483 4.1216533108 4.465012322 4.80321531 5.1527517951 4.7785323567 4.6284604451 4.7552775597 4.342129253 4.0687680437 3.9148278702 4.1940403953 3.6833688507 3.2818169349 2.9758225018 2.7624437688 2.6208469823 2.5002574463 2.4399790139 2.9042686718 2.36850387 2.2180871959 2.0649361635 1.9453652531 1.9246183558 1.9657937555 2.0577612611 1.8833572314 1.7571046885 1.7215123444 1.8728733545 1.5434366227 1.4584325601 1.5183942328 1.6053821086 1.7482414435 1.8891366296 2.1645604903 2.4877289689 2.9012897222 3.4240237023 3.7618873189 4.0670393097 4.4573919625 4.9707160628
2.8840559575 2.8626394866 2.8931290345 3.4380616853 3.2277050974 3.4744432934 3.7772974735 4.1475722061 4.4568280063 4.8395159662 5.2046874713 5.5153608474 4.7874838685 4.6559247704 4.6390820066 4.4628815153 4.2346975806 4.0436853325 3.8476261479 3.6341729077 3.3458222713 3.0742030179 2.8759324072 2.7885927935 3.4399318894 2.4756961307 2.4010550988 2.4523299826 2.4163204376 2.0253588179 1.8622995407 1.7916397596 1.778925088 1.7317232883 1.6486845335 1.5349935846 1.4938633463 1.4334789678 1.3846060427 1.3452115728 1.4508226157 2.0667880471 1.7181833717 1.9117097808 2.1484163082 2.5763284407 2.8872651399 3.2510295183 3.8094349497 4.470340386 4.2028381909 5.5106806706
3.0001172933 2.9851553103 3.0931795999 3.2216381042 3.4538283769 3.7348521682 4.0584239317 4.456962961 5.2729373337 4.9525153383 4.9483456108 4.9082535595 5.1373624876 4.6234757795 4.5892894724 4.7458609359 4.4940943807 4.1782128406 3.9355901874 3.6390631675 3.4184624253 3.2208100241 3.0430931128 2.8762414036 2.6986251682 2.5143178707 2.3828290716 2.352059414 2.2725538365 2.1550784313 1.9765396608 1.8381404604 1.7232571341 1.6249708481 1.5503618458 1.4682911013 1.4123588501 1.3515240237 1.3168725442 1.3082546071 1.4236394734 1.5581098883 1.6740458084 1.8419448111 2.109766702 2.4135096962 2.6776040953 3.0891618955 3.3043599236 3.6261461736 3.955139894 4.3668793964
