Models/Synthetic/Density/temp_raster_dens.asc
NCOLS 101
NROWS 101
XLLCORNER 3302900
YLLCORNER 3112000
CELLSIZE 4386.138614
NODATA_VALUE NaN
[rows 0 to 22 of 101, columns 0 to 51 of 101]
0.0000286798 0.0000305618 0.0000336233 0.0000378524 0.0000445494 0.0000488902 0.0000525085 0.0000542588 0.0000782715 0.0000556453 0.0000506033 0.0000437078 0.0000370622 0.0000294031 0.000022432 0.0000170028 0.0000131257 0.0000106787 0.0000095675 0.0000096074 0.0000105216 0.0000122488 0.0000156359 0.000022606 0.000017162 0.0000155127 0.0000155913 0.0000161802 0.0000169214 0.0000178344 0.0000186844 0.0000190771 0.0000198155 0.0000216739 0.0000264691 0.0000432789 0.000036987 0.0000446306 0.0000583441 0.0000839132 0.0000703626 0.0000655591 0.0000621278 0.0000586637 0.0000558007 0.0000513671 0.0000480014 0.0000412944 0.0000358607 0.0000294434 0.0000243622 0.0000219547
0.000030167 0.0000318129 0.0000356575 0.000039916 0.0000470078 0.0000895946 0.0000547442 0.0000559334 0.0000567205 0.0000604568 0.0000519644 0.000045285 0.0000378783 0.000029695 0.0000233354 0.0000183351 0.0000145811 0.000012055 0.0000107819 0.0000107237 0.0000115823 0.0000132179 0.0000159997 0.0000173148 0.0000177449 0.0000168985 0.0000172207 0.0000177723 0.000018272 0.0000188089 0.0000191624 0.0000195878 0.0000203092 0.0000221669 0.0000266145 0.0000308296 0.0000370601 0.0000453677 0.0000584549 0.0000671826 0.0000721546 0.0000690103 0.0000652107 0.0000591533 0.0000559248 0.0000517292 0.0000467447 0.0000413835 0.0000356411 0.0000304036 0.0000265461 0.0000248081
0.0000320455 0.0000334245 0.0000372461 0.0000448775 0.0000483578 0.000053565 0.0000600101 0.0000549287 0.0000556043 0.0000540462 0.0000522778 0.0000517861 0.0000387432 0.0000311349 0.0000247203 0.0000205705 0.0000172452 0.0000144499 0.0000129876 0.0000128518 0.0000137729 0.0000152752 0.0000166877 0.0000177581 0.0000184494 0.0000194254 0.0000200764 0.0000205694 0.0000213306 0.0000213238 0.0000217934 0.0000208393 0.0000213536 0.0000226253 0.0000252416 0.0000290115 0.0000346189 0.0000438557 0.0000557036 0.0000632124 0.0000697099 0.0000779878 0.0000647352 0.000058541 0.0000546539 0.0000618196 0.0000452397 0.0000397147 0.0000390746 0.0000299843 0.0000284139 0.0000577625
0.0000332365 0.0000362112 0.0000396793 0.0000433351 0.0000464284 0.0000503125 0.0000532081 0.0000546101 0.0000536901 0.0000517839 0.0000486022 0.0000439932 0.0000455928 0.0000313093 0.0000261392 0.0000238094 0.0000207134 0.000018067 0.0000162543 0.0000163159 0.0000185416 0.0000200051 0.0000211263 0.0000207719 0.0000214232 0.0000224624 0.0000237986 0.0000233182 0.0000236173 0.0000275686 0.0000228228 0.0000236183 0.0000214179 0.0000223641 0.0000251478 0.0000278849 0.0000327216 0.0000405661 0.0000488017 0.0000582807 0.0000794617 0.00006493 0.0000605262 0.0000550542 0.0000536698 0.0000511007 0.0000464444 0.0000399047 0.0000336377 0.000029763 0.0000288589 0.0000441239
0.0000347267 0.0000373055 0.0000652094 0.0000433281 0.0000460143 0.0000499537 0.0000527865 0.0000536787 0.0000529929 0.0000507262 0.0000446834 0.0000405762 0.0000356749 0.0000315397 0.0000275551 0.0000258835 0.0000250646 0.0000217212 0.0000203901 0.0000221761 0.0000248419 0.0000468392 0.0000262211 0.0000255126 0.0000257306 0.0000263405 0.0000263383 0.0000257838 0.0000253729 0.0000239804 0.0000231014 0.000021068 0.0000208222 0.0000214524 0.0000235039 0.0000265275 0.0000306958 0.0000364595 0.0000432091 0.000052462 0.0000798286 0.0000574751 0.0000529036 0.0000509375 0.0000504479 0.000055101 0.0000554521 0.000039991 0.0000334511 0.0000301114 0.0000293029 0.0000284371
0.0000359714 0.0000400428 0.0000414389 0.0000443232 0.000065739 0.0000516787 0.0000526877 0.0000548919 0.0000518254 0.0000472196 0.0000433156 0.0000387107 0.0000347816 0.0000310219 0.0000291867 0.0000282583 0.0000269425 0.000025487 0.0000250606 0.0000276194 0.0000384621 0.0000322947 0.000032058 0.0000311651 0.0000313874 0.0000310784 0.0000300887 0.0000281985 0.00002605 0.0000238801 0.0000217285 0.0000202857 0.0000197428 0.0000204394 0.0000222602 0.000025222 0.0000293269 0.0000343461 0.0000398496 0.0000466678 0.0000588069 0.0000515922 0.0000491176 0.000048282 0.0000481028 0.0000504239 0.0000561345 0.0000403237 0.0000345585 0.0000344303 0.0000299428 0.0000289288
0.0000404914 0.0000432209 0.0000618559 0.0000458464 0.0000467348 0.0000504185 0.0000521557 0.0000527967 0.000049487 0.0000450903 0.000041851 0.000040657 0.0000354676 0.0000324224 0.0000311617 0.000031082 0.0000299581 0.0000295186 0.0000304045 0.0000335733 0.00003558 0.0000370569 0.0000373085 0.0000377919 0.0000378107 0.0000370023 0.0000353638 0.0000323952 0.0000292767 0.0000250826 0.0000225975 0.0000209414 0.0000202737 0.0000206728 0.00002222 0.0000250832 0.00002931 0.0000341289 0.0000388783 0.0000438297 0.0000461237 0.0000477412 0.000070778 0.0000470541 0.0000460045 0.0000450815 0.0000431629 0.0000400202 0.0000367004 0.0000342753 0.000032687 0.0000314966
0.0000478934 0.0000547586 0.0000776542 0.0000497372 0.0000675381 0.0000488891 0.0000512322 0.0000494183 0.000046946 0.0000437152 0.0000414544 0.0000390411 0.0000368016 0.0000344257 0.0000337394 0.0000349818 0.0000354671 0.0000362865 0.0000380384 0.0000400803 0.0000417628 0.0000415234 0.000043095 0.0000463309 0.0000433611 0.0000409174 0.0000392512 0.0000510799 0.0000318192 0.0000271941 0.0000245846 0.0000230337 0.0000224015 0.0000225536 0.0000237017 0.0000261819 0.0000301385 0.0000351283 0.0000395511 0.0000426417 0.0000444002 0.0000454668 0.0000464565 0.0000504871 0.0000440845 0.0000418981 0.0000408737 0.0000404571 0.0000384477 0.0000372596 0.0000362387 0.0000354925
0.0000621635 0.0000633638 0.0000637953 0.0000573568 0.0000525982 0.0000503321 0.000048681 0.0000476509 0.0000454232 0.0000434642 0.0000413947 0.00003984 0.0000386241 0.0000377378 0.0000373045 0.0000390955 0.000054108 0.0000435434 0.0000459293 0.0000554873 0.0000479552 0.0000475366 0.0000493678 0.0000496963 0.0000483068 0.0000446289 0.0000424334 0.0000387048 0.0000347271 0.0000298153 0.000027251 0.0000261519 0.000025802 0.0000258797 0.0000264151 0.0000283313 0.0000317313 0.0000360421 0.0000405639 0.0000448667 0.0000452366 0.0000464083 0.000046945 0.0000456918 0.0000431065 0.0000409612 0.0000405444 0.0000404267 0.0000416834 0.000043134 0.0000439509 0.000041694
0.0000828033 0.0000761448 0.0000743516 0.0000762929 0.0000584278 0.0000530377 0.0000504337 0.0000482237 0.0000462079 0.0000446054 0.0000431509 0.0000426573 0.0000431089 0.0000432795 0.000043184 0.0000441286 0.0000466722 0.0000507674 0.0000553286 0.0000548247 0.0000545018 0.0000543177 0.0000554244 0.0000559758 0.0000523119 0.0000483081 0.0000453937 0.0000423425 0.0000383121 0.0000333873 0.000029998 0.0000292903 0.0000298528 0.0000297025 0.0000301149 0.0000315756 0.0000343609 0.0000380132 0.0000429329 0.0000457366 0.0000473939 0.0000480539 0.0000525574 0.0000447443 0.0000416503 0.0000404408 0.0000399886 0.000040453 0.0000432045 0.0000526401 0.0000541306 0.0000491135
0.0000861524 0.0000993025 0.000078287 0.0000738752 0.0000660626 0.0000598316 0.0000560999 0.000052841 0.0000494879 0.0000469725 0.0000463909 0.0000458972 0.0000482935 0.000052481 0.0000488025 0.0000481847 0.0000510487 0.0000567003 0.0000597771 0.000060735 0.0000597095 0.0000601583 0.0000639302 0.0000618654 0.000058201 0.0000521831 0.0000479881 0.0000624127 0.0000445053 0.0000355869 0.0000323252 0.0000319158 0.000032884 0.0000340949 0.0000353644 0.0000368366 0.000038853 0.0000416745 0.0000447545 0.0000502552 0.0000479909 0.0000480587 0.0000471566 0.0000444894 0.0000413575 0.0000400582 0.000039697 0.0000404458 0.0000437167 0.0000489759 0.0000653862 0.0000475457
0.0000821765 0.0000829547 0.0000848212 0.0000761557 0.0000715305 0.0000685806 0.0000632852 0.0000585506 0.0000553418 0.0000488957 0.0000460745 0.0000477074 0.000056137 0.0000544379 0.000053393 0.0000531593 0.000056119 0.0000609617 0.0000658693 0.0000665802 0.0000659199 0.0000656543 0.0000656222 0.0000744905 0.0000643265 0.0000540246 0.0000495315 0.0000458619 0.0000414716 0.0000368114 0.0000340038 0.0000339731 0.0000358798 0.000040515 0.0000441354 0.0000471104 0.0000464351 0.0000465827 0.0000473903 0.0000482999 0.000048623 0.0000474492 0.0000459151 0.0000439509 0.0000416685 0.0000401551 0.0000397516 0.0000414922 0.0000437898 0.0000469875 0.0000476755 0.0000470872
0.0000841155 0.0000859345 0.0000841116 0.0000798687 0.0000758014 0.0000725877 0.0000687886 0.0000626539 0.0000554136 0.0000499288 0.000048355 0.0000502445 0.0000534912 0.0000555021 0.0000578107 0.000059265 0.0000614112 0.0000645857 0.0000697711 0.0000724788 0.0000735496 0.0000707357 0.0000688191 0.0000644361 0.0000596172 0.0000536901 0.0000487168 0.0000435753 0.0000394763 0.0000366139 0.0000354955 0.0000363291 0.0000394782 0.0000458928 0.0000599352 0.0000579276 0.0000600586 0.0000514148 0.0000496455 0.0000494741 0.0000497392 0.0000496352 0.0000479138 0.0000452572 0.0000425821 0.0000402926 0.000041453 0.0000438988 0.0000480926 0.0000459303 0.0000466332 0.0000494802
0.0000902622 0.0000968837 0.0000879652 0.000082548 0.0000780453 0.0000733928 0.0000687307 0.0000626524 0.0000559258 0.0000507943 0.0000503757 0.0000735834 0.0000552186 0.0000587509 0.000062929 0.0000691613 0.0000654643 0.0000673269 0.0000719891 0.0000803342 0.0000779424 0.0000790358 0.0000693959 0.0000626864 0.0000567731 0.0000514529 0.0000467048 0.0000425919 0.0000391284 0.0000372555 0.0000371528 0.0000391116 0.0000436539 0.0000506035 0.0000571923 0.000070163 0.0000600925 0.0000554337 0.0000529063 0.0000526941 0.0000526032 0.0000530418 0.0000525388 0.0000470844 0.000042877 0.000041962 0.0000431894 0.0000591694 0.0000473765 0.0000459248 0.0000465397 0.0000491703
0.0000989749 0.0000999622 0.0000953605 0.0000870213 0.0000782146 0.0000725967 0.0000676729 0.0000625056 0.0000570607 0.0000542859 0.0000544946 0.0000563329 0.0000610097 0.0000613772 0.000068395 0.0000675551 0.0000681653 0.0000703414 0.0000737589 0.0000769228 0.0000907482 0.0000741685 0.0000688073 0.0000628811 0.0000562735 0.0000504148 0.0000458304 0.0000419457 0.0000392898 0.0000381602 0.0000391624 0.0000422062 0.0000472398 0.0000533084 0.0000565615 0.000058008 0.0000579653 0.0000568054 0.0000592586 0.0000572106 0.000057041 0.0000571137 0.0000546667 0.0000499291 0.0000439853 0.0000427127 0.0000593359 0.0000451428 0.0000452397 0.0000450903 0.0000462005 0.000049443
0.0001082775 0.0001078777 0.0001094774 0.0000915632 0.0000802539 0.0000739509 0.0000697214 0.0000659136 0.0000605624 0.0000599124 0.0000771193 0.0000609761 0.0000592617 0.000062581 0.0000647995 0.0000671087 0.0000682168 0.000071151 0.0000964228 0.0000742637 0.0000714157 0.0000684216 0.0000640187 0.0000614307 0.000056315 0.0000526918 0.0000471086 0.0000433609 0.0000395188 0.0000390843 0.0000411095 0.0000461328 0.0000511339 0.0000550108 0.0000563354 0.0000570917 0.0000580306 0.0000590519 0.0000610605 0.0000727689 0.0000609054 0.0000594736 0.0000622113 0.0000517351 0.0000460417 0.000044416 0.0000433405 0.0000437429 0.0000436564 0.0000451654 0.0000472884 0.0000504354
0.0001168229 0.0001066028 0.0001026406 0.0000993768 0.0000947098 0.0000729568 0.0000882441 0.000073597 0.0000641205 0.0000630311 0.000084696 0.0000643111 0.0000608516 0.0000621926 0.0000643471 0.000066462 0.0000674166 0.0000699435 0.0000725096 0.0000698983 0.0000644991 0.0000608673 0.0000579852 0.0000560856 0.0000743393 0.0000509846 0.0000531902 0.0000428213 0.0000396096 0.0000399972 0.0000430785 0.0000485526 0.0000599064 0.0000567339 0.0000593968 0.0000609437 0.0000623814 0.0000884248 0.0000638083 0.0000650523 0.0000644396 0.0000640854 0.0000595359 0.0000558507 0.0000501484 0.000046191 0.0000436163 0.0000440519 0.000045327 0.000047204 0.0000489619 0.0000509816
0.0001027644 0.000098296 0.0000913602 0.0000852135 0.0000775708 0.0000718768 0.0000692934 0.0000735398 0.0000641476 0.0000660905 0.0000670841 0.0000677942 0.0000617846 0.0000626664 0.0000874005 0.0000654454 0.0000664412 0.0000669084 0.0000661613 0.0000629202 0.0000589389 0.000055905 0.0000526397 0.000050822 0.0000474155 0.0000467527 0.0000428963 0.0000407139 0.0000388693 0.0000416231 0.0000455503 0.0000513746 0.0000551961 0.0000593983 0.0000628494 0.0000752736 0.0000663217 0.0000657165 0.0000655512 0.0000662222 0.0000675535 0.0000644798 0.0000626191 0.000058843 0.0000707576 0.0000497676 0.0000469349 0.0000473185 0.0000749689 0.0000499589 0.0000515945 0.0000519892
0.0000924308 0.0000894403 0.0000834401 0.0000785887 0.0000736952 0.0000690695 0.0000659601 0.0000630038 0.0000621471 0.0000648144 0.0000760363 0.000065497 0.000062589 0.000062362 0.0000638806 0.0000638821 0.0000632957 0.0000651979 0.0000606894 0.0000579053 0.0000544898 0.0000517242 0.0000516274 0.0000434511 0.0000399436 0.0000379293 0.0000368562 0.0000363241 0.0000377494 0.0000418976 0.0000511969 0.0000519158 0.0000565569 0.0000618335 0.0000677112 0.0000700749 0.000070593 0.0000684721 0.0000683021 0.0000691533 0.0000690568 0.0000658839 0.000062358 0.0000600317 0.0000632568 0.0000511332 0.0000498513 0.0000641716 0.0000497339 0.0000514249 0.0000586336 0.000053482
0.0000936102 0.0000849408 0.000081176 0.0000759207 0.0000729994 0.000069267 0.0000663665 0.0000631083 0.0000630458 0.0000643073 0.0000659972 0.0000694994 0.0000616205 0.000060953 0.0000616411 0.0000608818 0.0000602032 0.0000586283 0.0000564834 0.0000537759 0.0000554929 0.000048526 0.0000434156 0.000038259 0.0000344304 0.0000328596 0.000032644 0.0000338009 0.0000365558 0.0000417932 0.0000472398 0.000053482 0.0000593936 0.0000664923 0.0000722441 0.0000756532 0.0000746761 0.0000729331 0.0000729042 0.0000731361 0.0000714053 0.0000668601 0.0000627372 0.0000680289 0.0000547234 0.0000511498 0.0000494143 0.0000488599 0.0000501834 0.0000783014 0.0000542119 0.000058302
0.0000793768 0.0000970672 0.0000775453 0.0000742074 0.0000727683 0.0000709805 0.0000686098 0.0000741281 0.0000648512 0.000078692 0.0000634014 0.0000632729 0.0000632011 0.000062041 0.0000606871 0.0000597586 0.0000579824 0.0000559693 0.0000534466 0.0000512565 0.0000487227 0.000062144 0.0000389819 0.000033842 0.0000311471 0.0000299539 0.0000305292 0.0000327004 0.0000364093 0.0000412382 0.000047386 0.000054719 0.0000640087 0.0000721431 0.0000795672 0.0000829149 0.0000816003 0.0000787247 0.0000778443 0.0000794512 0.0000753581 0.0000699036 0.0000661627 0.0000602877 0.0000553929 0.0000498477 0.0000489484 0.0000467483 0.0000478599 0.0000563277 0.000050372 0.0000476812
0.0000718162 0.0000729915 0.0000747342 0.0000732158 0.0000730206 0.0000722765 0.0000926089 0.0000677293 0.0000782238 0.0000658616 0.0000648913 0.0000656592 0.0000699453 0.0000647505 0.0000629753 0.0000607979 0.0000602347 0.0000578407 0.0000545679 0.0000497301 0.0000466894 0.0000419055 0.0000372123 0.0000321648 0.0000296073 0.0000287196 0.0000298251 0.0000333752 0.0000377705 0.0000431121 0.0000492363 0.0000591145 0.0000695476 0.0000829503 0.000085252 0.0000909501 0.000114378 0.0000840394 0.0000835142 0.0000830745 0.0000814256 0.0000753572 0.0000692374 0.0000690106 0.0000550813 0.0000502458 0.0000476393 0.0000461583 0.0000462242 0.0000461355 0.0000455802 0.0000426501
0.0000650652 0.0000669159 0.000069948 0.0000741062 0.0000734295 0.0000719906 0.000068469 0.0000675703 0.0000927174 0.0000670327 0.0000713104 0.0000709698 0.0000712902 0.0000729214 0.0000657676 0.000064883 0.0000648513 0.0000792929 0.0000564153 0.0000509749 0.0000462118 0.0000411407 0.0000362195 0.000032161 0.0000294885 0.0000286486 0.000030132 0.0000342263 0.0000412605 0.000045187 0.0000520235 0.0000626474 0.0000868379 0.00008402 0.0000912302 0.0001123425 0.0000919783 0.0000894051 0.0000898944 0.0000902947 0.0000864736 0.0000833068 0.0000737024 0.000064482 0.0000565523 0.0000507001 0.0000479398 0.000046185 0.0000449724 0.0000449162 0.0000440475 0.0000416512
