Models/Synthetic/Density/temp_raster_pop.asc
NCOLS 101
NROWS 101
XLLCORNER 3302900
YLLCORNER 3112000
CELLSIZE 4386.138614
NODATA_VALUE NaN
[rows 23 to 45 of 101, columns 0 to 51 of 101]
6.383494388 6.3235301707 6.2539332944 6.2748392622 6.3095442071 6.390271641 6.5022779401 6.6917876786 7.3010026318 7.01272527 7.0613063441 7.1678659312 7.0394570429 7.0586244942 7.1186673455 7.1809962329 7.223322685 7.2732408287 7.324518463 7.2407845885 7.1997527803 7.2622409704 7.9966118127 7.3665701107 7.4119072866 7.4746422762 7.4016591645 7.2557106306 7.1538209993 7.1084165046 7.1018997712 7.1202160263 7.1569133152 7.208132145 7.2759320946 7.3125045856 7.3294339868 7.3397572487 7.3111387305 7.2901815399 7.2557360174 7.2806056079 7.3460825989 7.4159532729 7.4609529594 7.4796832134 7.5222262967 7.5921920049 7.6722584181 7.6495053451 7.6760229896 7.6595439088
6.68573433 6.321494233 6.2481000057 6.2558296659 6.2859583937 6.392092406 7.4026710493 6.7157163145 6.9007354997 7.1309130288 7.2300179629 7.1709983783 7.0914207966 7.0975871147 7.4319269451 7.3138397012 7.2752329639 7.3887941777 7.3727979113 7.3153348967 7.2219859986 7.2882431741 7.3056665771 7.4053884338 7.4327559586 7.4679917795 7.3386218952 7.2183992469 7.1545527444 7.1341389935 7.1365723173 7.1327103151 7.1402510059 7.1585812703 7.1920276389 7.2458855878 7.3071015688 7.3438892189 7.3686124898 7.3841645181 7.4001506095 7.4334056226 7.506073992 7.6182628667 7.6311585077 7.6671557992 7.7177478721 7.8246213311 7.8663552995 7.8439482613 7.7851783403 7.7006303107
6.329096802 6.3040130251 6.2636177502 6.2612715236 6.3151469312 6.3973011866 6.6285138912 6.7654360496 6.9299068757 7.0884264167 7.3918339007 7.1965406902 7.1329141998 7.1486100444 7.1628306494 7.2286212308 7.6428798341 7.3665680505 7.9828868581 7.3175811877 7.9590458253 7.2487244997 7.2482167728 7.3670309329 7.495720827 7.4168042541 7.2981676753 7.2210923915 7.1982675118 7.253526292 7.249727541 7.2529615848 7.2602725414 7.2416614755 7.2415859272 7.248279316 7.3345527543 7.4456119053 7.48822512 7.5410751088 7.5605085381 7.5518666497 7.6104319689 7.6965834266 8.6358170621 7.7987274529 7.8705429598 7.976419759 8.2672891191 8.7551664788 7.9604234301 7.8477366141
6.2859055751 6.2238141444 6.2157626658 6.4801389852 6.3164590508 6.4084301391 6.6327964457 7.5175031108 6.9159281804 7.0062983675 7.1239762499 7.1959593998 7.2138078935 7.1642529921 7.109386272 7.1476413823 7.223227004 7.5104427209 7.3040034722 7.3388985214 7.318399315 7.3167358755 7.3007840516 7.3695538409 7.6236535579 7.3918145299 7.32177981 7.3273057989 7.3294430265 7.3483030885 7.7895972095 8.1764971364 7.3594809582 7.8388217823 7.2819164994 7.262853918 7.4279225789 7.5416278251 7.7809950481 7.6577551655 7.6160749725 7.6618382135 7.7045826566 7.7862712114 7.8271999077 7.8883876724 7.9604840964 8.0636832707 8.1656103014 8.5552478801 8.163605309 8.0893926041
6.1618830825 6.1629563517 6.1681600799 6.2621097701 6.3706274022 6.5253865235 6.6245182638 6.8317411119 6.9697564323 7.0524476616 7.1067811974 7.2150423113 7.2748372776 7.2938307743 7.2180993003 7.1371696788 7.2026807437 7.2846844292 7.3221014054 7.2859413256 7.3524197498 7.4609987176 7.3832872762 7.368267519 7.4295315829 7.4203595577 7.3832363713 7.5086579083 7.6073834464 7.5148791979 7.4375866993 7.3137062703 7.27884271 7.9738709117 7.2802881137 7.2719297941 7.3758633001 7.560682662 8.2968114023 7.7329057214 7.6980233009 7.7282371633 8.5154665748 7.9214018905 7.961624827 7.9749397067 7.9901559443 8.0707646153 8.1537819518 8.1735726804 8.2276956661 8.380839453
6.7095593809 6.0978775415 6.1173180806 6.2632965879 7.6932911504 6.4703190033 6.5350429809 6.7072164847 7.356670388 7.0897830586 7.3740240028 7.199979169 7.3198123881 7.5834634098 7.8380082123 7.1800092161 7.1888997848 7.544722061 7.7793210121 7.270274913 7.3326013841 7.5466770502 7.3767594459 7.3808983473 7.4156913378 7.5311089751 7.4480570154 7.4141469987 7.4920833215 7.9717639855 7.7788180286 7.2285696314 7.210790472 7.2185949476 7.2579993418 7.2622215447 7.3598337431 7.5148339726 7.6913687193 7.8568961619 7.8226780949 7.8372781785 7.909819964 8.1587911806 8.1732982761 8.0250628388 7.9988972766 8.0229180896 8.1362975591 8.431800734 8.3019377854 8.3545983127
5.9493586158 6.0305342812 6.2231659442 6.2601217038 6.3753155566 6.4401198174 6.4689242717 6.6258089933 6.770138636 6.95730842 7.0739761736 7.2409805571 7.3502353544 7.4293930092 7.317677856 7.2798865171 7.2847873363 7.3333562493 7.3256837372 7.2894470472 7.3054575107 7.3281390771 7.3506172521 7.3390613173 7.4072675123 7.6395794798 7.4279509179 7.361326827 7.4617155153 7.4876668804 7.4450202844 7.2697627783 7.2328338291 7.6147560874 7.2585984714 7.2905594055 7.380237844 7.4901249229 7.6711067612 8.008288332 7.9811571848 8.0200531824 8.0788595286 8.0866217942 8.113113402 8.0795576554 8.0290922611 8.0070824043 8.1298819101 8.7220032451 9.2099055289 8.8154028028
5.8875424072 5.9716114973 6.0703121083 6.1652162071 6.2753528611 6.3452292089 6.4076803954 6.4899658681 6.6003420113 6.7439190927 6.9564044902 7.309543557 7.7108785722 7.338873101 7.3526556821 7.3544262315 7.7873013249 7.2939135629 7.2706355455 7.4763671166 7.2693458411 7.3033805068 7.6001073693 7.3514624669 7.4137575343 7.4534775851 7.4313914999 7.3476616692 7.4278299074 7.6668256992 7.4454057501 7.4492784381 7.3525734423 7.2994324559 7.3347139617 7.363422255 7.4406715799 7.5295328631 7.6733571835 7.8453778861 8.0529268191 9.0164800777 8.4057663635 8.0848550855 8.0859260917 8.3097479781 8.0513439226 8.0543234727 8.1455901396 8.2414628616 8.3818030775 8.3014724898
5.8405212575 6.4009500008 5.9918770383 6.0683228435 6.1975195654 6.2988375136 6.3812838806 6.4614875378 6.5364857842 6.6661902388 6.8809550673 7.1498365615 7.3019797472 7.7356705014 7.3749242947 7.7825661052 7.3825169721 7.3373305267 7.2850060306 7.2675009873 7.2840627529 8.0223670456 8.0466079703 7.3675058305 7.4174375792 7.6292569665 7.4334427044 7.3884830368 7.4389484655 7.9150772717 7.5308242601 8.0076680933 7.4362259864 7.3943589421 7.4273988717 7.4933485105 7.5615899919 7.6202534719 7.6992260296 7.8828278914 8.1823292187 8.2171796567 8.1393184187 8.0755729048 8.9006180384 8.1062879166 8.0979226554 8.1061558375 8.240430196 8.215832821 8.2192945223 8.239876873
5.8636143276 5.9603614707 6.0443279996 6.0661746426 6.1559679956 6.3291843628 6.4201574482 6.4899550735 6.5682789195 6.6392937846 6.8037134899 7.0735031355 7.455376508 7.2478385779 7.2529800626 7.3059889542 7.9734869864 7.3296933965 7.2611693058 7.2604239148 7.3049077496 7.3825469576 7.4377394875 7.4351708006 7.4314715399 7.4451800992 7.6984648005 7.4392328315 7.5042749468 7.5585733968 7.6126381899 7.5164269155 7.5536864143 7.6361211505 7.6782142018 7.731105131 7.7375898264 7.7823354636 7.8332324808 7.9601247969 8.3414284037 8.0740177915 8.0055535713 8.0126872731 8.0339232258 8.1027954528 8.1394349303 8.156792668 8.1561006338 8.1937491947 8.2235306605 8.1628122159
5.8858350438 6.4666819046 6.3599498858 6.0763398781 6.1751757554 6.3069041877 6.4540952972 6.8000622466 6.5830677656 6.6298314704 6.7696915614 6.9647017606 7.4291290133 7.0488117253 6.9869251541 7.1281434127 7.5486764288 7.3464286771 7.2831577597 7.2588000018 7.353707909 7.4499423795 7.6348610743 7.9687730253 7.3990525715 7.4409482346 7.4891673383 7.7435425114 7.47777347 7.8803784952 7.5282770267 7.538448589 7.6068617834 7.7635022847 9.0966996537 7.8592607447 7.8188881501 8.0019735308 7.992953634 7.9552187888 8.0402045688 7.9834960945 7.9373583648 7.9571211431 8.002421536 8.0783539144 8.1969512262 8.1492391965 8.1435830345 8.1588324968 8.2129252596 8.2149556954
6.1444231345 5.9634399791 5.9898736979 6.1403183289 6.2710160422 6.4075588144 6.4928446067 6.5603521234 6.602101168 6.6315964472 6.7188489298 6.8379003853 6.8660096581 6.8478947342 6.8293173096 6.9864502419 7.1594608263 7.8679142241 7.2666295151 7.2695873422 7.3323715628 7.5809306972 7.6685996222 7.5001049447 7.441922154 7.4305353056 7.8704269612 7.4563987793 7.4646446008 7.4575691315 7.5226905597 7.5689335621 7.7324217727 7.9015888775 7.9586421549 7.9117650468 7.8639890248 7.8936191141 7.9475203086 7.9571978934 7.9519041653 7.9263561671 7.9263430355 7.9783611314 8.035282298 8.0924857494 8.1368608191 8.1889895446 8.1279912008 8.1689773166 8.2121346176 8.8941863458
5.8439741507 5.8541171808 5.8737141844 6.0655993994 6.7151067607 6.4606893313 6.5667197954 6.6399340831 6.6590687274 6.6414336831 6.7420286909 6.7814137038 6.7730943063 6.7137183999 6.734970073 6.8487180999 7.185918646 7.1463352275 7.562735131 7.2280860091 7.3654249051 7.4510013182 7.5092692515 7.4672689578 7.4375974525 7.5566185852 7.445002486 7.4312762659 7.4053040279 7.4408440821 7.5363018513 7.6537809039 7.7957271009 8.847611041 7.9191928461 7.8832402822 7.9105270327 7.8935955303 7.9351527646 8.4392846436 8.0112745796 7.991171138 8.0238035688 8.0467835753 8.1344893474 8.142728653 8.1416388521 8.8744114754 8.0873711224 8.1136356161 8.3159992009 8.1024244756
5.8294121715 5.8280118856 5.8284838406 5.9980732618 6.1698642283 6.3860065567 6.7903181845 7.3106368602 6.7018353346 6.7284642494 6.791877531 7.3455220557 6.7273387586 6.6811873248 6.7036734431 6.8053176421 6.9292918166 7.0626669406 7.1320886072 7.3110340277 7.271028569 8.3134735627 7.4007111179 7.3961521165 7.5235869709 7.433109025 7.430386047 7.4495596975 7.483478858 7.5375035037 7.6085024193 7.8019982835 7.8438730174 7.8964235717 7.9732401663 7.9779317578 7.9628791849 8.0417700142 7.9895147639 8.0013872938 8.0886700902 8.3561735236 8.1521421457 8.1899990345 8.2507308841 8.3281244225 8.1617730663 8.0650659968 8.0411537044 8.0653215023 8.0325615209 7.9749009147
6.0572034135 5.8672200279 5.8255126605 5.8810480536 6.0267547318 6.2483825403 6.5457919253 6.6880200159 6.7589061034 6.8324225992 7.3351541546 6.7524102563 6.7070327408 6.6755217901 6.7325824016 6.805468806 6.9275658261 7.5602423055 7.1038674555 7.1277792027 7.2704456481 7.2831074805 7.3521485853 7.3715102724 7.4016753894 7.4196393388 7.4269091189 7.5126293175 7.6179761288 7.6219843104 7.7597508102 7.7507515519 7.8747217031 7.9984537325 8.0141796037 8.0004881019 8.0416367845 8.0153003177 8.0398784293 8.0400943919 8.1449577502 8.2730141687 8.3248258725 8.3468593584 8.4961059282 8.3615119756 8.2542347699 8.1030554128 8.0350605752 8.0053681906 7.9381062103 7.9010552406
6.1249204213 6.0542506863 5.8651396121 5.8847607308 6.0049462063 6.1943772023 6.4226318677 6.7647870096 6.6987922383 6.720578157 6.7296598106 6.7114401412 6.6772951714 6.6930061257 6.7391197511 6.8719229751 7.108793796 7.0527090978 7.0633590427 7.3912241063 7.2063181636 7.2518818962 7.3144689654 7.3937826391 7.4477671823 7.4504559005 7.4509927119 7.4952877287 7.5761263409 7.7631388373 7.6630570821 7.7451129771 8.1280601087 8.2337604427 8.035166948 8.7330629862 8.0475544649 8.0630748066 8.0866599332 8.1208999358 8.1842256307 8.3462668931 8.5469519709 8.489832437 8.4534052899 9.1548332734 8.3693894579 8.2164930025 8.1264893921 8.0411395787 7.9658384906 7.8904193499
7.1806129831 6.1868688519 6.0274778321 6.0210028092 6.0473423406 6.1954592982 6.4239626327 6.5823839176 6.6627292652 6.7126968381 6.7461803593 6.7645298921 6.7190817352 6.7374541843 6.778610485 6.8987040375 7.0797285887 6.9774891401 7.0068667073 7.1800016212 7.3621252518 7.3938695061 7.3794180807 7.5095102517 8.1664393044 7.5393418865 7.4815992835 7.4920428301 7.5331790379 7.5940692082 7.6582634492 7.7359371371 7.8723427054 7.9767403209 8.0388524949 8.0569350436 8.1152907941 8.1351614743 8.1768483934 8.1806909501 8.2247735332 8.3703976815 8.8531692005 8.5688649444 8.5412667771 8.5003255944 8.5066433507 8.3072274167 8.2101241019 8.3294857119 7.997327704 7.9113718703
6.209916948 6.2699566169 7.3447212182 6.1814111619 6.1790109486 6.3185788045 6.4178437493 6.5523319164 6.5996760741 6.7295544425 7.0590851266 6.8681237425 6.8213159489 6.8032295349 6.8566545564 6.894797365 6.9064140313 6.9168547574 6.9390105779 7.1616356543 7.7875510591 7.484306767 7.6758642352 7.4686106502 7.4817641045 7.5146336535 7.713166377 7.4847324451 7.5389974966 7.6553934826 7.7402486192 7.7761270959 7.8251186374 7.9075283047 7.988372965 8.0744295262 8.1570105862 8.2279377142 8.2382659389 8.2512083007 8.2567023408 8.3560852619 8.4717554394 8.9810215345 8.6660470801 8.5166497058 8.406471541 8.3392216335 8.3080725374 8.1601561058 8.0407788561 7.9066692765
6.0743974367 6.189192943 6.2761174456 6.3627961355 6.5755564509 6.4360090994 6.7137222173 6.5062637485 6.5910723376 6.7620434839 6.9149505005 7.0720043744 6.9307658181 6.9070417227 6.954286589 6.9560888413 6.9710008971 6.9312924388 6.9851410003 7.1465268509 7.4163106062 7.8806576243 7.477980597 7.5011652126 7.4937090404 7.5490283376 7.530193845 7.5247789666 7.5582019915 8.3497692007 8.0225310218 7.9001696063 7.9398021901 7.9858913108 8.0059464571 8.0924017985 8.1860224595 8.2376971231 8.3385113049 8.3006148409 8.3307716617 8.332832151 8.479788733 8.5946235692 8.7439381382 8.525526507 8.4126968333 8.3523096417 8.249380256 8.1568776407 8.0476914314 7.9543032404
6.049615172 6.1050674401 6.22900394 6.6739268755 6.4897466692 6.9929887997 6.5444371683 6.5739462175 6.7256622899 6.8642406374 6.9709978755 7.0361380127 7.0190471387 7.0833904464 7.1480429705 7.2713558622 7.0550675316 7.6422655999 7.0409867352 7.1587033023 7.3161306273 7.4120079912 7.5014355785 7.5565640467 7.6504776104 7.6508311771 7.6704461424 7.6054457744 7.6048951869 7.7056110119 7.849128794 8.0186616827 8.3394139949 8.0387943669 8.0335644515 8.0971643865 8.1579872459 8.2121132754 8.2627805731 8.5677147176 8.3120376689 8.3941269626 8.5331472133 8.7076522169 8.5407404278 8.504917363 8.59066591 8.3409470356 8.2398915424 8.16963859 8.1028566657 8.0132554216
6.0916958258 6.0277686735 6.179384858 6.3037108232 6.4256253739 6.476115496 6.5776325207 7.5041258949 6.8185710221 8.0145882079 6.9839086929 6.9758103943 7.0585213698 7.2281528585 7.5799083331 7.2986545053 7.1623049335 7.061230227 7.1085742562 7.2462387521 7.5830197685 7.3776675436 7.42588561 7.5569887644 7.6671021422 7.8362160657 8.0366956928 7.6718183292 7.6818836157 7.6263585479 7.7604117261 8.0949940031 8.0817004985 8.0977340961 8.0694581962 8.1064989607 8.1526027424 8.1731282278 8.2296564259 8.2521699411 8.3287774447 8.4258162716 9.5091539602 8.5603519655 8.5109926636 8.4868773925 8.4422486649 8.3664510663 8.2678163361 8.2516676404 8.2058889171 8.1250981819
5.876550704 5.9546223252 6.0409145938 6.175206994 6.3060552618 6.4092042536 6.9774545859 6.6568812238 7.0674114106 7.0783878724 6.9836514672 6.9586462826 7.0778724967 7.2743479595 8.185556791 7.3653553349 7.1586558299 7.1210675453 7.1651826173 7.2867751159 7.3838295551 7.4495372167 7.4451456548 7.5344272576 7.8077266659 7.7980010973 7.7615058125 7.6786969637 7.6230834883 7.6518525527 7.7791800919 7.897621288 8.0982828279 8.1024354476 8.1385049569 8.1850940971 8.1811189373 8.2211250863 8.2282389074 8.25997153 8.3087370214 8.4803871711 8.5115312875 8.5231543529 8.5008584356 8.521371759 8.4983480196 8.4472776926 8.3534529867 8.3769528601 8.4945898517 8.2146203592
5.8730229245 5.9415987792 6.0463258033 6.1840970901 6.306513628 6.4044895279 6.4775051178 6.594788781 6.7071811333 7.5161902051 6.8872295279 6.9557722369 7.0544834152 7.2020214556 7.3088031761 7.3040488089 7.2416869098 7.2345045781 7.3735457297 7.3235483156 7.3658901613 7.5614903769 7.4562831947 7.5347129707 7.7181885563 7.6947157325 7.6508476195 7.6125593936 7.6211004302 7.7956479323 7.748066913 7.9452470606 7.9451543429 8.0802431455 8.3831271724 8.3306301011 8.3226894819 8.2679692624 8.3787973183 8.2817787417 8.3336139882 8.4101636674 8.4840735781 8.5107067353 8.5376082344 8.6279229359 8.7357208885 8.6014015235 9.1596073106 8.4289583896 8.5356764452 8.3156926399
