Models/Synthetic/Density/temp_raster_dens.asc
NCOLS 100
NROWS 100
XLLCORNER 3302900
YLLCORNER 3112000
CELLSIZE 4430
NODATA_VALUE NaN
[rows 46 to 68 of 100, columns 0 to 51 of 100]
0.0001551352 0.0001191779 0.0000700114 0.0000366528 0.0000200533 0.000015129 0.0000137393 0.0000119128 0.0000090432 0.0000070238 0.0000060794 0.0000059274 0.0000060377 0.0000059606 0.0000057645 0.0000061074 0.0000081244 0.0000115454 0.0000149505 0.0000160161 0.0000150048 0.0000128344 0.0000102385 0.0000082604 0.0000068692 0.0000062464 0.0000061124 0.0000057774 0.0000047738 0.0000032905 0.0000022231 0.0000021359 0.0000032387 0.0000053499 0.0000077107 0.0000097387 0.0000111907 0.0000123257 0.0000128182 0.0000121133 0.0000102469 0.0000076478 0.0000051908 0.0000034334 0.0000023932 0.0000018238 0.0000015686 0.0000015294 0.0000016022 0.0000015787 0.0000015666 0.0000016889
0.0000804875 0.0000703105 0.0000472453 0.0000268408 0.0000162661 0.0000127722 0.0000118883 0.0000100595 0.0000077008 0.0000057469 0.0000048036 0.000004548 0.0000045293 0.0000044379 0.0000043347 0.0000048018 0.0000064781 0.0000094714 0.0000125458 0.0000146519 0.0000150106 0.0000132372 0.0000111208 0.0000089206 0.000007388 0.0000067238 0.0000069719 0.0000070884 0.0000059242 0.0000041878 0.0000029333 0.0000029591 0.0000046383 0.000007897 0.0000119082 0.0000151129 0.0000174997 0.0000194479 0.0000209308 0.0000207965 0.0000176476 0.0000127204 0.0000077681 0.0000042247 0.000002243 0.0000013765 0.000001129 0.000001177 0.000001253 0.0000012496 0.0000011842 0.0000012112
0.0000377409 0.0000368811 0.0000284745 0.0000190832 0.0000130571 0.0000106554 0.0000095704 0.0000082825 0.0000064788 0.0000049687 0.0000040509 0.0000036524 0.0000034637 0.0000033379 0.0000033219 0.000003733 0.0000048956 0.0000068129 0.0000091528 0.0000111963 0.0000119217 0.0000113878 0.0000099089 0.000008456 0.0000068963 0.0000063027 0.0000066556 0.0000069452 0.0000062191 0.0000048192 0.0000038521 0.0000040919 0.0000060886 0.0000101051 0.0000154825 0.0000209422 0.0000260662 0.0000320082 0.0000378748 0.0000388696 0.0000333856 0.0000226784 0.0000127272 0.0000059547 0.000002532 0.0000011889 0.0000008448 0.0000008846 0.0000010044 0.0000010742 0.0000011285 0.0000012684
0.0000259122 0.0000262497 0.0000224968 0.000017479 0.000013255 0.0000106437 0.0000091483 0.0000079798 0.0000068583 0.0000056977 0.0000046578 0.0000038011 0.0000032356 0.0000029009 0.0000028914 0.000003133 0.0000036724 0.0000045676 0.0000058212 0.000007023 0.000007753 0.0000077569 0.0000072731 0.0000063209 0.000005417 0.0000049724 0.0000053085 0.0000058445 0.0000060544 0.0000059284 0.0000059302 0.0000065512 0.0000084135 0.0000121013 0.0000177282 0.0000251239 0.0000352929 0.0000510634 0.0000661411 0.0000723517 0.0000589863 0.0000387965 0.0000198971 0.0000084454 0.0000031394 0.0000012239 0.0000007741 0.0000008677 0.0000011035 0.0000013078 0.0000014781 0.0000017202
0.0000311225 0.0000293707 0.0000262856 0.0000218772 0.0000177372 0.00001417 0.0000117086 0.0000102443 0.0000094368 0.000008437 0.0000067595 0.0000049336 0.000003489 0.000002817 0.0000026805 0.0000028052 0.0000028885 0.0000030923 0.0000034624 0.0000039096 0.0000042722 0.0000044472 0.0000043256 0.0000039286 0.0000034811 0.0000034153 0.0000039991 0.0000053354 0.0000073277 0.0000097257 0.0000118799 0.0000134218 0.0000145839 0.0000164316 0.000020133 0.0000274194 0.0000424707 0.0000684506 0.0001016145 0.0001076738 0.0000900978 0.0000554332 0.0000269891 0.0000108044 0.0000037771 0.0000013836 0.0000009111 0.0000011828 0.0000016663 0.0000020691 0.0000022646 0.0000024229
0.000037132 0.000033847 0.0000312943 0.0000280742 0.0000244306 0.0000282386 0.0000166567 0.0000142648 0.0000136245 0.0000122161 0.000009637 0.0000062639 0.0000038508 0.0000026788 0.000002375 0.0000023156 0.0000022795 0.0000022112 0.000002153 0.0000021532 0.000002203 0.0000022707 0.0000022553 0.0000021271 0.000002038 0.0000023632 0.0000037158 0.0000069581 0.0000127177 0.0000204629 0.0000277891 0.0000316957 0.0000313884 0.0000285993 0.0000266722 0.0000302783 0.0000455105 0.0000757395 0.0001098478 0.0001287447 0.0001089028 0.0000631475 0.0000300291 0.0000118798 0.0000041143 0.0000015692 0.0000011811 0.000001689 0.0000025474 0.0000031768 0.0000033433 0.0000031418
0.0000305719 0.0000305351 0.0000310213 0.0000302692 0.0000281391 0.0000290416 0.0000211633 0.0000182678 0.0000165806 0.000015018 0.0000110818 0.0000069793 0.0000039437 0.0000024276 0.000001881 0.0000017387 0.0000016691 0.0000015838 0.0000014689 0.00000132 0.00000124 0.0000012352 0.000001254 0.0000012629 0.0000014032 0.0000021739 0.0000047766 0.0000114391 0.0000248246 0.0000441489 0.0000637356 0.0000733977 0.0000693918 0.0000553112 0.0000412835 0.0000353593 0.0000436499 0.0000714363 0.0001010831 0.0001049731 0.0000892997 0.0000555634 0.0000272881 0.000010992 0.0000039936 0.0000017387 0.0000015037 0.0000021768 0.0000032314 0.0000041481 0.000004169 0.0000036575
0.000019587 0.0000217604 0.0000241009 0.0000255803 0.0000260128 0.0000249365 0.0000231875 0.0000196857 0.000016934 0.0000139024 0.0000104434 0.0000065784 0.0000037552 0.0000021857 0.0000015127 0.0000012716 0.0000011865 0.0000011377 0.0000010691 0.0000010091 0.0000010105 0.0000011126 0.0000012543 0.000001382 0.0000016516 0.0000027982 0.0000068506 0.000018121 0.0000427074 0.0000837952 0.0001258925 0.0001494086 0.0001337361 0.0000982397 0.0000622609 0.0000419865 0.0000389242 0.0000493895 0.0000635981 0.0000670743 0.0000566824 0.0000385267 0.0000199673 0.0000086404 0.0000035356 0.0000019302 0.0000018684 0.0000024905 0.0000034576 0.0000042223 0.000004382 0.000003674
0.0000104907 0.0000127129 0.0000153208 0.0000178678 0.0000201234 0.000021695 0.0000210861 0.000018467 0.0000146014 0.0000112819 0.0000083571 0.0000057437 0.0000036088 0.0000022266 0.0000014814 0.0000011368 0.0000010064 0.0000009682 0.0000009968 0.0000011367 0.0000014652 0.0000019673 0.0000024761 0.0000027978 0.0000030464 0.0000042249 0.0000092487 0.0000245671 0.0000605573 0.000124205 0.0002036223 0.0002361663 0.0002120694 0.0001402837 0.0000815972 0.0000470247 0.0000331887 0.0000314685 0.0000340444 0.0000344014 0.0000295475 0.0000208988 0.0000121823 0.0000059744 0.0000030616 0.0000022236 0.0000022888 0.0000027328 0.0000033226 0.0000038908 0.0000039818 0.0000035792
0.0000050484 0.0000066656 0.0000088543 0.0000116509 0.0000148984 0.0000175637 0.0000180455 0.0000154889 0.0000119777 0.0000089954 0.0000069976 0.0000054439 0.0000039653 0.0000027049 0.0000018334 0.0000013982 0.000001237 0.0000012359 0.0000013899 0.0000018744 0.0000028738 0.000004313 0.0000057122 0.0000064244 0.000006364 0.0000067933 0.0000113751 0.0000278819 0.0000690896 0.0001441648 0.0002447092 0.0002923223 0.0002413461 0.0001607373 0.0000955506 0.000046531 0.0000274273 0.0000200751 0.0000175991 0.0000161282 0.0000136886 0.0000102123 0.0000067045 0.0000041741 0.0000029227 0.0000026442 0.0000028437 0.0000031825 0.0000037762 0.0000044976 0.0000050593 0.0000052521
0.0000028533 0.0000040024 0.000005822 0.0000085726 0.0000119519 0.0000147589 0.0000152738 0.0000134188 0.0000104395 0.0000082252 0.0000070863 0.0000061618 0.0000049375 0.0000034884 0.0000024761 0.0000020003 0.0000019331 0.0000020317 0.0000023535 0.0000033296 0.0000055448 0.0000088896 0.0000121705 0.0000136934 0.0000127915 0.0000111321 0.0000131627 0.0000266262 0.0000627306 0.000132743 0.0002035516 0.0002400068 0.0002083694 0.0001363188 0.000075835 0.0000389598 0.0000215991 0.0000140165 0.0000108024 0.0000090586 0.0000074672 0.0000058676 0.0000045196 0.0000036724 0.0000033319 0.0000033565 0.0000037742 0.000004967 0.0000073452 0.0000108204 0.0000146549 0.0000176532
0.000003022 0.0000039734 0.0000055828 0.0000081907 0.0000115894 0.0000142779 0.0000150421 0.0000134865 0.0000111447 0.0000092768 0.0000082857 0.000007572 0.0000060683 0.000004443 0.0000032771 0.0000029009 0.0000030354 0.0000033328 0.0000037726 0.0000053071 0.0000091846 0.0000157204 0.0000223601 0.000025379 0.0000227833 0.0000173642 0.0000146604 0.0000217719 0.0000548686 0.0000863878 0.0001302554 0.0001486175 0.0001325664 0.0000938865 0.0000539894 0.0000284935 0.0000160498 0.0000111943 0.0000094108 0.0000081993 0.0000068712 0.000005474 0.000004509 0.0000041664 0.0000041744 0.0000045581 0.0000062741 0.0000116465 0.0000231129 0.0000414978 0.0000635506 0.0000824099
0.0000049425 0.0000058315 0.0000073581 0.0000097195 0.0000128885 0.000016096 0.0000172375 0.0000165022 0.0000146191 0.0000123208 0.0000106118 0.0000089302 0.0000074095 0.0000056535 0.0000043628 0.0000039684 0.0000043422 0.00000474 0.0000052605 0.0000071301 0.0000126449 0.0000225614 0.0000339824 0.0000387262 0.0000340572 0.0000232822 0.0000154741 0.0000158719 0.0000266039 0.0000459076 0.0000660646 0.0000769115 0.0000717867 0.0000542808 0.0000339097 0.0000192027 0.000012256 0.000010584 0.0000107985 0.0000106118 0.0000090329 0.0000069282 0.000005271 0.0000047301 0.0000050564 0.0000063675 0.0000124115 0.0000323471 0.0000800104 0.0001645344 0.0002763237 0.0003762104
0.0000077632 0.0000088718 0.0000104948 0.0000124281 0.0000151047 0.0000181667 0.0000209497 0.000021139 0.0000193023 0.000018022 0.0000129783 0.0000108567 0.0000093268 0.0000075279 0.0000058862 0.0000051154 0.0000052738 0.0000057487 0.0000060339 0.0000080974 0.0000143652 0.0000262558 0.0000402481 0.0000476411 0.0000395669 0.0000255993 0.000014771 0.0000108052 0.0000135601 0.0000211648 0.0000304078 0.0000370044 0.000037414 0.0000300206 0.0000204881 0.0000133514 0.0000105692 0.0000113463 0.0000135441 0.0000139812 0.0000119485 0.0000083654 0.0000057712 0.0000048411 0.0000054175 0.0000091408 0.0000248131 0.0000809201 0.0002439787 0.0005799451 0.0010709745 0.0015582874
0.0000103006 0.0000118825 0.0000138282 0.0000155104 0.0000171671 0.000020221 0.0000236535 0.000025503 0.0000229293 0.0000186554 0.0000151932 0.0000132115 0.0000118703 0.0000100031 0.0000077218 0.0000063008 0.0000058606 0.0000057148 0.0000060007 0.0000079627 0.0000138533 0.0000244982 0.0000375581 0.000045523 0.0000354749 0.0000224669 0.0000122803 0.0000072401 0.0000068782 0.0000097824 0.0000143789 0.0000186894 0.0000198544 0.0000175907 0.0000135303 0.000010811 0.0000105074 0.0000123864 0.0000149421 0.0000159485 0.0000128686 0.0000086826 0.0000055287 0.0000044418 0.0000057885 0.0000130621 0.0000445055 0.000168997 0.0005795016 0.0016996131 0.0035527855 0.0055683802
0.0000114562 0.0000132412 0.0000158004 0.0000170833 0.0000190089 0.0000222044 0.0000264284 0.0000281293 0.0000259 0.0000209204 0.0000168893 0.0000148995 0.0000139918 0.0000118838 0.000009572 0.0000077391 0.0000064587 0.0000056164 0.0000055181 0.0000072465 0.0000119082 0.0000195486 0.0000271149 0.0000293359 0.0000246546 0.0000160226 0.0000087354 0.0000048181 0.0000040345 0.0000054917 0.000008173 0.0000106339 0.0000117386 0.0000112302 0.000010356 0.0000102025 0.0000109896 0.0000124377 0.0000138714 0.0000136095 0.0000111956 0.0000074244 0.0000046928 0.0000039503 0.0000062802 0.0000177752 0.0000684331 0.0002823204 0.0010872442 0.0035316213 0.0095464953 0.0167174691
0.0000110075 0.0000126793 0.0000147701 0.0000171448 0.0000207524 0.0000267921 0.0000330806 0.0000358459 0.0000328892 0.0000261521 0.0000196996 0.0000160757 0.000014236 0.0000128116 0.0000111517 0.0000094263 0.0000076086 0.0000058785 0.0000052692 0.00000652 0.000009846 0.0000144064 0.0000177301 0.0000178361 0.0000144263 0.0000095733 0.0000054492 0.0000032302 0.000003044 0.0000044448 0.0000065131 0.000008165 0.0000086805 0.0000085387 0.0000087077 0.0000096519 0.0000107397 0.0000110294 0.0000107964 0.0000098947 0.0000080021 0.000005673 0.0000038527 0.000003622 0.0000067034 0.0000213881 0.0000894339 0.0003859743 0.0015488658 0.0055985608 0.0164146871 0.0396462813
0.0000103929 0.0000116668 0.0000132234 0.0000170255 0.0000246729 0.0000368915 0.0000491422 0.0000546071 0.0000488451 0.0000366051 0.0000248688 0.0000180734 0.0000150976 0.0000136188 0.0000124959 0.0000111108 0.0000087174 0.0000064329 0.00000527 0.0000058848 0.0000081304 0.0000107328 0.0000122922 0.000011121 0.0000083677 0.0000053628 0.0000032032 0.0000023356 0.0000028699 0.0000046398 0.0000069702 0.0000083649 0.0000083275 0.0000075521 0.000007501 0.0000082901 0.0000089613 0.0000089918 0.0000084141 0.0000076496 0.0000066198 0.0000053074 0.0000041099 0.0000039056 0.0000068433 0.000022458 0.0000967266 0.0004390742 0.001776108 0.006461874 0.0204932462 0.0489157928
0.0000254899 0.0000114509 0.0000139251 0.000020345 0.0000329644 0.0000527276 0.0000744149 0.0000822059 0.0000721411 0.0000500972 0.0000324655 0.0000230106 0.0000191082 0.0000167942 0.0000146628 0.0000120811 0.0000094527 0.0000068878 0.0000053412 0.0000053514 0.0000065353 0.0000080216 0.0000083665 0.000007253 0.0000050933 0.0000031624 0.0000020544 0.0000019626 0.0000029482 0.0000049574 0.000007323 0.0000088499 0.0000081911 0.0000069778 0.0000064187 0.0000067462 0.0000075446 0.0000083596 0.0000092164 0.0000098918 0.0000100278 0.0000090233 0.0000072284 0.0000057128 0.0000071878 0.0000206605 0.0000886897 0.0003855293 0.0015644882 0.0056591837 0.0168062769 0.0401774147
0.0000115262 0.0000146039 0.0000210476 0.0000330342 0.0000517795 0.0000772291 0.0001019878 0.0001115575 0.0000907531 0.0000619931 0.0000408681 0.0000310222 0.0000270743 0.0000305667 0.0000179808 0.000013203 0.0000097942 0.0000072194 0.0000057278 0.0000053506 0.0000057089 0.000006045 0.0000057898 0.0000047222 0.0000032966 0.0000020918 0.0000015784 0.0000018846 0.0000029914 0.000004775 0.0000067287 0.0000076793 0.0000073759 0.0000063701 0.0000059508 0.0000065572 0.0000083648 0.0000118873 0.000016214 0.0000203412 0.0000219107 0.0000203527 0.0000154771 0.0000103962 0.0000085196 0.0000175375 0.0000681061 0.0002859257 0.0010806485 0.0035513762 0.0095664099 0.0167482561
0.0000139601 0.0000236994 0.0000422909 0.0000707003 0.0001025119 0.0001312732 0.0001470232 0.0001427789 0.0001057539 0.0000697411 0.0000483934 0.0000409393 0.0000374671 0.0000311819 0.0000222472 0.0000146695 0.0000101477 0.0000079548 0.0000071515 0.0000069512 0.0000066821 0.0000059866 0.0000049108 0.0000036543 0.0000024748 0.0000016568 0.0000014211 0.00000186 0.0000028909 0.000004201 0.000005412 0.0000061425 0.0000063019 0.0000063356 0.0000068738 0.0000086382 0.000012595 0.0000202355 0.0000330104 0.0000421815 0.0000470058 0.0000422005 0.0000308968 0.0000185068 0.0000112805 0.0000144368 0.0000455838 0.000170403 0.0005852634 0.0016815713 0.0035970538 0.0056719555
0.0000193183 0.0000399302 0.000090847 0.000156133 0.0002430456 0.0002780316 0.0002565783 0.000207547 0.0001310028 0.0000793573 0.0000554527 0.0000493841 0.0000466618 0.0000371982 0.0000253788 0.0000159528 0.0000108395 0.0000095487 0.000010178 0.0000108061 0.0000100259 0.0000081147 0.0000058341 0.0000039267 0.0000025143 0.000001641 0.0000014148 0.0000017996 0.0000025963 0.0000035508 0.0000043838 0.0000052592 0.0000062247 0.0000074308 0.0000093286 0.000012883 0.0000197466 0.0000326532 0.0000526333 0.0000790836 0.0000837529 0.0000742536 0.0000510273 0.0000284906 0.0000148216 0.0000122162 0.0000266201 0.000084085 0.0002485653 0.000590461 0.0011139855 0.0015971586
0.0000261897 0.0000623975 0.0001514265 0.0003147397 0.000467859 0.0005633412 0.00048697 0.0003408768 0.0001825576 0.0000947224 0.0000623344 0.0000547432 0.0000496094 0.0000386918 0.0000260398 0.0000162753 0.0000115805 0.0000115406 0.0000141647 0.0000156707 0.000014578 0.0000110635 0.0000076185 0.0000049484 0.000003009 0.0000019041 0.0000015525 0.0000017653 0.000002317 0.0000029939 0.0000038889 0.0000052106 0.0000071072 0.0000092865 0.0000122609 0.0000175369 0.0000275617 0.0000449423 0.0000722434 0.0001035428 0.0001240586 0.0001027875 0.000067777 0.0000364991 0.0000176718 0.00001068 0.0000145853 0.0000348322 0.0000843811 0.000174108 0.0002938294 0.0004021543
