Models/Synthetic/Density/temp_raster_dens.asc
NCOLS 501
NROWS 301
XLLCORNER 3551300
YLLCORNER 2778253.213573
CELLSIZE 833.932136
NODATA_VALUE NaN
[rows 253 to 275 of 301, columns 318 to 370 of 501]
0.0000000225 0.0000000528 0.0000001558 0.0000004427 0.0000011821 0.0000029823 0.0000070263 0.0000152884 0.0000316409 0.0000480728 0.0000831679 0.0000408794 0.0000233951 0.0000130567 0.0000076326 0.0000053366 0.0000039743 0.0000040392 0.0000059203 0.0000096548 0.000013743 0.0000161886 0.0000166823 0.0000128615 0.0000082558 0.0000033294 0.0000015424 0.0000010278 0.0000032026 0.0000047792 0.0000096213 0.000023608 0.0000603217 0.0000803173 0.0001304254 0.0002112885 0.0001238662 0.0000719208 0.0000423979 0.0000208358 0.0000087207 0.0000036101 0.000001822 0.000001208 0.0000008575 0.0000005443 0.0000003 0.0000001596 0.0000001195 0.0000001701 0.0000003377 0.0000006451 0.000000963
0.0000000444 0.0000000814 0.0000001874 0.0000004853 0.0000013117 0.0000035507 0.0000093708 0.0000221708 0.0000477812 0.0001263776 0.0000747932 0.0000552477 0.0000302245 0.0000143575 0.0000064779 0.0000031024 0.0000020305 0.0000022489 0.0000034656 0.0000053932 0.0000074043 0.0000085011 0.000009624 0.000033844 0.0000054182 0.0000019527 0.0000008505 0.0000005772 0.0000008433 0.0000020841 0.0000058685 0.0000179485 0.0000673268 0.0000744662 0.00009756 0.0001111767 0.0001106391 0.0000758039 0.0000365031 0.0000174043 0.0000077799 0.0000038787 0.0000026642 0.0000022042 0.0000016728 0.0000010746 0.000000606 0.0000003859 0.0000003396 0.00000041 0.0000006318 0.0000010764 0.0000016727
0.0000001971 0.000000347 0.0000005505 0.0000007075 0.0000013873 0.0000036669 0.0000105187 0.0000293035 0.0000623529 0.0001000488 0.0001078848 0.0000636298 0.0000310214 0.0000140258 0.0000057905 0.000002455 0.0000015387 0.0000018772 0.0000029801 0.0000044605 0.00000577 0.0000063884 0.0000075417 0.0000062663 0.0000045886 0.0000015912 0.0000006999 0.0000003517 0.0000004297 0.0000011784 0.0000035726 0.000010378 0.0000224376 0.0000396577 0.0000697819 0.0000635655 0.0000593573 0.000045415 0.0000271825 0.0000127424 0.0000062608 0.0000039897 0.0000036359 0.0000033938 0.000002703 0.0000017365 0.000001173 0.0000010573 0.0000011889 0.0000012964 0.0000013923 0.0000016465 0.0000021157
0.0000003811 0.0000025252 0.0000028168 0.0000027977 0.0000013235 0.0000032229 0.0000098217 0.0000276206 0.0000737288 0.0001240341 0.0001134618 0.0000515472 0.0000249607 0.0000111385 0.0000046339 0.0000020564 0.0000016169 0.0000025053 0.0000042942 0.0000065958 0.0000084678 0.0000093567 0.0000085849 0.0000067503 0.0000042779 0.000002265 0.0000009373 0.0000003857 0.0000003041 0.000000684 0.0000018919 0.0000046957 0.0000097664 0.0000187723 0.0000266206 0.0000319339 0.0000307356 0.0000238558 0.0000152913 0.0000083182 0.0000046584 0.0000037346 0.0000039924 0.0000041898 0.0000033371 0.0000024925 0.000002278 0.0000031154 0.0000041391 0.0000046578 0.0000038373 0.0000028451 0.00000224
0.0000005659 0.0000027737 0.0000185025 0.0000029383 0.0000011524 0.0000023732 0.0000070763 0.0000200706 0.000036413 0.0000480358 0.0000430994 0.0000294766 0.0000149036 0.0000071246 0.0000031847 0.0000017744 0.0000020606 0.0000038006 0.0000070485 0.0000111142 0.0000157674 0.0000172806 0.0000167755 0.0000122912 0.0000079785 0.0000036845 0.0000014663 0.0000005378 0.0000002649 0.0000003719 0.0000008925 0.0000020316 0.0000041384 0.0000072155 0.0000108485 0.0000139117 0.0000143175 0.0000119943 0.0000079898 0.0000048436 0.0000032469 0.0000030425 0.0000034907 0.0000036621 0.0000035237 0.0000035753 0.0000046786 0.0000073846 0.0000128402 0.0000135462 0.0000109013 0.0000046273 0.000002181
0.0000005258 0.0000025494 0.0000027669 0.0000026114 0.0000007457 0.0000014191 0.0000039562 0.0000086179 0.0000139219 0.0000169425 0.0000157256 0.0000115443 0.0000068963 0.0000036251 0.0000019514 0.0000017483 0.0000028682 0.0000055358 0.0000099941 0.0000173616 0.0000244856 0.000033279 0.0000267186 0.0000223446 0.0000115283 0.0000053817 0.0000021337 0.0000007641 0.0000002865 0.0000002103 0.0000003787 0.0000008098 0.0000015957 0.0000028029 0.0000043475 0.0000056566 0.0000061324 0.0000054154 0.0000040897 0.000002863 0.0000022794 0.0000022661 0.0000025054 0.0000028262 0.0000035256 0.0000055789 0.0000098054 0.0000158933 0.0000236626 0.0000343235 0.0000168038 0.0000065892 0.0000023024
0.0000004499 0.0000003877 0.0000004583 0.000000372 0.0000003805 0.0000006783 0.000001593 0.0000030086 0.0000044974 0.0000053187 0.0000050865 0.000003968 0.0000026166 0.000001558 0.0000011726 0.0000018276 0.0000041519 0.0000072599 0.0000121706 0.0000209468 0.0000691071 0.0000730289 0.0000539127 0.0000232183 0.0000136906 0.0000066867 0.0000028095 0.0000010337 0.0000003471 0.0000001478 0.0000001581 0.0000003014 0.0000005896 0.000001054 0.0000016473 0.0000022258 0.0000025817 0.0000026426 0.0000024744 0.0000022472 0.0000020484 0.0000019136 0.0000018946 0.000002276 0.0000038714 0.0000082627 0.0000175952 0.0000318605 0.000039888 0.0000366086 0.000020038 0.0000075214 0.0000025355
0.0000003428 0.0000001264 0.0000000679 0.0000000669 0.0000001134 0.0000002535 0.0000005223 0.0000009001 0.000001271 0.0000014852 0.000001446 0.0000011906 0.0000008522 0.0000006175 0.000000753 0.0000018019 0.0000042894 0.0000088052 0.0000113502 0.0000194361 0.0000538631 0.0000592005 0.0000295 0.0000223414 0.0000140892 0.0000077765 0.0000035075 0.0000012782 0.0000004143 0.0000001342 0.0000000758 0.0000001108 0.0000002147 0.0000003976 0.0000006738 0.0000010457 0.0000015028 0.0000020155 0.0000025043 0.0000027774 0.0000026876 0.0000022541 0.0000018561 0.0000021283 0.0000042604 0.0000104597 0.0000232816 0.000043528 0.0000664115 0.0000349014 0.0000178814 0.0000075234 0.0000027873
0.0000003004 0.0000000909 0.0000000292 0.0000000196 0.0000000357 0.000000077 0.0000001466 0.000000236 0.0000003212 0.0000003714 0.0000003678 0.0000003162 0.000000251 0.0000002483 0.0000004958 0.000001373 0.0000034473 0.0000056138 0.0000085749 0.0000139138 0.0000215598 0.0000248654 0.0000255237 0.0000214516 0.000016594 0.0000094074 0.0000038867 0.0000014139 0.0000004503 0.0000001331 0.0000000483 0.0000000462 0.0000000897 0.0000001925 0.0000004053 0.0000008091 0.0000014793 0.0000023799 0.000003333 0.0000039857 0.0000038394 0.000003027 0.0000020938 0.0000020886 0.0000041797 0.0000104677 0.0000236399 0.0000395514 0.0000407623 0.0000307352 0.0000153488 0.0000072377 0.0000034564
0.0000002287 0.0000000699 0.0000000202 0.0000000086 0.0000000107 0.0000000204 0.0000000361 0.0000000554 0.0000000734 0.0000000844 0.0000000848 0.0000000767 0.0000000717 0.0000001079 0.0000002875 0.0000008187 0.0000016998 0.0000030084 0.0000047965 0.0000077157 0.0000123177 0.0000216181 0.0000183932 0.0000330192 0.0000195085 0.0000088222 0.0000037709 0.0000013641 0.0000004455 0.0000001307 0.0000000391 0.0000000285 0.0000000586 0.00000015 0.0000003748 0.0000008565 0.0000017079 0.000002904 0.0000040908 0.0000048216 0.0000046858 0.0000034094 0.0000021947 0.0000018857 0.0000034443 0.0000083081 0.0000173015 0.0000276298 0.0000252479 0.0000210944 0.0000140494 0.0000087541 0.0000064678
0.000000147 0.0000000476 0.0000000142 0.0000000047 0.0000000034 0.0000000049 0.000000008 0.0000000118 0.0000000154 0.0000000176 0.0000000181 0.0000000177 0.0000000217 0.0000000474 0.0000001392 0.0000003456 0.0000007289 0.0000013445 0.0000023331 0.0000039863 0.0000073034 0.0000092433 0.0000122536 0.0000123147 0.0000111183 0.0000069334 0.0000032494 0.0000013951 0.0000005239 0.0000001234 0.0000000358 0.0000000298 0.0000000648 0.0000001645 0.0000004038 0.0000009079 0.0000017925 0.0000029765 0.0000041167 0.0000045872 0.0000041421 0.0000030624 0.0000018953 0.0000014742 0.0000023679 0.0000053339 0.0000103919 0.0000138299 0.0000146976 0.00001362 0.000019866 0.0000085371 0.0000094603
0.000000084 0.0000000313 0.0000000109 0.0000000039 0.0000000017 0.0000000014 0.0000000017 0.0000000023 0.000000003 0.0000000034 0.0000000036 0.0000000041 0.0000000071 0.0000000194 0.0000000537 0.0000001318 0.0000002838 0.0000005536 0.0000010048 0.0000017921 0.0000027111 0.0000037026 0.000004367 0.0000046409 0.0000044327 0.0000054472 0.0000044309 0.0000032039 0.0000005901 0.000000115 0.0000000364 0.0000000454 0.0000001012 0.0000002266 0.0000004784 0.0000009415 0.0000016687 0.0000025692 0.0000032616 0.0000034201 0.0000029441 0.0000021131 0.0000013373 0.0000009786 0.0000014029 0.000003073 0.0000066866 0.0000085836 0.0000089953 0.0000086586 0.0000077181 0.0000075807 0.0000099093
0.0000000583 0.0000000292 0.0000000137 0.000000006 0.0000000025 0.000000001 0.0000000005 0.0000000005 0.0000000006 0.0000000006 0.0000000007 0.0000000011 0.0000000025 0.000000011 0.0000000274 0.0000000597 0.0000001135 0.0000002135 0.0000003837 0.0000006295 0.000000931 0.000001233 0.0000014712 0.000001595 0.0000019075 0.0000039088 0.0000167903 0.0000031659 0.0000006323 0.0000000984 0.0000000434 0.0000000797 0.0000001835 0.0000003798 0.0000006929 0.0000011238 0.0000016343 0.0000020891 0.0000023207 0.000002199 0.0000017798 0.0000012351 0.0000007759 0.0000005639 0.0000007714 0.0000018721 0.0000047111 0.0000123367 0.0000060846 0.0000043492 0.0000040681 0.0000046439 0.0000072624
0.0000000835 0.0000000518 0.0000000278 0.0000000128 0.000000005 0.0000000017 0.0000000006 0.0000000002 0.0000000001 0.0000000001 0.0000000002 0.0000000004 0.0000000012 0.0000000109 0.0000007832 0.0000008014 0.0000008139 0.0000000819 0.0000001288 0.0000002037 0.0000002936 0.0000003859 0.0000004612 0.0000005252 0.0000008089 0.0000029119 0.0000030769 0.0000026896 0.0000004261 0.0000000805 0.0000000606 0.0000001376 0.0000003257 0.0000006753 0.0000011741 0.0000017095 0.0000020838 0.0000021622 0.0000019317 0.0000015186 0.0000010624 0.0000006744 0.0000004072 0.0000002985 0.0000004367 0.0000011463 0.000003513 0.000004401 0.0000044979 0.0000029251 0.0000028225 0.0000033662 0.0000040988
0.000000181 0.0000001136 0.0000000597 0.0000000263 0.0000000099 0.0000000032 0.0000000009 0.0000000002 0.0000000001 0.0000000001 0.0000000002 0.0000000006 0.0000000017 0.0000000158 0.0000007914 0.0000379057 0.0000008071 0.0000000473 0.00000005 0.0000000682 0.0000000901 0.0000001134 0.0000001337 0.0000001609 0.0000003148 0.00000047 0.0000005843 0.0000004177 0.000000228 0.000000073 0.000000097 0.0000002219 0.0000005202 0.0000010929 0.0000019439 0.0000027836 0.0000032095 0.0000029521 0.0000022249 0.0000014028 0.0000007875 0.0000004132 0.0000002214 0.0000001635 0.0000002606 0.0000006841 0.0000012787 0.0000019093 0.0000021584 0.0000022415 0.0000022383 0.0000024222 0.0000026343
0.0000003755 0.0000002264 0.0000001127 0.0000000472 0.0000000169 0.0000000053 0.0000000014 0.0000000004 0.0000000001 0.0000000001 0.0000000005 0.0000000018 0.0000000053 0.0000000207 0.0000008046 0.0000008363 0.0000008545 0.000000098 0.0000000838 0.0000000638 0.0000000473 0.0000000389 0.0000000389 0.000000047 0.0000000619 0.0000000825 0.0000000941 0.0000000982 0.0000000992 0.00000012 0.0000001836 0.0000003503 0.0000007408 0.000001521 0.0000027251 0.0000040264 0.0000045716 0.000004061 0.0000027748 0.0000015587 0.0000007474 0.0000003254 0.0000001454 0.0000001013 0.000000165 0.0000003441 0.0000006491 0.0000010223 0.0000013748 0.0000015904 0.0000016691 0.0000016607 0.0000016262
0.0000006668 0.0000003804 0.0000001799 0.000000072 0.0000000248 0.0000000075 0.000000002 0.0000000005 0.0000000002 0.0000000003 0.0000000013 0.0000000051 0.0000000158 0.000000045 0.0000001044 0.0000002954 0.0000004808 0.0000006111 0.0000004624 0.0000002685 0.0000000844 0.0000000364 0.00000002 0.0000000191 0.0000000295 0.0000000518 0.000000089 0.0000001431 0.0000002144 0.0000003012 0.0000004134 0.0000006045 0.0000010108 0.0000018306 0.0000031537 0.0000045794 0.0000053293 0.0000045276 0.0000030354 0.0000016323 0.0000007392 0.0000002936 0.0000001149 0.0000000706 0.000000106 0.0000002164 0.0000004078 0.0000006602 0.0000009042 0.0000010598 0.0000010872 0.0000010226 0.000000927
0.0000009864 0.0000005326 0.0000002409 0.0000000932 0.0000000313 0.0000000092 0.0000000024 0.0000000006 0.0000000002 0.0000000006 0.0000000029 0.0000000116 0.0000000393 0.0000001083 0.0000002637 0.0000007007 0.000003027 0.000003306 0.0000029745 0.0000006241 0.0000001967 0.0000000687 0.0000000269 0.0000000243 0.0000000503 0.00000011 0.0000002131 0.000000365 0.0000005616 0.0000007825 0.0000009976 0.0000012068 0.0000015053 0.0000020878 0.0000030608 0.0000041653 0.0000045772 0.000003991 0.0000026708 0.0000014498 0.0000006533 0.0000002544 0.0000000939 0.0000000506 0.0000000688 0.0000001356 0.0000002498 0.0000003951 0.0000005318 0.000000612 0.0000006142 0.0000005569 0.0000005037
0.0000012128 0.0000006196 0.0000002709 0.0000001026 0.000000034 0.0000000099 0.0000000026 0.0000000006 0.0000000003 0.0000000011 0.0000000053 0.0000000223 0.0000000798 0.0000002371 0.0000005766 0.0000014204 0.0000041126 0.0000199391 0.0000039243 0.0000011573 0.0000003641 0.0000001213 0.0000000436 0.0000000417 0.0000000976 0.0000002321 0.0000004689 0.0000008201 0.0000012735 0.0000017902 0.0000022598 0.0000025468 0.0000026104 0.0000026243 0.0000028136 0.0000031067 0.0000031721 0.0000027114 0.0000018885 0.0000010549 0.0000004896 0.000000194 0.000000071 0.0000000345 0.0000000408 0.0000000756 0.0000001336 0.0000002049 0.0000002694 0.0000003055 0.0000003032 0.000000275 0.0000002917
0.0000012385 0.0000006014 0.0000002562 0.0000000961 0.0000000318 0.0000000093 0.0000000024 0.0000000007 0.0000000006 0.000000002 0.0000000086 0.0000000361 0.0000001333 0.0000004115 0.000001051 0.0000022125 0.0000052992 0.0000056451 0.0000047608 0.0000015148 0.0000005382 0.0000001741 0.0000000617 0.0000000639 0.000000161 0.0000004026 0.0000008576 0.0000015253 0.0000023889 0.0000033909 0.0000043918 0.0000049469 0.000004736 0.0000038381 0.0000028773 0.0000022373 0.0000018847 0.0000015275 0.0000010732 0.0000006303 0.0000003062 0.0000001265 0.0000000472 0.0000000214 0.0000000216 0.0000000368 0.0000000626 0.0000000938 0.0000001228 0.0000001414 0.0000001458 0.0000001444 0.0000002049
0.0000010485 0.0000004877 0.0000002043 0.0000000766 0.0000000256 0.0000000076 0.0000000021 0.0000000007 0.0000000011 0.0000000037 0.0000000139 0.0000000528 0.0000001872 0.0000005812 0.0000014778 0.0000030853 0.0000043958 0.0000048292 0.0000032551 0.0000016888 0.0000006289 0.0000002064 0.0000000754 0.0000000849 0.0000002216 0.0000005709 0.0000012473 0.0000023069 0.0000035984 0.0000051438 0.0000067982 0.0000080526 0.0000075679 0.0000056395 0.000003236 0.000001787 0.0000011014 0.0000007615 0.0000005174 0.0000003117 0.0000001602 0.0000000699 0.0000000272 0.000000012 0.0000000106 0.0000000169 0.0000000287 0.0000000455 0.0000000664 0.0000000905 0.0000001163 0.0000001458 0.000000227
0.0000007341 0.0000003312 0.0000001375 0.000000052 0.0000000177 0.0000000054 0.0000000016 0.0000000011 0.0000000025 0.0000000079 0.0000000252 0.0000000795 0.0000002451 0.0000006943 0.0000016991 0.0000032268 0.0000047597 0.0000042555 0.0000029784 0.0000015068 0.0000006173 0.0000002126 0.0000000854 0.0000001026 0.0000002642 0.0000006728 0.0000014773 0.0000027186 0.000004348 0.0000061122 0.000008181 0.0000097852 0.0000097649 0.000006467 0.0000034451 0.0000015593 0.0000007138 0.0000003771 0.0000002251 0.0000001331 0.0000000708 0.0000000328 0.0000000137 0.0000000064 0.0000000059 0.0000000102 0.0000000205 0.0000000414 0.0000000806 0.0000001454 0.0000002362 0.0000003414 0.0000004593
0.0000004167 0.0000001881 0.0000000782 0.0000000301 0.0000000106 0.0000000034 0.0000000014 0.0000000019 0.0000000059 0.0000000185 0.000000054 0.0000001458 0.0000003674 0.0000008578 0.0000017625 0.0000030345 0.0000037249 0.0000035074 0.0000023759 0.0000013076 0.0000005771 0.0000002245 0.0000001037 0.0000001264 0.0000003026 0.000000728 0.0000015188 0.0000027243 0.000004188 0.0000059272 0.0000077468 0.0000090151 0.000008213 0.0000058437 0.000003035 0.000001311 0.0000005104 0.0000002071 0.0000000978 0.0000000519 0.0000000275 0.0000000134 0.0000000064 0.0000000044 0.0000000064 0.0000000137 0.0000000325 0.000000078 0.0000001769 0.0000003641 0.000000648 0.0000009876 0.0000012809
