Models/Synthetic/Density/temp_raster_pop.asc
NCOLS 101
NROWS 101
XLLCORNER 3302900
YLLCORNER 3112000
CELLSIZE 4386.138614
NODATA_VALUE NaN
[rows 69 to 91 of 101, columns 0 to 51 of 101]
16.70073534 15.7479571109 14.4808636774 12.3008984588 11.3419055798 8.8015724789 6.6782648747 5.0956537286 3.9235854209 3.1078631902 2.630613784 2.3530101575 2.2733477721 2.2897622212 2.4811139446 2.7679948209 3.1742681039 3.6959444668 4.2652009454 4.8305829214 5.3963830559 5.9844069066 7.2872534218 6.3266398897 6.3840846747 6.7330436668 6.3258590652 5.4920681983 4.7109348169 3.9992692061 3.3752847992 2.8789438826 2.419390207 2.1532467475 2.0553784922 2.0834008942 2.1782878287 2.3233070441 2.4965702044 2.7443659232 3.0396687274 3.3111858623 3.5470191616 3.6268082695 3.5774058342 3.3904455628 3.1898071535 3.0201940029 2.9314603963 2.9718971623 3.1991597347 3.667385163
14.4123275766 13.5016404211 12.6632468546 11.1202283976 10.4907644624 8.0431538993 6.2332192743 4.7125113613 3.6485380719 2.9286105605 2.4934127184 2.7517417518 2.1095509673 2.0585460321 2.1512498434 2.3617565211 2.6641313899 3.0503792638 3.4653757105 3.8930531626 4.27400254 4.6343136355 4.8821404457 5.0456329515 5.2075221486 5.266335488 5.5475958689 4.6754094004 4.1575965428 3.7081101944 3.1530152194 2.7070629737 2.3711590225 2.2153385978 2.1840562917 2.306309062 2.5819977414 2.7386951143 3.0199204527 3.3754025928 3.7528304919 4.1245999266 4.4404175414 4.5269869256 4.3753076583 4.0212247499 3.6539346844 3.3230540406 3.0826812317 2.9989282291 3.1307593965 3.4942878909
11.7052534552 11.3678672224 10.5870884661 9.7402051252 8.5364686633 7.1676096797 5.5314697389 4.2167585914 3.299620207 2.6806324115 2.3160048093 2.0751667431 1.9446313508 1.8687145051 1.9275605159 2.1281832311 2.4158021637 2.6931153016 2.943627459 3.1746123241 3.4358210792 3.6692367706 3.8781833037 4.0584847657 4.249204184 4.4974920309 4.1872092887 4.1077383731 3.6817497627 3.361245651 3.1545095847 2.6562960729 2.4182787382 2.3476433067 2.43516847 2.6701413262 2.9825406511 3.374490133 3.8213105688 4.3411524228 4.8600715505 5.3342574395 5.8070218588 6.1289796811 5.6246177227 5.0367434979 4.4582423919 3.896604933 3.4639055668 3.2109750276 3.2096761599 3.4726890501
9.8474825157 10.0789281662 8.8096551003 8.0982594997 7.073429224 6.341991719 4.6704770394 3.6359992624 2.9105136414 2.4117272353 2.0830194877 1.8774253921 1.7613221297 1.7222219509 1.7723689906 1.9518612573 2.3657846929 2.5949871487 2.5612886152 2.7009523415 2.8780411384 3.0956658236 3.2698114994 3.4313334399 3.5233422891 3.5529274512 3.5339562146 3.4145771753 3.3201963477 3.3188503532 2.9572077207 2.7591899926 2.6299277427 2.6659789559 2.8882666858 3.2348212443 3.7058622387 4.2529232464 4.9624495855 5.705727749 6.451216567 7.012698227 7.4749160669 8.0045917184 7.2006839708 6.5556848598 5.6437069717 4.8229204544 4.0695878819 3.598598723 3.4102360582 3.5760785068
7.9529690755 8.909079006 7.0121511992 7.3461045219 5.9564748398 4.6668666662 3.7860075505 3.0446584192 2.5116960393 2.1362013151 1.8842732569 1.7612086562 1.671173338 1.6435110667 1.6841332554 1.8362324042 2.0374478609 2.1720699075 2.2949185222 2.4119455295 2.5326940466 2.7106033842 3.2986192992 3.0501800475 3.10344257 3.1344879694 3.1239826938 3.1373469896 3.1453173817 3.0895661956 3.0123224642 2.9554110176 3.0382595915 3.1708928153 3.5146687813 4.2585464849 4.6754740718 5.4733116265 6.4769099006 7.6086301627 8.4896104544 9.5063906411 9.6631176424 9.5116023837 9.187710327 8.2164085068 7.6975311896 6.0011198829 4.9093434383 4.1628865342 3.7479946443 3.6257494762
6.5258438722 5.8101990876 5.3512203526 4.8524731405 4.2741646532 3.6410790801 2.9840326632 2.5013045875 2.1322464391 1.8715780476 1.6957203364 1.6223847255 2.1343815413 1.5471192155 1.5863475211 1.852729751 1.8181526151 1.9352640539 2.074268716 2.2307618299 2.3458651192 2.486776147 2.6054206888 2.8641432172 3.135547409 2.9346943203 3.0238007415 3.1274614755 3.1859192949 3.1826947461 3.2050279006 3.290553281 3.4826742622 3.8205819514 4.2936721517 4.9583966638 5.8971101582 7.1477125182 8.2852593747 9.9650099178 11.3869444061 12.3305428899 12.9298334714 11.8681267068 10.9391983269 10.3585710855 9.3073648506 8.1887105768 5.8854901194 5.3840853286 4.0595985387 3.7854357751
4.3288464378 4.2286141362 3.9228471975 3.5733558124 3.5722287041 2.7736378084 2.3602087354 2.0426071111 1.7976767155 1.6251918498 2.4652618751 1.4798491281 1.4451103298 1.451457249 1.4949710158 1.585501047 1.7051672576 1.8066793563 1.9430423589 2.1047322606 2.344472242 2.2676141932 2.3681615977 2.539815592 2.6957605938 2.8597577818 3.0633141352 3.3135955449 3.4253218922 3.4927671501 3.5832699209 3.7234899232 4.0077224139 4.470886154 5.0579557902 6.0230388034 7.4833305869 8.7929943923 10.53809281 11.6407785854 12.862140113 14.8015620252 15.6005073875 14.8774861007 13.6429892969 12.8388855394 10.5041578284 8.5649050884 7.4383913714 5.4024215489 4.4052522545 3.8946800201
3.0032648571 2.988111836 2.8670392233 2.6788962976 2.4204789608 2.1375532599 1.8741743104 1.6806190986 1.5257116422 1.4176461904 1.3475695 1.3133444715 1.3044795813 1.3318321338 1.3942058226 1.4956887131 1.6191087477 1.7510910321 1.9048268582 2.0287716916 2.0965695782 2.1352606346 2.2089394319 2.3577700163 2.5529727394 2.8327132453 3.1589829984 3.4442837407 3.6818593276 4.2905495806 3.9821449388 4.1946268133 4.6314905457 5.1769304416 5.940409219 7.0986180818 9.4525358743 10.3930784093 11.7536683787 13.8756344136 14.4369523643 15.5588826113 16.9634206189 15.7846019287 15.092988645 13.7905858329 11.5968242513 9.7363395355 8.0523576802 5.8704141951 4.6727936915 4.4935818981
2.1707569324 2.1677754254 2.117882596 2.4684677876 1.8159821887 1.6407679963 1.5194999886 1.4119772311 1.3198386513 1.2513682667 1.2110952862 1.1992602523 1.2161153232 1.2647183931 1.3509227988 1.4710574011 1.6420911331 1.7638983011 1.8858601309 2.1613041998 2.9069397084 2.0029543073 2.127565286 2.2918111225 2.5198886146 2.8426569783 3.3261572611 3.6448365977 3.869981586 4.1266037896 4.4102532097 4.7431153265 5.2864021212 6.1896106272 6.8455561932 8.1097746344 10.0092149287 11.3085020899 12.892208016 14.5195125063 15.7080739968 16.4553478131 17.1107178158 16.9572347916 15.8771057422 14.3558903954 12.005250513 10.3348472457 7.9263529915 6.87664035 4.9610770832 4.072605974
1.6329023329 1.6621121944 1.6153785662 1.5156783183 1.4273408787 1.3243010901 1.2721479571 1.2202524678 1.1711976369 1.1327579444 1.1123946869 1.1158231293 1.1500208171 1.220314902 1.3303261554 1.4833426114 1.6473651724 2.0221076311 1.7953015676 1.7969321294 1.8534975768 1.9241515097 2.0680606445 2.2635797958 2.5168851979 2.892427003 3.2655241051 3.6520413878 4.0954317442 4.3634034781 4.7885210303 6.2837009719 6.0017081506 6.7664443745 7.788828113 9.0361613062 11.1999205007 12.1149793086 13.9445757357 15.7388160135 16.3043611198 17.0164767752 17.096241958 17.2433890693 16.8542124056 14.4889824556 12.134131308 9.7695564866 8.0659563428 6.4355859926 6.0084824419 4.1999025882
1.3008550863 1.2966678679 1.256507204 1.1917878775 1.1456451499 1.1202258789 1.1022066071 1.0846645833 1.0639778112 1.0464366993 1.040629705 1.0545219715 1.0992983957 1.2220551196 1.3499342997 1.495925205 1.6551746892 1.6458976433 1.6616079086 1.6688478784 1.7451655987 1.863584516 2.026600948 2.244797236 2.5276847537 2.938314861 3.879692147 3.7681883397 4.1356239673 4.6239192166 5.2024786382 5.9472696789 6.5957431582 7.5453254499 8.6141203252 10.3454570961 10.9976732044 13.2450760601 13.9657074731 16.0657589887 17.9650680951 17.4638237118 17.3601734377 16.219988414 15.7017626222 13.3493630351 11.4257223561 9.4095823854 7.7328720503 6.410921137 5.2206739024 3.7348172866
1.0853198212 1.082457064 1.0592489255 1.0324903946 1.012499235 1.0002911096 0.993871766 0.9890673558 0.9853539445 0.9837833315 0.9916543181 1.015048545 1.0650661874 1.1847249698 1.7000086756 1.4451216325 1.4661740782 1.5122096851 1.5604861512 1.6336540553 1.7231501575 1.8280731672 1.9910335572 2.2626252193 2.5853332056 3.0308482441 4.0046775015 4.5701704021 4.2211989246 4.8309857357 6.0425573044 6.25436764 7.0631048328 8.1055059551 9.1387034412 10.5221592182 11.2732757379 12.4319685133 15.1756219716 15.8096248136 15.5905111449 16.3270524396 17.6981465844 15.6199585924 14.5601324729 12.2189452334 10.8570381914 9.4612872732 7.0460960925 6.0979640657 4.389549036 3.314436801
0.9792496229 0.9837868859 0.9763548489 0.9749820548 0.9652912927 0.9511557311 0.9330409036 0.9297844128 0.9344368418 0.9440539392 0.9635071936 0.9999764546 1.0468562136 1.1488913665 1.2361421028 1.350462013 1.3892826738 1.4529678878 1.5528228925 1.6853671823 1.7426457517 1.8051070956 1.9557698399 2.2274489248 2.9157886537 3.0290812586 3.4262553329 3.8156822978 4.2929179769 4.9190321176 5.7828793847 6.5204596543 7.3147471324 8.291132477 9.3483395427 10.363528484 12.0468389102 12.2134642778 13.2804605732 13.8328251395 14.3386106539 14.6714753162 14.8915414864 13.7691345412 12.4478373646 11.6408417835 9.4318966285 7.6304783623 6.2210412827 5.1379821244 3.7945009245 2.9325713932
0.9662103556 0.970189125 0.9684256276 0.9685293299 0.9734757225 0.9327402488 0.9114680551 0.9131043935 0.9285251482 0.9453068143 0.9663635032 1.0005407183 1.0508482196 1.0852988628 1.147509516 1.2574981671 1.4689146259 1.4423493837 1.5455638987 1.8017303063 1.7218093435 1.7757246529 1.9166220166 2.169808724 2.4693689395 2.8102619727 3.1826045157 4.2846490296 4.1941160755 4.8480516539 5.6384498902 6.549975558 7.3378561708 8.2472775158 9.6894391266 10.2710593633 10.7818431135 11.8918475426 12.4171910877 13.7036144596 13.0435485281 13.3261306712 13.1353796875 12.3925701654 11.0152957347 9.5590354198 8.0402543626 6.9427359451 5.3044770831 4.1447563365 3.2716564765 2.6100727758
1.0250200601 1.0128945296 0.9919321311 0.9838497541 0.9583436734 0.9331525802 0.9184956367 0.9746560957 1.0421169576 1.0637637071 1.0382407964 1.0235571151 1.0522640778 1.0924109343 1.1588135152 1.2708295509 1.3771476246 1.4931026133 1.5222891431 1.5861445263 1.6685069923 1.7429249821 1.8814886332 2.0761740199 2.317867971 2.6050236442 2.9775371731 3.4360758477 4.027484735 4.6770003941 5.4651357896 6.2276109229 7.0449866101 7.9579707581 8.8078337129 9.3629644417 10.8616995495 10.6923866353 12.1579444177 12.0089117702 11.8629696607 11.9070956131 12.4504179645 10.8218693387 9.8192466191 8.109703085 6.8150751803 6.0996098311 4.5396847019 4.2371702569 2.8314836753 2.3299749682
1.1143742865 1.0656944815 1.0268346154 0.9919452046 0.9673736543 0.9536180067 0.9671933678 1.0395376251 1.4348213984 1.4183882852 1.113037501 1.0853000197 1.1085480374 1.1497888448 1.2205130526 1.3351022806 1.4001065466 1.4576034585 1.5144879818 1.5618241525 1.6376116882 1.7145512343 1.8500238445 2.0779757981 2.2858611255 2.5212228072 2.7731446253 3.2057846513 3.7897182729 4.4657476394 5.0896697619 6.0008164564 6.4838708913 7.1813338401 7.8366741329 8.4901719783 9.4675383038 9.5802117183 10.6015781746 11.0954499001 10.4275276355 10.3707134588 10.0803928775 9.2752160101 8.1453425926 7.8822170865 5.8039756602 4.7566693206 3.8761178909 3.1010075153 2.5201053519 2.0880221466
1.1391080665 1.1102971525 1.0675557224 1.0257450582 1.0077181524 1.0413626182 1.0779050124 1.1617597338 1.2223931376 1.2541498593 1.2363831882 1.2195244534 1.2474550013 1.2855463593 1.3414254336 1.4082664828 1.4888617042 1.4895217937 1.5380405382 1.6868724882 1.6511736902 1.7075427871 1.8140998444 2.0128982552 2.9461626886 2.3991647824 2.6150402552 2.9986134042 3.5228592539 4.1106051618 4.6058619574 5.1711583933 5.8911607159 6.4040378283 7.0126273356 7.9657116722 8.1245001135 10.2386527277 8.714184749 8.9084303285 8.9856309713 9.1887003779 8.4574856053 7.8688576132 6.9782676807 5.9679842463 5.047600361 4.0845789072 3.3412176232 2.7500812121 2.290281291 1.9599801659
1.190744162 1.1838788963 1.1529096725 1.0960277334 1.1018771331 1.1662838039 1.3168731933 1.2898817687 1.3209925603 1.3660820929 1.4114133539 1.4526879883 1.4949264252 1.5227812155 1.5436834706 1.5696564688 1.6057068028 1.6136940378 1.631921438 1.6384325151 1.6815481194 1.7192544737 1.7759027613 1.924338328 2.0673003084 3.2124980893 2.4368670447 2.763149438 3.1917161406 3.6147746464 4.0398275002 4.514544306 5.0946418311 5.7763718695 7.4800171721 6.8129447619 7.8234042282 7.3090282316 7.465363141 7.5572495602 7.799218 7.6081384464 7.5931580474 6.4813356671 5.7849354933 5.0168905376 4.2234377463 3.7124348413 2.9357060036 2.4781335825 2.3052196639 1.8653190113
1.2981474341 2.0991475639 1.2428787744 1.2186784509 1.2607653901 1.4029806101 1.5032281501 1.5880330064 1.6056515926 1.6786266999 1.7501031955 1.808680355 1.8517890855 1.879770054 1.8525837664 1.8596780443 1.8544163236 1.8852352606 1.7395323877 1.6963392805 1.7084972062 1.7386357179 1.7585699752 1.793119009 1.8856917151 2.0317771403 2.2489446644 2.4963170035 2.8145433501 3.1963367072 3.5472951405 3.9263542065 4.4075089903 5.7820630884 6.0838590015 6.0336878935 6.2294104049 6.4333377986 6.4704240048 6.6379520335 6.4169001349 6.4344356373 5.8806095141 6.0308797008 4.8079819994 4.1426129224 3.5616847153 3.045012807 2.6247676451 2.2837185836 2.0171335824 1.8287985937
1.6021325682 1.3593927188 1.366082677 1.4099313866 1.5314581221 1.7136089978 2.1229354504 1.9849549085 2.0630423758 2.1662241618 2.2557733364 2.3147460839 2.3419050244 2.3214480448 2.315121345 2.2761757359 2.3482257368 2.0710697347 1.9331141764 1.8379546364 1.8121887062 1.8126354452 1.8031349859 1.7863861682 1.8042634818 1.8976743044 2.0490862674 2.2465850606 2.4872270137 2.7764600962 3.1406977956 3.4641126148 3.7708175032 4.3232843083 4.8313281482 5.3743634019 5.8981843774 5.5900026027 5.7435476414 5.4292231182 5.2161592215 4.9578757094 4.789851106 4.7930940061 4.317608545 3.5482341278 3.0669446585 2.7200118142 2.4323401407 2.1834531718 1.9931316838 1.858263145
1.3290045633 1.4019618069 1.4887302719 1.6979468756 1.9669796719 2.2472067252 2.4528141682 2.6471792681 2.7741069717 2.8981902825 2.953780759 3.003775081 2.9875640444 2.9159521908 2.8457082494 3.1726894476 2.6077437378 2.3949753552 2.1964632611 2.074997709 2.0444704855 2.0265049136 1.9940062784 1.8939299522 1.8403829831 1.8619397298 1.9599223449 2.0899831788 2.2514435683 2.4556365147 2.7024122928 2.9523889083 3.2734383568 3.6059124637 4.0475652942 4.5911038057 4.7103222623 4.7477516034 4.7156881106 4.8332353691 4.235220848 4.0604868236 3.9969455724 3.8639110523 3.766735534 3.1610450663 2.8377848335 2.6569840073 2.4630332661 2.3201590437 2.1976257352 2.1081523629
1.353868079 1.4957159137 1.7270103865 2.0652913585 2.5344046674 3.0053057955 3.2396403552 3.5884748787 4.360699509 3.8636114436 3.8611565351 3.9182590931 3.8680503662 3.6806473806 3.5262956194 3.3309976436 3.1178614793 2.807552789 2.5889042503 2.4274369042 2.3662450456 2.5508782044 2.2987568112 2.1452106817 2.0360206388 1.9748965174 2.0065769924 2.1051670017 2.1495798624 2.2628186298 2.4344543614 2.6440682495 2.9209463622 3.5522081815 3.5039222447 3.7397141388 3.9251893124 3.9878760887 3.8478733767 3.7152039801 4.0380894097 3.4551874685 3.3933862696 3.3163734181 3.1508881175 2.9889296018 2.8626428384 2.8070848304 2.7691265238 2.7242984541 2.7178296505 2.6429559603
1.5938562855 1.7883118331 2.1154134233 2.5721561669 3.1128522388 3.6770094638 4.5689580583 4.7578126298 5.4148113127 4.9859213849 4.9077579926 5.0291108495 5.3636835367 4.567402692 4.2138973418 4.2480559202 3.6668976288 3.3569408665 3.1172647188 2.9462544039 2.86834311 2.7964328848 2.7158616183 2.6145512339 2.3874453267 2.2781813732 2.262743301 2.2449383039 2.2305215124 2.2528225484 2.3873065335 2.5861120272 2.8475228759 3.0990496218 3.2828645524 3.387149941 4.3305461442 3.3848964666 3.2766969168 3.1864287442 3.1104118876 3.0986082536 3.0887837211 3.1023105247 3.0981661582 3.1128419192 3.1935548387 3.3288566231 3.4534611821 3.5874672266 3.5935790955 3.5890586425
