Models/Synthetic/Density/temp_raster_dens.asc
NCOLS 100
NROWS 100
XLLCORNER 3302900
YLLCORNER 3112000
CELLSIZE 4430
NODATA_VALUE NaN
[rows 23 to 45 of 100, columns 0 to 51 of 100]
0.0000023343 0.0000025493 0.0000025218 0.0000024321 0.0000025636 0.0000031371 0.0000042286 0.0000058944 0.0000087245 0.0000122926 0.0000149092 0.0000151445 0.0000130797 0.0000101985 0.0000077647 0.000006064 0.0000048225 0.0000037009 0.0000027329 0.0000021426 0.0000021914 0.0000029427 0.0000042236 0.0000055431 0.0000059593 0.0000053632 0.0000043396 0.0000040317 0.0000046844 0.0000058381 0.0000069085 0.0000077233 0.0000085168 0.0000091134 0.0000091566 0.0000083884 0.0000071441 0.0000059784 0.0000054523 0.000006001 0.0000076742 0.0000104061 0.0000132494 0.0000151221 0.000014804 0.0000126537 0.0000095266 0.0000064898 0.000004177 0.0000029594 0.0000028237 0.0000031279
0.0000044323 0.0000043892 0.0000037657 0.0000030116 0.0000026283 0.0000029128 0.0000038801 0.0000057852 0.0000089185 0.0000130526 0.0000168017 0.00001828 0.000017083 0.0000141569 0.0000108874 0.0000080605 0.0000056942 0.0000038695 0.0000027487 0.0000024685 0.0000030153 0.0000041573 0.0000054269 0.0000062494 0.0000062236 0.0000052779 0.0000044005 0.0000044808 0.0000058574 0.00000774 0.0000091158 0.0000094881 0.0000095124 0.0000097307 0.000009682 0.000008917 0.0000074075 0.0000057901 0.0000048197 0.0000047067 0.0000053919 0.0000065823 0.0000078924 0.0000087105 0.0000086238 0.000007539 0.0000058614 0.0000041135 0.0000027814 0.0000021573 0.0000022571 0.0000029017
0.0000082985 0.000007527 0.0000058757 0.0000040824 0.0000028848 0.0000026635 0.000003495 0.0000056513 0.0000097399 0.0000158362 0.0000220269 0.0000256282 0.0000246363 0.0000203055 0.0000148602 0.00000977 0.0000060594 0.0000037639 0.0000027862 0.0000031173 0.00000461 0.0000065238 0.0000078958 0.0000079469 0.0000068539 0.0000054203 0.00000464 0.0000053612 0.0000077208 0.0000108679 0.0000125149 0.0000121462 0.0000106571 0.0000099161 0.0000097083 0.000008571 0.0000069644 0.0000054858 0.0000045769 0.0000043307 0.0000045496 0.0000050319 0.0000056485 0.0000061818 0.0000063217 0.0000058347 0.0000047485 0.0000033985 0.0000022615 0.0000016959 0.0000018767 0.0000028103
0.0000127411 0.0000108316 0.0000081258 0.0000051855 0.0000032264 0.000002587 0.0000032665 0.0000056295 0.0000105945 0.0000185514 0.0000279756 0.0000339223 0.0000333484 0.0000267874 0.0000180329 0.0000106792 0.0000058688 0.0000034268 0.0000028661 0.0000039959 0.0000065766 0.000009719 0.0000112345 0.0000104407 0.0000079707 0.0000059529 0.0000054008 0.000006707 0.0000097933 0.0000133586 0.0000153908 0.0000135967 0.0000108854 0.0000090993 0.0000081885 0.0000073727 0.0000062771 0.0000054593 0.000005146 0.0000052608 0.0000055278 0.0000058998 0.0000064485 0.0000072196 0.0000078564 0.0000077413 0.0000065015 0.000004577 0.0000027749 0.0000017677 0.0000017807 0.0000028876
0.0000145154 0.0000125521 0.0000091004 0.0000056921 0.000003439 0.0000026874 0.0000032841 0.0000055798 0.0000105597 0.0000190462 0.0000293737 0.0000374595 0.0000374883 0.0000294708 0.0000188459 0.0000103307 0.0000052413 0.0000030241 0.000002995 0.000004846 0.0000082931 0.0000119918 0.0000140065 0.0000121388 0.0000091592 0.0000071036 0.0000070201 0.0000088166 0.0000118175 0.0000147389 0.0000152194 0.0000131071 0.0000096942 0.0000073189 0.0000062837 0.0000060014 0.0000060569 0.0000063383 0.0000068377 0.0000074831 0.0000081033 0.0000085442 0.0000091129 0.0000103125 0.0000118653 0.0000122323 0.0000104808 0.0000071649 0.0000040957 0.0000022708 0.0000018829 0.0000028844
0.0000135628 0.0000114126 0.0000083045 0.0000052606 0.0000033898 0.000002864 0.0000035045 0.0000054318 0.0000095605 0.0000165069 0.0000253448 0.0000320824 0.0000326713 0.0000258705 0.0000164347 0.0000087551 0.000004316 0.00000265 0.0000031346 0.0000055063 0.0000091689 0.0000127789 0.0000138672 0.0000124572 0.000009966 0.0000089404 0.000009744 0.0000118318 0.0000141642 0.0000151541 0.0000140514 0.0000110225 0.0000078134 0.0000055984 0.0000048459 0.0000052814 0.0000065437 0.0000080391 0.0000094273 0.0000105081 0.0000113122 0.0000116227 0.0000118723 0.000013281 0.0000158818 0.0000172128 0.0000148189 0.000010144 0.0000057352 0.0000029914 0.0000020763 0.0000026972
0.0000106488 0.0000086494 0.0000062744 0.0000042459 0.0000031718 0.0000031524 0.0000039276 0.0000054982 0.0000082971 0.0000127458 0.0000180976 0.0000222004 0.0000222834 0.0000181024 0.0000117875 0.0000064304 0.0000033077 0.0000023401 0.0000032232 0.0000057726 0.0000093875 0.0000120833 0.0000127334 0.0000114884 0.000010562 0.0000110936 0.0000131308 0.0000150922 0.0000160453 0.0000152512 0.0000124143 0.0000090776 0.0000062572 0.0000045986 0.0000042165 0.000005093 0.0000069921 0.0000095066 0.0000116154 0.0000129797 0.0000134916 0.0000131838 0.0000128698 0.0000143489 0.0000175363 0.000019575 0.0000174021 0.0000122818 0.0000070879 0.000003749 0.0000023824 0.0000024794
0.0000064364 0.0000057223 0.0000043271 0.0000032817 0.0000030343 0.0000036438 0.0000047518 0.0000061005 0.0000076473 0.000009562 0.00001167 0.0000130958 0.0000127705 0.0000104557 0.0000071357 0.0000041848 0.0000024728 0.0000021513 0.0000032089 0.000005632 0.0000087122 0.0000111028 0.0000111899 0.0000105784 0.0000108667 0.0000128847 0.0000153611 0.0000170037 0.0000160649 0.0000136334 0.0000106292 0.0000077557 0.0000057428 0.0000046153 0.0000043182 0.0000049856 0.000006753 0.0000092213 0.0000117189 0.0000133388 0.0000130525 0.0000120054 0.000011577 0.0000129666 0.0000160371 0.0000182526 0.0000171876 0.0000127243 0.0000078772 0.0000044958 0.0000029187 0.0000025855
0.0000037805 0.0000037998 0.0000033455 0.0000029748 0.0000032083 0.0000042235 0.0000057904 0.0000070087 0.0000075831 0.0000076038 0.0000075318 0.0000073722 0.0000067786 0.0000055687 0.0000040459 0.0000027349 0.0000020554 0.0000021698 0.0000031927 0.0000051304 0.0000075937 0.0000092749 0.0000098028 0.0000097771 0.0000108467 0.0000130853 0.0000154043 0.0000155282 0.0000137973 0.0000110791 0.000008789 0.0000072836 0.0000063561 0.0000055844 0.0000049776 0.0000048857 0.0000057549 0.0000075233 0.0000095722 0.0000106035 0.0000103269 0.000009234 0.0000088454 0.0000100686 0.0000126268 0.0000148521 0.0000147385 0.000012104 0.0000083232 0.0000053517 0.0000037501 0.0000031259
0.0000034602 0.0000038596 0.0000038785 0.0000037132 0.0000038113 0.0000046791 0.0000061354 0.0000073828 0.0000071907 0.0000063672 0.0000055287 0.0000049099 0.0000043661 0.0000037155 0.0000029805 0.0000023943 0.000002188 0.0000025072 0.0000033511 0.0000047501 0.0000063656 0.0000077624 0.0000084837 0.0000090696 0.0000100923 0.0000118166 0.0000128187 0.0000123387 0.0000105506 0.0000088046 0.0000078673 0.0000078079 0.0000077186 0.0000070827 0.0000057973 0.0000048528 0.0000047235 0.0000054316 0.0000064447 0.0000071194 0.0000070012 0.0000064748 0.0000062706 0.0000071513 0.0000091241 0.0000113605 0.0000124951 0.0000115099 0.0000090566 0.0000064222 0.0000046217 0.0000038315
0.0000051878 0.0000057886 0.0000060797 0.0000055538 0.0000048317 0.0000047277 0.0000055035 0.0000061698 0.0000062242 0.0000057456 0.0000054638 0.0000054051 0.0000052769 0.0000047927 0.0000040179 0.0000032673 0.0000029435 0.0000031756 0.0000039102 0.0000048445 0.0000058716 0.000006807 0.0000076374 0.0000081449 0.0000088585 0.000009474 0.0000096936 0.0000091389 0.0000084493 0.000008271 0.0000088363 0.0000095812 0.000009737 0.0000083872 0.0000065574 0.0000049844 0.0000041198 0.0000039606 0.0000042711 0.0000046747 0.0000049063 0.0000048189 0.0000047465 0.0000051951 0.00000666 0.0000089608 0.0000111115 0.0000116327 0.0000100751 0.0000073933 0.0000051967 0.0000041333
0.0000075119 0.0000085375 0.0000089412 0.0000078594 0.0000057543 0.0000044192 0.000004154 0.0000045449 0.0000052044 0.0000063038 0.0000078529 0.0000097537 0.0000104013 0.0000096229 0.0000074171 0.0000054425 0.0000042806 0.0000042039 0.0000048001 0.0000055642 0.0000060272 0.0000064638 0.0000068699 0.0000072543 0.0000073962 0.0000073584 0.0000071791 0.0000073783 0.0000085657 0.0000111335 0.0000133714 0.0000143454 0.0000128997 0.0000103951 0.0000075857 0.0000055351 0.0000043408 0.0000038392 0.0000037976 0.0000040551 0.0000043997 0.0000045819 0.0000044047 0.0000044834 0.0000054413 0.0000075012 0.0000099694 0.0000114321 0.0000102641 0.0000075886 0.0000052212 0.0000040981
0.000008823 0.0000098265 0.0000106628 0.0000087463 0.000005963 0.0000038019 0.0000029775 0.0000033645 0.0000050813 0.00000852 0.0000133823 0.0000181406 0.0000235726 0.0000181988 0.0000133353 0.0000088716 0.0000061259 0.0000053896 0.0000059292 0.0000064685 0.0000065755 0.0000063652 0.0000063688 0.0000065031 0.0000063611 0.0000059653 0.0000058603 0.0000072175 0.0000110486 0.0000172353 0.0000258782 0.0000234214 0.0000199439 0.000014715 0.0000100275 0.0000071408 0.00000595 0.0000054931 0.0000052287 0.0000051511 0.0000053311 0.0000054672 0.0000053016 0.0000050497 0.0000053718 0.0000066702 0.0000085322 0.0000095378 0.0000088363 0.0000067993 0.0000048734 0.0000039743
0.0000080196 0.0000088635 0.0000090203 0.000007636 0.0000050516 0.0000030223 0.0000022027 0.0000028962 0.0000057742 0.0000119122 0.0000213163 0.0000306944 0.0000342409 0.0000301747 0.0000213793 0.00001306 0.0000081898 0.0000066707 0.0000069706 0.0000074797 0.0000070757 0.0000064158 0.0000060573 0.0000059286 0.0000057593 0.000005241 0.0000054907 0.0000081349 0.0000148673 0.0000257841 0.0000354989 0.0000380966 0.000032017 0.0000224641 0.0000142515 0.0000102538 0.0000092659 0.0000090648 0.0000083331 0.0000074575 0.0000072092 0.0000074347 0.0000074991 0.0000070445 0.0000065981 0.0000065872 0.0000069878 0.0000071727 0.0000066648 0.0000055901 0.0000045774 0.0000041317
0.0000059153 0.0000061616 0.0000061316 0.0000051395 0.000003587 0.0000022158 0.0000017645 0.0000028145 0.0000065582 0.0000148343 0.0000282416 0.0000430844 0.0000489804 0.0000429732 0.0000288847 0.0000167585 0.0000101001 0.0000080514 0.0000082196 0.0000084186 0.000007754 0.0000066114 0.0000058157 0.0000055463 0.0000052645 0.0000050151 0.0000056658 0.0000092853 0.0000181913 0.0000328734 0.0000484545 0.0000537406 0.0000460057 0.0000306883 0.0000190383 0.0000139534 0.0000134375 0.0000134322 0.0000119586 0.0000098038 0.0000090809 0.0000099122 0.0000106136 0.000010485 0.0000091433 0.0000074423 0.0000060851 0.0000054045 0.0000050012 0.000004787 0.0000046945 0.0000048137
0.0000036074 0.0000039093 0.0000037943 0.0000032372 0.0000023887 0.0000016734 0.0000015657 0.0000027769 0.0000066992 0.0000154708 0.0000302834 0.0000468879 0.0000567345 0.0000481022 0.0000319355 0.0000185326 0.0000116479 0.0000097771 0.0000101341 0.000010129 0.0000089228 0.0000071051 0.0000059381 0.0000055186 0.0000053629 0.0000052703 0.0000061793 0.0000099978 0.0000192675 0.0000350882 0.0000529774 0.0000622491 0.0000516349 0.0000345296 0.0000216487 0.0000164075 0.0000159521 0.0000161838 0.0000137802 0.0000110147 0.0000100351 0.0000113297 0.0000136352 0.0000140926 0.000012177 0.0000085733 0.0000057801 0.0000043655 0.0000040889 0.0000044836 0.0000052466 0.0000059827
0.0000029863 0.0000033982 0.0000033166 0.000002831 0.0000021586 0.0000016248 0.0000016 0.0000026549 0.0000059768 0.0000133775 0.0000256361 0.0000397966 0.000045977 0.0000410484 0.0000283751 0.0000179507 0.0000130289 0.0000123618 0.0000131541 0.0000130021 0.0000106783 0.0000080503 0.0000064791 0.0000061338 0.0000061065 0.0000060864 0.0000067876 0.0000099862 0.0000175296 0.0000302805 0.000045106 0.0000523707 0.000044622 0.0000305162 0.000020198 0.0000159341 0.0000154939 0.0000151481 0.0000133341 0.0000106739 0.0000096871 0.0000112849 0.0000141594 0.0000158221 0.0000131107 0.0000089482 0.0000054609 0.0000037586 0.0000035629 0.000004365 0.0000057128 0.0000074193
0.000005555 0.0000061233 0.000005613 0.0000044179 0.0000031378 0.0000022048 0.0000019355 0.0000025883 0.0000048065 0.0000096845 0.0000175241 0.000025418 0.0000293437 0.0000268121 0.0000208323 0.0000157821 0.0000145293 0.0000161031 0.0000177005 0.0000165122 0.0000130102 0.0000091796 0.000007188 0.0000068156 0.0000069491 0.0000068046 0.0000071503 0.0000090887 0.0000137452 0.0000211774 0.0000290438 0.0000323416 0.0000287804 0.0000212889 0.0000151484 0.0000126661 0.0000125682 0.0000126838 0.0000115491 0.0000096854 0.0000086637 0.0000096489 0.0000120486 0.0000130038 0.0000114206 0.0000078516 0.0000048288 0.0000032445 0.0000031129 0.0000040847 0.0000058842 0.0000084529
0.0000147776 0.0000151706 0.0000124982 0.0000087586 0.0000054821 0.0000035705 0.0000028367 0.0000029481 0.0000040063 0.0000064261 0.0000100826 0.0000137757 0.0000156747 0.0000152016 0.000013559 0.0000131877 0.0000157113 0.0000203268 0.0000226293 0.0000205909 0.0000149724 0.000010129 0.000007638 0.0000070127 0.0000069187 0.0000068154 0.0000068242 0.0000074732 0.0000092414 0.0000121128 0.0000149038 0.0000159892 0.0000145857 0.0000117079 0.000009312 0.0000085848 0.0000093406 0.0000103697 0.0000102427 0.0000089247 0.0000075029 0.0000074211 0.0000083084 0.0000088905 0.0000080093 0.0000060537 0.0000039637 0.0000027496 0.0000026324 0.00000357 0.0000055804 0.0000087033
0.0000384333 0.0000362917 0.0000272171 0.0000165866 0.0000094075 0.000005984 0.000004723 0.0000043237 0.0000043362 0.0000049462 0.0000061873 0.0000076184 0.0000085797 0.0000088387 0.0000091842 0.000011081 0.0000157711 0.0000219034 0.0000256922 0.0000221813 0.0000158543 0.0000104799 0.0000076991 0.0000066979 0.0000062766 0.000006018 0.0000057794 0.0000055321 0.0000055952 0.0000060447 0.0000065806 0.0000067132 0.0000062398 0.0000054639 0.0000050265 0.0000054902 0.0000069222 0.0000086113 0.0000094331 0.0000082351 0.0000065405 0.0000054933 0.0000054289 0.0000056337 0.0000054072 0.0000044628 0.0000032529 0.0000023386 0.0000021929 0.0000029861 0.0000048654 0.0000079498
0.0000860604 0.0000760289 0.0000502542 0.0000273075 0.0000145794 0.000009448 0.0000078545 0.0000069117 0.0000059945 0.0000053699 0.0000054378 0.0000059319 0.0000064327 0.0000067884 0.0000074353 0.0000096229 0.0000141954 0.0000200958 0.0000228913 0.0000206886 0.000015057 0.0000102858 0.0000076271 0.0000063115 0.0000056445 0.0000051434 0.0000046213 0.0000040247 0.0000034419 0.000003038 0.0000028152 0.0000026877 0.0000026015 0.0000026337 0.0000030027 0.0000039691 0.0000055841 0.0000073884 0.0000081642 0.0000075127 0.0000058164 0.0000044772 0.0000039696 0.0000040616 0.0000040669 0.0000036353 0.0000027758 0.0000020868 0.0000019206 0.0000024896 0.0000039459 0.0000064051
0.0001596518 0.0001244901 0.0000729911 0.0000375297 0.000019346 0.0000132093 0.0000114514 0.0000100835 0.0000080584 0.0000067198 0.0000062128 0.0000063419 0.0000066706 0.0000068447 0.0000071367 0.0000084599 0.0000119155 0.0000161846 0.0000186815 0.0000175368 0.0000139612 0.0000102303 0.0000077626 0.0000064243 0.0000055486 0.0000048813 0.0000042135 0.0000035216 0.0000027853 0.0000020925 0.0000016155 0.0000014596 0.0000016418 0.0000021283 0.000002916 0.0000040809 0.0000055938 0.0000070055 0.0000076604 0.0000071006 0.0000057527 0.0000043786 0.000003636 0.0000034801 0.0000034799 0.0000030541 0.0000024427 0.0000019407 0.0000018245 0.0000021478 0.0000030159 0.0000045337
0.0002265251 0.0001416071 0.0000834196 0.0000412114 0.0000215869 0.0000153547 0.0000140798 0.0000119386 0.0000093657 0.000007465 0.0000068429 0.0000066501 0.0000068614 0.0000070753 0.0000067606 0.0000073766 0.00000977 0.000013445 0.0000160519 0.0000161832 0.0000139846 0.0000111319 0.0000087631 0.0000071176 0.0000061322 0.0000053756 0.0000048407 0.0000042549 0.0000033894 0.0000023984 0.0000016566 0.0000015229 0.0000020861 0.0000031761 0.0000045329 0.0000059364 0.0000073426 0.0000084929 0.0000089174 0.000008325 0.0000069086 0.000005297 0.0000040264 0.0000033101 0.0000028727 0.0000024641 0.0000020317 0.000001801 0.0000017639 0.0000018998 0.0000021974 0.0000028039
