Models/Synthetic/Density/temp_raster_pop.asc
NCOLS 100
NROWS 100
XLLCORNER 3302900
YLLCORNER 3112000
CELLSIZE 4430
NODATA_VALUE NaN
[rows 46 to 68 of 100, columns 0 to 51 of 100]
13.6303240877 9.9164219085 7.5147514826 5.5412289835 3.8745769762 4.4117174661 4.1930201668 3.9476786106 4.3359154099 4.9915776321 4.9630781119 3.9440428801 6.6208143805 5.7846498697 3.863635711 4.3184934121 4.0938734124 4.9335452743 4.4432780715 5.5327279391 7.5257876407 6.6292751843 4.6365633191 3.0419717137 4.9244467401 5.3079616994 6.5714466945 12.2247937972 7.1797007744 7.3157311134 6.221643452 8.4201507984 8.4801068111 10.4973894736 13.6203653727 10.6667827918 6.857908461 5.2250116915 8.5008768904 6.580982749 7.6089764978 8.7197566692 10.1450081242 6.1753317605 6.2289148675 6.0676643541 4.4597281281 4.2472814743 3.2921906405 5.5006845822 5.1561886657 6.6597985854
6.1073847881 7.4919752856 6.6171491817 3.813203595 4.2122525374 4.5298837469 6.6441574063 6.8238857409 5.2060000568 6.2766541269 4.9295734106 3.6500860385 4.2987195782 4.3637140959 3.2349842675 3.5876230892 3.902186123 6.781170123 8.3069669159 5.2885809622 5.7058152403 5.6694319353 3.4417317011 3.02110418 3.2744234861 3.9091322715 5.0554315405 6.3566564809 5.6058858661 7.7234410063 5.4405718047 6.7547776943 5.768125024 10.4988467778 12.2502976314 9.6670595687 4.2075587094 3.2990453905 3.3154027321 5.6715905611 8.4581743218 8.4891957605 10.3388435059 6.5141145732 6.1674451391 4.5545609744 3.6528095185 2.9258458512 3.512600084 3.0350845993 3.8386567896 4.0862901437
11.4067628656 9.964704316 4.281600538 4.213872639 4.7048735785 4.2712294449 6.6245635598 5.6520613429 5.6553676948 4.8116324981 4.1168868119 4.6472259079 3.6305711449 4.5759760159 2.7035401288 3.5429903132 5.09248367 8.1321968712 12.2818406172 8.8472725401 5.5279640917 5.9934165296 3.2212504099 2.3916697587 2.3946285209 4.1475298227 3.6721131613 4.6264522618 4.3632464088 5.9278082287 10.3819672213 6.5079179279 7.4931157361 7.2669460017 8.2103899154 6.8533193623 3.9501306429 2.1466025928 3.5914278991 6.0621481015 9.154907615 10.1225038502 10.6994672889 7.9545526102 4.5514268834 5.6066474435 5.7501121571 2.8861781765 2.2968429692 2.3162793792 2.9714256194 3.1274992695
13.3765591216 6.815606695 4.5737637397 3.4197596037 4.0710165008 3.8423743932 4.1603504942 4.3354294686 3.5148225708 3.746149089 4.765867302 5.83639079 6.0093541052 4.5279186135 3.7399905852 3.4447506373 6.2253716437 7.4568239424 9.4216126707 7.956965591 7.7927000053 5.6553723511 3.1696399497 2.7458629315 3.6137420503 2.4291664338 3.207474307 4.3864969861 4.9972242904 5.9648098165 8.8937715649 8.713846193 6.4959158657 7.0271234897 10.3047854255 6.9884682396 3.318558592 2.6344554018 4.2308853274 7.0800679842 12.8679904176 10.9248052715 8.6902517004 6.9445238435 6.6540177279 6.4207487014 4.9721544485 3.5345756227 2.8776899969 2.990357591 3.5703203251 3.8476789076
9.720501277 7.7075090962 3.2609731939 2.6439291052 2.9759041386 4.1772548896 4.6557566692 4.1317625773 4.5969825105 5.2909053487 7.5024609681 13.2800716542 12.1517423223 7.9749149636 5.789950324 5.0192446745 6.2488461708 6.5242461064 7.3023358156 5.3874914231 8.3964198705 5.2625904019 3.8502877824 3.7737547428 3.1118552432 3.7690681988 3.3738732478 4.2748713755 6.6834842627 5.2538401056 6.4341890854 6.5063826311 8.631109466 6.5584926762 7.8950488445 3.7207932756 3.6126960874 2.2222909071 4.0400134722 8.292740229 8.2315956036 8.6566591076 6.8146796017 6.9282630731 6.5932873841 6.8515062004 3.9595425654 3.3308570339 2.9695648897 3.7821988388 2.4574753504 3.2589138105
16.8059740284 8.5701590836 3.8014711691 2.3860860383 3.327907803 3.3926611575 4.4449474193 4.5130319146 5.3100762691 6.5374285249 11.4111734058 13.4580208626 13.6782500588 8.5951824164 7.0608794432 7.6200031067 5.7554415024 6.1462934695 5.0398554131 5.2667870965 4.3880276181 4.8231680399 7.4987166207 8.9776719441 6.8836206974 5.3174837986 4.088134151 4.1871042016 6.0524162972 5.5823737109 9.3021293699 6.6030201279 7.0425960613 6.7794459826 4.3420588796 3.1616353546 1.7801715517 2.8602926755 4.13230411 6.8595031776 6.3011144994 5.6287844618 6.3067448318 5.7878039864 9.2327043036 5.4605914011 5.7454075771 4.1882481884 3.087242486 2.596784981 2.4839918426 4.243040873
9.2714488221 10.3313851128 4.3895897658 2.5088005057 2.5870991363 3.3612109969 4.2005118779 4.5528331137 6.0039498951 7.0328062539 6.1848966849 7.6844422838 9.0582670627 8.3204254123 6.6224002657 6.5643360537 8.0667909336 4.5505215248 4.0800082959 4.2110577955 4.334065213 5.1071697466 8.1147673752 15.6398244079 11.4361556073 9.7595903332 7.76555042 5.9434450392 5.5082883494 6.2151011371 8.0971901996 12.832938924 7.1515212088 5.5028378169 5.6821730849 2.7408799048 1.7869672235 2.4335012143 4.4670492986 3.5994263673 3.9322000008 6.2415138732 5.5905031491 4.8549330167 4.1981907046 6.2072988955 5.3693823842 5.0763062515 5.8201370251 3.9161122103 3.9112207336 4.5525348024
4.9253081125 5.2993303983 5.8194135717 2.8249989893 4.3809716114 5.4014995469 5.1461383732 5.9510602093 5.0709037508 5.9249421594 3.6493911263 3.6783910395 4.8953646723 5.7391565083 4.2659820721 4.8844109163 4.9590274147 4.5314252983 3.5038627665 5.5084923972 3.9672899883 5.0061266184 10.9100873328 11.8060986804 14.7261169001 14.3790342647 9.3335857627 7.7702511478 7.5276742621 5.3845338748 5.9107691786 6.1454139127 9.3822811895 6.5852297401 7.2140994424 4.3231354791 2.1708789757 1.9065085459 2.5915208079 3.2034376178 4.8954024275 7.4017047406 7.3752854129 4.5322939379 2.7673219019 5.2422669547 7.3339101449 6.2074910029 5.577868652 8.5765760144 5.0856162861 5.4541296484
3.0912583525 4.1680702525 3.5802846677 3.414152258 5.8344070608 6.2331533464 4.8881319186 5.1692935679 3.9848705258 4.3958075461 3.6957087746 2.2575959351 4.8360652274 3.8949792032 5.6448402354 6.7551239801 3.7563430465 3.5383419652 2.820160378 3.0428878041 3.8171964035 5.3185180542 8.0484195325 10.0231580282 13.8875619138 13.9712242136 8.5118415172 6.304459474 7.4377645153 5.2074840261 4.5796377135 4.9327570083 4.6248066097 5.1683060671 5.4072190527 3.6269616093 2.0904581359 1.4043266117 1.6328052397 2.9037611492 3.6233941253 6.6483833863 3.8967879611 2.7536709525 2.9410189634 3.9329743795 7.3952674501 5.4054085291 5.66952443 4.952070965 4.71868288 4.392234341
4.8435920963 5.4015802914 4.8709132616 4.4806368141 6.4839296963 7.3798201222 5.8291701732 4.0948122525 7.0236180707 2.9325492618 2.2605728112 2.8250695973 3.4171009117 6.3831576099 7.3709129656 7.1402915523 6.5498887465 3.167878775 3.3008679503 3.6111869007 4.2567292596 7.0528310171 7.728359292 8.3188165799 9.4422490469 7.2334575858 4.9333224778 5.5514805944 4.1881915937 6.0523212059 4.3965502157 3.577066852 4.1186503555 4.0888817165 4.5474287405 3.2732613912 1.9010138977 1.4061893796 1.6972767784 2.7849833938 4.0683273836 4.3086352218 4.3388949635 3.1471515497 2.530433915 2.8250781773 3.5172205531 3.8573221574 4.5240527401 6.1003490869 5.1660355615 3.5657539929
2.8936224562 4.8641052512 6.0654606874 6.419455904 4.310741782 5.1799223716 4.9569392929 4.8570207771 3.5163840169 3.4463781734 3.4844163937 4.0474108081 5.7112672352 4.8848172353 6.4964261672 8.5645178786 5.0924526026 5.0420446053 4.626933519 3.5674737237 5.2523095798 7.240172347 10.4090444314 7.3354513615 6.347159914 3.4856359967 3.0292229703 2.9721290757 4.9447339345 5.6300396765 6.4860942269 4.3460701846 3.4823381465 7.1442545473 5.1422569184 3.1042185896 2.0445267264 1.8255052843 2.1540505823 4.106413994 6.2669009529 5.7614982898 5.5075110582 5.1441148063 2.4968008007 2.3987786197 2.7374562795 3.2183763826 3.6785716452 5.7477173616 4.554715468 4.9760494442
3.1185413577 3.6794058975 6.3575242655 5.5405011602 4.7272488967 3.4889645622 4.4060681737 4.495703543 5.7523069603 5.0679693793 3.5015833587 5.3799333345 7.211042524 5.906053038 5.2638369386 4.8636414847 4.4136426183 4.3102371103 4.3026882983 7.6062999263 5.6747190024 6.6120862467 6.239664013 5.963750607 3.5359027179 2.5420457785 3.0496820262 3.5469431263 4.8752451422 5.7470936028 6.4911132758 4.2227720489 3.583385256 3.9422579658 4.5401515581 3.7652979792 4.6711295638 2.2301442415 3.3060306724 4.2869391002 6.6990329476 8.4782879449 9.7294477733 5.7047402381 3.575535187 3.15841557 3.1579797551 3.3434140554 2.8517303649 5.1214952317 4.1663866045 4.5906253661
3.6607743963 4.3333613439 5.214269415 7.6117083474 5.2597270345 6.3914481348 4.558803819 5.5079707419 5.3894080308 4.7524042134 4.6836545224 5.0648708195 6.7311051792 6.8185361253 3.7195207897 2.9377846475 2.7084700599 3.6107051758 7.264042232 7.8243843376 7.354394664 5.5296743554 4.9808665798 5.3438656786 3.9507757041 3.1039137311 3.077286614 5.008074402 6.8008462615 6.9779624129 5.0169055895 4.7454453385 6.1100228876 5.1538622342 5.0101967216 6.4485992613 4.365576637 3.9053001451 4.0235352878 4.1489154318 10.7979757344 13.0736696164 9.4525754114 6.3277196423 4.6613780812 5.6290849033 7.1748857595 3.1975175522 2.7302301389 3.4938978561 4.069797512 2.9944243062
5.1631053416 4.9440796393 5.0556365813 5.483476044 6.0596814659 4.338248136 7.9003937122 8.9633300773 8.8722719118 5.0435064739 4.4545562273 6.0568990321 7.1288092302 5.4339992123 3.5373665006 2.8975308881 3.9486760449 3.4641073509 6.2615054984 7.9881108306 9.5190148641 5.5576201398 4.8975475015 5.1489960508 5.0787398567 4.4576110549 4.6150480216 5.0578471358 7.8507198467 7.1601650311 5.9012030616 7.7412444417 8.1116431145 6.4943743571 7.2230098473 7.2756882814 6.6158180282 5.2042413215 4.1119903695 4.0911740456 9.3253011451 15.2457718485 10.4381811023 8.2012421359 6.8557230838 7.7062140403 5.2866585411 4.6458559659 4.0130225909 2.6108949384 2.6796398885 4.3414194236
7.4255903201 4.4946086688 4.9536375454 4.7303408503 5.3298662422 5.272104538 5.8201002711 10.191596684 11.7515453305 7.1902374073 6.0620680532 6.4590404977 8.923062674 4.9752705528 3.9493986682 6.4781404711 3.57536324 3.7855675597 5.1866789106 5.9342409814 5.5490184256 5.0696917523 3.6808285827 3.7486761462 5.0513228403 4.6616945533 5.4516505454 5.6039063035 6.2233036589 6.8942183076 8.490651162 7.0452789127 6.9276279572 11.7222671982 7.0816358009 6.2747505925 7.9713037501 6.1420126258 3.5662238037 3.7528342544 7.133284422 9.3100036329 10.3441482882 6.4018833732 5.3462738354 4.0473732635 5.8579724828 7.2727412602 4.5376313824 2.6413242761 3.7421992806 4.9133846003
6.9095090887 6.1032771431 3.9518261647 4.7484059596 4.5876040925 6.4419542339 5.9249469695 7.4183733325 7.0563603253 9.2136863606 8.3461145841 7.2916725445 6.8941709931 5.4967503274 4.8089160915 6.13645535 7.2332013601 4.8136907598 5.8639645696 3.8383296226 3.9356193207 5.4274601751 5.2376177836 6.7018142643 6.237722204 7.5746318207 4.9383916321 5.8502153104 7.0575862225 4.9574388594 5.8876355431 4.8978837735 5.2607689467 6.471926038 6.1932774176 4.8415974053 8.6719239818 5.2094889004 4.4693803856 6.3180278941 7.8700373197 10.7889209586 6.8297642336 6.6228417047 4.8470249228 3.1514685166 2.9221352873 4.6510854664 3.2598706596 3.1119632473 4.4398952098 5.253460833
7.587295422 6.9732712042 6.7309311666 7.2762039244 5.2946216568 4.3267383467 4.1906149083 3.3792065625 5.664854505 7.5741430343 7.4744281024 7.5532285012 8.0324248067 5.3527609485 4.3284699935 6.3302471713 6.0093378375 8.6995429598 3.8895051932 3.9709422832 3.5143156846 5.0097137183 5.6404227417 10.0808850627 12.1966529351 5.6745903607 3.3499460222 3.2923899872 3.9875736242 3.8036286334 4.9158274245 3.5628878824 4.137378014 4.3042422705 5.0213174996 6.8156562203 5.4667254376 6.6684583908 6.5412090387 7.8536767715 11.8139062414 9.4732191495 7.5753120317 6.6757228325 4.8916741453 2.4632154456 2.0009589389 2.2705204923 2.4976184944 3.0485727825 5.1860797586 3.5774927599
12.9061537876 10.5756154031 11.3611693547 10.1076836921 7.4377625249 4.6751500528 3.0185303529 2.3851475517 3.3369734267 6.4993824188 8.693767042 9.6159691546 11.7556414289 6.2871594032 3.7619936447 3.1816620471 3.9570768907 3.5597217589 4.3844747079 3.3097604423 4.8960795144 3.5817748369 4.4905923554 7.0069402772 9.6921582628 5.2270821208 3.2139726325 2.1750814833 2.8558768453 2.8789872513 3.7217853039 4.6903874355 4.1956241083 3.8994906795 6.7499852731 7.5961767841 6.1821336038 7.0027908597 7.2796506525 12.5992614666 14.5572577119 14.350614786 12.3461429569 8.1111007301 4.7270105451 3.4368368318 2.375595386 2.7249962399 4.0539152688 3.3731331135 3.4162657663 4.2413857464
12.3022379519 12.1394649456 12.4988541083 12.5339418424 9.1358945463 3.7015636352 2.0879665963 2.129456593 4.1271011682 6.6586442968 15.1997161561 9.6008714519 6.7277067963 4.7367232521 2.4285338499 2.8457313647 1.9761264902 2.5143693776 3.579310577 4.3224708761 5.2776325332 4.1467898047 4.3710844411 5.3018051529 4.9376255622 5.3877792338 3.6997523481 3.2179473007 2.7221483509 3.1941526406 3.6376183978 5.3906564458 5.0366059063 5.2685871654 4.5812866128 6.7684858657 8.3114137776 6.3660361525 9.1380529361 16.2147002511 17.1961437963 16.756393972 11.4810206081 9.9830759916 5.5236418999 5.114564554 4.295856061 4.7371593681 4.2553387323 4.3009575756 3.8755495404 4.66035275
20.682281668 12.4711816113 12.0120118783 8.8286803862 5.7752445991 3.3626512679 2.1413797239 2.5861486367 5.6449098534 8.4733760206 10.9889046878 10.5391075111 6.0012002076 3.6377545588 2.1340531612 1.6380704902 3.3406489557 2.9636092836 4.6154752977 6.0228355063 6.9767651745 3.9790095086 3.7561551662 3.6494904277 5.650488207 5.1517523287 7.0816085319 5.6651749072 3.1309957241 3.5958670082 8.0839927881 7.5854838935 9.1342231969 7.9901817091 5.8959638618 6.6867600682 7.1564974237 7.3880611333 7.2899818868 11.0160756991 13.9813222775 10.4917233299 8.9815313576 6.4138775101 6.0636246722 5.9114469853 5.4979565869 5.0197925101 3.7434748898 4.6663267245 4.6817469203 3.9894388173
6.1710935258 7.7351040134 5.8335399215 4.3898836197 2.9189628391 2.4365000997 2.7968389331 3.959690937 8.1423013234 11.3886579731 9.3260995381 8.9275912049 6.1959860412 4.6759799406 3.3304955775 2.6142798619 3.4007306811 7.9066475033 4.4554357248 5.1242599645 5.5722051896 5.911351193 2.9057262186 3.4484002854 6.2855023039 7.0116010364 4.9630284122 4.7623449457 5.1318407598 5.3524677577 8.7283553905 12.0654570761 9.080080695 8.1171609636 10.8177445188 8.0756031994 6.1223210957 6.6066729023 5.933577494 7.3117021247 9.0600051713 7.3738752376 6.3544714093 6.7540054064 6.8351468199 5.3474730341 5.7349587045 5.8300288107 4.891507219 4.7171629791 8.7443479261 5.1170829651
3.0440584048 3.4569376034 3.5700738408 3.352469321 2.9881285077 3.4953170867 5.7516206984 7.3209863208 12.5677027129 11.5135733313 7.9664104525 8.5554376372 6.3268001591 7.0518548124 5.7783010193 6.6312278027 5.5932598802 6.9885011873 8.1087633306 5.8436899198 5.330604005 4.2897499285 3.053496425 4.7843400152 6.6903871913 4.4540957033 3.5632904558 4.7105718209 4.430457217 5.8532549079 7.94858622 10.0001958534 8.1265636525 7.3015864431 10.3056170728 10.3664049509 8.2738424598 6.3676833146 7.7569017156 7.0129310328 9.4650724682 6.8362292208 6.6713827693 8.6648099083 5.8687395245 6.2535303018 8.1645678605 6.1828839588 7.5957169494 7.8441964423 6.7420484165 4.3940098312
4.8798079136 5.6717874241 4.5336305439 4.123615292 5.1393766028 6.5170116308 6.4703815501 7.1173405369 17.1494866278 9.1646975576 6.6705290479 6.6271399017 10.413337644 8.3110199006 10.8548517343 9.352874638 6.2397194844 4.973069413 5.512379101 6.3939539461 5.8288568689 4.7853317514 4.2025173536 4.453440799 4.0173018674 4.4060352482 3.4586264052 3.7954694809 5.0992648608 7.2225610732 6.0231941564 7.6418122531 6.2535621221 5.4592367316 9.1900303779 9.4740834318 7.7361953871 7.4478000125 6.1733532036 9.5773063796 9.558369351 10.6144108853 7.9560695495 6.7852246342 5.955399546 8.0278945356 8.6392163829 8.3739334831 11.1576124365 8.3697070797 5.9768649885 4.6911810006
