Models/Synthetic/Density/temp_raster_dens.asc
NCOLS 100
NROWS 100
XLLCORNER 3302900
YLLCORNER 3112000
CELLSIZE 4430
NODATA_VALUE NaN
[rows 69 to 91 of 100, columns 0 to 51 of 100]
0.0000635085 0.0000882466 0.0000767558 0.000056748 0.0000925656 0.0000698803 0.0001215967 0.0001348165 0.0002457483 0.0003709227 0.0001580604 0.00005368 0.0000328372 0.0000327713 0.0000322483 0.0000277444 0.0000306568 0.0000621199 0.0001038528 0.0000496512 0.0000212126 0.0000127926 0.0000121852 0.0000189341 0.0000291336 0.0000452667 0.0000674574 0.0000883489 0.0000925387 0.0000618232 0.00005069 0.000037873 0.0000330713 0.0000491734 0.0000204713 0.0000198407 0.0000369799 0.000044722 0.0000382673 0.0000336911 0.0000444396 0.0000771526 0.0000740638 0.0001212822 0.0002447844 0.0001449833 0.0001153349 0.0000992837 0.000116045 0.0001137309 0.0001672297 0.0000926518
0.000126706 0.0001758541 0.00011642 0.0000958012 0.0000743249 0.0000832343 0.0000800336 0.000105841 0.000181412 0.0001912743 0.0001133972 0.0000515637 0.0000264347 0.0000446481 0.0000375932 0.0000258476 0.0000348395 0.0000765887 0.0000892622 0.000054138 0.0000282716 0.000026211 0.0000294364 0.0000255836 0.0000466957 0.0000636954 0.00008921 0.0001163748 0.0000797657 0.0000844207 0.0000824401 0.000074888 0.0000711286 0.000071835 0.0000532431 0.0000388307 0.0000311392 0.0000289997 0.0000225789 0.0000186507 0.0000253042 0.0000355674 0.000050714 0.0001173828 0.0001857346 0.0001733429 0.0001524557 0.0001118784 0.0001567414 0.000106253 0.0000664905 0.0000506354
0.0001376961 0.0001223342 0.0001898518 0.0001372427 0.0001071188 0.0000825092 0.0000560929 0.0000582521 0.0000776482 0.0000821506 0.0000812784 0.0000364634 0.0000216986 0.000023101 0.0000245977 0.0000274576 0.0000297977 0.0000472015 0.0000739731 0.0000754981 0.0000478565 0.0000229711 0.0000242214 0.0000340903 0.000061379 0.0000800279 0.0001410723 0.0001158132 0.0000762546 0.0000662415 0.000076175 0.0001182429 0.0002522317 0.0002309143 0.0002057287 0.0000950144 0.0000663911 0.0000313007 0.0000216473 0.0000154813 0.0000158379 0.0000217437 0.0000396141 0.0000696876 0.0001065071 0.000147179 0.0001275131 0.0001096404 0.0000947067 0.0000577749 0.0000351808 0.0000276604
0.0000854342 0.0001511392 0.0001839281 0.0002207201 0.0001168559 0.0000821405 0.0000738615 0.0000410497 0.000040599 0.0000481457 0.0000600959 0.0000274902 0.0000259796 0.0000128634 0.0000276534 0.0000297645 0.0000283748 0.0000430784 0.000080442 0.0001346605 0.0000507778 0.0000324307 0.0000264969 0.0000528549 0.0000425013 0.0000644509 0.0000767998 0.0000775217 0.0000584858 0.0000434721 0.0000615856 0.0001182153 0.0002835003 0.0007449673 0.000267607 0.000141638 0.0000901877 0.000066531 0.0000372429 0.0000228825 0.0000183754 0.0000314938 0.000058555 0.0001118503 0.0001437894 0.0001205353 0.0000840866 0.0000565649 0.0000414669 0.0000345052 0.000042818 0.0000554182
0.0000493282 0.0001058917 0.0001938849 0.000136132 0.0000893385 0.0000614101 0.0000464059 0.0000468131 0.0000373126 0.0000513763 0.0000356965 0.0000197829 0.0000121326 0.0000127003 0.0000195745 0.000026809 0.0000354634 0.0000462876 0.0000597206 0.0000565751 0.0000486235 0.0000216018 0.0000243147 0.0000435377 0.0000371285 0.0000386587 0.0000476072 0.0000346874 0.0000304046 0.0000316591 0.0000452756 0.0001268424 0.0003655538 0.000395087 0.0002991283 0.0002019164 0.0001690523 0.0000904563 0.0000714868 0.0000462816 0.0000333039 0.0000424149 0.0000917708 0.0002191725 0.0002555033 0.000226343 0.0000976037 0.0000484495 0.0000326305 0.0000328795 0.0000479876 0.0000742372
0.0000560866 0.0000992451 0.0001116139 0.0000803945 0.0000552599 0.0000647664 0.0000351995 0.0000260965 0.0000229141 0.0000250011 0.0000226406 0.0000161695 0.0000251468 0.0000193315 0.0000233634 0.0000510597 0.0000283958 0.0000292705 0.0000337223 0.0000414069 0.0000235275 0.0000161261 0.0000183625 0.000029563 0.0000625801 0.0000444906 0.00003535 0.0000372854 0.0000486809 0.0000376766 0.0000447792 0.0000767704 0.0001198386 0.0001452577 0.0001697402 0.0001198931 0.0001132726 0.0000976288 0.0000994162 0.0000896141 0.000071837 0.0000516459 0.0001194925 0.0001760118 0.0004529111 0.000193014 0.0001521962 0.0000742325 0.0000564782 0.0000474706 0.0000604715 0.0001100741
0.0001047912 0.0001178073 0.0000662476 0.000045959 0.0000396469 0.000028387 0.0000400715 0.0000267012 0.0000146377 0.0000150828 0.0000165649 0.0000179956 0.0000298915 0.0000251735 0.0000364072 0.0000330642 0.0000495793 0.0000295061 0.0000351942 0.0000316325 0.0000228581 0.0000134626 0.0000148249 0.0000408788 0.0000465111 0.0000472268 0.0000480185 0.0000829205 0.0000900215 0.0000831002 0.0000526915 0.0000640502 0.0000586546 0.0000809111 0.0000800489 0.0000646555 0.0000527496 0.0000555642 0.0000807468 0.0001255355 0.0000918548 0.0000634233 0.0000765275 0.0001471875 0.000177963 0.0001800609 0.0001015727 0.0001651963 0.000070778 0.0000966642 0.0000616471 0.0001023572
0.0003924074 0.0001116751 0.0000735901 0.0000373093 0.0000222337 0.000015487 0.0000143475 0.0000136466 0.0000147046 0.0000191356 0.0000228136 0.0000277336 0.0000325202 0.0000477123 0.0000504576 0.0000468243 0.0000425747 0.0000497004 0.0000696836 0.000082394 0.0000346092 0.0000182684 0.0000211226 0.0000222048 0.0000337435 0.0000369951 0.000043254 0.0000853749 0.0001904222 0.0000912994 0.000053369 0.0000480749 0.0000704985 0.0001044607 0.0000747083 0.0000471197 0.0000287104 0.0000412439 0.0000547159 0.0000884622 0.0001271211 0.0000757897 0.0000785345 0.0000714907 0.000109265 0.0000748251 0.0000951787 0.0001189179 0.0001046545 0.0000632853 0.0000767143 0.0001087644
0.0002089682 0.0001658007 0.0001115372 0.0000809101 0.0000234091 0.0000104847 0.0000104398 0.0000146934 0.0000207629 0.0000352498 0.0000484312 0.0000340018 0.0000331851 0.000059328 0.00006306 0.0000946809 0.000052304 0.0000768966 0.0001527469 0.0001033079 0.0000530464 0.0000360842 0.0000280168 0.0000180252 0.000017934 0.0000219875 0.0000330861 0.000069716 0.0001028277 0.0000805774 0.0000548873 0.0000585202 0.0001553537 0.000140395 0.0000850743 0.0000416226 0.0000272863 0.0000241243 0.0000512125 0.0000403189 0.0000649611 0.0001195327 0.0001390048 0.0000845721 0.0000626103 0.0000459554 0.000062698 0.0000673387 0.0000779384 0.0001046702 0.0000825869 0.000113424
0.0001481132 0.0002071563 0.0002416742 0.0001055479 0.0000287522 0.0000113057 0.0000183157 0.000034973 0.0000381905 0.0000567471 0.0000647114 0.0000336932 0.0000342604 0.0000719619 0.0000838884 0.0000589555 0.0000546809 0.00010371 0.0001644218 0.0001059217 0.0000762752 0.0000589849 0.0000392253 0.0000233205 0.0000188514 0.0000227012 0.0000294242 0.0000342818 0.0000537197 0.0000610791 0.0000480995 0.000059067 0.0000960591 0.0001547762 0.0000865245 0.000040047 0.0000275276 0.0000402917 0.0000197954 0.0000249852 0.0000535249 0.0001327726 0.0001980894 0.0001485687 0.0000771527 0.0000466631 0.0000402486 0.0000442692 0.0000694453 0.0000695004 0.0000707408 0.000122047
0.0002162058 0.0002416185 0.0002279214 0.0000916918 0.0000301481 0.0000147914 0.0000235878 0.0000551057 0.0000895944 0.000082288 0.0000525586 0.0000299427 0.0000263063 0.0000388782 0.0000513358 0.0000414724 0.0000511052 0.0000870404 0.0000762129 0.00007414 0.0000850602 0.0000975837 0.0000599603 0.0000411237 0.0000322017 0.000040045 0.0000268837 0.000030111 0.0000326935 0.0000412777 0.0000549467 0.0000681372 0.0001079771 0.0000847711 0.0000860534 0.0000552953 0.0000362999 0.0000274404 0.000019897 0.0000188763 0.0000525015 0.0001378583 0.0001357999 0.0001761878 0.000150253 0.0001135349 0.0000399322 0.0000392516 0.0000484534 0.0000465659 0.0000479884 0.000136099
0.0003649813 0.0002491243 0.0001334994 0.0000752241 0.0000285459 0.0000207472 0.0000372702 0.000078953 0.0001557772 0.0000989487 0.0000438911 0.0000470986 0.0000425341 0.0000504791 0.0000316229 0.0000302062 0.0000576848 0.0000604775 0.0000721166 0.0000676823 0.0000790719 0.0000798083 0.0000850202 0.0000631598 0.0000752247 0.0000549017 0.0000552076 0.0000565719 0.0000797599 0.0000841945 0.000117468 0.0001626407 0.0001546291 0.0001235987 0.000069054 0.0000531194 0.0000434956 0.0000262704 0.0000154188 0.0000175896 0.0000412257 0.0000512168 0.0000789335 0.0001247561 0.0002593584 0.0000800109 0.0000563668 0.0000452865 0.0000279336 0.0000250462 0.0000463168 0.0001081227
0.0001450668 0.0001306056 0.0000995299 0.0000539787 0.0000315917 0.0000328155 0.0000531381 0.000098398 0.0000867401 0.0000753977 0.0000516666 0.000096154 0.0001230646 0.0001128246 0.0000385602 0.0000332998 0.0000586354 0.0000712999 0.0000729235 0.0000681201 0.0000977636 0.0001427806 0.0001537373 0.0001334613 0.0001093257 0.0001314399 0.0001225059 0.0001373895 0.0001591871 0.0002348785 0.0002237165 0.0003231568 0.0003294125 0.0001529869 0.000075557 0.0000499557 0.00003077 0.0000201398 0.0000272716 0.0000204498 0.0000304821 0.0000378405 0.0000520912 0.0000997715 0.0000860379 0.0000750631 0.0000356799 0.0000290649 0.0000268908 0.0000228318 0.0000381569 0.0001163584
0.0000608225 0.0001287713 0.0001376295 0.0000780278 0.0000526079 0.0000368947 0.0000686092 0.0000978453 0.0000733896 0.0000482547 0.0000660743 0.0001327673 0.0002936566 0.0001122498 0.0000629497 0.0000450438 0.000078918 0.0000585673 0.0000463788 0.0000629089 0.0000818074 0.0002055684 0.000314019 0.0002161879 0.0001981222 0.0002145869 0.0001859876 0.000161078 0.0002983253 0.0002062503 0.0002718005 0.0003149688 0.0002409831 0.000130355 0.0000896432 0.0000412163 0.0000238161 0.0000164802 0.0000199565 0.0000335793 0.0000495945 0.0000736708 0.0000409072 0.0000381483 0.0000378547 0.0000320766 0.0000344417 0.000047548 0.0000404285 0.0000432013 0.0000545739 0.0001706994
0.0000846183 0.0001279339 0.0002031017 0.0000764213 0.0000394439 0.0000453829 0.0000640134 0.0000940745 0.0000656306 0.0000429577 0.0000548607 0.0001433606 0.0002054861 0.0001302963 0.000057063 0.0000618447 0.0000922561 0.0000499914 0.0000456866 0.000038725 0.0000598852 0.0001256587 0.0001656328 0.0002213266 0.0002614167 0.0001911181 0.0002051648 0.0001685982 0.0001512531 0.0001438718 0.0001881761 0.0001929903 0.0001335377 0.0000833558 0.0000717765 0.0000488532 0.0000322455 0.0000274538 0.0000300416 0.0000774868 0.0000883846 0.0000590416 0.0000583234 0.000050536 0.0000490527 0.000037244 0.000034119 0.0000374913 0.00009559 0.0000987497 0.0001100894 0.0001374085
0.0000763404 0.0001722017 0.0001089927 0.0000723079 0.0000548767 0.0000518857 0.000069249 0.0000625701 0.0000447353 0.0000342751 0.0000527707 0.0000626774 0.0000991622 0.0000873871 0.0000608856 0.0000454709 0.0000612609 0.0000473083 0.0000243012 0.0000216774 0.0000354077 0.0000622115 0.0000818853 0.0001336569 0.0001306536 0.000124622 0.0002027388 0.0002739333 0.0001439166 0.000093895 0.0000798822 0.0000669945 0.0000474453 0.0000369433 0.0000400231 0.0000670989 0.0000774299 0.0000658473 0.0000511144 0.0000506751 0.0000533156 0.000053434 0.0001017727 0.0001293897 0.0001744614 0.0000764359 0.0000453639 0.0000382651 0.0000769901 0.0001991394 0.0001084982 0.0001066262
0.0000599636 0.0000878133 0.0000601998 0.000068302 0.0000676331 0.0000834489 0.0001096241 0.0000742654 0.0000397485 0.000034033 0.0000327998 0.0000292932 0.0000413576 0.0000385148 0.0000375902 0.0000273213 0.0000247315 0.0000203719 0.0000144005 0.0000181665 0.0000206983 0.0000341025 0.0000446672 0.0000507118 0.0000486696 0.0000684945 0.0001158059 0.000192779 0.0001692211 0.0000760693 0.000055962 0.0000360233 0.0000182276 0.0000176746 0.0000313954 0.0000769697 0.0001553568 0.0001016665 0.0000789265 0.0000385162 0.0000549675 0.00005515 0.000108786 0.0004057847 0.0001501979 0.0000692733 0.0000388761 0.0000394419 0.0000706824 0.000098368 0.0001201373 0.0000631859
0.0000246778 0.0000337725 0.0000499086 0.0000620456 0.0001344833 0.0001474279 0.0001528478 0.0000771835 0.0000497133 0.0000293201 0.0000218198 0.0000200942 0.0000200591 0.0000187707 0.0000195486 0.0000138519 0.0000101437 0.0000083893 0.0000077705 0.0000098895 0.0000180037 0.0000376307 0.0000446017 0.0000241672 0.0000220007 0.0000395858 0.000120552 0.0001489856 0.0001334915 0.0001423471 0.0000558898 0.00002622 0.0000164951 0.0000192546 0.0000310162 0.0000701217 0.0000702734 0.0000839902 0.0000517408 0.0000385689 0.0000456281 0.0000483079 0.0001074002 0.0001636309 0.0001443439 0.000092625 0.0000469672 0.0000398895 0.0000504579 0.0000675353 0.0000588406 0.0000392521
0.0000152423 0.0000342065 0.0000405842 0.0000863449 0.0001167698 0.0001817432 0.0001385138 0.0001106577 0.0000777863 0.0000384509 0.0000264266 0.0000331613 0.0000170023 0.0000152908 0.0000132639 0.0000117579 0.0000094613 0.0000080937 0.0000068833 0.0000095633 0.0000179558 0.0000325807 0.0000273415 0.0000177807 0.0000162776 0.0000386035 0.0000819999 0.0001986528 0.0001319129 0.0001007877 0.0000604771 0.0000307468 0.0000324125 0.0000460894 0.0000629706 0.0000640882 0.0000513326 0.0000423062 0.0000495176 0.000057669 0.0000686138 0.0000527713 0.0000585955 0.0000807935 0.0000721084 0.0000666644 0.0000789966 0.0000454875 0.00004256 0.0000405445 0.0000287972 0.0000229175
0.0000173065 0.000027566 0.0000508313 0.0001160873 0.0001457935 0.0001188124 0.0001016958 0.0000942653 0.0000663385 0.0000412375 0.0000223038 0.0000178916 0.0000209248 0.0000218652 0.000020334 0.0000198082 0.0000223734 0.0000112978 0.0000102662 0.0000117457 0.0000179769 0.0000219722 0.0000211608 0.0000163408 0.0000205458 0.0000392611 0.0000851802 0.000099762 0.000133842 0.0000714047 0.000051256 0.0000368716 0.0000457651 0.0001297955 0.0002195495 0.000145917 0.0000593112 0.0000511693 0.0000629089 0.0001072785 0.0000853704 0.0000547988 0.0000557839 0.0000796654 0.0000570147 0.0000499102 0.0000494016 0.0000580568 0.0000382996 0.0000361305 0.0000245519 0.0000244867
0.0000351074 0.0000453496 0.0000696892 0.0001435695 0.0002293474 0.0000960014 0.0000639089 0.0000593218 0.0000478275 0.0000352119 0.000016815 0.0000174132 0.0000199476 0.0000303653 0.0000244211 0.0000397788 0.0000226387 0.000013199 0.0000165398 0.0000235689 0.00003296 0.0000386708 0.0000358112 0.0000283627 0.0000257684 0.0000551822 0.0000877803 0.0000761381 0.0000645258 0.0000693378 0.0000469378 0.0000325302 0.0000541077 0.0001615244 0.0005624438 0.0001832646 0.0000707197 0.0000648583 0.0001172791 0.0001232805 0.0001004179 0.0000636675 0.0000608179 0.0000598975 0.0000622613 0.0000329345 0.0000367874 0.0000559909 0.0000531898 0.0000436289 0.0000590112 0.0000406432
0.0000377188 0.0000395461 0.0000837815 0.0001107955 0.0000877398 0.0000930618 0.0000575201 0.0000373939 0.0000415704 0.0000208761 0.0000172469 0.0000197891 0.0000328892 0.0000227873 0.0000362963 0.0000212298 0.000016725 0.0000113584 0.0000205695 0.0000957959 0.0000750041 0.0001047036 0.0000906823 0.0000399654 0.0000328059 0.0000559807 0.0000862326 0.0001249985 0.0001247418 0.0000665915 0.0000482664 0.000033615 0.000052035 0.000146806 0.0001641575 0.0001572494 0.0000858746 0.0001283212 0.0002056965 0.0002053044 0.0001625043 0.0000882453 0.0000848887 0.0001452734 0.0000726242 0.0000282981 0.0000354899 0.0000918785 0.0001093758 0.0000980333 0.0000783056 0.0000727858
0.0000674731 0.0000629971 0.0000405542 0.0000385276 0.000041548 0.0000506581 0.0000645011 0.0000577189 0.0000360291 0.000027648 0.0000295676 0.0000331665 0.0000331318 0.000029276 0.0000193825 0.00001224 0.0000083422 0.0000091296 0.0000241959 0.000062118 0.0002046996 0.0001052876 0.0000588931 0.0000507418 0.0000402242 0.000088137 0.0001882592 0.0002290001 0.0001784477 0.0001466513 0.0000694576 0.0000494669 0.0000570227 0.0000850173 0.0000915352 0.0000746316 0.0000671167 0.0001579227 0.0002774165 0.0004110718 0.0002069877 0.000114066 0.000088682 0.0000736325 0.0000438636 0.0000364804 0.0000401817 0.0001030377 0.0001961848 0.0001451039 0.0000851683 0.0000808573
