Models/Synthetic/Density/temp_raster_pop.asc
NCOLS 100
NROWS 100
XLLCORNER 3302900
YLLCORNER 3112000
CELLSIZE 4430
NODATA_VALUE NaN
[rows 69 to 91 of 100, columns 0 to 51 of 100]
0.0000001713 0.0000002669 0.0000004275 0.0000007682 0.0000017092 0.0000047572 0.0000150593 0.0000492583 0.0001582186 0.0004887665 0.0014408122 0.0040397691 0.0107485577 0.0270587796 0.0641655981 0.1423640348 0.2927023204 0.5444354736 0.92356289 1.3468767024 2.0723547093 2.2349109593 2.3550798608 2.2929158007 2.2066137256 2.1656723541 2.2252534687 2.4647601702 2.876622048 3.0869315581 3.2865475613 2.741764907 2.6794423134 1.5576848318 1.016317015 0.6678265449 0.3915170582 0.2145023463 0.1072121819 0.0515583746 0.0286692235 0.0370719855 0.0864414557 0.2150190298 0.4486819008 0.8047615295 1.2530587554 1.5574896724 1.8201433847 2.1149545798 2.469693888 2.6414381558
0.0000004305 0.0000006848 0.0000011012 0.0000018083 0.0000032299 0.0000068758 0.0000179405 0.0000533088 0.0001647592 0.0005022636 0.0014762035 0.0041456364 0.0110744316 0.0280203986 0.0667488934 0.1483900782 0.3036637924 0.5661141814 0.9343716176 1.4860824603 1.973002309 2.4604716787 3.4775717599 2.6790774288 3.2230970124 3.1973048351 2.7303415284 2.8671002551 3.2023386733 3.980293304 3.6088973508 3.8287104823 2.5862302415 1.8560828338 1.2412023452 0.8430542551 0.5358209369 0.3235756274 0.1775181982 0.0698697964 0.0329177753 0.0333804456 0.069241038 0.1538193428 0.3432421176 1.3340998561 1.5080232375 2.2879581062 1.5813825493 1.8734696834 2.1559622276 2.2810699744
0.0000013275 0.0000021049 0.0000033637 0.0000052751 0.000008243 0.0000136455 0.0000263224 0.0000622389 0.0001706001 0.0004939788 0.0014221787 0.0039602516 0.010537557 0.0265861248 0.0630646957 0.1390772314 0.2814140712 0.5144929194 0.8689706279 1.3970909609 2.9605660133 2.4516363376 3.2121052098 2.8810257478 3.7398149349 3.544082005 3.2625793188 3.201582872 4.2597313583 3.8315816998 4.2412678754 3.5799421772 2.8892475777 2.0947403556 1.3995078412 0.9133779892 1.5197733654 0.5016330968 0.2064300616 0.0827685269 0.0346755771 0.0282447814 0.0495360393 0.1060179305 0.2432512398 0.4558311288 0.7679330919 1.0532159133 1.3262108142 1.6079364297 2.2077303712 2.0017171364
0.0000039727 0.0000063031 0.0000101632 0.0000158903 0.0000238718 0.0000351362 0.0000535903 0.0000930073 0.0001969201 0.0004918811 0.0013220793 0.0035677785 0.0093359107 0.0232761817 0.0545985265 0.1189495134 0.2376681028 0.4352120078 0.7440959503 1.2443273186 1.7902687655 2.2995995552 3.327065017 2.9480011244 2.8608700001 3.6970496499 4.4134054182 3.3678375184 3.6391840561 4.0021042847 3.9971147357 3.6630184949 3.5788391065 2.1055119564 1.3945590988 0.8948968019 0.587599306 0.3625662227 0.2000370509 0.0789458792 0.0328682462 0.0226704639 0.0345748077 0.0699267298 0.1375931413 0.2494141618 0.4173960929 0.6758627975 1.1977516196 1.2690585757 1.5411571406 1.8743337989
0.0000112382 0.0000178983 0.0000293408 0.0000465287 0.0000699934 0.0000999922 0.000138305 0.0001945236 0.0003035883 0.0005707708 0.0012814732 0.0031547418 0.0078820616 0.0191340591 0.0440760635 0.0949090325 0.1890206512 0.3484422075 0.5978283893 0.9641930223 2.2081363728 2.0096742072 2.6877274912 2.316550707 2.623451527 2.8997295558 3.1618469851 3.2872627105 3.7465602199 4.1932237993 3.956932822 3.4528325992 2.6471065903 1.9110568332 1.2615804696 0.7788490567 0.4629123996 0.267737261 0.1393441556 0.0647369952 0.0275224689 0.0173202335 0.023281752 0.0440898111 0.0842391149 0.152076541 0.2620114659 0.4536323166 0.6524823533 0.8882257102 1.1347233036 1.3593278601
0.0000298917 0.0000478869 0.0000801214 0.0001297578 0.0001983647 0.0002846819 0.0003853072 0.0005006046 0.0006516622 0.0009195842 0.0015321372 0.0030514923 0.0067637375 0.0154054075 0.0343109998 0.0729062194 0.1473571976 0.2733493969 0.466570135 0.7390819793 1.0718737617 1.4104180589 1.6903930306 1.9313256842 2.1768696837 2.5486049311 2.7342244006 3.3077730635 3.4225396646 4.4962563409 4.1708005245 2.9814022896 2.2358294886 1.6434501786 1.0486286937 0.6139858599 0.3473748881 0.1899085018 0.0977318068 0.0456231102 0.0206494896 0.0123954918 0.015039434 0.0270950113 0.0509911819 0.0924435099 0.1632211395 0.2645020777 0.4183808927 0.5870751689 0.7918396436 0.8884280401
0.0000745304 0.0001202862 0.0002058845 0.0003416659 0.0005340211 0.0007796895 0.0010625194 0.0013588593 0.0016589931 0.0020125982 0.0026048339 0.0038891871 0.0068392162 0.0134572988 0.0276633221 0.0569152292 0.1167680462 0.2621264079 0.419437664 0.6281257308 0.8364779114 1.1167930943 1.4179907498 1.798612707 2.0014897027 2.2800498792 3.3639447573 2.7752918284 3.0170747405 3.4734420952 2.918797411 2.4409667309 1.8972797442 1.3442664275 0.7912237028 0.4419095382 0.2395343123 0.1268842782 0.0641263951 0.0303608074 0.0140035513 0.0082687963 0.0092930889 0.0160337145 0.0297518435 0.0541771686 0.0989684808 0.2046063551 0.3101882843 1.2517189693 0.4831103514 0.5396332881
0.0001738566 0.0002829475 0.0004959707 0.0008447482 0.0013539551 0.0020223062 0.0028055995 0.0036160467 0.0043572421 0.0050064833 0.0057425537 0.0070269054 0.0097115197 0.0152684765 0.0267478224 0.0501522303 0.1018580197 0.2360290459 0.8299285784 0.6121560572 0.8012676626 1.0210478209 1.3231572843 1.6491493761 2.4738818444 2.2547956607 2.5142672146 2.7889273597 2.7097305615 2.8802927163 2.2836376013 1.7424766101 1.8924392137 0.9198622319 0.5350787752 0.2903364258 0.1534040197 0.0793523365 0.0395919804 0.0187899965 0.0088214575 0.0051483901 0.0054578754 0.0090438255 0.0165343644 0.030390316 0.0614732655 0.1454470274 0.5037347126 0.2710433924 0.2869532451 0.328730357
0.0003793966 0.0006226371 0.0011169455 0.001952412 0.0032120578 0.0049211146 0.0069866886 0.0091666748 0.0111152176 0.0125724809 0.0136925055 0.0154374153 0.0188723775 0.0251900134 0.0360708232 0.0595957879 0.1066577461 0.2376408845 0.41633158 0.9571857198 0.803607576 1.0128416859 1.2731006168 1.6227609052 1.9608978951 2.3065207312 2.5674823922 2.710650647 2.8376228006 2.147013926 1.6713265913 1.2394148351 0.9175760759 0.588065466 0.3244055101 0.1765108148 0.0922632086 0.0471061291 0.0232638706 0.0110330587 0.0052179901 0.0030164134 0.0030376336 0.0048414007 0.0087389291 0.016354758 0.0347566287 0.1010679749 0.1338735438 0.1649351752 0.1689571925 0.2395694246
0.0007775563 0.0012842187 0.0023490842 0.0042038855 0.0070916389 0.0111432737 0.0162249442 0.0217730464 0.026819175 0.030322889 0.0321218497 0.0341329155 0.0413722458 0.0522430407 0.0666546472 0.0885597423 0.167404509 0.2473988046 0.4174682663 0.5710454516 0.8219024487 1.0005463331 1.2409703163 1.5599231672 1.9926056447 2.3912075276 2.6551381657 3.2960219011 2.8691278769 2.0954137616 1.2373087336 0.840954307 0.5569037677 0.3494510044 0.1928301381 0.1023863038 0.0531805325 0.0269099037 0.013192818 0.006240337 0.0029537068 0.0016794302 0.0016083421 0.0024740313 0.0044430237 0.0084235943 0.0182392066 0.0327352302 0.053832427 0.0818286469 0.1346344323 0.2376103216
0.0015134339 0.0025006387 0.0046232502 0.0084200414 0.0145126782 0.0233343078 0.0347606256 0.0477736709 0.0599864001 0.0684057836 0.0711501779 0.0714346543 0.079351685 0.1121575737 0.1284363795 0.1476210719 0.198599892 0.4832807762 0.3712976216 0.505913984 0.7004492728 0.9276928134 1.1812826965 1.5320812663 1.9665254536 2.4622156673 2.9921035756 2.4033247663 1.9930909602 1.4250167991 0.9671437307 0.5952871593 0.3641969215 0.211499359 0.1161586814 0.0597855753 0.0302812471 0.0150832925 0.0073134224 0.0034389447 0.0016196559 0.0008999581 0.0008201447 0.001232576 0.002249939 0.0044061038 0.0086418246 0.0169488152 0.0332835292 0.0667959272 0.1367962943 0.282051045
0.0028580859 0.0046632102 0.0085703756 0.0157075853 0.0274820423 0.0450123104 0.0683136044 0.0954915683 0.1223193016 0.1407652069 0.1452380149 0.1378615105 0.1375783864 0.1638715799 0.2413671169 0.1895523239 0.2288960717 0.2712487304 0.3520912098 0.4386982235 0.6097097178 0.8330733411 1.118044442 1.4415803176 1.9688260182 3.4523450686 2.2324443429 2.4739152099 1.6030257627 1.1078112856 0.7240804563 0.4431701809 0.253229489 0.1380532458 0.0719366281 0.036170818 0.0176791182 0.0085322463 0.0040427212 0.0018720724 0.0008703266 0.000470554 0.0004127233 0.0006270686 0.0012232351 0.0025967453 0.005770628 0.013183185 0.0303596787 0.0691702124 0.1545212205 0.3386622974
0.0053794886 0.0084824233 0.0151150573 0.0274074348 0.0481949482 0.0799478047 0.1229514764 0.1736842898 0.2237001782 0.2606784309 0.2658794879 0.2438611075 0.218537715 0.2248819334 0.2290475173 0.2687420814 0.2584947524 0.2794504289 0.2928987737 0.3872344869 0.5686454636 0.7697942641 1.0425867293 1.3792607087 1.5617696488 1.6783578202 1.7429913689 1.5576737618 1.2832812438 0.8658228802 0.5572249911 0.3324334977 0.1843956546 0.0961919224 0.0479473183 0.0231047719 0.0108761122 0.005031455 0.0022945371 0.0010307147 0.0004669922 0.000245103 0.0002136983 0.000350591 0.0007785456 0.0019123388 0.0048688934 0.0124120581 0.0308920599 0.0739423736 0.1697382762 0.3737561307
0.0102047415 0.0151839903 0.0255531677 0.0449172674 0.0784777529 0.1310181737 0.2033204698 0.2886959585 0.3717322793 0.4288068647 0.4394876378 0.3908701201 0.3340351012 0.3194605806 0.3026289071 0.325069297 0.5732357211 0.285768343 0.2780641785 0.3480502379 0.4987782251 1.194674499 0.8856912418 1.0670731834 1.208960882 1.2576750769 1.248289746 1.1340852283 0.9198416235 0.6507006165 0.4152015636 0.2452992525 0.1343236757 0.0688818925 0.0335124588 0.0156702761 0.0071130854 0.0031571956 0.0013760454 0.000591752 0.0002575885 0.0001313874 0.0001204251 0.0002290011 0.0005903367 0.001629066 0.0044958564 0.0120614729 0.0309602797 0.0754848276 0.1738307316 0.3795948449
0.018899723 0.0262585954 0.0411582811 0.0689682623 0.118623517 0.1987743891 0.3105972851 0.442106936 0.5705581443 0.6559164842 0.664816163 0.593961483 0.5340221332 0.470637543 0.5379395743 0.3825141825 0.3213927078 0.2856817213 0.263839608 0.313262879 0.4282167058 0.5360284462 0.672197563 0.7830248609 0.9313222658 0.9451690458 0.9276603431 0.887860968 0.6777414486 0.4710945979 0.2975225592 0.1742735617 0.0951622547 0.0486961773 0.023583322 0.0109106245 0.0048593666 0.0020957315 0.0008795933 0.0003618603 0.000150414 0.0000752528 0.0000769395 0.0001727439 0.0004951228 0.0014513802 0.0041407785 0.0113045697 0.029297782 0.0719680377 0.1683620476 0.3609484443
0.031880255 0.0416138221 0.0616281769 0.0976812166 0.1646091855 0.2787508424 0.4404838876 0.6282985431 0.807075156 0.9829637038 0.9942066334 0.9291709899 0.7472550306 1.0628849651 0.4806118875 0.4194456404 0.2743316525 0.2310172107 0.2399065597 0.2726600863 0.3161357593 0.3708389366 0.440358712 0.5326060099 0.6030394768 0.6478564066 0.6610150814 0.6075446112 0.4948111309 0.3325020495 0.2061265458 0.1192136099 0.0647362249 0.0332228047 0.0161867267 0.0075224293 0.0033462823 0.0014289445 0.0005876529 0.0002344018 0.000093886 0.0000469825 0.0000550943 0.0001402475 0.0004237166 0.0012689777 0.0036483113 0.0099740324 0.0258506768 0.0638962717 0.1523647402 0.3605485148
0.0445807741 0.057377478 0.081703568 0.1245072255 0.2056790619 0.3550690757 0.5799695335 0.8321419338 1.0581644404 1.247627415 1.7439007961 1.1443277542 1.1555330704 0.653484801 0.4601389788 0.3039544141 0.2378303662 0.1947214039 0.2002305195 0.2207839907 0.2379019793 0.2556053422 0.2827986762 0.3180894643 0.3561590103 0.3914580095 0.4408391444 0.4438111164 0.3567446998 0.2310306647 0.1405562385 0.078909843 0.0421827859 0.0216263874 0.0106359821 0.0050059649 0.0022511537 0.0009664339 0.0003963588 0.0001561713 0.0000614483 0.0000314983 0.0000419323 0.0001147457 0.0003528926 0.001058146 0.0030279303 0.00822453 0.0212113776 0.0525020921 0.1289639951 0.307500458
0.0506221004 0.0642729856 0.0926458486 0.1375562495 0.2277513783 0.4010417164 0.7083106771 1.0386926178 1.3007414208 1.4363533056 1.3948850056 1.2418206848 0.8869088009 0.6126436822 0.3700347798 0.2430168302 0.1754846163 0.1514933387 0.1516066105 0.1600494832 0.1644328784 0.1647431116 0.1680749686 0.1776919257 0.1935215162 0.2171792853 0.2721838939 1.0501049198 0.2560092067 0.1656775802 0.0955721387 0.0510379835 0.0263095188 0.0133554414 0.0066195849 0.003166187 0.0014489155 0.0006313222 0.0002614494 0.0001033555 0.0000407346 0.000021826 0.0000321684 0.0000911129 0.0002800675 0.0008324514 0.0023559431 0.006329389 0.0161728775 0.0398298902 0.0963526958 0.2375628558
0.0455796818 0.0590152574 0.0850576189 0.1317265642 0.2217741218 0.3954255709 0.7097526641 1.408023189 1.3456242888 1.4856098711 1.2653470446 1.0362727032 0.7776280693 0.5150889629 0.3212107458 0.1969562586 0.1326234888 0.1069641642 0.102057787 0.1031464776 0.101823145 0.0975533454 0.0937321981 0.0936847559 0.0990925764 0.1130129206 0.1580373677 0.1814200074 0.1931450584 0.1151555789 0.064646215 0.0320585613 0.0156938133 0.0077924901 0.0038777677 0.0018862591 0.000881323 0.0003918007 0.0001650643 0.0000661449 0.0000264989 0.0000150597 0.0000240495 0.0000690075 0.00021005 0.0006155949 0.0017164877 0.0045459248 0.0114592816 0.0276925325 0.0649930637 0.1336566737
0.0336741236 0.0445367887 0.0675280763 0.1100738477 0.1911131375 0.3394785948 0.6085655307 0.9244686079 1.1581229138 1.1822415765 1.0479990467 0.8437855114 0.6272855757 0.4253342146 0.2645753212 0.1585004586 0.0989008709 0.0716705659 0.0623599675 0.0595139297 0.0568722535 0.0529218344 0.0490048411 0.0468821007 0.0481233935 0.0547078525 0.0684818866 0.0891955721 0.0902383513 0.0723692561 0.0395142361 0.0190546801 0.008856544 0.0042795397 0.0021295641 0.0010531334 0.000503172 0.0002288668 0.0000984988 0.0000402598 0.0000165628 0.0000100924 0.0000172201 0.0000494858 0.0001484023 0.0004273875 0.0011707067 0.0030470803 0.0075413086 0.0177703459 0.0389971722 0.0793467824
0.0211482594 0.0298909945 0.0483426054 0.0835697999 0.148134031 0.2593529834 0.4302899886 0.6648547101 1.0254955496 0.8929056657 0.7918895024 0.636000437 0.4796992993 0.3338883201 0.2120761028 0.1250288525 0.0720802771 0.0462583526 0.0356855258 0.0315621445 0.0290540004 0.0264934104 0.0239819917 0.0222472152 0.0221231932 0.0247907062 0.0316026077 0.0383246294 0.0401512538 0.0322638489 0.020511792 0.0100330334 0.0046282062 0.0021961159 0.0010935097 0.0005496327 0.000268721 0.0001252343 0.0000551859 0.0000230949 0.0000098305 0.0000064806 0.0000117123 0.0000334921 0.0000986352 0.0002784152 0.0007472195 0.001905293 0.0046125177 0.0105411695 0.0225937318 0.04510323
0.0125357288 0.0189160325 0.0327785432 0.0591402814 0.1058317619 0.1818736729 0.2955948578 0.4665477819 0.5976892091 0.6943519804 0.5576643092 0.4489734953 0.3549217327 0.2617715748 0.1742836534 0.0973065869 0.0517162401 0.0292519636 0.0197128876 0.0158243607 0.0138738697 0.0123804816 0.0110329561 0.0100036686 0.0096566171 0.0104861231 0.0123274746 0.0142163007 0.0142738173 0.0119636257 0.0080496274 0.0044932843 0.0021616772 0.0010415713 0.0005235935 0.0002679254 0.0001340841 0.0000640632 0.0000289396 0.000012431 0.0000055099 0.0000039614 0.0000075375 0.0000213595 0.0000616253 0.0001700984 0.000446109 0.0011108214 0.0026212382 0.0058370802 0.012184627 0.0236379033
0.0074863102 0.0118310518 0.0214815694 0.0396691927 0.0711681706 0.1214516418 0.1957651842 0.2860569471 0.3766123163 0.4002415762 0.3677422705 0.2960039991 0.2470404206 0.2118254718 0.1343268866 0.0736942399 0.0360869113 0.0182612662 0.0107439772 0.007700705 0.0063252153 0.0054805954 0.0048068408 0.0042768293 0.0039928904 0.0040319818 0.0043347323 0.0045925295 0.004455497 0.0037466961 0.0026862583 0.0016373537 0.0008851625 0.0004503491 0.0002330902 0.0001220032 0.0000625326 0.0000306299 0.0000141909 0.0000062681 0.000002911 0.0000022989 0.0000045805 0.0000128232 0.0000361709 0.000097421 0.0002490378 0.0006036817 0.0013849808 0.0029939603 0.0060546267 0.0113644745
