Models/Synthetic/Density/temp_raster_pop.asc
NCOLS 501
NROWS 301
XLLCORNER 3551300
YLLCORNER 2778253.213573
CELLSIZE 833.932136
NODATA_VALUE NaN
[rows 46 to 68 of 301, columns 312 to 363 of 501]
0.4393455787 0.281232124 0.1752872565 0.092768471 0.0457495055 0.0223839433 0.0140290608 0.0131189129 0.0147387731 0.017616347 0.0228616261 0.0315099422 0.0403993559 0.0443569517 0.0403047185 0.0323418347 0.0302991817 0.0494347324 0.1115511582 0.1601550754 0.1911600594 0.1707403426 0.1431263957 0.1022214403 0.0654282405 0.0444913949 0.039523731 0.0426406485 0.0456956878 0.0431114349 0.0348932878 0.0240902164 0.0146495869 0.0081851986 0.0045267282 0.0025906146 0.0016004179 0.0011087321 0.0008479747 0.0006619228 0.0004855232 0.0003173572 0.0001800639 0.000087748 0.0000370397 0.0000152654 0.0000165734 0.0000787227 0.000431364 0.0020011817 0.0075476978 0.0215221804
0.2446131292 0.1523121217 0.0892903847 0.0495613273 0.0263825019 0.0171410023 0.018345073 0.0239137452 0.0280301454 0.0267922869 0.0238844953 0.0228220822 0.02456063 0.0254263371 0.0232586279 0.0195609471 0.0197262395 0.0321366428 0.0559698792 0.0859041527 0.1048171082 0.1075451712 0.0910798326 0.0661967991 0.041864596 0.0261314891 0.0195089939 0.0181456291 0.0178396316 0.0162542719 0.0130400344 0.0091687734 0.0057494638 0.0034176611 0.0021886155 0.0017826192 0.0018377213 0.0020222941 0.0020698743 0.0018541907 0.0014184726 0.000917886 0.000499657 0.000229082 0.0000891939 0.000031587 0.0000214521 0.0000854993 0.0004723236 0.0022409085 0.0085660076 0.0259458268
0.1571706444 0.0916525326 0.0524556293 0.0292000808 0.0174852093 0.0160478164 0.0245247976 0.0396832618 0.0462129995 0.0409528357 0.0266802412 0.017407031 0.0137216718 0.0125296884 0.0112863776 0.0100020387 0.0108132434 0.0161303022 0.0270201432 0.0407079475 0.0520827055 0.055385345 0.0492989312 0.0367796893 0.023713316 0.0141839046 0.009202304 0.0072714558 0.006490633 0.0056822257 0.0045325836 0.0032494528 0.0021924644 0.0016482232 0.0017825353 0.0025940001 0.0038352535 0.0049715332 0.0054257687 0.0049222271 0.0037049584 0.0023072306 0.0011941673 0.0005175057 0.0001929055 0.0000651478 0.0000307915 0.0000808136 0.0004238695 0.0019666895 0.007424564 0.021153016
0.0807844235 0.0566409585 0.0354106497 0.0220648765 0.0156304924 0.0171438787 0.0286303933 0.0462687796 0.0599768715 0.0460233723 0.0275884221 0.0139656126 0.0078270739 0.0056703122 0.0048275963 0.0044920721 0.0051361403 0.0076242085 0.0122575088 0.0181363137 0.0230974958 0.0249134146 0.0226546043 0.017457455 0.0115622795 0.0069015009 0.0041164496 0.0028100853 0.0022379977 0.0018644561 0.0014849563 0.0011346751 0.0009860918 0.0013227489 0.0025291923 0.00491118 0.0081660306 0.0111782253 0.0124119915 0.0112077869 0.0082036453 0.0049129407 0.0024268713 0.0010235303 0.0003825772 0.0001338797 0.0000536289 0.0000721611 0.0003126732 0.0013639588 0.0047258423 0.0125832978
0.0460635081 0.0430997169 0.0379342995 0.0317732781 0.0260894148 0.024015611 0.0293718137 0.0416601463 0.0461469079 0.039053524 0.0225200322 0.0106425365 0.0047573679 0.0026677661 0.002121607 0.0021875001 0.0027442563 0.0039372383 0.005765137 0.0078779465 0.0095691406 0.0101164817 0.0092273509 0.0072526858 0.0049543958 0.003022341 0.0017596538 0.0010872839 0.0007677411 0.0005967306 0.0004847766 0.000462487 0.0007057055 0.0016240984 0.0039328262 0.0083786455 0.0148431113 0.021006911 0.0237591928 0.0212308023 0.0152322404 0.00883242 0.0043375365 0.00188402 0.0007628732 0.0003006516 0.0001220527 0.0000810214 0.0002040267 0.0007596182 0.0023388493 0.0049808499
0.054817228 0.0736518362 0.0893886918 0.093452502 0.0795068194 0.0554847031 0.0374203578 0.030181193 0.0285363491 0.0227964267 0.0144283268 0.0069144027 0.0030264475 0.0017019955 0.0018876256 0.0029245862 0.0044738794 0.0056740472 0.006243643 0.006035508 0.0055784012 0.0049357381 0.0041909057 0.0033188764 0.0024226493 0.0016402717 0.0010159332 0.0006099846 0.0003699784 0.0002491438 0.0002050842 0.0002968144 0.0007504135 0.0021349215 0.0055118213 0.012153465 0.0221264796 0.0326081149 0.037233437 0.0335737102 0.023820188 0.0141714533 0.0074220031 0.0036230585 0.0017032132 0.0007704899 0.0003314923 0.0001522919 0.0001587533 0.0004302531 0.0011418454 0.0023747775
0.1212390889 0.182152257 0.2623728205 0.3047585453 0.2590097532 0.1551511591 0.0593231609 0.0283785623 0.0173616625 0.0117124548 0.0072274957 0.0039444427 0.0022433411 0.0021226332 0.0037640233 0.0103575472 0.0180284214 0.0242925404 0.0213689128 0.0156961375 0.0092258896 0.0063375055 0.0058599463 0.0062299843 0.0070670253 0.005135473 0.0030537509 0.0010222161 0.000563991 0.0003020622 0.0001916921 0.0002999859 0.0008860518 0.0026514713 0.0069418048 0.0153659103 0.0282492217 0.041881769 0.049703611 0.0454761262 0.0345494443 0.0228465758 0.013944424 0.0080333379 0.0043154592 0.0021115833 0.0009258414 0.0003806226 0.0002210489 0.0004115144 0.001213144 0.0031407383
0.2772349233 0.4473697803 0.5771291785 0.7421717098 0.6565541467 0.2585050607 0.1027336311 0.039892361 0.0164989095 0.0075089038 0.0038979819 0.0025943179 0.0027793762 0.0043774124 0.0086357916 0.022446318 0.0739003818 0.0879209352 0.0838123984 0.0376183482 0.0232258217 0.0148281279 0.0120965598 0.0528609489 0.0550660041 0.051714689 0.0071570824 0.0028077879 0.0014996162 0.0006991164 0.0003214273 0.0003632896 0.0010355573 0.0031405159 0.0083168785 0.0185139651 0.0340006247 0.0511634369 0.062204132 0.063084394 0.0548939009 0.0430668877 0.0309026423 0.0199404856 0.0113703901 0.0056307529 0.0024506968 0.0009563288 0.0004292575 0.0006074049 0.0019429921 0.0057498152
0.6050735254 0.9164985542 1.2230420725 1.0333871997 0.7376277747 0.3955505284 0.1662161624 0.0651486801 0.0236780174 0.0081367768 0.0035094344 0.0032573869 0.0055516968 0.010271112 0.0187483487 0.0410302809 0.1018965904 0.2988134442 0.1260152054 0.0775564049 0.0516654997 0.0324317291 0.0226584513 0.0623680814 0.5604656956 0.061985257 0.0149493146 0.006974362 0.0036013314 0.001489085 0.0005662291 0.0004527397 0.0011832368 0.003682575 0.0101506055 0.0238091109 0.0457509088 0.0724674134 0.0958247099 0.1096125542 0.1097495197 0.0976303047 0.0753006311 0.0502873598 0.0284646174 0.0140094192 0.0059745632 0.0022238274 0.0008501536 0.000877394 0.0027357198 0.0086791286
1.1376432765 1.8980898744 1.7607321975 2.2653605249 1.0137964159 0.5449152706 0.2588293639 0.1063181497 0.0349791431 0.0110086218 0.0049596958 0.0063664096 0.0127533553 0.0241443947 0.0409808189 0.0677149109 0.1312663986 0.1589518815 0.1722689308 0.12813425 0.097735701 0.0602544629 0.0372004471 0.0715900648 0.0741901908 0.0728796747 0.0250226299 0.0142010369 0.0067270634 0.0025780643 0.0008747482 0.0005457361 0.0013182772 0.004316066 0.0130398882 0.0335224221 0.0730352332 0.1268593632 0.1922722944 0.2417214262 0.2673456981 0.240651802 0.1856937249 0.117666936 0.0669729816 0.0339829652 0.0146067679 0.0054551197 0.0015410707 0.0011170558 0.0031085504 0.0098970015
1.1012311536 1.7870162112 3.2017176942 2.0299606493 1.3194317898 0.773587652 0.4309769121 0.1464445735 0.046946208 0.0140372689 0.0079595345 0.0136129853 0.0293934264 0.0555433602 0.0902038831 0.1283615329 0.1579531895 0.1778656914 0.1830199347 0.1809025553 0.171507178 0.1253283743 0.0917716458 0.0395745061 0.0441914965 0.0463144102 0.0381897162 0.0215562396 0.0098252073 0.003568039 0.0011407849 0.0006110847 0.0014062749 0.0049241314 0.0164823847 0.0495500221 0.1168211441 0.2346906561 0.3877922651 0.6113446876 0.6713458161 0.6171145186 0.3975789183 0.2481787211 0.1734576292 0.101962672 0.063451936 0.0098595194 0.0025120264 0.0012816557 0.0028231743 0.0086899554
0.9493159167 2.4905836603 2.1906534598 1.7092329331 1.2740555816 1.7727992847 0.5024493222 0.2057025454 0.0517429228 0.015744993 0.0120897031 0.0282593271 0.0631927253 0.1210269763 0.1910122542 0.2565991434 0.2889800381 0.2799137235 0.2445673407 0.194811414 0.1836328955 0.480597638 0.0967048723 0.0425062647 0.0454942617 0.0547397864 0.0425169794 0.0250448197 0.0110973607 0.0039793276 0.00124125 0.0006178103 0.0014003901 0.0052157352 0.0191965339 0.063223638 0.181198243 0.3521009883 0.6508250078 1.8102640778 1.688149692 1.1366572735 0.7896199919 0.491717878 0.2731717437 0.7327842824 0.0788553956 0.0149827582 0.003633552 0.0013817776 0.0020887843 0.0057314035
0.713454076 1.048322972 1.2587215244 1.6031152326 0.9681139916 0.6903259772 0.933612749 0.1816806333 0.0474164974 0.0152486428 0.0164012268 0.0454985937 0.1227074899 0.2259190824 0.365315215 0.4791238871 0.531909183 0.4735992705 0.3463170593 0.2211770448 0.1727714611 0.1196966647 0.0873576282 0.0357518549 0.0395992557 0.0432660312 0.0366689732 0.0215333545 0.0098366985 0.0035662211 0.0011243427 0.0005540154 0.0012735155 0.004970316 0.0192313759 0.0684852637 0.1955843908 0.4846737325 0.755279393 1.3420514857 1.8267728649 2.5506743194 1.6222535061 0.7473410615 0.3758199284 0.1791019477 0.0902480951 0.0181598047 0.0047337283 0.0014628198 0.0012935626 0.00289123
0.3304729921 0.484879854 0.6384763958 0.6253076672 0.5245330096 0.3887761708 0.2399192261 0.1340630988 0.0335951471 0.012899546 0.0187727109 0.0587553539 0.1608835762 0.3629836271 0.5656447072 0.7983087884 0.8808821654 0.7311612822 0.4802612692 0.2659991508 0.1306618884 0.0638007973 0.0353870577 0.0279281242 0.02765996 0.0279524567 0.0225910104 0.0142428957 0.0067601976 0.0025754218 0.0008439098 0.000437118 0.0010454894 0.0041744901 0.016517548 0.0579876512 0.1765934609 0.3665682934 0.7310183767 1.3962332102 2.9840586128 2.00655614 1.7899800178 0.9646415066 0.4021369668 0.1655094593 0.0622182528 0.0208199747 0.0057973481 0.0015436891 0.0007479883 0.0010943203
0.1506510637 0.2235420366 0.2739561486 0.2786169217 0.2305422974 0.162970228 0.0978608756 0.0473563875 0.0196902531 0.0096341089 0.0182277866 0.0580383117 0.1682784915 0.3700956013 0.6705981615 1.3487483354 1.1281843354 0.8779956426 0.5746361955 0.302393935 0.1324470789 0.0590199597 0.0370913528 0.0342813888 0.0288323404 0.0210977887 0.0124817087 0.0072481614 0.0036646551 0.0014856205 0.0005239327 0.0003031571 0.0007719584 0.0030980399 0.012025901 0.0421811477 0.1175823023 0.3005185699 0.6535864343 1.1403488414 1.6009661513 1.8065834539 2.5264123183 0.9604498271 0.4010262391 0.1755790291 0.0713154594 0.0257024714 0.0066792883 0.0016102874 0.0004848963 0.0003756389
0.0649827244 0.0966731887 0.1212633574 0.124177766 0.1048627184 0.0732577567 0.0429450733 0.0213097756 0.0094346514 0.0065924298 0.0149160953 0.047689204 0.132126369 0.3182678039 0.7085677536 0.8443675534 0.9154584292 0.8109566353 0.5422523241 0.2833144622 0.1247097068 0.0607137134 0.0691345095 0.0706223144 0.0591818769 0.0219337909 0.0080217512 0.0033578414 0.0015829151 0.0006887744 0.0002680489 0.000186125 0.0005149875 0.0020428422 0.0077848599 0.0261925797 0.0815928227 0.2202000051 0.5427663593 1.1761409454 0.9831031738 1.180495637 1.8915246423 0.7419306354 0.3702089285 0.2015727885 0.1109103994 0.0298733469 0.007220517 0.0016287578 0.0004278174 0.0001990627
0.0297188821 0.0480199037 0.0657812029 0.0710696349 0.0609626901 0.0407154834 0.0225099459 0.010665461 0.0049117072 0.0042449867 0.0106616177 0.0326189265 0.091591827 0.2287621638 0.3850067319 0.5219791335 0.5648897795 0.510668475 0.3727167319 0.2091093637 0.0959988248 0.0558192152 0.0749955467 0.1526359417 0.0662523282 0.0241844071 0.0062382437 0.0017088 0.0006131803 0.0002592619 0.0001142123 0.0001026428 0.0003121974 0.0012215294 0.0045247859 0.0157813918 0.049553448 0.1383227795 0.2863511276 0.4465167227 0.8259574712 0.61209048 0.5372227351 0.4339917506 0.2719218955 0.3478122283 0.1073752623 0.0309258615 0.0069100732 0.0016949174 0.000581122 0.0003352645
0.0173841971 0.0317878355 0.0477946237 0.056666265 0.046594 0.0298656024 0.0151854875 0.0065841161 0.0028716708 0.002651983 0.0067006468 0.0199791744 0.0538507103 0.1126153308 0.1880398862 0.2525797663 0.279350579 0.2550816471 0.1906564737 0.1156395419 0.0592243945 0.0386549206 0.0615162243 0.0665703851 0.055469466 0.0181634263 0.004718434 0.0010007349 0.0002461916 0.0000860562 0.0000417053 0.0000519516 0.0001729783 0.0006632751 0.0024339058 0.0082405155 0.0247778628 0.0549316228 0.1019719756 0.1924108327 0.2371983742 0.2554360421 0.2092466102 0.1778091183 0.1706631193 0.126828613 0.0859964353 0.023210172 0.0063446498 0.0022539293 0.0012741065 0.000987584
0.0120125247 0.0229974366 0.0360045427 0.041191026 0.0357198038 0.0224877155 0.0112440514 0.0046366517 0.0018775416 0.0015855115 0.0037776788 0.0105537519 0.0251360388 0.0490290091 0.0783586221 0.1034160096 0.1136066773 0.1040642143 0.0794445358 0.0505195272 0.0283917723 0.0205403939 0.0214833073 0.023987823 0.0181026357 0.0098671185 0.0026843702 0.0005731626 0.0001103195 0.0000281378 0.0000141716 0.0000245983 0.000087226 0.0003261139 0.0011381073 0.0035640649 0.0088116967 0.0182493751 0.034280384 0.0530766845 0.07117242 0.0800170065 0.0806219125 0.0749381333 0.0635094722 0.0490043557 0.0300910823 0.0161642361 0.0072324897 0.0045868101 0.0034892766 0.0029797827
0.0079342626 0.0147767619 0.0216976756 0.0248423639 0.0215593901 0.0144993267 0.0074452804 0.0031234513 0.001223698 0.0008899611 0.0018593909 0.0046834028 0.0102250509 0.0186663927 0.028474536 0.0365119955 0.0395020817 0.0361643158 0.0280184371 0.018490025 0.0110453017 0.0071333015 0.0061345769 0.0056898323 0.0045861485 0.0026598123 0.0011085529 0.000262298 0.0000497338 0.00000995 0.0000049333 0.0000110291 0.0000397369 0.0001407682 0.0004517852 0.0012185392 0.0027931433 0.0055895271 0.0097607677 0.0151195996 0.0208108374 0.0256438568 0.0283672197 0.0281564192 0.0255112908 0.0215636453 0.018081018 0.0154696146 0.0135464521 0.0114759973 0.0093770179 0.0081211673
0.0050075704 0.0080342505 0.0109634205 0.0120601348 0.0106368095 0.0074123176 0.0041110913 0.001818116 0.000724996 0.0004558323 0.0007902924 0.0017907147 0.0036189613 0.0062163564 0.0090740212 0.011296386 0.012037503 0.0109991439 0.008630995 0.0058582622 0.0035487407 0.002121492 0.0014438781 0.00113678 0.0008586701 0.0005437551 0.0002577004 0.00008861 0.0000190664 0.0000039013 0.0000021581 0.0000050278 0.0000165631 0.0000533067 0.000152207 0.0003788285 0.0008258368 0.0015929518 0.0027585406 0.004342669 0.0062554786 0.0083072068 0.0103339305 0.0125520484 0.0156204563 0.0201366277 0.0255743595 0.0299369263 0.0308941027 0.0277345935 0.0225068352 0.0192728202
0.0047752484 0.0054738171 0.0059323443 0.0057649972 0.0048148398 0.0033761731 0.0019496035 0.0009283257 0.0003860815 0.00021415 0.0002943688 0.0005940326 0.0011174828 0.0018203182 0.0025557619 0.0031020109 0.0032631409 0.002980108 0.002365821 0.0016387638 0.001005296 0.0005704799 0.0003278189 0.0002068184 0.0001386643 0.0000865962 0.0000455943 0.0000188508 0.000006443 0.0000026805 0.0000026674 0.000004233 0.0000085844 0.0000203062 0.0000491855 0.0001120966 0.0002333986 0.0004438721 0.0007804343 0.0012887157 0.0020511629 0.0032851173 0.0055745946 0.0101267624 0.0186310982 0.0320282407 0.0482158188 0.0615918006 0.065698713 0.0589063337 0.0464964532 0.0391161988
0.0102932998 0.0087969692 0.0069060003 0.0050120817 0.0033514757 0.0020325288 0.0010949498 0.0005142507 0.0002153931 0.0001021897 0.0001009389 0.0001736284 0.0003041224 0.0004727831 0.0006423757 0.0007634634 0.0007952895 0.0007270064 0.0005836325 0.000412018 0.0002571175 0.0001442118 0.0000756931 0.0000398666 0.0000223584 0.0000132868 0.0000081603 0.0000057214 0.0000055019 0.0000069211 0.0000092388 0.0000118952 0.000014791 0.0000187613 0.000026273 0.0000423882 0.0000763336 0.0001447855 0.0002789177 0.0005450882 0.0011103488 0.0024243148 0.0055868179 0.0128038874 0.027316563 0.0515446876 0.082932432 0.1099666407 0.1192728786 0.1055670336 0.0809316542 0.0667150908
