Models/Synthetic/Density/temp_raster_pop.asc
NCOLS 100
NROWS 100
XLLCORNER 3302900
YLLCORNER 3112000
CELLSIZE 4430
NODATA_VALUE NaN
[rows 0 to 22 of 100, columns 0 to 51 of 100]
3.9851226179 4.9951851995 3.2619004676 2.8518655797 2.8410533241 2.6235682657 2.4104674969 6.0694555814 17.5974903945 13.7991772262 7.1206876393 13.5936575725 8.1885541626 9.697862354 3.2847937115 0.7897364425 0.4011058572 0.6339716519 1.4442004606 5.0788333733 5.3115616814 4.1707342028 3.7187926357 5.8501682016 2.8433603588 1.7475223556 2.2180483257 7.662726809 28.8112972708 39.250270244 20.574251547 6.7650718465 5.3743520021 3.1747724393 1.6470221166 0.9649827764 0.8340844723 1.2051514811 3.1762072437 11.3262292801 33.9531142362 27.2112554973 58.4584231535 18.7970856112 9.618524288 5.4350288399 3.7738757239 7.3881038893 22.446108186 22.1465156195 8.9941345042 5.3315344163
3.2930105098 2.6397016918 2.5260805546 3.1541474466 6.2912161804 3.0530781665 2.9388776704 6.1862696526 10.6402754267 9.0978059459 8.3430801532 7.0525644043 7.3949481531 4.1285744996 2.2963545151 0.8241766214 0.579885739 1.8077282028 2.2545822208 3.7029881803 6.6623308733 5.0568042161 4.1807201217 5.9144829652 4.799935354 3.1035450878 2.7134613401 8.5416056523 26.4468739727 48.9792543542 18.9558746241 6.4498045132 4.1400297662 4.2167582986 2.5649694695 2.3755779473 1.3980806477 1.7940540607 4.0074971689 10.148108045 18.5923388006 23.7975464313 16.2112774675 13.1504124042 6.0969272214 6.4636179607 6.1719301648 10.9537381005 13.947040238 12.2771127168 15.50378727 5.9709238034
1.2885847528 1.4571350413 1.6095574413 2.8586870376 3.0228604307 3.6485293196 2.9841884072 6.3027081832 8.0358465761 6.4145275586 5.6921676992 3.543142662 2.6157603031 2.0568770575 1.1806725499 0.7206266081 0.7125893856 1.8695771798 3.5003098042 4.1883516767 3.8468225221 3.659013832 3.9630149354 3.9592799768 6.0714822086 4.1305033769 2.5277238146 6.3863816301 17.2786683488 19.9867592176 13.7982984895 6.2494345042 3.6696162825 5.920103713 3.5022484258 2.6653643352 2.1120823496 2.8139788464 4.4132456575 7.3645030025 10.9127399341 10.1059640633 7.0158827176 4.9109277045 6.0140047344 7.8577275589 10.7591120701 15.1556076602 10.1772616994 7.848294321 6.7745441101 6.1183181614
1.1269472496 1.1571364175 1.3137646825 1.5259126563 3.0805313866 3.9745499837 3.5775392369 3.4804636451 4.6547480057 3.720863766 2.5244011461 1.5971921236 1.1385442406 0.9642768149 0.9994089159 1.3489649057 0.713742316 1.2084971311 1.8451352335 3.0602780182 2.085249796 2.0774507005 1.924667979 3.3114644443 2.6083732952 2.0619850365 1.7246429542 4.219153914 7.3230008833 8.7241795211 9.5599776395 4.638103617 5.5424275041 5.8825458497 5.4937300474 4.1833667171 2.9823422178 3.1695782134 6.3374109037 5.3348074585 5.1321909325 3.7046004813 3.1582407451 5.160627412 5.7400459727 10.1743437002 14.7726340665 16.0165788901 13.8126074309 8.4375946947 4.6927033854 5.7321324957
2.6637396576 1.2025671682 0.891780736 1.2596535529 2.5338159355 4.6807762817 4.4235183503 4.2612745781 3.1274919706 3.6373043273 2.300499247 1.2861045694 0.8473407149 0.7172614913 1.0433693744 0.8816565597 0.6673554457 0.7400312963 1.3132371293 1.0587273229 1.2296599577 1.0402954072 1.1094851881 1.2530074835 1.1461960601 1.0015998411 1.4766045451 1.5158849521 3.2756807087 3.9631573594 5.887442913 3.591202765 4.4950329245 5.963218006 5.3077220253 3.980724724 3.6062351729 4.5055581431 4.85289292 5.1337317266 3.8546173319 2.9879844081 3.7392386378 3.8950532674 8.4616241756 21.9898277889 26.3170485373 31.3939368829 17.0252059579 7.3475783421 5.6532157862 6.4698307229
2.4553594703 1.7477958554 1.1839196286 1.2425447817 2.5791654859 7.2306974017 7.0686653547 5.6508306116 5.0712940635 4.5558333419 4.2032665595 1.163749268 0.6743405844 0.6961243218 0.6785367812 0.6661502583 0.6557689792 0.7359450134 0.6111929127 0.6384613433 0.6804137591 0.8701303049 0.8027977598 0.8398436027 1.4346827225 0.9261221747 0.8185134828 0.9073616509 1.4391299362 2.8464942256 2.4153691837 2.7057151441 3.1641594774 3.4289135325 3.1870197592 3.2059286704 2.7365552689 2.9138866073 3.5066380279 3.0558983169 3.8071207361 4.9781864703 4.8604995202 6.2097577662 11.5584420475 28.7315145329 70.2287898297 30.2774820771 18.8822170859 8.9152424038 5.4561211408 7.7501903336
5.3970967044 5.0604586947 2.9772551736 1.5725110681 2.5036540873 4.8497241447 11.8993076964 6.6460596565 5.4713640137 2.5852669029 1.5383106805 0.9618579904 0.6507654661 0.7093242077 0.8602612951 0.9607247748 0.9555984185 0.7587352533 0.5661721714 0.5018314661 0.6723916214 1.3708236413 0.9919970017 1.2587960138 1.3697536583 2.4358315342 1.030320362 1.1078898772 1.8035280342 2.753870608 2.6132843815 2.3120530625 2.2863028992 2.0843987634 1.9800092902 2.0758511544 2.2390351291 2.1485943124 2.5644080064 3.9018702392 6.2226705899 6.8322780879 8.2307799044 7.141496203 9.9338738856 25.7544010974 57.2014133609 45.6576373524 23.446080605 7.4198796098 5.3247156684 5.0791464958
25.1967871086 21.1873625654 5.5358580216 1.8211676406 2.1350506215 5.0715420585 5.5188590882 5.0838471806 3.3455189555 2.0309014298 1.0925081019 0.6875457167 0.7671687461 1.2061164629 1.520872998 2.9200030074 1.5847054242 0.9271950731 0.7073836288 0.785635613 1.1919190727 2.8250049198 2.674730356 2.5849045124 2.8199580489 1.6005259882 1.4561663595 3.1639333548 3.9864938585 6.4115839922 6.3204764994 4.1869606123 2.5047025743 1.6256849397 1.5867122518 2.3121340666 2.2939614102 3.4985078973 5.235680162 7.6571538266 9.9075656987 9.9933192508 7.2042683578 5.9997577659 8.0952781179 14.8184172647 34.912822497 85.6201698489 26.3034956521 7.9487070292 3.9005112874 4.8793049099
110.2723846346 23.6056725727 6.6614185419 1.993717509 1.8332047558 3.3138397943 3.7286354439 3.3612089085 3.3377630229 3.0482711841 1.593334007 1.0240452409 0.9345665157 1.931026612 3.4900117269 2.2797919796 1.7035087294 1.1532083905 1.1363190133 1.3983887871 2.8830021132 5.9780098474 12.2450564299 7.2964106076 4.4326105517 1.9383142402 1.6940673676 4.0627264879 10.3679065327 13.9958727178 10.6494520014 7.8927481385 3.5062059327 2.4717386562 1.7942452471 2.139527393 3.5939470953 4.7610733903 9.0040391528 12.8300520334 21.1330973212 9.9461543273 5.6048273803 6.3133905493 5.7633050457 10.7234646074 23.0634905475 28.3502293429 21.7894673081 8.648910464 3.1016416724 3.4206718335
36.8965168083 21.7476148821 5.8818643657 1.8471264615 2.0751406638 1.970831232 3.2538645327 4.5552040068 5.5667066827 4.9675397242 4.1589841802 1.9337909261 1.0431412221 1.5851607963 3.0586194031 3.0657596552 1.7848442995 2.0300442916 1.770895515 3.0802044013 5.1163909103 16.1702158994 27.7375007051 19.1745098478 5.9268556616 2.1054160556 1.9966807223 4.4606031284 13.4199042875 13.2049447258 8.0238706941 6.515505923 4.105880454 3.2743300443 2.4216221463 3.1962422062 4.6070407334 5.496548831 6.1472802534 8.9535930309 10.3047003072 8.1858925012 4.4013899385 3.4598885245 4.5952275578 7.9308262251 14.6759191191 14.2325997859 16.4220590082 7.2492948137 2.7780566076 3.1014588043
10.3928784677 9.0166317703 3.9061236482 1.7293039584 1.3862861543 1.8242118941 3.4201437641 8.8655066417 11.4793863034 13.8311824067 5.5512961204 2.1429595163 1.3232342938 1.5134933952 1.9435643655 2.4631315034 3.000491634 3.3971756636 3.3655605352 3.8167141694 6.4535032235 20.3337385083 54.0427160352 19.0625062916 7.1085519114 2.5461598746 2.2169822189 4.3376784845 5.2455977605 5.6227068295 5.7988713866 5.3801406372 4.5045036683 5.2451583893 3.828606479 4.2418329009 3.7260527757 7.0423889546 6.4253452271 5.7407997313 7.1064940199 6.4602139523 4.7493600965 5.5318576583 5.9998806743 11.0738178878 9.3667823551 12.6335090278 9.6902969687 6.1440947087 3.3395033099 2.6351277734
2.9446654558 2.8422187854 2.5849269949 2.2314103198 1.6279575123 2.5664258325 4.8336803968 8.9651500609 19.1676225369 12.2650778137 4.9772730637 3.1246836403 2.0205027583 2.6358547437 2.9732392847 3.7020991348 5.0966918406 6.4411803026 6.9738987837 5.0805030646 6.3511115287 16.2821426154 18.4652824923 15.2819690351 6.7325124913 3.5770456771 1.7977045524 1.7771097487 2.1805701122 2.1644120499 2.5049186896 3.3740502207 6.5727326292 6.3508651888 3.0848061867 2.6956164021 4.1211350576 7.1573592827 9.1521325179 6.3115051269 5.3700612754 4.6033894279 4.9462790556 8.3220742293 9.5445675318 14.2583309625 18.9538983982 17.6434920558 14.9646647893 7.9777079549 3.0054869549 2.3160942506
2.4404481448 2.0758796521 2.6823125757 4.2708544219 1.6961584758 1.7107286212 3.6452188618 7.3360190968 7.2857054711 6.9929202382 4.2915377778 3.2147410146 4.480580719 6.0140590496 5.9197943189 7.5193695364 10.8260514676 13.101903744 16.1396273337 8.8825111346 6.7661310637 6.2486003521 7.2015237007 5.9898388266 5.4207071273 2.3780290565 1.4008395992 1.195300523 1.3859695946 1.5293745965 1.6096114416 2.4524661847 3.604478521 3.5835540141 4.1169034909 2.2573143528 3.1697911793 6.1787165045 8.5530761267 9.1255260761 6.354168484 4.6767968047 5.1508565923 8.1897207466 12.0127206106 21.065122872 56.3628862675 51.1836539778 49.0755188403 13.9467850657 3.3407527844 2.9631755358
4.358478824 4.3044992678 3.1695435315 1.9143103692 1.393238051 1.4909448851 2.6531007157 3.972019101 3.1370974585 3.1948579309 2.9185360363 3.0621342458 4.5674741355 9.4339691087 12.7746054484 8.3148419222 13.9739999593 31.4700514937 23.4834935041 23.090988518 9.9910175246 5.5635658701 3.3420206173 3.9601216574 2.2832927881 1.8524547153 1.3502662572 1.6660562033 4.5570886224 2.5702065893 2.0332158202 2.7052356225 1.8737511556 1.8791039447 1.7694629926 2.0737992949 3.1530242426 4.0912226888 6.1430552362 6.3076578999 7.0776426777 4.8152798343 3.1885161342 5.7371059416 11.6356754933 25.9894244602 61.4969024034 229.2075410286 56.1552719576 15.8686653142 3.3223372886 2.0939181929
18.0126850664 5.9134553453 2.3503292031 1.3009539189 1.1617377009 1.4753545444 2.233859485 1.8158766375 1.7101329038 2.2650715283 4.1617879105 5.7074508257 6.8464743344 9.1221441839 9.9920460412 9.0031515558 14.1748730011 19.1753542612 29.2250434571 26.3942996751 17.0182484255 9.2882445826 2.6007891492 1.4706487704 1.2172487129 1.226640679 2.7911492758 3.9906019938 5.659912913 6.2458671804 4.549746277 3.9390114629 3.3791119022 3.0097909019 2.30396556 2.0538599424 3.3490672431 3.9320062734 4.4122112352 4.4319075499 5.5014102133 3.2525584338 2.3146104316 3.9640315699 6.6959208709 17.293585557 55.6795752571 59.0374842608 46.7301887051 10.8947632775 3.3562456919 1.714942025
8.8023979439 6.3335177529 2.5259357393 2.0343942753 2.0442269613 2.2025456729 2.181593026 2.122171472 1.8583103978 2.9880167539 6.5582762966 7.0187083289 11.2903601805 7.6796185058 4.9610177433 6.6354087633 10.89384993 18.4824592771 53.5236388802 60.9124994345 56.9369268438 11.6545479173 3.4566787565 0.8671692284 0.6737309852 1.2136222091 3.4577305699 11.8755695314 14.4468710845 15.6434939153 8.5964476262 7.9448053986 10.5835830484 9.4722728084 4.7257339778 2.556497927 2.8613528197 5.3486679286 5.665889462 6.112652593 4.0798734847 2.1934422593 1.7353130382 2.9620317725 5.3390859617 8.7269030259 14.0586302435 15.7249608183 9.6431099373 5.446487996 1.8367816744 2.3419831786
2.6728735795 3.4982449933 4.3062424888 5.5011525592 6.0761157449 4.8199729029 3.5674008167 3.0663065723 2.7578701478 4.6050696387 5.3259510405 7.0632981366 5.880102075 6.7293005712 3.0074670375 4.5155701232 8.2380745852 23.1275874706 60.1541899256 225.6862998483 55.7712986204 14.9724758342 2.7495131831 0.7772737094 0.5430627385 1.2194168616 4.8064120313 16.5817237576 33.599806261 18.3021735711 11.6269294691 12.5575912367 22.4874063854 15.647118802 6.6172101713 3.2336194087 3.9283271506 5.069729821 6.1110358395 5.5860880648 4.0967932577 2.1260944286 1.3923717693 2.2930987321 4.2479943077 6.8679299277 4.6975498927 3.4277999729 2.3647798377 1.4018473963 1.5084831636 5.3791177428
2.2747254314 4.3108328977 10.7936562841 15.4317407019 16.1292367137 9.0647872498 7.9430230348 4.7567400942 5.1990167396 3.3117105902 3.7099651229 3.9179345899 5.4033799858 2.98063245 2.6862854123 3.7817624035 7.8079599379 15.8262205684 56.7028781382 66.6467522559 53.1366537504 12.2295797999 2.743236952 0.8842103447 1.3151057812 1.2430396648 4.2608919523 10.1039741952 17.2727838256 15.3139175291 9.5618012694 9.7252415294 10.373000679 9.7969392085 6.0415263005 3.5407283898 4.6577998198 5.5292271178 7.0812443934 7.1639412126 3.3019258525 1.8761346027 1.2927212705 1.9924354814 4.4224936448 6.8256613411 3.5350100586 1.5971810018 1.3077984381 0.6738625053 1.4800865376 5.7697055297
1.1769403046 3.8365037981 12.7688782574 39.2037098531 19.2822375969 21.6715523532 8.2381327498 5.0877818417 5.3536000639 3.8671558059 3.4483892269 3.5461603612 5.7936998748 4.6533579747 4.7785867015 6.54904055 6.4597948563 9.9100729196 13.592016004 18.5004567866 14.3213203885 8.5070293184 3.1955530121 1.7342022528 0.7069205172 1.1936012296 3.789817187 6.5070889214 12.1859152671 10.7933197787 7.1725400607 4.8137948314 4.947639528 5.1542451377 4.2317686862 3.809353039 4.7952469053 5.4026489832 5.2002680332 4.1310225125 3.4105411404 1.7921815776 1.6564979771 2.2225667494 3.4178286837 5.1828321451 3.2874196165 1.8066760925 1.0407722513 0.918391749 1.6804831706 6.9172216427
1.8797167625 3.0166266905 9.0103131514 15.675621148 18.6116804661 10.3157268727 6.7978987363 4.6876338342 4.797065069 5.6650255949 6.652936585 5.6401980992 5.9874567083 12.1730499459 12.7378951475 10.5927909399 8.9049202002 7.5691363885 6.7896410279 9.6162679451 10.8333725434 9.9013123693 5.0461198703 1.7874925246 0.8212309053 1.217451241 2.3779118553 5.8114359482 9.8602177959 7.6332224983 5.3220199294 4.4658951058 2.6566315213 2.7598607892 3.9156366727 4.3500396435 4.7619598085 4.6073488804 6.1662218964 5.3312854666 2.8857665513 1.9568120927 2.317910418 3.5572226268 3.2784705766 4.011842953 4.9345394217 2.7293321958 2.4208352815 2.4675193472 2.4763059162 4.575227043
1.02995971 2.1228774322 3.9497230023 8.0332489721 6.560864947 5.2780852342 3.5930914889 3.9386764772 8.4473430842 7.7603345776 6.5636241221 5.259091275 6.347368391 15.0634515858 19.3675427824 22.5569495776 9.710530866 5.5673633121 6.9046510304 19.412468864 28.3260268927 24.2587691906 8.9542475804 3.0191290521 0.8139724823 1.0980044395 2.4550699729 5.3529272889 12.5891571468 7.9221444096 4.7252416431 2.7892049148 2.2567723253 1.906600965 3.0772630134 4.9327334416 6.0873148276 4.4536971119 4.2598951177 3.4953788026 2.6790852912 2.2374721886 2.4633386995 4.2272287269 6.0118234099 5.0493560545 4.4227448998 5.3678736665 5.1385440591 7.6514369844 6.2554852443 4.2141981088
1.8607208262 2.7176946654 3.7139575373 4.2877918829 3.3885645715 3.667929822 2.5808774021 4.4103128937 5.0351923655 6.4733344181 4.2790723398 3.4973205886 5.6332417837 13.9521539904 27.8836247521 14.6633438609 9.1059795686 4.1853839651 7.8953534195 23.6242603872 67.5001720178 28.6709152983 8.1569569851 2.3075490907 0.7429352055 0.715397294 1.8753955487 5.0991481473 8.3608239931 6.7186961963 6.8475696498 4.889766385 3.5937188182 2.3498592814 2.5384298699 5.9742231067 5.2120075662 4.3470959657 2.6899716272 1.7748588074 1.4042057143 1.5499087579 3.3469020209 4.766331542 9.0173382432 6.0407790237 5.1836281145 5.3348725974 10.4321175898 13.7667750651 13.8410399882 10.3549256298
3.7804652008 5.2139703576 5.6034966296 5.7851626637 4.2759544344 2.8285407241 3.2338409631 3.6969192323 4.2042969185 3.6534957306 4.1609520858 3.2098680511 5.1213523024 8.6577405093 11.2175238805 11.7009479327 5.0648577322 3.3488811778 6.5940819795 21.7479093531 24.3452971728 17.6230574617 6.7144306266 2.0867241158 0.7867261558 0.6496739667 1.2846277255 2.763054537 4.6353646541 6.5330025767 14.167853147 13.206924329 10.1581820958 3.3445875803 2.9978988604 2.7234720036 3.6804910654 2.3554311099 2.0135372902 0.9726224843 0.8917235671 1.5087288769 3.2322809692 5.1422490006 6.0309004565 8.5277662531 5.0331092962 3.76634905 6.122667812 11.0057182826 23.0907740585 15.2623435501
