Models/Synthetic/Density/temp_raster_dens.asc
NCOLS 101
NROWS 101
XLLCORNER 3302900
YLLCORNER 3112000
CELLSIZE 4386.138614
NODATA_VALUE NaN
[rows 23 to 45 of 101, columns 0 to 51 of 101]
0.0001577731 0.0001542961 0.0001504192 0.0001468011 0.000142577 0.0001378788 0.0001325257 0.0001273131 0.0001209979 0.0001149794 0.0001090275 0.000103346 0.0000975219 0.0000915657 0.0000862354 0.000082272 0.0000791455 0.0000795276 0.0000765486 0.0000712527 0.0000683104 0.0000670121 0.0000661588 0.0000663617 0.0000676286 0.0000757116 0.000070441 0.0000684085 0.0000670343 0.0000658667 0.0000648266 0.0000629065 0.0000605425 0.0000572809 0.0000546348 0.0000564833 0.0000484348 0.0000451144 0.000042239 0.0000394102 0.0000365161 0.0000337371 0.0000313154 0.0000295083 0.0000285474 0.000028384 0.0000299311 0.0000274576 0.0000266688 0.0000281905 0.0000252017 0.0000247056
0.0001696321 0.0001610219 0.0001570788 0.0001527912 0.0001478516 0.0001421684 0.0001407462 0.0001304514 0.0001247551 0.0001166928 0.0001094298 0.0001028617 0.0000949226 0.0000887227 0.000083314 0.00007895 0.0000791371 0.0000713123 0.0000679307 0.0000653833 0.0000627082 0.0000616969 0.000061473 0.0000620101 0.0000621197 0.0000676553 0.0000630165 0.0000624683 0.0000616677 0.0000608251 0.000059782 0.0000586191 0.0000563108 0.0000541209 0.0000515485 0.000048812 0.0000461662 0.0000431518 0.000040483 0.0000378157 0.0000352092 0.0000327591 0.0000306186 0.0000290346 0.0000281995 0.0000283521 0.0000277267 0.0000268278 0.0000261798 0.0000259624 0.0000251394 0.0000245904
0.0001700282 0.0001671179 0.0001634271 0.0001602171 0.0001523446 0.0001463567 0.0001399518 0.0001335264 0.0001259039 0.0001181912 0.0001104545 0.0001015319 0.0000935856 0.0000867525 0.0000826427 0.0000758926 0.0000709794 0.0000665634 0.0000625987 0.0000599212 0.000058438 0.000058096 0.0000635994 0.0000575123 0.0000570473 0.0000567631 0.0000571254 0.0000569451 0.0000568543 0.0000562401 0.0000555277 0.0000542139 0.0000525419 0.0000502885 0.0000480291 0.0000458052 0.0000440244 0.0000418295 0.0000393789 0.0000365203 0.0000340713 0.0000318631 0.0000299765 0.0000285759 0.0000281227 0.0000275322 0.0000268479 0.00002567 0.000025163 0.0000248115 0.0000246019 0.000024548
0.0001719104 0.0001767014 0.000173656 0.0001613006 0.0001558367 0.000148745 0.0001426347 0.0001355472 0.0001269505 0.0001189217 0.0001189748 0.0001007891 0.0000921185 0.0000912916 0.0000787261 0.0000729193 0.0000679705 0.000063205 0.0000593383 0.0000564857 0.0000551355 0.0000560354 0.0000558068 0.0000546447 0.0000529766 0.0000525067 0.0000521734 0.0000526445 0.0000523649 0.0000520548 0.0000513106 0.0000502853 0.0000485289 0.0000466127 0.0000447284 0.0000431306 0.0000420515 0.0000469272 0.0000384469 0.0000356746 0.0000329592 0.0000309846 0.0000296962 0.0000284059 0.0000277458 0.0000297332 0.0000258324 0.0000248722 0.0000245007 0.0000243847 0.0000244058 0.0000246218
0.000177781 0.0001704173 0.0001667384 0.0001623598 0.000156669 0.0001508466 0.0001436657 0.0001361104 0.0001277173 0.0001187616 0.0001096716 0.00010003 0.000091606 0.0000835834 0.0000764358 0.0000703838 0.0000652112 0.0000615478 0.0000576038 0.0000547932 0.0000529359 0.0000522871 0.0000518213 0.0000510709 0.0000546667 0.0000493499 0.0000487579 0.0000483752 0.0000482694 0.0000478583 0.0000472673 0.0000462059 0.0000447837 0.0000431059 0.0000415565 0.0000403695 0.0000401803 0.0000393084 0.0000447237 0.0000342487 0.0000317016 0.0000303831 0.0000293331 0.0000298762 0.0000269682 0.0000257318 0.0000250745 0.00002434 0.0000242381 0.0000243448 0.0000245325 0.0000248191
0.0001701982 0.000168889 0.0001653129 0.0001620322 0.0001613848 0.0001513024 0.0001448359 0.0001367485 0.0001279618 0.0001186541 0.0001077825 0.0000985804 0.0000947347 0.0000819768 0.00007412 0.000067853 0.0000628341 0.0000592354 0.0000583014 0.0000536233 0.0000516308 0.0000501332 0.0000489925 0.0000485109 0.0000472686 0.0000478707 0.0000455274 0.0000448575 0.0000444582 0.0000440275 0.0000433656 0.0000424404 0.0000412107 0.0000398315 0.0000385255 0.0000375632 0.0000372981 0.0000409088 0.000035035 0.000032501 0.0000302316 0.0000291551 0.000031088 0.0000271227 0.0000256463 0.000024509 0.0000240709 0.0000239805 0.0000241093 0.0000244145 0.0000247908 0.000025111
0.0001679536 0.0001663339 0.0001679553 0.0001603396 0.0001572373 0.0001507377 0.0001434804 0.0001376333 0.0001296968 0.0001163692 0.0001055858 0.0000966667 0.0000879109 0.0000796498 0.0000721769 0.000065572 0.0000610548 0.0000577892 0.0000549738 0.0000543077 0.0000501489 0.0000495086 0.0000463059 0.0000446541 0.0000440317 0.0000432815 0.0000427241 0.0000418421 0.0000412646 0.0000406539 0.0000399134 0.0000390004 0.0000379214 0.0000367387 0.0000356496 0.0000350537 0.0000348681 0.0000339623 0.0000323631 0.000030211 0.0000286725 0.0000278009 0.0000266844 0.0000256209 0.0000243078 0.0000237145 0.0000235027 0.0000236255 0.0000239479 0.000024411 0.0000252793 0.0000259921
0.0001640886 0.0001633118 0.0001604348 0.0001573222 0.0001525302 0.0001473721 0.0001409747 0.0001337439 0.0001266745 0.0001138797 0.00010275 0.0000934254 0.0000846833 0.0000768452 0.0000693782 0.0000632815 0.0000677229 0.0000575027 0.0000527592 0.0000501015 0.0000501333 0.0000454301 0.0000431996 0.0000414992 0.000040651 0.0000402559 0.0000397055 0.0000391337 0.0000384763 0.0000377292 0.0000368597 0.0000358842 0.0000348472 0.0000338156 0.0000329441 0.0000325043 0.0000398594 0.0000310898 0.0000296995 0.0000284026 0.0000272321 0.0000261522 0.0000251281 0.000024095 0.0000233733 0.0000229782 0.0000229295 0.0000232038 0.0000240723 0.0000246496 0.0000255847 0.0000287241
0.0001583695 0.0001607289 0.0001550951 0.0001516702 0.0001514034 0.0001424399 0.0001357399 0.0001283016 0.0001216309 0.0001093204 0.0000999428 0.0000901431 0.0000816414 0.0000739928 0.0000670159 0.000060941 0.0000563868 0.0000525199 0.0000497289 0.0000494968 0.0000446647 0.0000421184 0.0000397995 0.0000384014 0.0000376384 0.0000372324 0.0000369091 0.0000364352 0.0000358267 0.0000353871 0.0000344231 0.0000333773 0.000031969 0.0000310541 0.0000303675 0.0000301606 0.0000296449 0.0000289296 0.0000277361 0.0000266396 0.0000257554 0.0000250835 0.0000240012 0.0000231231 0.0000225325 0.0000222637 0.0000222949 0.00002267 0.0000236975 0.0000282777 0.0000251784 0.000025397
0.0001523837 0.0001512256 0.0001489841 0.0001455419 0.0001410277 0.0001358474 0.0001311499 0.000121391 0.0001122026 0.0001035903 0.0000945686 0.0000863425 0.0000785338 0.0000715737 0.0000649552 0.0000587371 0.0000532908 0.0000491277 0.0000462442 0.0000436539 0.0000413008 0.0000387571 0.0000368214 0.000035411 0.0000345909 0.0000342692 0.000034045 0.0000337124 0.0000331316 0.0000327057 0.000036732 0.0000306811 0.0000293131 0.0000284898 0.0000279698 0.0000276727 0.0000275059 0.0000265884 0.00002567 0.0000248742 0.000024269 0.0000236433 0.000022958 0.0000222348 0.0000217594 0.0000215526 0.0000216202 0.0000220135 0.0000230545 0.0000237942 0.0000240728 0.000023966
0.0001461837 0.0001474552 0.0001412344 0.0001379723 0.0001330291 0.0001277243 0.0001302404 0.0001137698 0.0001141166 0.0000967306 0.0000889183 0.0000817358 0.0000751509 0.0000687014 0.0000628363 0.0000564156 0.0000508925 0.0000466924 0.0000432693 0.0000405887 0.0000386928 0.0000366164 0.0000346896 0.0000325836 0.0000316633 0.0000313052 0.0000312347 0.0000308965 0.000030393 0.000030063 0.000029146 0.0000281752 0.0000268945 0.0000261757 0.0000257402 0.0000257868 0.0000253702 0.0000246955 0.0000236988 0.000023245 0.0000229506 0.0000225095 0.000021945 0.000021391 0.0000210089 0.0000208581 0.0000209473 0.0000213023 0.0000218758 0.0000224179 0.0000228439 0.000023202
0.0001358326 0.0001357046 0.0001429416 0.0001299473 0.0001340881 0.0001191051 0.0001128803 0.0001085204 0.0000988857 0.00009109 0.0000837728 0.0000773436 0.0000712583 0.0000651973 0.0000594967 0.0000538751 0.000048597 0.0000447002 0.0000490907 0.0000384124 0.0000361998 0.0000430486 0.0000322632 0.000030043 0.000028954 0.0000284929 0.0000282546 0.0000280575 0.0000277638 0.000027166 0.0000264371 0.0000255769 0.0000247685 0.0000241132 0.0000237583 0.0000236939 0.0000244828 0.0000225666 0.0000219315 0.0000221626 0.0000222216 0.0000218956 0.0000210767 0.0000205427 0.0000202647 0.0000201991 0.0000203352 0.0000206544 0.0000210946 0.0000215894 0.0000220881 0.0000226256
0.000125112 0.0001275364 0.0001264372 0.0001345727 0.0001151956 0.0001095568 0.000104713 0.0000988227 0.0001017033 0.0000853712 0.0000788506 0.0000794438 0.0000676498 0.0000621601 0.000056599 0.000051285 0.0000461637 0.000042492 0.0000445899 0.0000362103 0.0000342021 0.0000321881 0.0000302302 0.0000277274 0.0000265506 0.0000259032 0.000025544 0.0000253283 0.0000251319 0.0000249923 0.0000244841 0.0000237586 0.0000228636 0.0000222795 0.0000218966 0.0000217863 0.0000211828 0.0000206089 0.0000202688 0.0000209384 0.0000221414 0.0000210201 0.0000201421 0.0000196567 0.000019515 0.0000196159 0.0000198763 0.0000202397 0.0000206188 0.0000210503 0.0000215563 0.0000221632
0.0001129351 0.0001210061 0.0001123114 0.000108512 0.00010506 0.000100312 0.0000960155 0.0000909535 0.0000851683 0.000079993 0.0000746349 0.0000688312 0.0000683844 0.0000645096 0.0000541742 0.0000480578 0.0000435447 0.0000403095 0.00003742 0.0000347224 0.0000318743 0.0000304429 0.0000275247 0.0000256786 0.0000244553 0.0000237047 0.0000232277 0.0000229355 0.0000228456 0.000022902 0.0000231222 0.0000219869 0.0000211488 0.0000205864 0.00002022 0.0000196908 0.0000190786 0.000018568 0.0000186167 0.0000193854 0.0000199141 0.0000196883 0.0000189966 0.0000187242 0.0000187813 0.0000190877 0.0000196834 0.0000201415 0.0000204945 0.0000206996 0.000021171 0.0000217925
0.0001022347 0.0001005557 0.0001001686 0.0001027378 0.0000933405 0.0000924985 0.0000873152 0.0000829026 0.0000777641 0.0000730852 0.0000737191 0.0000636112 0.0000588774 0.00005448 0.0000495987 0.0000446798 0.0000405061 0.0000374775 0.0000380278 0.0000350794 0.0000297771 0.0000273241 0.0000255139 0.0000237974 0.0000226507 0.0000218594 0.0000213378 0.0000210251 0.0000209496 0.0000213048 0.0000210767 0.0000204976 0.0000194757 0.0000190369 0.0000186644 0.0000181576 0.000017518 0.0000170703 0.0000170497 0.00001741 0.0000177704 0.0000178644 0.0000177846 0.0000178264 0.0000180934 0.0000185886 0.00001934 0.0000203989 0.0000202641 0.0000204301 0.0000208584 0.0000214752
0.0000888413 0.0000893316 0.0000871578 0.0000850989 0.0000832733 0.0000811347 0.0000789206 0.0000751937 0.000071003 0.0000666013 0.000062237 0.0000579548 0.0000539947 0.0000560701 0.000045672 0.0000411446 0.0000375862 0.0000348853 0.000032533 0.0000300812 0.0000274523 0.0000251242 0.0000234714 0.0000221408 0.0000210755 0.0000202989 0.0000197926 0.0000195712 0.0000194873 0.0000196105 0.0000203706 0.000018692 0.0000179204 0.0000175467 0.0000173383 0.0000169021 0.000016399 0.0000159953 0.0000157715 0.0000158553 0.0000161165 0.0000164255 0.0000167288 0.000017065 0.0000174891 0.0000180534 0.0000188502 0.0000194687 0.0000198967 0.0000201275 0.0000205788 0.0000211793
0.0000779838 0.0000776656 0.0000766956 0.0000751393 0.0000737052 0.0000722102 0.0000705028 0.0000688929 0.000064353 0.0000606615 0.0000568767 0.0000531508 0.0000501014 0.0000534456 0.0000426164 0.0000380725 0.0000348865 0.0000320251 0.0000294896 0.0000272025 0.0000251417 0.0000233489 0.0000218578 0.0000206548 0.0000196901 0.0000189548 0.0000184883 0.0000182866 0.0000183035 0.0000181176 0.0000176563 0.000017161 0.0000165076 0.0000162454 0.0000159883 0.0000157417 0.0000158434 0.0000154667 0.0000151764 0.0000147661 0.0000150335 0.0000155158 0.0000160419 0.0000165199 0.0000169942 0.0000175303 0.0000181372 0.0000187491 0.0000192707 0.0000197194 0.0000203596 0.0000209263
0.0000685097 0.0000684767 0.0000681474 0.0000672623 0.0000662237 0.0000647012 0.0000632703 0.000060988 0.0000581747 0.0000553573 0.0000538066 0.0000490086 0.0000459011 0.0000444135 0.0000391179 0.0000352189 0.0000322694 0.0000297656 0.0000274528 0.000025364 0.0000234698 0.000021829 0.0000204549 0.0000193475 0.0000184636 0.0000177813 0.000017321 0.0000170999 0.0000168733 0.0000165336 0.0000160466 0.0000156366 0.0000154228 0.0000151679 0.0000148789 0.0000145945 0.0000147714 0.0000171035 0.0000143762 0.0000140015 0.0000143375 0.000015049 0.0000156984 0.0000162146 0.0000165748 0.0000170464 0.0000175983 0.0000181699 0.0000186824 0.0000192131 0.0000198779 0.0000207906
0.0000611701 0.0000612478 0.0000611733 0.0000675972 0.0000597339 0.0000584156 0.0000567276 0.0000546088 0.0000522799 0.0000502712 0.0000481584 0.0000448237 0.0000417946 0.0000387499 0.0000356854 0.0000324236 0.0000302753 0.0000281071 0.0000261194 0.0000238192 0.0000220489 0.0000204789 0.0000191949 0.0000181817 0.000017381 0.0000167496 0.0000162849 0.0000159531 0.0000156817 0.0000153316 0.0000149287 0.0000145952 0.0000144338 0.0000143803 0.0000138635 0.0000135081 0.0000137117 0.0000136542 0.0000136171 0.0000133802 0.0000138421 0.0000146314 0.0000155579 0.0000158487 0.0000161896 0.0000166352 0.0000171729 0.0000177064 0.0000181809 0.0000186455 0.0000192479 0.0000197125
0.0000556911 0.0000560064 0.000055904 0.0000553471 0.0000543658 0.0000529929 0.0000514215 0.0000494345 0.0000473705 0.000045366 0.0000430704 0.0000405455 0.0000377681 0.0000351 0.0000324173 0.0000299386 0.0000281361 0.0000297829 0.0000244823 0.0000224199 0.0000207199 0.0000192666 0.0000180823 0.0000171644 0.0000164413 0.0000158545 0.0000153813 0.000015016 0.0000147177 0.0000144154 0.0000140321 0.000013712 0.0000135381 0.0000132881 0.0000129693 0.0000126364 0.0000124988 0.0000125253 0.0000126368 0.0000129199 0.0000134292 0.000014199 0.0000148765 0.0000154133 0.0000157976 0.0000162939 0.0000168346 0.0000173435 0.0000177758 0.000018151 0.0000185375 0.0000189743
0.0000518106 0.0000516344 0.0000524507 0.0000508309 0.0000498913 0.0000488409 0.0000473858 0.0000455476 0.0000435389 0.0000414733 0.0000394648 0.0000371941 0.0000349014 0.0000323634 0.0000300415 0.0000278517 0.000026289 0.0000245621 0.0000229627 0.0000210088 0.0000195352 0.0000182206 0.0000171564 0.0000163271 0.0000156662 0.0000151132 0.0000146424 0.0000142533 0.0000139309 0.0000136049 0.0000132637 0.0000129427 0.0000126726 0.0000124352 0.0000121971 0.0000120278 0.0000119742 0.0000120631 0.0000122823 0.0000126395 0.0000131534 0.0000137627 0.0000143878 0.0000149476 0.0000154875 0.0000160349 0.0000165873 0.0000170662 0.0000174909 0.0000178716 0.000018261 0.0000186638
0.0000478372 0.000048254 0.0000480609 0.000047753 0.0000469458 0.000046097 0.0000449028 0.0000431487 0.0000410611 0.0000386782 0.0000367323 0.0000426279 0.0000327031 0.0000304469 0.0000283376 0.0000262914 0.0000244423 0.0000228264 0.0000213293 0.0000199158 0.0000185813 0.0000174201 0.0000164655 0.0000157108 0.000015096 0.0000145661 0.000014096 0.0000136837 0.0000133185 0.0000129812 0.0000126548 0.000012352 0.0000120916 0.0000118872 0.0000117537 0.0000117083 0.0000117684 0.0000119358 0.0000122109 0.0000125956 0.0000130791 0.0000136309 0.0000142054 0.0000147799 0.0000153521 0.0000159233 0.0000164536 0.0000169193 0.0000173804 0.0000181925 0.0000186843 0.0000191024
0.0000455065 0.0000458129 0.0000458746 0.0000457336 0.0000454077 0.0000445291 0.0000436257 0.0000425615 0.0000395785 0.0000370012 0.0000350762 0.0000332158 0.0000312918 0.0000291986 0.0000271631 0.0000251809 0.0000234183 0.0000219098 0.000020534 0.0000192215 0.0000179833 0.0000169176 0.0000160505 0.0000153528 0.0000147719 0.0000142614 0.0000137935 0.0000133618 0.000012968 0.000012614 0.0000123002 0.0000120296 0.0000118142 0.0000116669 0.0000116056 0.0000116408 0.0000117786 0.0000120146 0.0000123467 0.0000127682 0.0000132634 0.0000138045 0.0000143641 0.0000149267 0.0000154882 0.0000160355 0.0000165454 0.0000170065 0.0000175227 0.0000184079 0.0000209744 0.0000196469
