Models/Synthetic/Density/temp_raster_pop.asc
NCOLS 100
NROWS 100
XLLCORNER 3302900
YLLCORNER 3112000
CELLSIZE 4430
NODATA_VALUE NaN
[rows 46 to 68 of 100, columns 0 to 51 of 100]
1.3336513277 0.4342735192 0.4015353835 0.4823367286 0.2304503757 0.1100606212 0.0473597055 0.0210863111 0.0094664937 0.004213149 0.0018295761 0.0007661363 0.0003085434 0.0001229358 0.0000564118 0.0000435462 0.0000610005 0.0001060976 0.0001884079 0.0003283715 0.0005594794 0.0009311196 0.0015086675 0.0023674047 0.0035790495 0.0051943619 0.0072374339 0.0096771299 0.0124335879 0.0153481881 0.0182493091 0.0209670714 0.0234621305 0.0260370982 0.0298297856 0.0372358983 0.051104515 0.0668761487 0.0788420467 0.0818161331 0.0854677375 0.1010647209 0.1415200157 0.208592886 0.3117244389 0.4861527029 0.6522087584 0.8139500282 0.9221448581 1.5121134707 0.8918975739 0.7035860871
0.6685760971 0.6094363503 0.5480365414 0.4315853697 0.2989792796 0.1234626787 0.0555848639 0.0258592272 0.0121611504 0.0056194051 0.0024976716 0.001053415 0.0004227205 0.0001703028 0.0000864791 0.0000826749 0.0001317457 0.0002386747 0.000430503 0.0007579146 0.0013035271 0.0021909014 0.0035839304 0.0056628399 0.0085677832 0.0123184722 0.0167702571 0.0222783039 0.0275381848 0.0318602329 0.0332588509 0.0329971656 0.031319006 0.029632876 0.0284594144 0.0295536368 0.0338859372 0.0412061042 0.0500158605 0.0607141712 0.0755175306 0.0980474323 0.1297471043 0.1717878199 0.2279163606 0.2977342657 0.3743400059 0.4400858139 0.5175947363 0.5126404095 0.4631731958 0.3420722258
0.8640865352 0.6820995129 0.5878711289 0.717393353 0.2835575393 0.1320205861 0.0621273141 0.0310182768 0.0155541764 0.0075168484 0.0033994742 0.0014213987 0.0005610841 0.0002286207 0.0001322007 0.000154849 0.000270986 0.0005056296 0.0009239742 0.0016414626 0.0028485862 0.0048398948 0.0080222518 0.0128640423 0.0197481589 0.0287455414 0.0394388781 0.0522243514 0.0966111484 0.1056863994 0.1077354782 0.072582047 0.0658251047 0.0576571795 0.048588726 0.0407460573 0.0360433131 0.0358610927 0.0413796317 0.053711598 0.0736982018 0.1008151281 0.1324179703 0.1643795869 0.193686011 0.2189719421 0.2399413276 0.2553061244 0.2592478216 0.2476268976 0.2178838154 0.1784633088
0.7263825864 0.6464280682 0.549252282 0.4107852284 0.2676677473 0.1283675638 0.0681495407 0.037645806 0.0203603149 0.0101956737 0.0045756922 0.0018633211 0.0007153749 0.000296816 0.0002010148 0.0002814913 0.0005272722 0.0010071033 0.0018617349 0.0033321967 0.0058243311 0.0099865889 0.0167558163 0.0272655729 0.0425537893 0.0629705273 0.0877207427 0.1163500298 0.1752995129 0.8334756292 0.2005171143 0.1623672797 0.1464874886 0.1252031461 0.1004330553 0.0767109103 0.0577782647 0.0464264773 0.0446586228 0.053755372 0.0738612046 0.1033148141 0.1376614227 0.1686788738 0.1877911971 0.1926870904 0.1884364586 0.1813752567 0.1721430569 0.158093114 0.1384171245 0.1168151107
0.5168848639 0.4879044806 0.4239110308 0.3044643899 0.1975220934 0.1213619518 0.0747774833 0.0464460152 0.0267683292 0.0133953009 0.0058737492 0.0023073871 0.0008616623 0.0003710032 0.000301779 0.0004903342 0.0009667658 0.0018853786 0.0035249332 0.0063476388 0.0111402096 0.0193010206 0.0327854335 0.0540860942 0.0854236056 0.1283040083 0.1814117092 0.2435345071 0.3331834492 0.3751168759 0.3873512919 0.343074212 0.3091207951 0.2609505142 0.2043400662 0.1490309731 0.1035944265 0.0719834391 0.0562159658 0.0565670737 0.0719546054 0.1000384541 0.1359252296 0.1702153584 0.1895324916 0.1910592791 0.1851841217 0.1807159701 0.1750327639 0.1594520946 0.1369882686 0.1152758831
0.3266213238 0.3239892208 0.2835010784 0.2212842771 0.1545632184 0.1104641616 0.0802442428 0.0553317644 0.0322907499 0.016050749 0.0068520756 0.0026171917 0.0009626873 0.0004450067 0.0004427269 0.0008105064 0.0016655903 0.0033173004 0.0062817867 0.0113781052 0.0199842441 0.0347170888 0.0618411152 0.1036694976 0.1647834626 0.2441591064 0.3477393335 0.4690539385 0.6274792441 0.7100889827 0.7370707934 0.6767359298 0.6123110575 0.5171745944 0.3955602655 0.2788824996 0.1818178366 0.1155374365 0.0765160194 0.0618282428 0.0675206048 0.0896002215 0.1230353923 0.1583326535 0.1840365863 0.1941859322 0.2077277201 0.234006135 0.2435382763 0.2249093701 0.1814251075 0.1470327227
0.1923271239 0.1920268572 0.1742315387 0.1438311777 0.1150509641 0.0941913371 0.0789091781 0.056120978 0.0335940967 0.0165798717 0.0070216116 0.0026516838 0.0009848362 0.0005125875 0.0006276592 0.0012616522 0.0026878859 0.005481088 0.0105530533 0.0192671417 0.0338083486 0.0584025293 0.1042198408 0.2158931145 0.3201811039 0.4573555868 0.5999303249 0.8283677013 1.0813286506 1.5856452454 1.3465842754 1.2759942933 1.1633248306 0.985158679 0.7650326565 0.4867822272 0.3080341695 0.1846094524 0.1091316799 0.0716217482 0.0628146354 0.0749854825 0.101856572 0.1359254628 0.1673036957 0.1977251737 0.2416160802 0.3094097889 0.3598714189 0.317110463 0.2477240207 0.195124361
0.1083919706 0.1094529842 0.101500358 0.0893485372 0.0785111699 0.0714620588 0.0617217173 0.0468908027 0.0285287575 0.0144249302 0.0061802009 0.0023665121 0.0009184652 0.0005698418 0.0008508442 0.0018377501 0.004046535 0.0084797013 0.0167101747 0.0309443708 0.0543504684 0.0934932364 0.1634172247 0.3104854167 0.7786598069 0.7052189629 0.9610016316 1.3204162357 1.7136935107 1.99775305 3.0903191286 2.0571839636 1.8764638321 2.0441086419 1.2269220528 0.8192543722 0.5072606541 0.2945399457 0.1592776856 0.0874849009 0.0606937191 0.061079729 0.080477298 0.1144729872 0.1572269342 0.2090235185 0.2803496653 0.3736610805 0.4455916466 0.3952730623 0.313939646 0.2458090491
0.0611401007 0.0620157264 0.0587892173 0.0538670907 0.0497373646 0.0459319506 0.040295195 0.0308386197 0.019841516 0.010411196 0.00464396 0.0018508948 0.0007865517 0.0006153932 0.0010928509 0.0024916906 0.0056544748 0.0122185064 0.0248501552 0.0471886786 0.0837985136 0.1426402279 0.2715583221 0.4507532417 0.6560527297 0.9479119308 2.1155727764 1.8903336102 2.3638054611 2.7999527849 3.006365439 3.0362197525 2.845331906 2.322792135 1.8682317435 1.2802259779 0.8317641024 0.4713140586 0.2188550732 0.1083718239 0.0624273076 0.0514734504 0.0647436615 0.1014382373 0.1635691948 0.2324310651 0.3157538645 0.4190355697 0.4703260556 0.4498756843 0.3599598682 0.2878403375
0.0344659249 0.0351822481 0.033827007 0.0314830116 0.0289604707 0.0262220011 0.0223894204 0.017179686 0.0113264911 0.0063215337 0.0029856574 0.0012782465 0.0006314931 0.0006485502 0.0013211489 0.0031320881 0.0072958752 0.0162660422 0.0344872721 0.0681953124 0.124142286 0.2126705683 0.3713909116 1.1239503943 0.7774705804 1.1353622407 1.723371362 2.4922847521 3.1412363354 3.587726938 3.9336396156 4.1505615947 3.8210412072 3.1090946141 2.29561147 1.8053416627 1.382596233 0.5938703756 0.2741615877 0.1293254549 0.0669926733 0.0465244771 0.0547529853 0.0929075929 0.1618327382 0.2557544816 0.3215139905 0.4083068491 0.5176918435 0.4469572241 0.3791256109 0.3116732063
0.0189828867 0.0195763552 0.0189796347 0.0176067525 0.0158330322 0.0137574089 0.0113097223 0.0085070504 0.0056867836 0.0033077015 0.0016806478 0.0007972897 0.0004928337 0.0006681885 0.0014991743 0.0036444767 0.0086573815 0.0198397532 0.0438800713 0.0937772523 0.1784440578 0.3053040356 0.5184940484 0.7026237262 0.94650456 1.2766004138 1.9133038418 2.9156743059 3.8123161184 4.2859835503 4.6896816377 5.3006319485 5.8052266614 3.6640429422 2.720241782 1.8970521583 1.2101550603 0.6527932591 0.3041952926 0.1448395266 0.0718731545 0.0444292237 0.0473452886 0.0797597654 0.1441473076 0.216785908 0.2899954155 0.3672607194 0.411511093 0.418958929 0.3686624632 0.3126271564
0.0099936891 0.0104512548 0.0101958872 0.0093986529 0.008251357 0.0069022961 0.0054484566 0.0039903729 0.0026591327 0.0015913275 0.0008626031 0.000472223 0.0003923642 0.000676243 0.0016049153 0.0039402402 0.0094461875 0.0220294209 0.050413988 0.1142411799 0.2624032646 0.4352351248 0.6384848633 0.8979129617 1.0145075915 1.3744295159 1.9624191015 2.780398667 3.755550392 4.3489878485 6.4903068695 5.1464816569 4.8600088914 3.9282353334 2.8465665671 2.0349338347 1.1291788236 0.6058203198 0.3079380552 0.1508092096 0.0749956678 0.0434067067 0.0403806241 0.0629726746 0.1107146151 0.1734430267 0.2400573197 0.2923417572 0.3427341188 0.358563837 0.3408696073 0.2863867104
0.0049654086 0.0052811101 0.0051939493 0.0047769826 0.0041339944 0.00337179 0.0025841099 0.0018473354 0.0012211549 0.0007444311 0.0004329962 0.0002895573 0.0003376761 0.0006870988 0.0016565862 0.0040238295 0.0095695223 0.0223143822 0.0515820879 0.1212710004 0.2804446895 0.7099014755 0.7564584915 0.8797752981 1.0641117604 1.391595459 2.7094726951 2.5102998359 4.0439566766 3.8737784387 4.3009750797 4.7354682777 4.2929965748 4.2805562864 2.6367442395 1.6813983342 1.0130457285 0.5455387809 0.2864993684 0.1472261594 0.0757459093 0.04287229 0.0344622146 0.0463505785 0.082605879 0.171618675 0.2242360525 0.2673315097 0.2717516226 0.3118801077 0.2803364768 0.2390421008
0.0023161522 0.0025108226 0.002496424 0.0023042614 0.0019864197 0.0016032251 0.0012112493 0.0008551745 0.0005643275 0.0003539323 0.0002314203 0.0002103495 0.0003369965 0.0007415726 0.0017416559 0.0040616479 0.0093139574 0.0210874217 0.0476056845 0.1079352241 0.2503124879 0.4390686685 1.3357582949 1.0536667327 0.9694915035 1.3162114939 2.0130470605 2.132342154 2.4888793724 2.9242244282 3.3641317143 4.2063249601 3.3762042528 2.7602572271 2.0421104714 1.3225616777 0.7978571264 0.453838448 0.2490960153 0.1358181767 0.0744633523 0.0427992489 0.0304309144 0.0346293113 0.0624776301 0.1396980574 0.4203614018 0.2101131275 0.2036706084 0.2147150101 0.2103678352 0.1832129151
0.0010132277 0.0011210021 0.001129311 0.0010508004 0.0009093513 0.0007343011 0.0005542051 0.0003920606 0.0002635536 0.0001792471 0.0001515197 0.0002079183 0.0004150604 0.0009224261 0.0020467092 0.0044430231 0.0094676354 0.0199626847 0.041924245 0.0878136164 0.1682447036 0.3083757739 0.4712893245 0.6110630795 0.7961798239 1.2099666182 1.5207287922 1.6321851389 1.8527725059 2.1805000129 2.4545490079 2.6346388013 2.8829329398 1.8866921092 1.3958587807 0.9605121622 0.5843755732 0.3422242074 0.2001535907 0.11854919 0.0706770804 0.0421761611 0.028494237 0.0285418207 0.0465155983 0.1124012737 0.1433885662 0.1647183936 0.1433688484 0.1524656189 0.1523044682 0.1456088524
0.0004160525 0.000470038 0.0004803747 0.0004517587 0.0003942243 0.0003206897 0.0002442752 0.0001764674 0.0001272995 0.0001088315 0.0001435912 0.0002804791 0.0006218462 0.0013673403 0.002884796 0.0058322671 0.0113896904 0.0217259077 0.0408907636 0.0756594459 0.1369530702 0.2494748459 0.3421174914 0.4423838022 0.5720312694 0.7687687971 0.9467327407 1.1245856747 1.9894814396 1.523498051 1.8063270354 1.7728467561 1.4892793885 1.2532326717 1.0479440104 0.6784878155 0.3944378211 0.2355184864 0.147563379 0.0962590467 0.0621483383 0.0396178456 0.0281382152 0.0289155869 0.044075937 0.0687446306 0.0987532972 0.1242830628 0.1452286543 0.1563042129 0.1577385518 0.1528587121
0.0001606295 0.000185299 0.0001921926 0.0001829027 0.0001613563 0.0001329184 0.0001035638 0.0000798661 0.0000710064 0.000094786 0.0001908259 0.0004453595 0.0010321453 0.0022718051 0.0047080952 0.0091999935 0.0170457648 0.0302027954 0.0517853308 0.0873825071 0.1503027786 0.2554660774 0.4686754269 0.3839757362 0.4182015735 0.4989770683 0.6022764903 0.7438653269 0.8732260563 1.0278534097 1.07406318 1.0261853616 0.8733215679 0.7601932218 0.8075536936 0.4464878262 0.2482244467 0.1496303587 0.0995408137 0.0698863367 0.0491682383 0.0346245415 0.0303703494 0.0387571945 0.0617213892 0.0960067526 0.1459822453 0.201854299 0.2519414229 0.2713724467 0.2607317111 0.2341233564
0.0000584292 0.0000687946 0.0000724114 0.000069784 0.0000624034 0.0000525588 0.000043467 0.0000405275 0.000055409 0.0001163601 0.0002907277 0.0007282821 0.0017338131 0.0038704393 0.0080798434 0.0157873424 0.0289556885 0.0501065621 0.0825232529 0.1316954078 0.2075759588 0.3309917048 0.3970119013 0.4207495862 0.3904625717 0.4109371026 0.4588696622 0.5273940236 0.6449900755 0.7002958651 0.7015015552 0.6166539768 0.5267204276 0.4657216451 0.3585359931 0.2632738521 0.1478514622 0.0908438891 0.062245728 0.045810879 0.0347789206 0.029166436 0.0349242657 0.0919766658 0.1343178749 0.1980482695 0.2524189013 0.4190405881 0.5635548274 0.6027646581 0.5173059511 0.4074029669
0.0000200689 0.0000241028 0.0000257448 0.0000251646 0.0000229846 0.0000204304 0.0000200488 0.0000281058 0.0000613113 0.0001635783 0.0004435846 0.0011498788 0.0028022449 0.0063860269 0.0135794238 0.0269394643 0.049922962 0.086632598 0.1413915681 0.2184775024 0.3229254366 0.438419177 0.5345408101 0.5144904156 0.4826158825 0.46712173 0.4820446583 0.5238672146 0.6108831447 1.0774557685 0.5949364969 0.4938565315 1.2323693235 0.3070482485 0.2123119168 0.1462051991 0.0952216692 0.0593480299 0.0395836701 0.0288360731 0.0239386222 0.0258139636 0.0428386876 0.1169228253 0.7703620282 0.2882803806 0.4078305924 0.6363006105 1.152281486 1.8109526733 0.8368416124 0.6907307555
0.0000065246 0.0000079898 0.0000086696 0.0000086514 0.0000083003 0.0000086087 0.0000123847 0.0000278651 0.0000787229 0.0002294711 0.0006442777 0.0017096876 0.0042608195 0.0099378471 0.02163206 0.0438075598 0.0825005912 0.1445774485 0.2360528257 0.3588053588 0.5041951344 0.6484296448 0.7269541807 0.7220686434 0.7110468586 0.680774812 0.6817567351 0.7346573235 0.8393665542 0.8574176333 0.7872989059 0.6372270868 0.4927550088 0.3302969689 0.2247016633 0.1571230742 0.1030458709 0.0555292895 0.0311533439 0.0206113657 0.0185064172 0.0263594086 0.0532733788 0.1464700871 0.2518685245 0.4078545983 0.5856343494 0.9090281659 1.1924869491 1.3342941595 1.2743668296 1.1315005834
0.0000020151 0.0000025184 0.0000027934 0.0000029205 0.0000032259 0.0000047815 0.0000110317 0.0000326992 0.0001015356 0.0003060152 0.0008766012 0.0023711522 0.0060356079 0.0144137233 0.0321881027 0.0669221288 0.1283610983 0.2272638772 0.371449624 0.561330017 0.7707620123 0.9456152069 1.0274870663 1.0120701713 0.9888508236 1.3131092735 0.9892186606 1.0878886816 1.6059150797 1.2614494839 1.1429810461 1.1467323137 0.6996235625 0.4656749297 0.3558466612 1.1672407816 0.1709581178 0.0719766231 0.0346604253 0.0197966016 0.0177824152 0.0300606311 0.0698449308 0.1521634338 0.3042600955 0.5518224596 0.8378770489 1.164762926 1.5306610945 1.7506268084 1.8932577638 1.8270155165
0.0000006013 0.0000007731 0.0000009018 0.0000010787 0.0000016588 0.0000038859 0.0000119211 0.0000390065 0.0001249788 0.0003826458 0.0011116272 0.0030551447 0.0079246051 0.0193475784 0.0443104846 0.0946861913 0.1872257552 0.3344539947 0.5482652635 0.822710358 1.1496892699 1.3752668655 1.4588356446 1.3891471067 1.3321223821 1.3064445186 2.080701881 1.5519612854 1.8026933663 1.8764738046 1.8051999535 1.4516434738 1.1003192437 0.7918906708 0.5575946242 0.5309931991 0.2349168206 0.1043857294 0.0475505176 0.0245731103 0.0200243903 0.0348147517 0.0856211856 0.2112773425 0.4091024459 0.7292717352 1.1897799015 1.4325000108 1.7494428969 2.1700192703 2.84722469 2.764551163
0.0000002028 0.0000002803 0.0000003797 0.0000006051 0.0000013503 0.0000040221 0.0000133932 0.0000448075 0.0001448817 0.0004471773 0.0013118246 0.0036498599 0.0096123986 0.0239007088 0.0559065309 0.1223750802 0.2477819681 0.4591120583 0.7431293351 1.1401913646 1.5547164068 2.0517855788 1.9204131572 1.8183996171 1.6999379503 1.6520779953 1.7692714188 2.2421038288 2.3206830181 2.8413664094 2.3971673522 2.0765209793 2.0291797965 1.1711733332 1.4732552767 0.5199978638 0.3058297435 0.1480325791 0.0699696712 0.0343857724 0.0240078489 0.0375855162 0.0944421069 0.2328205733 0.5213445989 0.8143903579 1.2143185329 1.5823288402 1.8392088221 2.2849462939 3.0428896535 3.4877043061
