Models/Synthetic/Density/temp_raster_pop.asc
NCOLS 101
NROWS 101
XLLCORNER 3302900
YLLCORNER 3112000
CELLSIZE 4386.138614
NODATA_VALUE NaN
[rows 69 to 91 of 101, columns 0 to 51 of 101]
2.7688476637 2.7979539384 2.7372136774 2.7303118757 2.7422975548 2.7914047858 2.8788848518 2.9524619523 3.0631919973 3.1947968875 3.4103890269 3.6211082629 3.8577320428 4.1015603164 4.4598665649 4.8382308957 5.2242612987 5.5870165431 5.9650419982 6.3252205019 6.6670064545 6.9879304329 7.3716570245 7.5047913574 7.6785314033 7.8744231923 8.1573006277 7.9413857877 7.8405603534 7.6536420744 7.5498672099 7.4251478255 7.1346402194 6.8292415514 6.5137924501 6.1115486441 5.7407487518 5.396541757 5.1073261769 4.902235339 4.8952360232 4.5077077306 4.280300277 4.0972013058 3.9393245262 3.8532834748 3.7914439721 3.7655087552 3.7431952501 3.7594521285 3.791095246 3.8464144577
2.5910090568 2.6295007683 2.6531098671 2.6604013191 2.6807906957 2.8130522507 2.8057281689 2.9134542197 3.009662637 3.1631197792 3.4020423015 4.3747939534 3.8911920623 4.1551206436 4.5333450854 5.0152852223 5.3269364585 5.7429184478 6.1309173239 6.4967392071 6.789112304 7.1077022811 7.3534277271 7.5535956348 7.693434846 7.8549300215 7.9698408444 8.3310799383 7.957671753 9.0472660011 7.7757737318 7.6097685666 7.3304391881 7.0150990618 6.6949692252 6.3836174646 6.06036754 5.7432581427 5.4713897083 5.2824278954 5.0950517919 4.9222621214 4.7355400193 4.5470004348 4.3994995862 4.2950785718 4.2642575977 4.2268446647 4.2029336355 4.156267039 4.1553579877 4.1762422142
2.5051697668 2.5090138503 2.655490198 2.6489157248 2.5797924924 2.6081783083 2.7032141146 2.7996398313 2.9423962522 3.1141711495 3.3700652049 3.6175546882 3.89207129 4.2149661379 4.6070195486 5.0061432377 5.3794503509 5.8145767279 6.5718006006 6.5912905245 6.914459968 7.2025606853 7.4370620649 7.5857030073 7.74643957 7.8587381584 7.9863130955 8.0202549592 8.0847354686 7.999627676 7.9215856477 7.7314815533 7.5973100347 7.2680207176 7.0013172934 6.7679984673 6.4887228333 6.190558529 5.906231819 5.7075410716 5.5351530466 5.3788340563 5.2087530216 5.0722288203 4.9486556256 4.8634133583 4.8365564799 5.4200257586 4.7411301964 4.6591366974 4.6221343469 4.6054599457
2.3246459833 2.3675879428 2.405999976 2.4279361686 2.4288871101 2.4621412967 2.5563278955 2.6917145909 2.8547585623 3.0514623395 3.2762149181 3.5316844012 3.8240007232 4.2042904445 4.9382993482 4.9889595231 5.3739488261 5.8627480579 6.2847108555 6.6603899959 6.9755761923 7.4242545036 7.5420803863 7.6821864146 7.7946563978 8.6884874302 7.9935155443 8.1221159809 8.1809851145 8.1232235546 7.9709570142 7.8862541882 7.7376652489 7.5727934244 7.3874965166 7.2532728941 7.082003091 6.739387928 6.4224489513 6.2308695999 6.1407869627 5.9130483452 5.8058127599 5.7054814815 5.6290392055 5.5529122869 5.5524931304 5.4997665276 5.402596379 5.2923327556 5.2154595383 5.168796693
2.1654437961 2.1884799567 2.2144359724 2.2425744923 2.2827857269 2.3506721716 2.4581808805 2.6049512171 2.7817378288 2.983124189 3.2102113697 3.4685628578 3.7717994756 4.1627018213 4.5549827872 4.9701861299 5.3762336777 5.8611044957 6.3418933732 6.6542215807 6.9788751507 7.3496415369 7.7454908385 7.7727221398 7.8563795889 7.9622839477 8.0821005143 8.232875811 9.4633818629 8.2848122975 8.1431697486 8.027779503 8.0079517395 7.941378459 7.8588579886 7.7551491883 7.9531531146 7.3192888629 7.0604202719 6.8941087136 6.7316013904 6.566684529 6.4757441334 6.6651268273 6.3631907282 6.3223206319 7.09291401 7.1324946122 6.1194539097 5.9991732035 6.6847201456 5.8324304291
2.0495528363 2.0683581947 2.0939778844 2.1302386363 2.1862192745 2.2736107941 2.3967750765 2.5515650034 2.7276091503 2.9222771645 3.1440076114 3.4041910228 3.7122879582 4.0700714166 4.4736291646 4.9098692001 5.3735621956 5.8876800055 6.371800552 6.6327251579 6.9102906595 7.3038355072 7.7272895139 7.8155756901 7.9049058511 8.0395350365 8.2039605887 8.3857206608 8.4676358474 8.8435090745 8.3269853077 8.2641332591 8.29608418 8.643438041 8.3389272658 8.2677905811 8.1329334659 7.942758606 7.8061404123 7.8036485973 7.5508820357 7.3515290782 7.2708741308 7.2100871564 7.1940252696 7.1400167967 7.1445116448 7.0698205086 6.916895542 6.7943491175 6.6229683029 6.5437095918
1.974489127 1.991573262 2.0183226424 2.0593504938 2.1245773164 2.2264555176 2.3693311604 2.5281535307 2.6938059224 2.8682685435 3.0796074064 3.3378137791 3.6479993252 4.0143886304 4.4328180103 4.8849499567 5.3559474389 5.8309038773 6.3356866487 6.5258072977 6.8393411409 7.2684292268 7.6001522904 7.8403082872 7.9621240634 8.1448941576 8.3736306329 8.5602887414 8.6102270043 8.5705578103 9.2371400574 8.5238610391 8.6301191447 8.7821286592 8.8631047396 8.8520841897 8.7147506067 8.6193155565 8.5999880297 8.7708544594 8.5634986676 8.3048130444 8.1447054266 8.0705161111 8.0536116364 8.0163596532 7.9762495846 7.9203609139 7.7897441629 7.6021399984 7.4006540732 7.2545478107
1.9282437114 1.9452658375 1.9721106632 2.0156202533 2.0904330123 2.2065972099 2.3629142419 2.5342371261 2.669735213 2.8248721603 3.0240767873 3.2759204581 3.5878868063 3.965712637 4.4116084758 4.8857094657 5.3178015153 5.7145281151 6.0412906222 6.3789476123 6.7359067859 7.1758300868 7.6567389716 7.7618721353 7.9856754881 8.205205166 8.4603329099 8.826777157 8.8097346878 8.7772267514 8.7871184384 8.8415682746 8.9785852015 9.2060426928 9.5964397001 9.4594801644 9.4476064124 9.4389532511 9.4589949602 9.4636357597 9.5625359993 9.403258472 9.2134070965 9.1691041723 9.0937018334 9.1144837278 9.0198725238 8.9592592612 8.8577029758 8.5280452242 8.2560914649 8.0351506611
1.9140054699 1.9317875814 1.9562189094 1.9987277227 2.078480864 2.2245732208 2.3857503885 2.5393244143 2.6584956763 2.8029354848 2.99227144 3.2267201838 3.5285279718 3.93898781 4.3984538769 4.888845815 5.2900860699 5.532333256 5.8488871645 6.2399958346 6.6201402027 7.0228463812 7.3298967896 7.6467526878 7.922447725 8.200139987 8.497374475 8.7042708961 8.9135322335 9.3792887681 9.0843033378 9.2168155185 9.448636179 9.7598067287 10.0342291886 10.2328638311 10.3602775186 10.4665046325 10.4817115843 10.4580810127 10.4315037234 10.4525994206 10.6791994189 10.3414368841 10.6616117028 10.3026474758 10.3628265959 10.045348374 9.8841997903 9.5148693479 9.1761110844 8.9599299189
1.9499539367 1.9645244788 1.9792897961 2.0126885151 2.0895467555 2.2305934957 2.468020568 2.5393849583 2.6606089282 2.8262379816 2.9880700426 3.1995247368 3.4601440569 3.8485698082 4.4591255335 4.7354221401 5.0306254981 5.3400938402 5.6702672215 6.066079212 6.7131958029 6.8424076821 7.1712420105 7.5249352676 7.8264126213 8.2508602151 8.4200474366 8.7044539691 9.0145610425 9.2663481669 9.562342226 9.7688487802 10.1210472099 10.4224782809 10.8018984116 11.1640972598 11.388439254 11.7819914631 11.9334696969 11.5545161562 11.5511128446 11.8111981429 11.6217001964 11.637815819 11.5879806607 11.7908676889 11.4324787572 11.1679556951 10.9136277749 10.4614615502 10.1973411286 9.9396977408
2.0569349344 2.0560340612 2.0454111111 2.061871604 2.1211770446 2.2435806534 2.3719055888 2.5200334519 2.6966195974 2.8055570608 3.0189885609 3.1425852034 3.370241705 3.7155369126 4.0902233266 4.4540642717 4.76756034 5.10248442 5.4664951818 5.8785386471 6.2300164081 6.6543631609 8.0546723593 7.4595050119 7.7819668822 8.0620482859 8.3553745233 8.7195869364 9.1280052167 9.8023321445 9.9804121879 10.9051345918 10.8188814 11.3554726691 11.666076447 12.0486641801 12.3992349768 12.9735065866 12.8135842499 12.8342205485 12.8819693664 12.942055442 12.9649999968 12.872443269 12.8752663644 12.8717840424 12.9054307268 12.7627438325 11.7619745357 12.05992654 11.094659364 11.3955647043
2.2321223679 2.1858942676 2.1522865741 2.1379515614 2.1801352081 2.2570800212 2.3573591133 2.4804920979 2.6048083153 2.7559534748 2.8902817983 3.0611345553 3.2613585818 3.5323998045 3.8476962964 4.1771175867 4.5155770219 4.8724810429 5.2572954437 5.6306238191 6.0184421171 6.4477074928 6.8922329868 7.4073702032 7.7213182021 7.9396552596 8.2664767212 8.7294850131 9.7043997287 9.7720964277 11.3053760768 11.1350478847 11.5409146214 11.9639063642 12.608541612 12.9479428224 13.3456789671 13.6844231725 14.0699624391 14.1202842529 14.3155073659 14.434996467 14.4127017897 15.1086266262 14.2307236644 14.0836679639 14.0381815549 13.2926436549 12.7474731929 12.2304352919 11.874979915 11.7404703027
2.3889152789 2.3671969451 2.2580057924 2.231036486 2.2574466693 2.3197756488 2.3884253495 2.4668861471 2.5617692405 2.6703948833 2.8002348635 2.953628415 3.1477214276 3.3858379543 3.664368226 3.9698840809 4.2960903952 4.6501213641 5.0326207331 5.4454432086 5.8228505971 6.2817445856 6.6005621507 7.0194046133 7.4280276593 7.801238609 8.198039433 8.7675759323 9.3531162522 10.0208715565 10.7038149923 11.8590535747 12.1127866727 12.612768564 13.2043247345 13.8244385305 14.3560100032 14.785383743 15.1370700794 15.5942937309 15.6045449816 15.840145535 16.146651506 15.9038009309 15.5387519389 15.8175878313 14.9555927254 14.3924931362 13.8411087724 13.0649414413 12.5022161831 12.0403773749
2.7864688521 2.4425650442 2.3614128418 2.3329354181 2.3543914851 2.3994379604 2.4514364507 2.5044780441 2.5672398439 2.6464398267 2.7466766325 2.8759512527 3.0428540439 3.2530941413 3.5063087722 3.8221832988 4.1316359218 4.4639626705 4.796034177 5.1887784883 5.6539823497 5.9514318326 6.3006258195 6.6721942497 7.1271887857 7.609177803 8.1309802459 8.7377649545 9.4890111974 10.1749018291 11.1124997732 11.7536389868 12.4830349904 13.179633534 13.9160042666 14.6834130552 16.1629973008 16.0103056696 16.3246772986 16.6722673647 16.8898972258 17.1057777827 17.71213155 17.0655816763 16.7866017066 16.4495739896 16.0866981208 16.0142756446 14.7475883142 13.944826244 13.2108143538 12.6486588262
2.5406149112 2.5328902565 2.4680160517 2.4580121876 2.4725740636 2.5038509114 2.5405058283 2.5775538507 2.6184454771 2.667601626 2.732402766 2.824054183 2.954945956 3.1324616513 3.3585496631 3.6617032394 4.5773781808 4.2484724098 4.5351163693 4.9031237601 5.2788548405 5.6885302513 5.9707265493 6.3841311624 6.9133822201 7.4804944848 8.0845986108 8.7466884993 9.4949557657 10.3338723019 11.1661221153 12.0225061347 12.8506444516 13.6988411538 14.6076082459 15.6583890651 16.2980189423 16.9445866817 17.8986132714 17.9076671155 18.5904474796 18.3397146053 18.5537540539 18.2208278953 17.8329313898 17.4606324914 17.4746735377 16.5904428912 15.6994831391 14.7719172726 14.4972237313 13.2437877831
2.6263341123 2.6332510545 2.6268232873 2.6210353248 2.6262621667 2.6373073584 2.6537215129 2.6765310422 2.6997142096 2.7210380683 2.745971081 2.7956316749 2.8906494122 3.0377205241 3.2384717758 3.5129469681 3.7837293295 4.0226993958 4.2635681637 4.578388869 4.9254557571 5.2741035237 5.6627895566 6.1254568502 6.7294915454 7.4544597231 8.0395248962 8.753933758 9.5630451177 10.4428600971 11.3840336383 12.3345295044 13.2884084388 14.2155518274 15.2362327992 16.335125916 17.9728661475 18.0071234531 18.5769933863 19.278784261 19.9592603615 19.5698146638 19.5118135678 19.2687647489 18.8666289211 18.3509554904 17.8024436624 17.1385014314 16.65587085 15.8487914812 14.5736538249 13.7486887521
2.8364384693 2.8424411997 2.8417755384 2.8350759491 2.8184336968 2.7997337802 2.7851250216 2.7884113362 2.7997811674 2.7946380882 2.7817645988 2.7913036146 2.8500797148 2.9979622554 3.1773086988 3.3792223592 3.5946157159 3.797238433 4.0252648847 4.2570889251 4.569170183 4.9269717391 5.3462685271 5.8685705988 6.5257051532 7.2463487507 7.9468291442 8.7381455946 9.6679926558 10.553977363 11.5888601816 13.2116392162 13.7153540799 14.7338830298 15.7895276219 16.9310206381 19.1722990027 18.8768703842 20.2476585793 20.0255121206 20.4640863407 21.0720669445 20.5642935655 21.0223590437 19.6301223017 19.1360803746 18.4265853314 17.7465569608 17.0658595604 16.1807939948 15.1054152121 14.0975933596
3.0891266627 3.0939607648 3.1075842382 3.0919971987 3.04886719 2.9797275803 2.9507619176 2.9273367065 2.9473470867 2.9043391574 2.8645887619 2.8055772894 2.835842813 2.9583826546 3.2319709811 3.2798430893 3.4180139765 3.886199746 3.7650721524 3.9664080133 4.2639657274 4.6294964169 5.073012175 5.617574215 6.2674797966 6.9897911116 7.7829658889 8.6622484362 9.6161036532 10.6525743979 11.7971959338 13.0366883339 15.0861795923 15.3350219426 16.3499669846 17.4486108342 18.4481846968 20.4488387197 20.1334090454 20.5926645751 20.8741602541 21.1680246015 22.169381603 20.8368194452 20.1250560007 19.5584204868 18.7760187954 18.1407389264 17.8412007958 16.7636737318 15.3666127124 14.2960736687
3.3473189972 3.3547575082 3.3693630776 3.3820917401 3.2810774522 3.1785619424 3.1137005154 3.8518051388 3.0521071095 3.1858320757 2.9257091692 2.8403451151 2.8400588378 2.9570820937 3.0710694419 3.1800490336 3.2731091608 3.3877989282 3.5503156393 3.7342697828 4.0228456816 4.3936325653 4.8515094349 5.4052070491 6.047377132 6.7836818558 7.6208598208 8.5601525325 9.605937757 10.7298086379 11.9857089578 13.3459102447 15.2505927022 15.7944485708 17.2566243911 17.8384886108 18.7280346442 20.3511282184 20.3249671911 21.0262338734 21.1571282885 21.4506024111 21.4101841609 21.0163259175 20.3333165103 20.3200190183 18.9280834281 18.2438323932 17.5272673829 16.5675068361 15.4103114758 14.2744480888
3.6059491379 3.6081833423 3.6154827758 3.6214499738 3.5459013751 3.4255916783 3.303287939 3.2195194631 3.1882645693 3.0941909737 3.0108763039 2.89813505 2.868407732 2.9301461834 3.1100662634 3.0865894816 3.13490094 3.2176120031 3.3614956359 3.5732346364 3.8524247941 4.2100284293 4.7241046647 5.2913963497 5.9351217122 6.633327037 7.4983404141 8.5094436715 9.6164504096 10.8386872536 12.1394013143 14.0631716497 14.7745540836 16.0422370221 18.1919321327 18.1775158859 19.0132106214 19.7924483496 20.5051466567 21.0346209417 21.5339876015 21.7089192548 21.6939758471 21.2412585503 20.5952362862 19.7568247195 18.9509094139 18.1249045046 17.1272060349 16.1147048834 15.1843825935 14.5666651304
3.8690745984 3.8645779178 3.8499280297 3.8412135696 4.0385009947 3.6805040538 3.5283496355 3.450762081 3.322597877 3.2377019409 3.1068441364 2.9991450734 2.9164610519 2.928433759 2.9822873559 3.0011431116 3.0678181141 3.0922749883 3.2268744194 3.4670185248 3.6978348117 4.0556772256 4.5904287597 5.6828923603 5.8278112644 6.5208448169 7.4019908215 8.4772468632 9.683737048 10.8645146945 12.2060006493 13.8214321694 14.8351501662 16.1146535047 17.3427997294 18.4411540266 19.280826622 19.9954968445 20.6110940329 21.2538471678 22.6964886382 23.9887682955 21.9657988794 21.7601214031 21.7230243363 20.7288601028 18.8041113288 17.8462635591 16.6830429911 15.6317207797 14.6512296398 13.9938517999
4.1312797638 4.1552080313 4.128860438 4.1057908773 3.9829435397 3.9033791675 4.2458935587 3.6497177504 3.5977945509 3.399901033 3.2885914754 3.1107822275 2.9887522342 2.9197167742 2.8803610406 2.8862148227 2.8958376591 2.9619550718 3.0921968396 3.282524853 3.5476370964 3.9054981168 4.443230631 5.0850689016 5.7351186355 6.441773896 7.3075372721 8.404483094 9.7619428398 10.8718790041 12.2224340496 13.6050815362 14.8233234573 16.2195943383 17.5147979925 18.574104508 19.4410467118 20.053668119 20.706942502 22.004045267 21.9132217462 22.2360057282 22.3319305278 21.852873234 20.9524734317 20.2108184586 19.1031617007 17.5246111224 16.0826584587 15.1175395093 13.9592652735 12.9271955434
4.3876610916 4.4103444711 4.557829908 4.3150913574 4.1980108968 4.1131438614 3.974804895 3.843472091 3.6718279444 3.5566359173 3.3729276513 3.2206900425 3.0734377149 2.9366761516 2.8377849491 2.7838783946 2.7815823774 2.8315506026 2.9431271564 3.1274783871 3.4020359908 3.7699892685 4.2538740595 4.8583932369 5.694475816 6.3153291287 7.1998498925 8.3018968518 9.5511764399 10.8501119439 12.2962850731 13.6320395398 14.663064502 15.962843214 17.8642379331 18.30343459 19.1443558607 20.2786551359 20.7478328741 21.1599814151 22.18613425 22.0591486687 22.4100640812 21.2349696104 20.3230584996 18.9724729605 18.6371400873 16.6716304902 16.1374904085 14.3764887176 13.2189795375 12.1913801805
