Models/Synthetic/Density/temp_raster_pop.asc
NCOLS 100
NROWS 100
XLLCORNER 3302900
YLLCORNER 3112000
CELLSIZE 4430
NODATA_VALUE NaN
[rows 46 to 68 of 100, columns 0 to 51 of 100]
2.0214232403 1.7111918782 2.8742067429 5.2280189111 7.2616272347 3.6736530164 1.586607181 2.7644045526 4.9673528876 6.1380237307 5.188614576 32.8622954553 11.2264830302 4.7083396889 6.4864295304 3.0415940867 4.6874787233 1.3633998396 2.5562803935 4.8808130392 3.8147308991 3.1742253368 4.4763785782 4.0354646936 14.1143429239 2.3746056891 2.4605782593 3.4179015059 7.3885331527 3.1631655861 21.1461154577 3.1018703962 2.5172677447 2.2196310394 2.9833688882 6.1765972848 5.3485832728 5.9163226363 8.6810542422 1.7488429265 2.211363842 5.6964500346 5.1886901312 4.8737702819 6.1851409351 6.9194176929 7.902571739 11.4300191096 4.6679859932 3.988491798 9.3868548007 11.7766016067
4.8554252201 2.0020321172 3.706153982 18.3501928248 16.9507951221 11.0015181218 3.2454237733 2.2557210736 4.9587881189 6.5798444796 15.8935897808 15.9136395509 4.0594592016 3.3383802586 10.9447771728 7.6766150663 3.1341729801 2.1504800925 5.7892586572 5.3165087072 4.0278567662 11.874806417 4.5575128643 22.4970526227 9.5920451268 5.0056898884 5.9343837728 3.5333380035 7.9057729367 8.4716775914 4.3296897206 2.1922080587 0.7562998522 1.2554885642 3.7538845986 10.279478794 2.8750051651 1.7904547209 1.0091169024 1.2616144099 6.5785483805 1.3771074341 2.1367330326 9.7201368384 4.3068171781 2.2522119572 4.5968708202 2.9893879851 1.7137842427 2.1877601369 10.4294515104 2.6296017367
6.1783933709 2.3762999109 14.6993369348 6.8985480978 27.5455141302 6.8556062565 14.4442823646 8.3207614702 3.4678991769 18.8610835082 34.2218721255 4.6809192869 1.9320350806 1.2791485352 2.9766017911 5.6314287972 2.8017419874 2.6956148736 1.858682598 1.6954412286 4.3355686427 3.9796475402 13.2877967759 9.5896136639 28.4010182395 11.9964005826 8.5016044589 8.1400580729 8.9509684025 3.3040827872 6.3266299166 1.3550341468 1.5717961488 2.0353202869 9.5871349167 17.8600670865 4.3398224812 0.4824066593 0.3459958428 0.7880866799 1.8621370618 3.1098441803 2.8611215281 13.6787895166 4.2990420496 5.3969597002 3.0776583065 3.4495624738 6.7253325324 3.7972344457 1.5225045483 3.3473874673
1.0874315586 3.535973933 3.355081934 12.09536586 7.096429733 13.3709380836 4.4939048673 6.4948695567 6.1852431377 15.5424443224 12.9230199578 8.7191551983 1.224537344 0.8162292702 1.8235697976 4.1062308887 19.5277781707 12.6071118739 4.0232837594 1.4911666385 2.9153216127 3.6707041632 6.2538271392 7.4885757647 3.8607167322 6.3771966733 6.2072987037 7.3017181557 6.1527005464 6.3972137491 4.6573205899 2.1584433174 1.9995329105 1.612088496 3.1204198657 4.8929173786 1.7058362146 0.4479441038 0.3958942051 1.236572987 1.2131791449 2.2167482003 2.5113961689 6.2241777628 7.806619432 4.5709572456 18.8322609808 16.1849574622 6.4875862805 1.8535797637 4.6851770246 1.5001212282
5.2895545336 1.0763923519 4.9660086437 3.9835623037 7.3737696626 14.2030914344 5.2945621877 10.2627149445 8.8385869507 25.6856465175 14.6477946837 5.0397224566 2.8216615289 4.7504335513 2.8314566995 15.6769089752 11.8619216116 5.2336692011 5.7182714579 7.254893307 1.6521160314 2.587456554 1.7615238298 1.4142616263 1.9624363473 6.9488711059 8.8222155664 4.3793813927 2.3778947883 1.6974695969 5.7783161286 1.2789107562 0.848928242 0.8020550607 1.225651993 1.1583986617 1.1428462565 1.7242409541 1.0285255868 1.0506505989 1.419376523 11.8126704361 4.4368149735 6.3119326755 6.3821009902 5.4626665203 2.9109861144 5.4685685343 3.2311763096 3.1998173867 5.3255939562 4.530576544
1.190317418 3.575874871 2.7807319081 5.1658805503 8.124599574 6.404004242 40.6324188229 7.221273653 11.2356671205 35.1452824206 8.8927931925 7.4701614958 10.4536885615 11.884760908 5.9211271368 5.4232474109 6.6970116701 9.8857751388 6.533129909 3.2417452482 7.2881379977 1.4403005099 1.5758639955 1.3907662814 3.4690060349 4.8961259626 14.7970022688 5.3128478177 2.7366275467 3.1963358112 3.1952016629 3.49875642 2.015995584 3.2265932051 2.56520208 8.2325483758 1.4814391511 3.0396307514 0.9528833308 2.7723699763 3.6653781562 2.2096946235 12.52194107 11.0283659582 6.4886057369 2.1348781298 1.6582150743 1.8272284692 3.4509815834 7.2021422369 18.3928197419 7.538680007
2.8276919189 7.5750842099 7.1626374459 1.8807194806 2.3700207541 11.570788252 20.717663533 9.615162289 14.829595149 15.0738856115 6.5031546553 10.8675537129 64.92953181 11.2164422237 22.5526701455 3.7965722854 12.3111585667 5.7880175509 3.103280273 12.1057025207 4.3541283167 2.6646319301 3.4414228184 1.925744845 8.3122195876 17.0852717582 5.7439222702 12.3230305935 6.4380556595 8.0634738414 33.3187532983 8.6867952048 8.5662842641 4.7119492648 27.3275436788 6.2142355721 5.7974868649 2.5329382987 1.8343693485 4.3066227777 4.142584218 2.9244565726 3.5734459364 3.8959846796 4.4190031702 6.99344946 5.3624872321 3.9524568753 11.5058113825 3.1385932763 3.1345257803 8.1192536687
1.7769181046 2.6997696963 3.1100669237 3.2560364808 2.9388845458 10.0839020232 4.0292872144 3.8522562353 2.8168552787 3.7118386373 5.923768148 7.8664569947 8.1691662197 25.4068002068 6.9815077391 6.2337578346 7.3043276198 8.2100650316 3.133925998 9.6940818665 17.8830445632 3.0340022873 0.9138494353 1.5376233764 7.6713550318 8.9823501635 20.6381329466 9.9471575112 11.1189638961 5.0184794828 6.2558820424 31.7188017553 6.4435478042 4.342223033 10.3285462076 7.3623341752 23.7325661006 2.4198833492 4.3099556221 14.6085959575 5.4360032342 8.3529065031 1.6479876602 1.3743742046 1.4661661796 1.527099116 1.7506557821 2.0107832734 1.6139478678 3.8478519383 8.6855118635 8.2427710856
7.5352145541 5.0765803212 2.0760863743 10.9480916343 5.1606464827 4.024978537 2.6604681791 3.1966014036 6.9973023298 2.5579721936 6.5926047763 16.0602183926 22.2761368459 4.4712618398 13.1472847051 6.7160279986 5.0959398003 9.923841503 7.542504819 5.7151324222 3.4196951689 3.2339908812 0.7975092391 0.9091646659 2.5930763057 3.1111632949 4.5745068814 12.5909420459 22.781253997 8.324179444 7.6505439063 10.1766583709 13.1774711653 15.1816655534 2.2633466657 5.769797589 3.3374836782 4.6383553738 3.5217401641 5.685293713 10.2188641872 2.3757310752 6.645269991 2.4859882148 1.6479273214 2.4880535786 0.917073373 0.8749199974 3.7531139489 2.057423196 6.3898198072 96.9943606747
56.0111903237 5.0556726789 2.1983617975 6.8974901545 2.5065446028 3.0865261531 2.3292723803 13.4608332513 8.3626148411 13.4550686139 8.897598068 49.8737996492 12.7801473941 3.7296856627 5.0722711018 3.7955593496 1.9106393988 4.6851187895 2.6438173801 5.0302044935 18.358300629 5.987803668 3.4897597373 1.9962963457 1.2412171972 1.6828497219 3.4307446286 31.4896445838 19.9887680467 32.6943646353 27.4382048286 4.3756647884 9.3083035555 3.0383601807 2.3726159515 2.4223898516 11.65157385 1.973855841 1.1967792758 2.1316828033 1.5282099854 3.741504682 4.6062222985 3.6642171217 2.002465556 2.3591799922 2.7618830555 2.3798578718 1.9763563644 4.2290977697 10.5817611416 9.6076032674
3.8099878955 4.7992675226 6.3779289728 2.795259685 4.1505693146 1.2020921869 6.4906804434 10.6378741168 19.3347291524 13.5115490141 9.7237062344 13.9028832962 4.8183909758 1.7244971922 1.6565564014 1.9957509604 1.1820983548 1.7942047674 2.279128225 4.2853945066 33.85990573 16.0581392109 5.0013157803 3.7863952453 9.6123508689 5.7874089941 9.3438125207 6.403636346 16.1496956019 13.3368491296 6.3131005483 5.2728203499 6.8097013071 4.7825658317 4.1221055237 7.4014687828 7.516357026 5.0180640742 1.114900005 1.5858643424 1.154172125 2.3240941676 20.4925470698 14.3372408287 6.7888222221 4.712209577 13.0155718543 2.1833488941 1.6411219268 5.8450748758 14.3858077091 3.465796058
1.1273395896 7.8995576447 5.2630515336 23.5450741079 2.4883477733 2.4671750322 3.0951303907 8.7259039212 11.2063210404 4.3494395634 3.7010980968 6.7714482996 1.6998107881 3.8853884021 1.6242119362 1.7254792885 2.1861893286 1.7015581243 2.3876576608 18.9330798635 6.2718186754 5.3006970363 16.7193812746 5.5875195976 31.0772897478 46.5834119114 13.1851720077 4.4333626361 5.0014101364 7.6087996438 2.9397153196 2.0376543042 2.7827592944 1.5491900222 1.7112208379 4.6129946512 12.0987849444 3.686189214 2.3696796663 5.9763602292 4.1032144323 3.6055486518 13.3643717164 68.3629031203 13.9966750533 4.6995607259 5.4106057834 7.6409799128 1.9765505245 5.0791537043 2.2106157547 4.2081282353
1.694381424 3.5166825092 7.8987122672 4.1897877419 3.5176472699 5.1275390739 5.7436534875 2.6134408581 2.2832480479 5.471701524 1.296526269 1.6268651529 3.2948286728 2.1071485739 7.5924441427 1.9850152912 3.2351593487 2.9689258277 5.8938114961 8.8024565295 3.8333517462 2.776369982 2.6130661368 4.7871294953 13.8312433577 17.1870144766 12.8149510439 3.0414212955 2.348386165 3.6643065113 2.1579737401 2.3303634416 3.2519934864 1.6754223299 2.967106173 2.5561497934 6.0361521696 10.2546390655 5.1036707621 13.9763923465 6.490986507 10.1433421191 9.8348083453 28.2983006735 18.6429616864 5.6626609629 1.9107495546 1.6616310692 3.7605162539 3.4980888928 3.5171005674 4.9811165139
0.4698209489 1.379093085 2.4676102319 4.7618034904 2.4502844669 4.6448609924 10.3125386094 6.3686268505 1.9640631522 1.7076796872 1.3409488705 2.4359301259 13.3594673767 3.5325713831 4.0657393377 5.7991870905 5.5814279759 5.2701743362 4.3677925142 5.1082999009 1.2205874791 2.5215936564 0.7642157789 1.6061696691 4.9942016027 18.424250103 6.7636291081 3.9684841556 4.0624529569 1.5555631312 1.5461191375 2.5514598795 3.5653639923 13.2050278779 1.6262953523 1.4664571512 3.7298446545 11.882540521 7.6626221228 29.7409730681 7.3305031761 2.3056791216 5.6061103928 7.5578579501 33.88030272 5.5643922493 2.6624069555 1.1500935167 4.8058025059 6.2742949855 13.528860581 26.4188316567
0.6349173026 0.877997761 2.3992411519 7.7062878138 10.4056001425 3.87688191 6.6426834041 16.6534941041 2.6510466086 0.8236442829 1.6133391954 4.4921323331 3.3315026953 3.21047129 1.2998294537 4.2721188584 6.9318188016 18.584777534 8.7683092073 1.2436075606 1.0137360374 0.9204228394 0.9673734475 1.4335624602 7.5410416985 4.1103600528 7.8112488104 13.3801174799 6.6275690457 4.1762650318 6.2253028196 7.9487737709 20.1046532132 3.9567139724 1.8717597879 2.1572130069 7.3737043714 4.5722218667 6.4221575554 7.2737327605 2.799284806 1.5352367503 7.7392801528 8.4672791771 15.3353012437 38.718126567 2.7084424135 2.591990085 2.3333523738 14.5135934897 6.7906677067 12.0658385954
1.9363180726 6.3460017067 3.0433419241 15.877361974 6.1335362228 4.8499291543 12.2635491429 5.9981860205 1.5130023512 0.5455750441 1.3145390715 5.3042839787 5.373088028 1.1603850996 0.8714601703 3.9129606641 10.5472038329 8.3709276531 2.4098095496 1.7567106698 1.7214716631 3.4530944653 3.4063726595 1.9780001608 1.2493351598 6.1392089596 4.2652755191 15.6386004408 9.7348176681 10.9775416232 7.6844130595 9.3304598823 26.3567605427 3.5057610602 2.1352277673 8.5577375878 7.5905809009 3.8091797949 1.9630072735 2.0384681276 0.8060346473 2.2454649873 4.3171084699 11.37870076 8.6023244228 3.4990409783 3.9875911935 1.9356632515 2.2400550418 6.4679868298 14.8926339987 3.7505582005
21.8931800176 5.6609899097 7.647859613 6.7864828711 6.0762335707 5.0240459283 2.267238748 3.0490452928 0.6370494673 1.1806110493 3.7257653278 9.1843751039 6.0191489297 2.4053141347 1.7418054644 3.3333809278 6.5410344893 2.9092067466 1.1597413562 1.4379351957 2.4618521379 5.4248581989 3.2520501985 1.0191681823 1.6469296395 2.9031646976 16.2880309372 3.9665213179 10.1616248824 17.4112441535 3.5675849951 6.5760166465 6.2670952578 3.4287885446 4.4470243503 12.2539886816 7.1026895184 3.5979896343 4.678237029 0.7022405057 0.4314610513 1.3223598257 2.3996299477 18.9493061067 2.8299662085 1.9351885074 0.7847652148 1.1471258945 3.557510201 7.4211563425 14.928228954 3.4418912017
20.7188512023 4.519626998 14.1895336571 18.7860094923 5.6963916242 1.4707970773 4.7035913469 0.9574373319 0.7605791662 1.6653772641 7.5823905594 20.9512398654 21.0540915549 4.382801211 5.4628783122 15.8735857221 2.6470369607 3.6778436508 1.669867202 0.8777359916 2.019914186 11.9402279037 3.1574132798 1.3012611713 2.0188642496 6.7215546696 3.5472603174 3.2435098025 15.8305055661 8.3811394055 14.5371191555 5.5898159776 7.0513073066 7.3951957355 14.3310397694 6.8503707649 11.0863394479 14.728029697 3.3365946012 1.5504891164 0.9157984651 0.4060552334 1.6213050366 2.6194238524 2.8300950063 1.2231059361 0.6606776136 1.6525086896 1.6506754732 3.475589811 10.5124534315 5.7442433162
6.1989433102 4.9485071564 6.5599344659 3.6944588109 3.7140753731 1.2718744911 2.2616718457 5.0583115994 2.5321625597 2.2475151343 12.3782992359 5.982368507 5.6089923147 4.4044288071 5.4550444319 2.5180859369 3.59934746 6.8919595794 1.8885681769 5.9106271241 3.4553354238 7.0503869607 2.3426827731 3.8765664048 8.8515648329 6.0722499856 2.8566310745 2.2182899779 8.1676288601 54.2069681155 13.9784195833 61.0294492701 6.8957689763 19.3536468779 13.1932910378 6.5524128417 2.3480600043 2.4403380004 6.5153676441 9.0681434597 1.3165322549 0.650145646 0.6896549979 1.2185121064 3.7154280946 1.6035673705 2.7822134293 2.0743718114 2.8489503585 7.3395732103 9.185588235 11.4102163598
7.1087816521 10.3146769845 7.6246452639 7.8687032042 5.5243074608 1.3817702776 2.6988728707 6.3528306253 11.6574783801 2.6166012706 2.1592892727 2.221270834 2.9779619068 3.4302678872 3.7250412936 5.5420418498 1.9270759648 2.1129201236 9.9350560803 2.9332755411 11.1402928234 5.8224247137 4.3338405787 9.3999328886 15.7807845581 7.2440218868 8.703098626 3.1499059548 8.3797056818 7.4052581011 9.7690431442 7.8620140187 20.1625750101 15.1995020564 4.2831701486 1.746491959 0.912223752 2.3551583613 5.4748188822 3.1327312854 4.0378653615 1.1387685159 1.2297554297 3.9470953631 4.729849398 7.2452944562 4.7109091134 7.3701774659 2.8885655759 5.7672087812 20.2765175254 6.1239274087
2.1561638103 11.817685991 45.4231564743 21.0427831522 8.9866687393 2.9052450282 2.2426322159 6.0723562964 6.0030723358 5.5348077757 10.3361311368 3.7023960683 1.4603210479 2.5324095699 1.6338125584 1.6222006467 4.2268176599 7.4825940212 1.8609946464 2.0354006667 3.2314607125 8.098193055 9.3437455104 25.3806613495 24.8131332083 6.3358543347 5.6804790343 10.5144578671 22.5253124041 4.0038063655 1.9717016301 2.9343173031 3.2311436608 8.4265589407 2.0624224615 1.0691590519 2.0746535889 4.5857926585 7.1061433453 1.909580593 1.3287687588 1.3547581952 1.8439393066 3.7484391568 1.9384192291 1.9368336178 3.1677897707 1.9548278559 4.9464011779 2.8161560723 6.7892667068 5.7623184605
4.8464593646 6.757850851 7.758992125 5.1219048496 7.1557204691 13.4768372425 2.7366649057 2.0205102886 9.9976009441 70.702745922 8.9537134499 2.841567156 1.6268527999 2.2407871364 4.436243949 4.8689991863 2.4288717434 1.1951838501 1.278914415 8.0438473857 2.1099848974 4.8187774445 11.6286571355 5.5806596684 6.6418077862 13.6812776993 6.9572060596 3.6340024232 10.929662764 6.8064142558 1.9973893152 1.045815335 3.3755274663 4.3380133893 3.0677993735 1.6352100117 6.978374228 13.9526937275 2.6447984704 7.9147786881 2.5225425806 1.8224249371 4.1851929492 2.3787991228 7.3099667786 1.3918857443 2.9101328376 6.8509475963 3.3505389852 2.7804427418 5.2763547572 1.2255172153
7.918786147 17.0042741394 9.4965202016 2.5723342722 4.6694514927 7.6914754055 5.2467261683 6.4291508839 8.0383909405 55.752047677 10.9506480637 1.486391918 1.6990803302 13.0775518044 8.2510905023 6.659589217 1.3710138715 0.920224519 3.6162291124 2.3945403034 8.967238428 4.6087873238 3.7301616207 10.3477779812 13.4979173749 16.9921613524 3.2858124792 2.5136092475 8.400533159 3.9314587543 4.9286636045 4.1849283646 2.5183521251 11.1088627269 4.4487545076 3.2362883722 4.5245900669 6.5000171573 3.9809039366 3.2596508963 5.2156520441 9.5514758525 5.9232625985 9.9194127118 5.5628543715 1.490628972 1.5254227877 7.1771520014 2.3924688287 12.5739777524 3.12550501 0.7351795962
