Models/Synthetic/Density/temp_raster_dens.asc
NCOLS 100
NROWS 100
XLLCORNER 3302900
YLLCORNER 3112000
CELLSIZE 4430
NODATA_VALUE NaN
[rows 69 to 91 of 100, columns 0 to 51 of 100]
0 0 0 0.0000000001 0.0000000002 0.0000000005 0.0000000015 0.0000000049 0.0000000157 0.0000000486 0.0000001434 0.0000004021 0.0000010698 0.0000026932 0.0000063865 0.0000141698 0.0000291333 0.0000541889 0.0000919242 0.0001340576 0.000206266 0.0002224456 0.0002344063 0.000228219 0.0002196291 0.0002155541 0.0002214844 0.000245323 0.0002863165 0.0003072491 0.0003271173 0.0002728939 0.0002666908 0.0001550398 0.0001011563 0.0000664702 0.0000389686 0.0000213499 0.0000106711 0.0000051317 0.0000028535 0.0000036899 0.0000086037 0.0000214013 0.0000446583 0.0000800997 0.0001247197 0.0001550204 0.0001811629 0.0002105061 0.0002458141 0.0002629081
0 0.0000000001 0.0000000001 0.0000000002 0.0000000003 0.0000000007 0.0000000018 0.0000000053 0.0000000164 0.00000005 0.0000001469 0.0000004126 0.0000011023 0.0000027889 0.0000066437 0.0000147696 0.0000302243 0.0000563466 0.0000930001 0.0001479131 0.0001963773 0.0002448962 0.0003461304 0.0002666545 0.0003208019 0.0003182348 0.0002717569 0.0002853688 0.0003187358 0.0003961673 0.0003592015 0.00038108 0.0002574132 0.00018474 0.0001235396 0.000083911 0.0000533314 0.0000322062 0.0000176688 0.0000069543 0.0000032764 0.0000033224 0.0000068917 0.00001531 0.0000341636 0.0001327859 0.0001500969 0.0002277255 0.0001573985 0.0001864706 0.0002145877 0.0002270399
0.0000000001 0.0000000002 0.0000000003 0.0000000005 0.0000000008 0.0000000014 0.0000000026 0.0000000062 0.000000017 0.0000000492 0.0000001416 0.0000003942 0.0000010488 0.0000026462 0.000006277 0.0000138427 0.0000280098 0.0000512086 0.0000864906 0.0001390555 0.0002946716 0.0002440168 0.0003197079 0.0002867548 0.000372232 0.0003527503 0.0003247317 0.0003186606 0.0004239804 0.0003813658 0.0004221427 0.0003563195 0.0002875732 0.0002084941 0.0001392961 0.0000909105 0.0001512664 0.0000499286 0.0000205464 0.0000082381 0.0000034513 0.0000028113 0.0000049304 0.0000105522 0.0000242113 0.0000453699 0.0000764341 0.0001048289 0.0001320007 0.0001600414 0.0002197403 0.0001992353
0.0000000004 0.0000000006 0.000000001 0.0000000016 0.0000000024 0.0000000035 0.0000000053 0.0000000093 0.0000000196 0.000000049 0.0000001316 0.0000003551 0.0000009292 0.0000023167 0.0000054343 0.0000118393 0.0000236556 0.0000433176 0.0000740615 0.0001238506 0.0001781894 0.0002288842 0.0003311501 0.000293421 0.0002847487 0.0003679755 0.0004392759 0.0003352083 0.000362216 0.0003983382 0.0003978416 0.0003645883 0.0003562097 0.0002095662 0.0001388035 0.000089071 0.0000584851 0.000036087 0.0000199101 0.0000078577 0.0000032714 0.0000022564 0.0000034413 0.00000696 0.0000136949 0.0000248247 0.0000415444 0.0000672701 0.0001192149 0.0001263122 0.0001533948 0.0001865566
0.0000000011 0.0000000018 0.0000000029 0.0000000046 0.000000007 0.00000001 0.0000000138 0.0000000194 0.0000000302 0.0000000568 0.0000001275 0.000000314 0.0000007845 0.0000019045 0.000004387 0.0000094465 0.0000188136 0.0000346812 0.0000595032 0.0000959683 0.0002197807 0.0002000273 0.0002675154 0.0002305714 0.0002611179 0.0002886165 0.0003147056 0.0003271885 0.0003729034 0.0004173608 0.0003938422 0.000343668 0.0002634723 0.0001902117 0.0001255679 0.0000775206 0.0000460747 0.0000266485 0.0000138692 0.0000064434 0.0000027394 0.0000017239 0.0000023173 0.0000043884 0.0000083845 0.0000151365 0.0000260786 0.000045151 0.000064943 0.0000884071 0.0001129415 0.0001352969
0.000000003 0.0000000048 0.000000008 0.0000000129 0.0000000197 0.0000000283 0.0000000384 0.0000000498 0.0000000649 0.0000000915 0.0000001525 0.0000003037 0.0000006732 0.0000015333 0.000003415 0.0000072565 0.0000146668 0.0000272071 0.0000464388 0.0000735625 0.000106686 0.000140382 0.0001682485 0.0001922291 0.0002166686 0.0002536683 0.0002721434 0.0003292299 0.0003406529 0.0004475223 0.0004151289 0.0002967455 0.000222537 0.0001635762 0.0001043723 0.0000611114 0.000034575 0.000018902 0.0000097275 0.000004541 0.0000020553 0.0000012338 0.0000014969 0.0000026968 0.0000050753 0.0000092011 0.0000162458 0.0000263265 0.0000416424 0.0000584329 0.0000788135 0.0000884272
0.0000000074 0.000000012 0.0000000205 0.000000034 0.0000000532 0.0000000776 0.0000001058 0.0000001353 0.0000001651 0.0000002003 0.0000002593 0.0000003871 0.0000006807 0.0000013394 0.0000027534 0.0000056649 0.0000116222 0.00002609 0.0000417476 0.0000625187 0.0000832565 0.0001111569 0.0001411357 0.0001790199 0.0001992127 0.0002269384 0.0003348208 0.0002762309 0.0003002961 0.0003457193 0.0002905143 0.0002429548 0.0001888404 0.0001337978 0.0000787522 0.0000439842 0.0000238414 0.0000126291 0.0000063826 0.0000030219 0.0000013938 0.000000823 0.000000925 0.0000015959 0.0000029613 0.0000053924 0.0000098506 0.0000203649 0.0000308737 0.0001245863 0.000048085 0.0000537109
0.0000000173 0.0000000282 0.0000000494 0.0000000841 0.0000001348 0.0000002013 0.0000002792 0.0000003599 0.0000004337 0.0000004983 0.0000005716 0.0000006994 0.0000009666 0.0000015197 0.0000026623 0.0000049918 0.0000101382 0.0000234925 0.0000826046 0.0000609292 0.0000797519 0.0001016271 0.0001316968 0.0001641435 0.0002462309 0.0002244248 0.0002502505 0.0002775881 0.0002697054 0.0002866819 0.0002272955 0.0001734325 0.0001883586 0.0000915559 0.0000532576 0.0000288978 0.0000152686 0.0000078981 0.0000039407 0.0000018702 0.000000878 0.0000005124 0.0000005432 0.0000009002 0.0000016457 0.0000030248 0.0000061186 0.0000144767 0.0000501378 0.0000269775 0.0000285611 0.0000327193
0.0000000378 0.000000062 0.0000001112 0.0000001943 0.0000003197 0.0000004898 0.0000006954 0.0000009124 0.0000011063 0.0000012514 0.0000013628 0.0000015365 0.0000018784 0.0000025072 0.0000035902 0.0000059317 0.0000106159 0.0000236529 0.0000414384 0.0000952708 0.0000799848 0.0001008104 0.0001267145 0.000161517 0.0001951725 0.0002295731 0.0002555472 0.000269797 0.0002824348 0.000213697 0.0001663508 0.0001233617 0.0000913284 0.0000585314 0.0000322888 0.0000175685 0.0000091832 0.0000046886 0.0000023155 0.0000010981 0.0000005194 0.0000003002 0.0000003023 0.0000004819 0.0000008698 0.0000016278 0.0000034594 0.0000100595 0.0000133247 0.0000164164 0.0000168167 0.0000238449
0.0000000774 0.0000001278 0.0000002338 0.0000004184 0.0000007058 0.0000011091 0.0000016149 0.0000021671 0.0000026694 0.0000030181 0.0000031972 0.0000033973 0.0000041179 0.0000051999 0.0000066343 0.0000088145 0.0000166621 0.0000246241 0.0000415515 0.0000568374 0.0000818058 0.0000995866 0.0001235165 0.0001552626 0.0001983284 0.0002380021 0.0002642717 0.0003280603 0.0002855706 0.0002085611 0.0001231521 0.000083702 0.0000554299 0.0000347816 0.0000191928 0.0000101907 0.0000052932 0.0000026784 0.0000013131 0.0000006211 0.000000294 0.0000001672 0.0000001601 0.0000002462 0.0000004422 0.0000008384 0.0000018154 0.0000032582 0.0000053581 0.0000081446 0.0000134005 0.0000236499
0.0000001506 0.0000002489 0.0000004602 0.0000008381 0.0000014445 0.0000023225 0.0000034598 0.000004755 0.0000059706 0.0000068086 0.0000070817 0.00000711 0.000007898 0.0000111633 0.0000127836 0.000014693 0.0000197671 0.000048102 0.0000369561 0.0000503547 0.0000697173 0.0000923353 0.0001175757 0.0001524914 0.0001957326 0.0002450697 0.0002978106 0.0002392082 0.0001983767 0.0001418351 0.0000962619 0.0000592502 0.0000362493 0.000021051 0.0000115615 0.0000059506 0.000003014 0.0000015013 0.0000007279 0.0000003423 0.0000001612 0.0000000896 0.0000000816 0.0000001227 0.0000002239 0.0000004385 0.0000008601 0.000001687 0.0000033128 0.0000066483 0.0000136156 0.0000280732
0.0000002845 0.0000004641 0.000000853 0.0000015634 0.0000027353 0.0000044802 0.0000067994 0.0000095045 0.0000121747 0.0000140107 0.0000144559 0.0000137217 0.0000136935 0.0000163105 0.0000240238 0.0000188666 0.0000227825 0.000026998 0.0000350444 0.0000436646 0.0000606857 0.0000829176 0.0001112814 0.0001434837 0.0001959616 0.0003436195 0.0002222001 0.0002462342 0.0001595527 0.0001102629 0.0000720693 0.0000441097 0.0000252045 0.0000137407 0.00000716 0.0000036002 0.0000017596 0.0000008492 0.0000004024 0.0000001863 0.0000000866 0.0000000468 0.0000000411 0.0000000624 0.0000001218 0.0000002585 0.0000005744 0.0000013122 0.0000030218 0.0000068847 0.0000153798 0.0000337078
0.0000005354 0.0000008443 0.0000015044 0.0000027279 0.0000047969 0.0000079574 0.0000122376 0.0000172872 0.0000222654 0.0000259459 0.0000264636 0.000024272 0.0000217515 0.000022383 0.0000227976 0.0000267485 0.0000257286 0.0000278143 0.0000291529 0.0000385423 0.0000565985 0.0000766193 0.0001037709 0.0001372809 0.0001554464 0.0001670506 0.0001734838 0.0001550387 0.0001277278 0.0000861773 0.0000554618 0.0000330878 0.0000183533 0.0000095742 0.0000047723 0.0000022997 0.0000010825 0.0000005008 0.0000002284 0.0000001026 0.0000000465 0.0000000244 0.0000000213 0.0000000349 0.0000000775 0.0000001903 0.0000004846 0.0000012354 0.0000030748 0.0000073596 0.0000168944 0.0000372008
0.0000010157 0.0000015113 0.0000025434 0.0000044707 0.0000078111 0.0000130405 0.0000202369 0.0000287345 0.0000369993 0.0000426801 0.0000437432 0.0000389042 0.0000332472 0.0000317966 0.0000301213 0.0000323549 0.0000570554 0.0000284432 0.0000276763 0.0000346422 0.0000496445 0.0001189086 0.0000881548 0.0001062081 0.0001203305 0.0001251792 0.000124245 0.000112878 0.0000915539 0.0000647657 0.0000413259 0.0000244152 0.0000133695 0.000006856 0.0000033356 0.0000015597 0.000000708 0.0000003142 0.000000137 0.0000000589 0.0000000256 0.0000000131 0.000000012 0.0000000228 0.0000000588 0.0000001621 0.0000004475 0.0000012005 0.0000030815 0.0000075132 0.0000173018 0.0000377819
0.0000018811 0.0000026136 0.0000040966 0.0000068646 0.0000118069 0.0000197845 0.0000309144 0.0000440039 0.0000567889 0.0000652848 0.0000661706 0.0000591183 0.0000531524 0.0000468436 0.0000535423 0.0000380725 0.0000319889 0.0000284345 0.0000262605 0.0000311797 0.0000426214 0.0000533521 0.0000669053 0.0000779362 0.0000926966 0.0000940748 0.0000923321 0.0000883708 0.0000674571 0.0000468891 0.0000296131 0.0000173458 0.0000094717 0.0000048468 0.0000023473 0.000001086 0.0000004837 0.0000002086 0.0000000875 0.000000036 0.000000015 0.0000000075 0.0000000077 0.0000000172 0.0000000493 0.0000001445 0.0000004121 0.0000011252 0.0000029161 0.0000071631 0.0000167574 0.000035926
0.0000031731 0.0000041419 0.000006134 0.0000097224 0.0000163839 0.0000277447 0.0000438423 0.0000625359 0.00008033 0.0000978365 0.0000989556 0.0000924824 0.0000743759 0.0001057913 0.0000478364 0.0000417483 0.0000273048 0.0000229937 0.0000238784 0.0000271385 0.0000314657 0.0000369104 0.0000438299 0.0000530114 0.0000600218 0.0000644826 0.0000657923 0.0000604703 0.0000492496 0.0000330947 0.0000205162 0.0000118656 0.0000064433 0.0000033067 0.0000016111 0.0000007487 0.0000003331 0.0000001422 0.0000000585 0.0000000233 0.0000000093 0.0000000047 0.0000000055 0.000000014 0.0000000422 0.0000001263 0.0000003631 0.0000009927 0.000002573 0.0000063597 0.0000151652 0.0000358862
0.0000044372 0.0000057109 0.0000081321 0.0000123925 0.0000204717 0.0000353408 0.0000577256 0.0000828249 0.0001053214 0.0001241791 0.0001735743 0.0001138975 0.0001150127 0.0000650428 0.0000457986 0.0000302533 0.0000236718 0.000019381 0.0000199294 0.0000219751 0.0000236789 0.000025441 0.0000281476 0.0000316601 0.0000354493 0.0000389627 0.0000438777 0.0000441735 0.0000355076 0.000022995 0.0000139899 0.0000078541 0.0000041985 0.0000021525 0.0000010586 0.0000004983 0.0000002241 0.0000000962 0.0000000395 0.0000000155 0.0000000061 0.0000000031 0.0000000042 0.0000000114 0.0000000351 0.0000001053 0.0000003014 0.0000008186 0.0000021112 0.0000052256 0.0000128361 0.0000306062
0.0000050385 0.0000063972 0.0000092212 0.0000136913 0.0000226686 0.0000399166 0.0000704997 0.0001033834 0.0001294657 0.0001429634 0.000138836 0.0001236011 0.000088276 0.0000609778 0.0000368304 0.000024188 0.0000174664 0.0000150785 0.0000150897 0.0000159301 0.0000163664 0.0000163972 0.0000167289 0.0000176861 0.0000192616 0.0000216163 0.0000270911 0.0001045193 0.0000254812 0.0000164903 0.0000095125 0.0000050799 0.0000026186 0.0000013293 0.0000006589 0.0000003151 0.0000001442 0.0000000628 0.000000026 0.0000000103 0.0000000041 0.0000000022 0.0000000032 0.0000000091 0.0000000279 0.0000000829 0.0000002345 0.00000063 0.0000016097 0.0000039644 0.0000095902 0.0000236452
0.0000045366 0.0000058739 0.000008466 0.000013111 0.0000220737 0.0000393576 0.0000706432 0.0001401436 0.0001339329 0.000147866 0.0001259428 0.0001031425 0.000077399 0.0000512679 0.0000319708 0.0000196035 0.0000132003 0.0000106464 0.000010158 0.0000102664 0.0000101347 0.0000097097 0.0000093294 0.0000093246 0.0000098629 0.0000112484 0.0000157298 0.0000180571 0.0000192242 0.0000114617 0.0000064344 0.0000031909 0.000001562 0.0000007756 0.000000386 0.0000001877 0.0000000877 0.000000039 0.0000000164 0.0000000066 0.0000000026 0.0000000015 0.0000000024 0.0000000069 0.0000000209 0.0000000613 0.0000001708 0.0000004525 0.0000011406 0.0000027563 0.0000064689 0.0000133031
0.0000033517 0.0000044328 0.0000067212 0.0000109559 0.0000190219 0.0000337891 0.0000605719 0.0000920144 0.0001152705 0.0001176711 0.0001043096 0.0000839838 0.0000624351 0.0000423344 0.0000263338 0.0000157759 0.0000098438 0.0000071335 0.0000062068 0.0000059236 0.0000056606 0.0000052674 0.0000048776 0.0000046663 0.0000047898 0.0000054452 0.0000068162 0.0000088778 0.0000089816 0.0000072031 0.0000039329 0.0000018966 0.0000008815 0.000000426 0.000000212 0.0000001048 0.0000000501 0.0000000228 0.0000000098 0.000000004 0.0000000016 0.000000001 0.0000000017 0.0000000049 0.0000000148 0.0000000425 0.0000001165 0.0000003033 0.0000007506 0.0000017687 0.0000038815 0.0000078976
0.0000021049 0.0000029751 0.0000048116 0.0000083179 0.0000147441 0.000025814 0.0000428277 0.0000661745 0.0001020698 0.0000888729 0.0000788185 0.0000633025 0.0000477455 0.0000332326 0.0000211084 0.0000124444 0.0000071743 0.0000046042 0.0000035519 0.0000031414 0.0000028918 0.0000026369 0.000002387 0.0000022143 0.000002202 0.0000024675 0.0000031455 0.0000038145 0.0000039963 0.0000032113 0.0000020416 0.0000009986 0.0000004607 0.0000002186 0.0000001088 0.0000000547 0.0000000267 0.0000000125 0.0000000055 0.0000000023 0.000000001 0.0000000006 0.0000000012 0.0000000033 0.0000000098 0.0000000277 0.0000000744 0.0000001896 0.0000004591 0.0000010492 0.0000022488 0.0000044892
0.0000012477 0.0000018828 0.0000032625 0.0000058864 0.0000105337 0.0000181023 0.0000294212 0.0000464365 0.0000594893 0.0000691104 0.0000555056 0.0000446873 0.0000353261 0.0000260547 0.0000173468 0.0000096851 0.0000051474 0.0000029115 0.0000019621 0.000001575 0.0000013809 0.0000012323 0.0000010981 0.0000009957 0.0000009611 0.0000010437 0.000001227 0.000001415 0.0000014207 0.0000011908 0.0000008012 0.0000004472 0.0000002152 0.0000001037 0.0000000521 0.0000000267 0.0000000133 0.0000000064 0.0000000029 0.0000000012 0.0000000005 0.0000000004 0.0000000008 0.0000000021 0.0000000061 0.0000000169 0.0000000444 0.0000001106 0.0000002609 0.000000581 0.0000012128 0.0000023527
0.0000007451 0.0000011776 0.0000021381 0.0000039484 0.0000070835 0.0000120883 0.0000194849 0.0000284719 0.0000374851 0.0000398369 0.0000366022 0.0000294619 0.0000245885 0.0000210835 0.0000133699 0.0000073349 0.0000035918 0.0000018176 0.0000010694 0.0000007665 0.0000006296 0.0000005455 0.0000004784 0.0000004257 0.0000003974 0.0000004013 0.0000004314 0.0000004571 0.0000004435 0.0000003729 0.0000002674 0.000000163 0.0000000881 0.0000000448 0.0000000232 0.0000000121 0.0000000062 0.000000003 0.0000000014 0.0000000006 0.0000000003 0.0000000002 0.0000000005 0.0000000013 0.0000000036 0.0000000097 0.0000000248 0.0000000601 0.0000001379 0.000000298 0.0000006026 0.0000011311
