Models/Synthetic/Density/temp_raster_dens.asc
NCOLS 100
NROWS 100
XLLCORNER 3302900
YLLCORNER 3112000
CELLSIZE 4386.138614
NODATA_VALUE NaN
[rows 0 to 22 of 100, columns 0 to 51 of 100]
0.0000952608 0.0000952608 0.0000952608 0.0001151068 0.0009375248 0.0006827022 0.0000952608 0.0001051838 0.0000952608 0.0000762086 0.0000571565 0.0000988331 0.000123839 0.000123839 0.0000863301 0.000111336 0.0000613241 0.0000583472 0.0000363182 0.0000289752 0.0000539811 0.0000658887 0.0000936731 0.0000458442 0.0000230214 0.0000063507 0.0000063507 0.0000063507 0.0000341351 0.0000658887 0.0000698579 0.0000555688 0.0000482258 0.000044455 0.000044455 0.000044455 0.0000587441 0.0000635072 0.0000698579 0.0000650949 0.0000698579 0.0000698579 0.0000623164 0.0000998254 0.0001555926 0.0001297928 0.0001143129 0.0001143129 0.0001143129 0.0001143129 0.0000954592 0.0000577518
0.0001597603 0.0001387235 0.0001246328 0.0001540049 0.0011873859 0.0006827022 0.0000952608 0.0000952608 0.0000952608 0.0000833532 0.0000613241 0.0000904977 0.000123839 0.0001071684 0.0000779948 0.0000738271 0.0000571565 0.0000512027 0.0000261967 0.000019846 0.0000539811 0.000015083 0.0000512027 0.0000468365 0.0000325474 0.0000158768 0.0000063507 0.0000182583 0.0000206398 0.0000341351 0.0000698579 0.0000650949 0.000044455 0.000044455 0.000044455 0.000044455 0.000044455 0.000044455 0.0000476304 0.0000508057 0.0000508057 0.0000591411 0.0000359213 0.0000623164 0.0000752163 0.0001192744 0.0001143129 0.0001143129 0.0001067715 0.0001030007 0.0000652933 0.0000539811
0.0001371358 0.0000889101 0.0000889101 0.0000942685 0.0003258712 0.0000952608 0.0000952608 0.0000952608 0.0000952608 0.0000863301 0.0000571565 0.0000904977 0.0000696594 0.0000571565 0.0000571565 0.0000571565 0.0000571565 0.0000333413 0.000007343 0.0000182583 0.0000273875 0.0000123045 0.0000484242 0.0000468365 0.000044455 0.0000420735 0.0000230214 0.0000277844 0.0000325474 0.0000230214 0.0000666825 0.0000698579 0.000039692 0.000044455 0.000044455 0.000044455 0.000044455 0.000044455 0.0000456458 0.0000504088 0.0000508057 0.0000508057 0.0000293721 0.0000871239 0.0001234421 0.0001111376 0.0000873224 0.0001143129 0.0000690641 0.0000539811 0.0000539811 0.0000539811
0.0000889101 0.0000889101 0.0000889101 0.0000889101 0.0000889101 0.0000889101 0.0000889101 0.0000889101 0.0000901008 0.0000849409 0.000059538 0.0000571565 0.0000571565 0.0000571565 0.0000571565 0.0000571565 0.0000571565 0.0000244106 0.0000077399 0.0000301659 0.0000277844 0.0000081369 0.0000325474 0.000044455 0.000044455 0.000034929 0.0000434627 0.0001010161 0.0000575534 0.000044455 0.000044455 0.0000381043 0.0000111138 0.000039692 0.000044455 0.0000134953 0.0000206398 0.0000373105 0.000044455 0.0000452489 0.0000508057 0.0000508057 0.0000508057 0.0000508057 0.0000629118 0.0000629118 0.0000682702 0.0000833532 0.0000825593 0.0000577518 0.0000615226 0.0000539811
0.0000889101 0.0000889101 0.0000889101 0.0000889101 0.0000682702 0.0000476304 0.0000889101 0.0000889101 0.0001008177 0.0001012146 0.0000797809 0.0000619195 0.0000571565 0.0000571565 0.0000571565 0.0000571565 0.0000571565 0.0000244106 0.0000113122 0.0000420735 0.000044455 0.0000373105 0.0000160753 0.0000301659 0.000044455 0.000044455 0.000044455 0.0000557672 0.0001047869 0.0000670795 0.000044455 0.000044455 0.000039692 0.000044455 0.000034929 0.0000373105 0.0000206398 0.0000254029 0.000044455 0.000044455 0.0000500119 0.0000508057 0.0000508057 0.0000508057 0.0000575534 0.0000605303 0.0000730333 0.0000730333 0.0000730333 0.0000758117 0.0000777963 0.0000652933
0.0000734302 0.0000889101 0.0000889101 0.0000889101 0.0000527903 0.0000575534 0.0000476304 0.0000889101 0.0000837501 0.000084147 0.0001016115 0.0000666825 0.000059538 0.0000571565 0.0000571565 0.0000658887 0.0000577518 0.0000383028 0.0000351274 0.000044455 0.000044455 0.000044455 0.0000329444 0.0000277844 0.000044455 0.000044455 0.000044455 0.000044455 0.0001010161 0.0001047869 0.0000519965 0.000044455 0.000044455 0.000044455 0.000044455 0.000044455 0.000044455 0.000044455 0.000044455 0.000044455 0.0000476304 0.0000508057 0.0000508057 0.0000508057 0.0000591411 0.0000730333 0.0000730333 0.0000730333 0.0000730333 0.0000730333 0.0000770025 0.0001004207
0.0000373105 0.0000889101 0.0000889101 0.0000889101 0.0000631103 0.0001242359 0.000014686 0.0001353497 0.0004120029 0.0004381996 0.000847424 0.0000666825 0.0000619195 0.0000571565 0.0001208621 0.0001180837 0.0000968485 0.0000527903 0.0000214337 0.0000373105 0.000044455 0.000059538 0.0001047869 0.0000750179 0.000044455 0.000044455 0.000044455 0.000044455 0.0000633087 0.0001010161 0.0000633087 0.000044455 0.000044455 0.0000420735 0.0000420735 0.0002885608 0.0006140351 0.0003532587 0.0000301659 0.000044455 0.000044455 0.0000488211 0.0000508057 0.0000508057 0.0000660872 0.0000730333 0.0000730333 0.0000730333 0.0000730333 0.0000730333 0.0000730333 0.0000684687
0.0000115107 0.0000682702 0.0000269906 0.0000476304 0.0000845439 0.000084147 0.0001119314 0.0003778677 0.0002572041 0.0006533302 0.0003901723 0.0000666825 0.0000666825 0.0000589426 0.000113916 0.0001186791 0.0000692625 0.0000480273 0.0000186552 0.0000339367 0.000044455 0.000044455 0.0000783917 0.0001047869 0.0000934746 0.0000519965 0.000044455 0.000044455 0.0000633087 0.0000859332 0.0000482258 0.000044455 0.0000230214 0.0000158768 0.0000182583 0.0006140351 0.0006021275 0.0000277844 0.0000134953 0.0000325474 0.000044455 0.0000456458 0.0000508057 0.0000508057 0.0000563626 0.0000730333 0.0000730333 0.0000730333 0.0000730333 0.0000730333 0.0000730333 0.0000730333
0.0000785901 0.0000785901 0.0000424704 0.0000734302 0.0000889101 0.0000912916 0.0000797809 0.0003560372 0.0002572041 0.0000666825 0.0000666825 0.0000666825 0.0000666825 0.0000648964 0.0000952608 0.0000603318 0.0000508057 0.0000285782 0.0000512027 0.0000972454 0.0000821624 0.000044455 0.0000482258 0.0000972454 0.0001047869 0.0000934746 0.0001010161 0.0000972454 0.0000519965 0.0000482258 0.000044455 0.000044455 0.0000420735 0.000039692 0.000034929 0.0000539811 0.0000277844 0.000044455 0.0000373105 0.0000492181 0.0000801778 0.0000603318 0.0000508057 0.0000508057 0.0000730333 0.0000730333 0.0000730333 0.0000730333 0.0000730333 0.0000730333 0.0000730333 0.0000710487
0.0000889101 0.0000541796 0.0000500119 0.0000363182 0.0000734302 0.0000722394 0.0000666825 0.0007870922 0.0001794078 0.0000666825 0.0000666825 0.0000666825 0.0000567595 0.0000607287 0.0000585457 0.0000508057 0.0000508057 0.0000508057 0.000062118 0.0001026038 0.000059538 0.0000482258 0.0000783917 0.0000934746 0.0001010161 0.0004411765 0.0001047869 0.0000934746 0.0000708502 0.000044455 0.000044455 0.000044455 0.000044455 0.0000539811 0.0000801778 0.0000825593 0.0000492181 0.0000301659 0.0000373105 0.0000539811 0.0000825593 0.0000746209 0.0000508057 0.0000619195 0.0000730333 0.0000730333 0.0000730333 0.0000730333 0.0000730333 0.0000730333 0.0000730333 0.0000744225
0.0001067715 0.0000821624 0.000044455 0.0000254029 0.0000442566 0.0001426927 0.0004897992 0.0001925062 0.0000710487 0.0000666825 0.0000646979 0.0000577518 0.000051798 0.0000508057 0.0000508057 0.0000508057 0.0000508057 0.0000508057 0.0000658887 0.0000974438 0.0000708502 0.0000519965 0.0000972454 0.0001047869 0.0000783917 0.0006128443 0.0008335318 0.0000482258 0.000044455 0.000044455 0.000044455 0.000044455 0.0000515996 0.0000801778 0.0000825593 0.0000825593 0.0000730333 0.0000635072 0.0000825593 0.0000825593 0.0000825593 0.0000746209 0.0000508057 0.0000549734 0.0000730333 0.0000730333 0.0000730333 0.0000730333 0.0000730333 0.0000730333 0.0000801778 0.0001035961
0.0001089545 0.0000980392 0.0000448519 0.0000952608 0.0000698579 0.0000944669 0.0001103437 0.0000710487 0.0000666825 0.0000666825 0.0000567595 0.0000508057 0.0000508057 0.0000508057 0.0000508057 0.0000545765 0.0000847424 0.0000922839 0.0000575534 0.0000561642 0.0000670795 0.0000708502 0.0000897039 0.0001047869 0.0000783917 0.0003996983 0.0006128443 0.0000482258 0.000044455 0.000044455 0.000044455 0.000044455 0.0000682702 0.0000825593 0.0000825593 0.0000825593 0.0000825593 0.0000682702 0.0000825593 0.0000825593 0.0000825593 0.0000746209 0.0000508057 0.0000508057 0.0000619195 0.0000730333 0.0000730333 0.0000730333 0.0000730333 0.0000730333 0.0000801778 0.0000960546
0.0001103437 0.0000910931 0.0000456458 0.0000259983 0.0000843455 0.0001293959 0.0000627133 0.0000537826 0.0000577518 0.0000567595 0.0000508057 0.0000696594 0.0000508057 0.0000508057 0.0000545765 0.0001035961 0.0001111376 0.0000847424 0.0000492181 0.000044455 0.000044455 0.0000482258 0.0000859332 0.0001047869 0.0000783917 0.000044455 0.000044455 0.0000783917 0.000044455 0.000044455 0.000044455 0.000044455 0.0000587441 0.0000825593 0.0000825593 0.0000825593 0.0000825593 0.0000825593 0.0000825593 0.0000825593 0.0000825593 0.0000766055 0.0000508057 0.0000508057 0.000052195 0.0000702548 0.0000730333 0.0000730333 0.0000730333 0.0000730333 0.0000646979 0.0000545765
0.0000390966 0.0000849409 0.0000783917 0.0000648964 0.0001095499 0.0001184806 0.0000833532 0.0000508057 0.0000508057 0.0000508057 0.0000885131 0.0000849409 0.0000773994 0.0000508057 0.0000583472 0.0001035961 0.0001111376 0.0000809717 0.0000504088 0.000044455 0.000044455 0.000044455 0.000044455 0.000044455 0.000044455 0.000044455 0.000059538 0.0001010161 0.000059538 0.000059538 0.0000708502 0.0001047869 0.0000746209 0.0000791855 0.0000825593 0.0000825593 0.0000825593 0.0000825593 0.0000825593 0.0000825593 0.0000825593 0.0000825593 0.0000885131 0.0000508057 0.0000508057 0.0000563626 0.0000730333 0.0000730333 0.0000730333 0.0000646979 0.0000508057 0.0000508057
0.0000063507 0.000052195 0.0001111376 0.0000194491 0.0000831547 0.0000954592 0.0000998254 0.0000998254 0.0000508057 0.0000583472 0.0000718425 0.0000063507 0.0000091292 0.0000545765 0.0000508057 0.0000508057 0.0000658887 0.0000508057 0.0000492181 0.000044455 0.000044455 0.000044455 0.000044455 0.000044455 0.0000462412 0.0000571565 0.0000821624 0.0001047869 0.000059538 0.0000670795 0.0000557672 0.0001047869 0.0000972454 0.0000779948 0.0000801778 0.0000825593 0.0000825593 0.0000635072 0.0000492181 0.000034929 0.0000635072 0.0000825593 0.0000998254 0.0000508057 0.0000508057 0.0000508057 0.0000633087 0.0000730333 0.0000646979 0.0000508057 0.0000508057 0.0000772009
0.0000781932 0.0000652933 0.0001111376 0.0000259983 0.0000512027 0.000062118 0.0000809717 0.0001035961 0.0000508057 0.0000545765 0.0000557672 0.0000783917 0.0000849409 0.0000847424 0.0003040406 0.0003673494 0.0005572755 0.0000508057 0.0000480273 0.000044455 0.000044455 0.000044455 0.000044455 0.000044455 0.0000676748 0.0000730333 0.0000869255 0.0000889101 0.0000801778 0.000044455 0.0000557672 0.0001010161 0.0000821624 0.0000557672 0.0000775978 0.0000492181 0.0000063507 0.0000063507 0.0000063507 0.000039692 0.0000825593 0.0000825593 0.0000696594 0.0000508057 0.0000508057 0.0000508057 0.000052195 0.0000619195 0.0000508057 0.0000508057 0.0000508057 0.000062118
0.0001089545 0.0001107407 0.0000783917 0.0000063507 0.0000128999 0.0000555688 0.0001111376 0.0000922839 0.0000508057 0.0000508057 0.0000508057 0.0000508057 0.0000658887 0.000062118 0.0006205843 0.000683893 0.0001141145 0.0000508057 0.0000504088 0.000044455 0.000044455 0.000044455 0.0000498134 0.0000641026 0.0000730333 0.0000730333 0.0000730333 0.0000730333 0.0000760102 0.000044455 0.000044455 0.0000557672 0.0000821624 0.0000458442 0.0000234183 0.0000063507 0.0000063507 0.0000063507 0.0000111138 0.0000730333 0.0000825593 0.0000825593 0.0000567595 0.0000508057 0.0000508057 0.0000508057 0.0000508057 0.0000508057 0.0000508057 0.0000508057 0.0000508057 0.0000508057
0.0001079622 0.0001079622 0.0000897039 0.0000194491 0.0000063507 0.0000434627 0.0000734302 0.0000508057 0.0000508057 0.0000508057 0.0000508057 0.0000508057 0.0000508057 0.0000508057 0.0003673494 0.0002407319 0.0000508057 0.0000508057 0.0000508057 0.0000589426 0.0000498134 0.0000533857 0.0000730333 0.0000730333 0.0000730333 0.0000730333 0.0000730333 0.0000730333 0.0000551719 0.000044455 0.000044455 0.000044455 0.000044455 0.0000275859 0.0000075415 0.0000063507 0.0000063507 0.0000063507 0.000034929 0.0000825593 0.0000825593 0.0000825593 0.0000851393 0.0000885131 0.0000583472 0.0000508057 0.0000508057 0.0000508057 0.0005336588 0.0003727078 0.0000772009 0.0000809717
0.0000920854 0.0000825593 0.0000825593 0.000084147 0.0000615226 0.0000631103 0.0000508057 0.0000508057 0.0000508057 0.0000508057 0.0000508057 0.0000508057 0.0000508057 0.0000508057 0.0000508057 0.0000508057 0.0000508057 0.0000583472 0.0000885131 0.0000605303 0.0000712471 0.0000623164 0.0000730333 0.0000730333 0.0000730333 0.0000730333 0.0000730333 0.0000730333 0.0000480273 0.0000254029 0.000034929 0.0000527903 0.0000635072 0.0000641026 0.0000095261 0.0000093276 0.0000081369 0.0000160753 0.0000777963 0.0000825593 0.0000825593 0.0000825593 0.000103993 0.0000960546 0.0000545765 0.0000508057 0.0000508057 0.0003727078 0.002143169 0.0006946098 0.000062118 0.0001111376
0.0000825593 0.0000777963 0.0000825593 0.0000607287 0.0000583472 0.0000583472 0.0000508057 0.0000885131 0.0000734302 0.0000508057 0.0000508057 0.0000508057 0.0000508057 0.0000508057 0.0000508057 0.0000508057 0.0000658887 0.0000960546 0.0000545765 0.0000549734 0.0000730333 0.0000730333 0.0000730333 0.0000730333 0.0000730333 0.0000730333 0.0000730333 0.0000730333 0.0000688656 0.0000230214 0.0000468365 0.0000635072 0.0000897039 0.0001333651 0.000017266 0.0000095261 0.0000230214 0.000052195 0.0000813686 0.0000825593 0.0000825593 0.0000825593 0.000103993 0.0000809717 0.0001073668 0.0000545765 0.0000508057 0.0000772009 0.0002117568 0.0000508057 0.0000508057 0.0001111376
0.0000587441 0.0000301659 0.000044455 0.0000527903 0.0000508057 0.0000508057 0.0000508057 0.0001035961 0.0000583472 0.0000508057 0.0000508057 0.0000508057 0.0000508057 0.0000508057 0.0000508057 0.0000508057 0.0000512027 0.0000508057 0.0000508057 0.0000508057 0.000071644 0.0000730333 0.0000730333 0.0000730333 0.0000730333 0.0000730333 0.0000730333 0.0000730333 0.0000730333 0.0000688656 0.0000438596 0.0000724379 0.0000809717 0.000128999 0.0000559657 0.0000095261 0.0000331428 0.0000128999 0.000056958 0.0000813686 0.0000766055 0.0000777963 0.0000968485 0.0001035961 0.0001111376 0.0000696594 0.0000508057 0.0000847424 0.0000809717 0.0000508057 0.0000508057 0.0000696594
0.0000825593 0.0000730333 0.0000825593 0.0000607287 0.0000508057 0.0000508057 0.0000508057 0.0000508057 0.0000922839 0.0000809717 0.0000508057 0.0000696594 0.000062118 0.0000508057 0.0000508057 0.0000515996 0.0000539811 0.000089307 0.0001135191 0.0000603318 0.0000533857 0.000069461 0.0000730333 0.0000730333 0.0000730333 0.0000730333 0.0000730333 0.0000730333 0.0000730333 0.0000688656 0.0000313567 0.0000605303 0.0000690641 0.0000678733 0.0000577518 0.0000196475 0.0000162737 0.0000095261 0.0000654918 0.00009407 0.0000678733 0.0000635072 0.0000611257 0.0001087561 0.0001111376 0.0000696594 0.0000508057 0.000062118 0.0000658887 0.0000508057 0.0000508057 0.0000772009
0.0000807732 0.0000825593 0.0000879178 0.0000603318 0.0000508057 0.0000508057 0.0000508057 0.0005261173 0.0006513456 0.0001111376 0.0000885131 0.0001111376 0.000062118 0.0000508057 0.0000508057 0.0000523934 0.0000539811 0.0000857347 0.0000698579 0.0000539811 0.0000625149 0.0000551719 0.0000873224 0.0000766055 0.0000730333 0.0000730333 0.0000730333 0.0000730333 0.0000730333 0.0000730333 0.0000730333 0.0000442566 0.0000234183 0.0000432643 0.0000635072 0.0000567595 0.0000162737 0.0000791855 0.0001333651 0.0001333651 0.0000809717 0.0000635072 0.0000635072 0.0000899024 0.0001067715 0.0000545765 0.0000508057 0.0000508057 0.0000508057 0.0000508057 0.0000658887 0.0001035961
