Models/Synthetic/Density/temp_raster_pop.asc
NCOLS 501
NROWS 301
XLLCORNER 3551300
YLLCORNER 2778253.213573
CELLSIZE 833.932136
NODATA_VALUE NaN
[rows 207 to 229 of 301, columns 156 to 207 of 501]
0.0667659041 0.0948652079 0.1285368225 0.1906647558 0.3102758456 0.5396129306 0.8213893479 2.06473866 1.6440996617 1.4899807343 1.0038642269 0.5813949462 0.2280682341 0.0820865613 0.0275920833 0.0124934254 0.0130759521 0.0201017429 0.0283408158 0.0323155845 0.0298894508 0.0224239562 0.0144467833 0.0084275582 0.0050563323 0.003829016 0.0047726885 0.0095605404 0.0232685652 0.0456180293 0.0775469814 0.1079446337 0.1307714374 0.1065528495 0.0936158058 0.1389336553 0.3404962577 1.5784944292 0.4705606448 0.6778897923 0.1605827477 0.059216915 0.023197731 0.0090470866 0.0033324656 0.0011854501 0.0004656406 0.0003044995 0.0003670609 0.0005104918 0.0006518424 0.0007534042
0.0776927705 0.1175695879 0.2161691017 0.3955310349 0.6939544343 1.1293468368 1.8099222368 1.6843076606 2.3304806219 1.41729602 1.6034336305 0.4808507983 0.1970407665 0.0706658086 0.0237318505 0.0102816378 0.0099781718 0.0147754987 0.0206665168 0.0272974878 0.0302345805 0.0295822389 0.0218649228 0.014344059 0.0084603374 0.0072399373 0.0084379478 0.0128433068 0.0216380573 0.0370300411 0.0605137822 0.0906003089 0.104124636 0.1003891472 0.0897497873 0.1208210756 0.3009719855 0.3640363346 0.3975745773 0.2255533789 0.1467649922 0.0568717462 0.0264624726 0.0118686919 0.0049549403 0.001971796 0.000894532 0.0007294538 0.0010136012 0.0014801617 0.0019003173 0.0020907149
0.1275399388 0.2164236521 0.435525313 0.8499862171 1.4386573656 2.6717771762 2.9606413328 2.3833346057 2.4383684307 1.175635163 0.6930347662 0.3650997467 0.144287099 0.0533418914 0.0180994463 0.0075344168 0.0065620247 0.0091399105 0.0132968732 0.0230967295 0.0740966199 0.0808840469 0.0742864793 0.0237036506 0.0150195793 0.0134268905 0.0153436206 0.0210721541 0.0301755034 0.0417506242 0.0562735025 0.0704212187 0.0808801849 0.0838677535 0.0871648361 0.1074197349 0.138702569 0.1695469298 0.166678111 0.140131811 0.0969875459 0.0612613842 0.0342091714 0.0175602258 0.0080868886 0.0034429462 0.0016948142 0.0015871915 0.0024457158 0.0037734396 0.0049737268 0.0054753899
0.1966944433 0.3262469898 1.5725807234 1.5382273109 3.1236825519 4.4020511265 3.8606707058 2.8610001325 2.042590918 0.9355795877 0.4693572825 0.22912615 0.0982613917 0.0367939338 0.0127726655 0.0052703523 0.0041180766 0.0053424066 0.008410848 0.0214685826 0.0780034815 0.3830806404 0.0868206497 0.0357258797 0.0241698303 0.0218650939 0.0246917457 0.0341007176 0.0466572228 0.0571404593 0.0621528177 0.0649656233 0.0701414885 0.0809042063 0.0960069218 0.1121900127 0.1268204074 0.1370721859 0.1401031876 0.1320430548 0.1116143247 0.0828361282 0.0529565687 0.0291399271 0.0138015023 0.0059641751 0.0029834537 0.0029831793 0.0049743588 0.0080823785 0.0110092035 0.0122176668
0.2526369867 0.4135546054 1.0070955095 2.4108514956 4.0686215443 5.3788113869 5.8909296613 4.7483862256 1.8997374734 0.8769449547 0.362355914 0.1626307795 0.06929145 0.0253869622 0.0093130548 0.0044776274 0.0036053661 0.0041872659 0.0064923053 0.0166988688 0.0717668379 0.0860163634 0.0876473029 0.0417229481 0.0330416615 0.0295637027 0.033285324 0.0466198876 0.0650007132 0.0757195966 0.0747023138 0.0676730259 0.0695163857 0.089059055 0.1195607823 0.1497000993 0.1654771501 0.174568401 0.1823007403 0.1859425987 0.1725440787 0.1354209876 0.0891228556 0.0481850058 0.022649027 0.0096101126 0.0046968201 0.0047546821 0.0083150968 0.0142564895 0.0200228086 0.0225827513
0.3121711461 0.4345605768 1.040771273 2.6066484928 4.7388155605 7.3669519173 4.5921317394 3.8901205775 3.3000438385 0.7781361292 0.3285406662 0.1533729703 0.0553246822 0.0199205557 0.0090775481 0.0066714743 0.006463009 0.0066871417 0.0078094928 0.0137831485 0.0231704708 0.0351164996 0.0411060499 0.0421358123 0.0362863933 0.0327453956 0.0366924992 0.0518975569 0.0721276277 0.0850027932 0.0787540633 0.0674782401 0.0672914775 0.093304934 0.1646844377 0.2099115766 0.2381015532 0.2301125794 0.2557462989 0.2862392811 0.2742060317 0.2199591787 0.136056408 0.072592764 0.0333581044 0.0138316515 0.006490249 0.0063759408 0.0113779037 0.0200892468 0.0293694168 0.0334105467
0.2817606388 0.3955011919 1.6998608635 1.8364754306 3.6427443525 4.6540859814 3.4646637004 2.1698272396 1.2799220953 0.6385620049 0.3494054789 0.134615399 0.049394254 0.0196912598 0.0142051665 0.0151294048 0.0163712181 0.0161829758 0.0150969879 0.0149373505 0.0177687556 0.0238318244 0.0308007303 0.0338655906 0.0321355259 0.0293734863 0.0330167178 0.0459098955 0.0632150788 0.071893347 0.067765062 0.0571168541 0.0569784756 0.0849550701 0.1594586794 0.3328240298 0.2526925644 0.2785293705 0.3288893595 0.3753373923 0.3869614693 0.284689319 0.1792654716 0.0939904136 0.0427413942 0.0173831589 0.0078109631 0.0072033323 0.0126645036 0.0226360478 0.0332998446 0.0391477784
0.2160770646 0.2942928091 1.4156674499 1.1081798198 1.8172734653 2.7472359082 1.9555313184 1.2727132814 0.7346324747 0.4037204435 0.2020429854 0.1046300844 0.0409660824 0.0255018164 0.028692666 0.0363838945 0.0415571295 0.0410559486 0.0354521913 0.0279150094 0.0225688275 0.0213762488 0.0229015279 0.0239374878 0.022727972 0.0214804591 0.0241218952 0.0325643683 0.0426714342 0.0481577986 0.0455396085 0.0397775586 0.040352555 0.060566505 0.1241075945 0.1694880222 0.221845577 0.2688319867 0.3624166216 0.4010250304 0.3834286549 0.3114333916 0.1956886602 0.1036773188 0.046814234 0.0188833788 0.0081625998 0.0068701726 0.0115172547 0.0201701489 0.0296392681 0.0347236641
0.1053800555 0.1790422511 0.3393546535 0.6693294701 0.8994292103 1.3065773414 0.9496089616 0.6283418969 0.3826626733 0.2074471611 0.1060188428 0.0535693216 0.0358991158 0.0393176502 0.0579985084 0.0819686766 0.0986758685 0.1012989371 0.0854141482 0.0613308631 0.0379279412 0.023693366 0.0170669695 0.0147238155 0.0134253906 0.0128509334 0.0144136035 0.0184849501 0.0232907414 0.025798345 0.0248737852 0.0224844046 0.0234703623 0.0347117386 0.0551784231 0.0878529944 0.1351205215 0.2117345507 0.2906623011 0.3519656783 0.3528913934 0.2842250672 0.1845555312 0.096406063 0.0436475143 0.0176181547 0.007397207 0.0055676484 0.0085505632 0.014403475 0.0205217483 0.0249889176
0.0544042497 0.0919829117 0.1891340281 0.2936079379 0.4268250226 0.4498822674 0.4164186706 0.2888803226 0.183368635 0.1023310764 0.0531326626 0.033285817 0.0372449407 0.0626254315 0.1068586512 0.1594815683 0.2434214443 0.2529595891 0.2233777783 0.1248440639 0.069144047 0.0315756586 0.0149628425 0.0090397169 0.0071086124 0.0066046994 0.0071707035 0.0087162936 0.0104968147 0.0114819252 0.0112369588 0.0105601777 0.0112624273 0.0151062496 0.0242876852 0.0424299353 0.0763854219 0.1270841703 0.1970621223 0.2843936167 0.3112021778 0.255224405 0.1484704838 0.0762352565 0.0344779591 0.014074663 0.0058082726 0.0038625701 0.005243516 0.0082734512 0.0116604158 0.015270087
0.0301005404 0.0586963752 0.1071104381 0.1721750644 0.2258559054 0.2505976145 0.2281662437 0.1758231665 0.1129194137 0.0635494173 0.0349551425 0.0291035205 0.0477507269 0.0942456002 0.1701646844 0.2740594394 0.3901223947 0.9261181089 0.3659903006 0.2242510512 0.1038061739 0.0420241384 0.0161262382 0.007815262 0.0054098674 0.0044842415 0.0038475609 0.0037714888 0.0040503515 0.0043384289 0.0043116582 0.0041883282 0.0045168242 0.0060979879 0.0102734101 0.01953101 0.0367186462 0.0664620346 0.1178462085 0.1959912925 0.3051006206 0.1881453411 0.1043054162 0.050873646 0.0230826289 0.0095982527 0.0039506471 0.0023315694 0.0027029764 0.003997716 0.0056981985 0.0085839872
0.0227286635 0.0504355731 0.101482542 0.1694106646 0.2345482754 0.2617409407 0.2401762133 0.1794786831 0.1125477308 0.060425435 0.0329173824 0.0311994509 0.0600141279 0.1315622354 0.2434641367 0.3826981162 0.570719435 0.5705692985 0.5391071296 0.2721029727 0.1254585848 0.0479342128 0.0214400834 0.0162170942 0.0171971731 0.0123631484 0.0068556 0.0020918662 0.0014289202 0.0014262191 0.0014305385 0.0014315353 0.0016006736 0.0022639044 0.0040387282 0.0079229298 0.0156720921 0.0308848575 0.0605585729 0.1151830679 0.1318111 0.1146445869 0.0591835531 0.0286502647 0.013053531 0.0055865404 0.0023395981 0.0012703103 0.0012687672 0.0017771268 0.0026909314 0.0048864946
0.0225696904 0.0582400533 0.1240492199 0.2224733072 0.3088286741 0.3528754503 0.3169206552 0.2368169118 0.1421358006 0.0713989345 0.0352568029 0.0329900024 0.0674765853 0.1570834606 0.3218409348 0.479295376 0.5838272146 0.6590344939 0.4319456005 0.2609707187 0.1157032886 0.0457542489 0.0255776981 0.0637705273 0.0688272943 0.0600355488 0.0115661206 0.0020326298 0.0005516288 0.0004207652 0.0004176216 0.0004312105 0.0005074708 0.0007624699 0.0014141976 0.0028786446 0.0060030057 0.0125729785 0.0256812673 0.039352572 0.0470571223 0.04001765 0.0265908981 0.0132468919 0.0062443549 0.0028014672 0.001257534 0.000728091 0.000734998 0.0010501717 0.0017094459 0.0033411938
0.0234423127 0.0647482856 0.1509766288 0.2612736894 0.3897878861 0.4501370815 0.4582730854 0.352001405 0.202611646 0.0783924853 0.0355568763 0.0312857755 0.0643105895 0.1573779125 0.3233334031 0.5492207287 0.5554893723 0.4758650897 0.3374365375 0.1818789336 0.0876444756 0.0359666432 0.0266763595 0.0709037085 0.2846396516 0.0678295226 0.0154045278 0.0020620999 0.000296189 0.0001193282 0.0001091966 0.0001162477 0.0001450649 0.0002308261 0.0004473678 0.0009481934 0.0020496481 0.0043067954 0.007626662 0.0110796006 0.0126258202 0.0115228334 0.0083162892 0.0049911543 0.0025775698 0.0013224819 0.0007816543 0.0006915284 0.000925775 0.0014351156 0.0022477751 0.0036628083
0.0214090694 0.0616973028 0.1412584623 0.2674676056 0.3424596954 0.4580044882 0.6421768735 0.5882763877 0.1973212134 0.0741742136 0.0312445682 0.0256828189 0.0511454751 0.1221366975 0.2581536002 0.3776100778 0.4621767287 0.3386054531 0.2143650344 0.1180717574 0.0550976128 0.0241773454 0.0190002391 0.0618784826 0.0681946845 0.0596933787 0.0112654214 0.0017086593 0.0001923556 0.0000373787 0.0000262189 0.000028426 0.0000376952 0.0000638576 0.000129832 0.0002831229 0.0006071507 0.0011646105 0.0019145635 0.0026185495 0.0029802266 0.0028216994 0.0022733707 0.0016245065 0.0011492613 0.0009401833 0.0009900296 0.0013021834 0.0019656037 0.0030663976 0.0045618622 0.0063126317
0.0163226959 0.0454236938 0.104240064 0.1674578511 0.2391027247 0.301990577 0.331608002 0.2653194701 0.1535048447 0.054688783 0.0234425666 0.0181413157 0.0331326941 0.0752177934 0.1388600148 0.2160244919 0.2383603632 0.2062322232 0.1285006816 0.0685639967 0.0322217125 0.0140142622 0.0105006564 0.0126804076 0.0156885732 0.0113177971 0.0058287643 0.0009345605 0.0001144537 0.0000143682 0.0000061422 0.0000064583 0.0000091172 0.0000165013 0.000034847 0.0000756724 0.0001532454 0.0002751227 0.000427043 0.0005710035 0.0006646763 0.0007019468 0.0007367114 0.0008655405 0.0011648867 0.0016377054 0.0022471475 0.0030524035 0.0043305399 0.006433743 0.0092842045 0.0121569211
0.0099113645 0.0261783546 0.0514261898 0.0841295844 0.1136032683 0.1330053216 0.1288156972 0.1028083072 0.0642590097 0.0325709017 0.0149600767 0.0113865139 0.0184476215 0.0358910141 0.063603371 0.0900781377 0.1029100248 0.091130717 0.0644610749 0.036088408 0.0171434302 0.0074188893 0.0034962881 0.0025132794 0.002206139 0.0017469978 0.0009435573 0.0003533697 0.0000511699 0.000006703 0.0000019316 0.0000016795 0.0000023808 0.000004423 0.0000091944 0.0000188916 0.0000358308 0.0000608772 0.0000924775 0.0001296953 0.0001843128 0.0003049323 0.0006041878 0.0012501909 0.002355988 0.0038404318 0.0054158546 0.0069364422 0.008798147 0.0118697144 0.0164724541 0.0210846239
0.0048073251 0.0110100199 0.0208250618 0.032535083 0.0433588724 0.0489319463 0.0470477225 0.0379359109 0.0257636824 0.015020612 0.0088395774 0.0078349069 0.0115342091 0.0192156247 0.0290306011 0.0377388046 0.0410294019 0.0370645519 0.027491174 0.0167908631 0.008486826 0.0036746839 0.00147305 0.0006347807 0.0003508419 0.0002237593 0.000132703 0.000060699 0.0000212852 0.0000055413 0.0000022834 0.0000015981 0.0000019336 0.0000031424 0.0000053596 0.0000088029 0.0000136469 0.000020142 0.0000300135 0.0000522987 0.0001211554 0.0003372658 0.0009319553 0.0022873261 0.0047568826 0.0081537829 0.0116236609 0.014183308 0.0161103011 0.0190447844 0.0243496227 0.0305597465
0.0018224243 0.0039087928 0.0070430307 0.0108576406 0.0143584797 0.0163682032 0.0160222243 0.0134939291 0.0099321999 0.0070673678 0.0065235443 0.0092850567 0.0152332333 0.0226643728 0.0288538661 0.0311875365 0.0288356232 0.0228925481 0.0156829644 0.0092646481 0.0047323072 0.0021131213 0.0008645526 0.0003649394 0.0001836706 0.0001120687 0.0000724687 0.0000443832 0.0000246289 0.0000126181 0.0000066402 0.0000049081 0.0000062404 0.0000101567 0.0000163075 0.0000239925 0.0000320189 0.0000393915 0.0000480839 0.0000720524 0.0001642343 0.0004839147 0.0014166779 0.0036660444 0.0080043285 0.0144248959 0.0209050427 0.0249709562 0.0258330359 0.0264614467 0.0299126042 0.0353607614
0.0005996398 0.0012178069 0.0021391447 0.0032607759 0.004326235 0.0049940909 0.0050291035 0.0044993395 0.0039359258 0.0044846101 0.0081221421 0.017425358 0.032611026 0.0498059798 0.0607856324 0.0602953799 0.0488317474 0.0331562939 0.0191914738 0.0098299258 0.0045493674 0.001997646 0.0009323293 0.0005347517 0.0003763992 0.0002803636 0.0001973196 0.0001254797 0.0000715755 0.0000375788 0.0000205714 0.0000165806 0.0000233363 0.0000403627 0.0000671352 0.0001008221 0.0001353012 0.0001629023 0.0001802716 0.000202349 0.0002983415 0.0006810671 0.0018783872 0.0048977937 0.0109987181 0.0203686605 0.0305479525 0.0358851099 0.0350317769 0.0312461051 0.0305418968 0.0330183879
0.0001792471 0.0003485442 0.0005980134 0.0009020818 0.0011960129 0.0013986707 0.0014732509 0.0015401992 0.0021140896 0.0046565068 0.0125881941 0.031711689 0.0675914045 0.1083389189 0.1352272303 0.1281244993 0.0972479452 0.0593204836 0.0315790776 0.0149150782 0.0065289269 0.0029547248 0.0016680583 0.0012403949 0.0010243504 0.0008072198 0.0005721895 0.0003603484 0.0002034641 0.0001070883 0.0000605365 0.0000527035 0.0000805039 0.0001476844 0.0002567175 0.0003986949 0.0005477333 0.0006660851 0.0007220249 0.0007186964 0.0007400967 0.0010446386 0.002244788 0.0054978846 0.0122554689 0.0229468643 0.0344030613 0.0410325242 0.0377818879 0.0309490505 0.02625606 0.024955073
0.000053858 0.0000937418 0.0001551439 0.0002303828 0.0003052964 0.0003691757 0.0004503368 0.0007255737 0.0018526803 0.0058636999 0.017952697 0.048346555 0.1083548822 0.223043481 0.2700749597 0.2568142022 0.1575946831 0.0923370269 0.0471885669 0.0217053564 0.0096087613 0.0048880425 0.0034334263 0.0030082675 0.0026500687 0.0021163682 0.0014939247 0.000936273 0.0005325714 0.0002881101 0.0001701382 0.0001551006 0.000250192 0.0004864959 0.0008894443 0.0014378483 0.0020343228 0.0025197117 0.0027391631 0.002634283 0.0023200472 0.0021482696 0.002804489 0.0054009811 0.0112177796 0.0203795901 0.0302679606 0.0349057659 0.0323592805 0.0251514698 0.0191446913 0.0159634461
0.0000269439 0.0000266012 0.0000379284 0.0000546964 0.0000743768 0.0001045767 0.0001963333 0.0005674834 0.0020058677 0.0069776657 0.0219458371 0.0597410288 0.1379320456 0.2743202775 1.0738554825 0.3210578665 0.2042143025 0.1173047022 0.0595604493 0.0275405498 0.0130256508 0.0079805959 0.0069046541 0.0067238325 0.0061222431 0.0049223884 0.0034837448 0.0022153777 0.0013064173 0.0007461544 0.0004581132 0.0004163961 0.000693454 0.0014402728 0.002804048 0.0047527627 0.0069557478 0.0087968624 0.0096493715 0.0092013803 0.0076880281 0.00584137 0.0046983041 0.0053819952 0.0087419197 0.0145776859 0.0204864212 0.0233858188 0.0215252834 0.0167661474 0.0119737406 0.0089344119
