Models/Synthetic/Density/temp_raster_dens.asc
NCOLS 100 
NROWS 100 
XLLCORNER 0 
YLLCORNER 0 
CELLSIZE 0.01 
NODATA_value -9999 
[rows 0 to 18 of 100, columns 44 to 87 of 100]
0.0046739554670501 0.0214804680776531 0.0426479866205971 0.0586509705718942 0.0447365338580798 0.0243766247084913 0.00643369900473155 0.00478800090173437 0.00881672080924192 0.0193672737560559 0.0630017213431498 0.369548688427054 3.3295743679512 1.15490684660381 0.240628072655633 0.0340691238593592 0.00919860290607943 0.00629903343273769 0.0133061116148328 0.102176997304757 0.90484459194769 0.318560493785008 0.239788094889137 0.0769191149334377 0.0734915689587931 0.109488002659716 0.112380538880488 0.183204182372211 1.18620551827747 7.86607692886151 27.0677120566566 10.2961106349502 12.871443531799 1.72219507670604 1.01301310581771 1.03419710825199 0.892570434827313 0.797803307242773 2.8119444948206 5.17154395943574 2.09634843235728 1.46617891083951 9.61611785862184 1.55779657151608
0.0124081014961138 0.038275593833675 0.228015026737789 0.266808188257737 0.24005744227523 0.0576601939575836 0.0221884491626719 0.0157662041203563 0.0455799162715343 0.0926765405053127 0.166198494489021 0.391140600264367 0.544791642014043 1.16289158323003 0.273048673341725 0.0981404068940177 0.0759901503475395 0.0400978226039024 0.0470642330164265 0.123195823406246 0.280135960730307 1.03736159516578 0.272760993234249 0.2012026076357 0.449330903719862 0.642470881639714 1.55902331586822 0.553665452917154 1.30469800056976 7.26245573946669 5.99799538209449 13.2119852796163 4.78356577795526 2.86630858047774 3.12115167200391 5.11501662543465 4.12692383799849 1.74027035925553 5.58411037353078 11.9216377304991 6.39604319575432 2.50745524660037 1.00413764427665 0.762950964465423
0.0468906489442464 0.0562235438814966 0.2616434669474 1.48445835593281 0.365031295609817 0.188231954547586 0.130879536927902 0.0302534290600109 0.0941506814907284 0.489170958732161 0.597524288308581 0.64343133985429 0.383190560218915 0.308563252985324 0.229259726807531 0.643006847394395 0.230906506413614 0.315700984708942 0.319435828345379 0.248582990867406 0.246150465763433 0.263830034839743 0.733764094425241 0.234709295865532 0.972169822622456 5.69362314500741 3.23650306255376 3.03328936555774 1.54396528591856 1.50606199793337 4.07315003009276 4.08491799273203 2.72787842166092 1.43545590756976 4.39176380989494 17.9222903145046 3.49302936342101 3.15062237262625 13.8347461526783 23.6659273828747 5.67397839769963 1.70379663579878 0.571628344344309 0.152246015061111
0.0947158143456241 0.0768143778089582 0.256884332986209 0.307672584810771 0.376639175099427 1.7564718797892 0.14082128596312 0.0402857779134688 0.159839369239344 0.763158061075652 2.80615685651624 0.835302089763514 0.956017521696951 0.297808528859318 0.258046332669524 0.332394545790565 0.99011921316218 1.70132856399808 2.2630838743244 0.908911037316353 0.173625713008205 0.111953669628743 0.108810244323237 0.244886109524013 0.994026315667339 6.93084404577539 20.5872990400868 6.03039183786224 5.52330372839933 1.03295366416857 0.817080620988382 0.800909095977999 2.64555505840181 0.914426928518227 3.90126388911901 3.69377868781384 3.64561024022354 2.12699198271891 5.68044749997423 7.58164703871463 7.0025245196333 2.64724375739023 0.46099935955606 0.0936617016157144
0.195737307463401 0.261893074605182 0.418735794609013 0.473695448170352 0.429887281681792 0.270020044292568 0.142371575002067 0.0430348693876797 0.144487034405549 1.39879835226962 3.8671119244714 0.760938481784442 0.365396225190054 0.505172329377079 1.27114815675057 0.678649951965224 1.42340703124091 7.82887987087079 7.98098046184352 1.07620546704838 0.230965951094656 0.0427615054769777 0.0365026336353363 0.141967141338662 1.39839094991876 3.61802681937522 8.41186346627619 5.41876292454077 1.7403069298841 2.19331245140062 0.496702777253571 0.560810052873139 0.404670091448018 0.481253034285675 0.606501841007464 0.966018092619344 1.96614328937781 1.90996016795317 1.26490800236606 1.50796599291339 2.1935574439398 0.889562735527994 0.355558111700652 0.0713903278426037
0.266554858433933 0.719727413878104 2.60243787035083 2.47008865650652 1.79760362686785 0.328211812062202 0.159054363206814 0.119813932020215 0.185896381935031 0.362248013951777 1.26268721213627 0.362613679669152 0.30382875005744 1.89388793449199 3.39617214241026 2.82148502918887 4.412179989322 3.52100731779256 2.29778737379682 1.5098569601627 0.20208648650649 0.0525476285818976 0.0445550543012153 0.124612225507212 0.417511532247724 1.9352014530735 2.06784028032205 1.94491818020328 2.34826692386249 0.642843838107429 0.461634659813941 1.24903132131255 0.746758060703033 0.598104317159201 0.236751159521587 0.3099480987857 0.515634798545788 0.540630797988713 0.417932756678878 0.270617589823828 0.243224031940018 0.209750541402054 0.150588541458823 0.158303785686114
0.28564054674401 0.76782224128147 2.37122526310078 15.3274893987449 3.12292790367828 0.692392987459978 0.272462240997838 1.59765608302194 0.158130820986844 0.474535806980203 0.536641820235784 0.516370100574226 0.349016722042422 1.41279939852985 8.83830825828101 18.2558663964049 14.8382996729339 1.97613140682495 0.790740492212889 0.418609306681719 0.252577617193227 0.136953417321862 0.13119622600406 0.226812721539795 0.398751893187867 0.780515030641704 0.828827788648439 0.900134104018297 0.556639315362113 0.39598080575473 0.278919618731013 1.39454401420793 4.32101522433874 0.964995597397402 0.200145526982397 0.120767330343863 0.226593574476948 0.828438092951467 0.219276556250009 0.115842826512428 0.166286870571787 0.323265834549511 0.725186006557072 0.836285976233177
0.241715890959669 1.03306437052605 2.61387456774575 5.00823678513385 4.63587743652472 0.647413856663307 0.613239513761716 0.211976465637406 0.227468478048747 0.63241772588626 4.21306993936924 0.731974601482035 1.27919420772541 1.74358429034179 10.1636775092815 44.7935215022911 8.74588202052617 3.03396853368267 1.39554035939776 1.1369793335269 0.606202154597719 0.553335710714242 0.32699951210587 0.388508098411928 1.18957049883336 1.28493341593078 4.39097388243361 0.753808655489966 0.395030684147372 0.322908103068092 0.347476892510026 0.658098909655774 1.29700454407306 0.648517025858889 0.313566415978258 0.297302156089302 0.3847292523858 0.735460381282713 0.531469637800079 0.40745531800659 0.490747164818666 1.82708480932145 3.50182383565421 7.07749775923659
0.217569890848988 1.02630089363179 6.99076496426629 1.52999902564401 0.829112278302073 0.490853218046592 0.193812765322231 0.134940332640965 0.154789282037172 1.9843829602052 1.71749974377633 2.10407653833499 1.23921755644314 1.33343277303613 8.76037447313533 8.40013711888972 6.11536166348137 3.92794512875052 9.22514748725906 3.87771759178628 2.99557917226001 1.86517402331371 0.369224414722687 0.863468921201331 1.0759107502946 4.15437531929854 4.13066539981728 1.44157679721303 0.967993857668208 1.18535698349843 0.971023199313671 1.03857371050306 0.645520471700402 0.55709177035904 1.34397587851281 1.46275424662611 1.56312212265066 2.68387744328207 3.30626869069768 0.975351970962666 1.04830620279834 5.16787571042645 9.10089742469743 11.070809604682
0.168038753584358 1.75426866034344 1.46847147679511 1.24914671327059 0.566903321902436 0.379249725375886 0.109333107737053 0.0622799754383558 0.116511796523861 0.222074066910826 0.355259381090841 0.318984115534683 0.280264557162864 0.704142917877521 1.88148196019037 1.59064100713151 1.36488516682321 2.02185458077368 6.19269954682918 22.5652972663205 4.63380076831575 0.971172000416281 0.416277722296511 0.313951500821498 1.00595703732913 4.7874102329307 7.9633802845907 2.58599323231671 1.01776374782856 1.16760657119635 4.67414551671526 2.99690925538092 2.54439968346515 2.23872337149359 1.79854787317788 9.60611718159332 2.84672826846385 3.58584834412028 4.20085211563235 4.2598463900437 1.39244075251006 3.86188587779164 17.3312869279076 15.887492111227
0.116763489854855 0.445655319704244 1.75354309097773 1.31693729441214 4.83475440713334 0.508346029682516 0.237224241493037 0.170636636045511 0.0946796240389621 0.0747334755905621 0.0838708974433019 0.0900867832965847 0.116930681556344 0.186377495888763 0.252323238919063 0.35572824252207 2.2123661637767 1.29401514675154 4.67685912463592 13.0050089238198 6.45193453871944 2.67385531132561 0.301726952414255 0.169804765126977 0.678584477556425 2.56122528020043 13.0683601757041 4.85505835807643 0.893892496092933 1.10353751428752 4.33009997538993 5.49998192223942 8.7810197034357 3.07341301542708 2.56614408731189 2.0117803372083 3.11373662762755 5.86203877422124 16.665714202894 3.95358554179854 1.55958389235864 2.7121849842887 11.0552507530363 20.2167851439325
0.0546157291907753 0.3352828579979 1.54661387957298 5.39337913039603 2.07623150747842 1.10262322845009 1.1106245479577 0.720155394580858 0.374947906840022 0.357441360145729 0.317239887670964 0.36933374285949 0.366183876090036 0.460340949796502 0.342104520731272 0.319885862410328 0.539120788120867 3.75604625769615 2.37516249452278 2.77833934768979 8.75352182321593 1.30073139808616 0.280525819525905 0.0995287812766147 0.357727235806207 1.69700072760244 2.96188287286357 2.44035697068305 1.76809811011116 0.645644236715691 1.24481093383232 4.88394232276835 11.7103828239849 5.03960816666559 1.76183387934946 0.717574043114494 1.52250698852099 4.98674657575772 5.43601689492244 5.12672671819504 2.13037838372905 2.12330309536039 4.19653055236934 4.07923525827935
0.0475681132373469 0.257663141004947 1.630304460226 0.965498928489953 1.2043560471998 4.03313413603928 4.22807369073025 2.08512002696076 1.70683683758869 1.882780702793 2.28666922944873 1.11421544409974 2.40896524268564 2.22182637627213 2.13151026109606 0.451594498532746 0.423581939927019 0.500500493474384 0.63437341717347 1.07286917885375 1.09455761167382 0.873787388951192 0.150962307991212 0.0579335075856938 0.198803147547353 0.827119738268686 2.51590403024074 0.863589735552388 0.62381110260356 0.411836329770445 1.27301842873751 2.50146817121002 3.16434980538206 2.37490492496979 0.674579827672111 0.304665168467737 0.423473178958724 0.722884522185298 1.11877644550103 3.14980661661884 5.22072841157737 5.87399304361103 5.79771088658801 2.15077201782232
0.0881350255909152 0.23851683444916 1.06255531481672 0.570260829509783 0.998811088426405 3.18401624231202 11.6987623186177 2.76235282175166 2.36458773107236 12.2761378650153 6.14983128796894 4.48230084729362 4.2012400635974 16.7719824276026 3.2789926623906 0.703551974818727 0.410202823991925 0.396542908086322 0.366145823722725 0.319732916878458 0.303281062863754 0.230198807887907 0.103824427452958 0.0413976180229266 0.0914242676122532 0.261594732341481 0.519546388550549 2.62912874739623 0.567744155679279 0.287756395779017 1.41970805671668 2.48002906537046 8.81326791694274 1.42391509085722 0.420929523984737 0.155392574779658 0.303204511280627 0.181658285225253 0.357839390757602 1.07289869481901 6.28392480003382 26.058381371508 4.30845977325276 1.05164534719565
0.173673382845321 0.426676236539829 0.428187786394445 1.30091870910085 0.799339618265038 2.71717673975557 1.91733390644456 1.91919466946565 1.95020810753667 3.69070147824579 4.70874877286383 15.8972747504955 6.58338714823931 5.35765261877039 3.35781515672516 1.4060608372898 1.87695380347437 3.20630402521847 1.27224512091368 0.727849164985929 1.28422165357556 0.588063897079907 0.317847049772882 0.101094459042586 0.0411869730397964 0.0716273849992889 0.271991175284109 0.340731406419314 0.328736220435877 0.281620553174721 0.547761364077578 2.07783294084077 3.70747654145676 2.4535469785764 0.340743256020834 0.109951072469608 0.0838124278639248 0.107657790566927 0.325671921110956 0.84233717488234 3.47029826114576 6.68698377332063 3.82839466360335 0.630300305080382
2.08562591790303 0.426828724643121 0.332672290831366 0.356890083261997 0.733200354334152 1.29538030266073 0.738183999216544 0.675382488419616 4.87962063548442 1.07852607484486 5.05911716035256 3.66125879450904 5.91810818255499 3.09828431706038 1.11256945676837 4.06094202044669 8.50202488673705 10.8950208002995 3.32175588781185 3.06039644606658 3.8651675069701 3.52203332311601 1.58058949914052 0.280374611874871 0.155257438642479 0.113905831945275 0.122627871510286 0.0978561550102818 0.103553438249505 0.233775482683159 1.02642958911427 1.46844989000043 7.17353843851671 1.32393530969665 0.347309044536271 0.0931402028506251 0.0321695504566757 0.0684943647520937 0.341540841490852 2.28366933904086 1.01380690479649 2.18671940399877 0.817253272012453 1.17835166476524
2.11393880155159 0.369811724411073 0.121913259538298 0.138662831940177 0.396943563778713 2.38252080881474 0.383583921641121 0.362382668856266 0.372661402206874 0.584618644256112 0.678246948168753 2.15179295865425 1.09151400883905 1.1158358148115 1.18918883530585 2.77532021813103 5.33107510957466 3.8566459671686 2.9221644851379 3.46935967242104 22.0366203899 7.05078744063461 2.1619703950528 1.24359876730416 0.440305696729874 0.916174902819308 0.367182613020252 0.227597381336611 0.155873178821957 0.286218570611839 1.29409142486766 1.18240354112163 1.14135729219635 0.9744801701442 0.789892728320606 0.0717234074744189 0.0192616917660361 0.0946132319542726 0.372699181537472 0.626910047547688 0.497648005500905 0.277698658013512 0.235056269635361 0.951042845813804
0.350868971718829 0.299261234566568 0.0705443643726748 0.0590867610948594 0.249578122211434 0.283380207203543 0.25597361358603 0.073687966902928 0.0653919690463872 0.0875894359288651 0.189861777767956 0.242453524987882 0.329329812086804 0.595306952910385 4.82751816028119 3.60933268740811 2.91868474783931 1.86049402299066 1.00920593974195 4.59189297932132 3.8239666427426 4.91491634028535 8.25039854181649 2.47173432900834 0.652592927561451 1.65866954391392 2.22454123211707 1.16979940135677 0.397683974781757 0.556195151036895 1.45465561450555 0.883420379100061 0.611023878072869 0.257207745911792 0.129923389390563 0.0546493690989657 0.0170279047665717 0.0959907911526619 1.06831467998991 1.14462587032134 0.559331656073179 0.344496935148029 0.327132575880892 0.17786979282723
0.361563420423859 0.232097808953833 0.0736550765294542 0.035334889822027 0.0449765461709403 0.057583291358026 0.0546091564915684 0.049550377034869 0.0455240918691203 0.0437873132201545 0.0468971762183857 0.0790256377094022 0.186033477062051 1.26824241344217 1.02077773088413 1.90975508415318 1.20153513296951 1.32390673075934 0.514306418280058 0.648022622551347 1.01504887757205 1.67224411977591 2.72850121737628 1.95018240128743 0.642315946987738 2.22562565871855 7.15334367426081 1.9003825053263 2.06079398636539 1.55417008376345 2.61724783047208 2.45611552501246 0.554025783075306 0.189871470646107 0.0488455030161767 0.0181128081490874 0.0154246379540597 0.124720749734629 0.370815167783092 1.83062278169248 0.666359949669646 3.65098725573181 0.801995248264007 1.07964975194729
