Models/Synthetic/Density/temp_raster_dens.asc
NCOLS 100 
NROWS 100 
XLLCORNER 0 
YLLCORNER 0 
CELLSIZE 0.01 
NODATA_value -9999 
[rows 0 to 18 of 100, columns 0 to 43 of 100]
1.388833430815060 3.33790114492519 22.3550020915125 4.34430948867463 1.19576913877774 2.73101970076022 4.03253592812921 2.60773741758978 0.522866515137946 0.282242766041562 0.179940044970864 0.10290066687533 0.0388608857006536 0.00600694646757723 0.000718966191988525 8.11068214997413e-05 2.43024820634877e-05 8.7778760517245e-05 0.0010106204126148 0.0114336109938645 0.103084477965204 0.747672742715113 2.89755061112831 8.8847021571913 1.05352144883901 0.847778597635673 2.51211520138538 8.50143184988703 2.38269938096946 0.347173512160207 0.0769292677815721 0.0563119763998967 0.0388784801776327 0.0197317274528912 0.00756455715487439 0.0465567879616474 0.414647076527215 0.689780664965246 1.1763620038297 2.76420576501855 3.52081486877226 0.404682377008977 0.057484917854262 0.0083867596158294
8.07939073693743 3.18657916237559 3.70794473285588 7.67673984351654 2.33519015268488 4.08138203685953 21.9045670573643 2.98483465050961 1.60099472965094 1.0766971889658 0.895540448703345 0.420616051103005 0.0841530681665916 0.0104061938230188 0.00131267810883686 0.000344648624646605 0.000284404867722472 0.000348589045067848 0.00158518526116851 0.0151164945814705 0.131813811798541 0.802981192937395 3.67760999798831 1.62042807027019 1.96518186886125 3.08297522522548 6.24124510645041 3.27187132274918 1.37652740781845 0.36001795842833 0.300431510925801 0.296204777101451 0.257165150865159 0.0349889920375178 0.0137654482502536 0.0898266811425938 0.643888965790367 5.30844027394601 3.6534237367009 6.00151037451027 1.0886295461932 0.440976460310405 0.0996828398680012 0.0317766842325944
1.81457637500305 3.05286307967368 3.84971261693567 9.05738762691651 3.64264430072766 5.01805005795507 8.4482778197154 3.9688460187199 1.58668152472051 5.85937322281339 2.65311202799784 1.30009892027914 0.104477742247386 0.0132176354242214 0.00353893236204957 0.00380144642760657 0.00435734317687863 0.00386282943426288 0.00364083181605205 0.0145952413006695 0.104914632056484 0.667894297430797 2.34379696666657 1.99601054597766 2.90753716309378 5.0333807244787 13.604528621063 3.72069945411247 1.10608148346474 0.229078235291364 0.31801111071619 2.26640028272711 0.269891485001064 0.0480868277619828 0.0193429657361174 0.125156416041323 0.975542401767186 4.38085559391727 19.5312087664161 3.707535758372 1.49915035773803 0.717067736538542 0.501702727309068 0.151186472461923
0.433548504810375 1.09056875616868 3.25492437201173 5.78700325937616 5.51085559700563 1.65292099312891 1.32721991828436 1.0118924442711 0.906144310451863 0.942148743296359 0.826186885995585 0.393353750685888 0.0824985555405042 0.0163745729825531 0.0237075800099718 0.0436400745427738 0.0559252503293868 0.0449031338719358 0.0252469456122783 0.01587685443662 0.0659149820292671 0.324848738390828 1.43915054531263 9.30777728435903 1.85679944449222 2.85618772369993 2.56786830380768 10.0263116119602 0.859309562924484 0.156334980959921 0.255996279142061 0.276050044192964 0.240645412447507 0.041707305833537 0.0272718227920945 0.148146737101587 0.984208500141606 4.98404012941211 6.86061166829334 5.48938674076498 2.84169312153908 4.79283688584061 1.85789661266437 1.22865940218145
0.167089297027837 0.643876496387411 2.01055720751273 2.03108340640181 1.89017065813676 0.637379347362862 0.303107846912996 0.725449108722572 0.223452403404258 0.181739509717861 0.151382016580527 0.0907418084161673 0.0364451358169066 0.0217069093101067 0.143901243530168 0.405938783137469 0.533450295883739 0.424788617493068 0.166040005172493 0.0343623738570323 0.0334476923110501 0.168590992677942 1.08532419470308 2.10372455577407 1.28919447533221 0.556848927184276 0.944779567195965 0.834291199672263 0.644641582119146 0.101886168872313 0.0467648048418781 0.0524287485435811 0.0590398711295901 0.0670641832004576 0.0831755745563199 0.189086765828226 0.879123184350744 4.44875128224524 12.4480475992501 3.86537454188426 8.48655800694597 13.4485025201661 5.26148822171385 0.70027499209505
0.0890474666025447 0.323962111922374 0.522762870980246 0.622944320495965 0.429279328235622 0.250706672819002 0.144025398592439 0.107933389664579 0.085411636562797 0.0335950801255959 0.0243943989395615 0.0169351214250285 0.0117418719064124 0.0332220166495346 0.286130325025507 2.82515930435191 3.60627828264619 3.03021670725112 0.515793814107888 0.0782275868765657 0.0360137475243575 0.0902280331960774 0.177382181086626 0.24238550911324 0.207650281522533 0.175124986795336 0.230866337173947 0.248109185281027 0.189045890683882 0.0596846141797201 0.0149204508099017 0.0157995576942833 0.0647853812745136 0.326750324779755 0.414502142622849 0.478675795077805 1.45030327962854 1.86097296006206 3.82894431163311 3.15462702148484 2.54502151504178 2.78710543183102 3.40300559641307 0.718125832028082
0.0377702878375021 0.0735571789260169 0.116501193980052 0.165595370691011 0.169303844242731 0.27280581915176 0.229200624947817 0.186052129525624 0.0348691828983 0.0107093697871593 0.00806362245253172 0.0139516354916285 0.0266772844902102 0.0643635647889809 0.39340966506844 3.19133730965537 17.8196900321237 5.04407388338294 0.745294273131773 0.187635199122576 0.106219311813248 0.0527562912896623 0.0395240287861799 0.0326017963109013 0.033408716492988 0.0553067955924688 0.15542357090018 0.530688648749735 0.140285026860259 0.0383000000576682 0.009062942303107 0.0157515290594942 0.117180674829102 0.676504050780072 2.69883246594427 1.5556166453801 1.20623776974592 0.959852945665422 0.68357454583894 1.0113750241664 4.76715860466102 1.12533239873188 1.7732546614625 0.499010315745032
0.0102842634231671 0.0188952916661451 0.0309976489595269 0.0847089902045253 0.736958869629156 0.309250052086169 1.23178005278111 0.19499116583935 0.0431361106378284 0.0171148141913714 0.0252779122434813 0.0970877396071342 0.220917140193741 0.326637760634493 0.49977399927289 1.98520732159475 4.23507950631168 3.4119169686263 1.48767401101871 0.452502270292621 0.2260676628746 0.15193180413876 0.0403620392700541 0.0140272594711538 0.0137990737349435 0.0369443141494371 0.127922161864541 0.145579237875483 0.121942180849935 0.0318189974670332 0.0117945265510226 0.0225933585084942 0.172164884438476 1.24630604208338 6.52092341216626 7.89286943553129 9.95557885406124 1.45425822084886 0.29793599461909 0.500019321679843 0.561812946167503 0.586809283344335 0.266257343217444 0.197189181883398
0.0107069008351426 0.0909256032140555 0.103058514205709 0.14628485419324 0.144576445844615 0.442154885999619 0.260546857049166 0.198752728789798 0.0750311965491862 0.134117959485204 0.186172986888672 0.312583922624549 1.46446046428879 2.03844413441351 1.15542821946756 0.571951419280901 0.623602892590736 0.560631125970591 0.363449192034712 0.333013419301968 0.708185036805005 0.279986300807684 0.133569930896416 0.0374889516457631 0.0182508960175247 0.0876661845663993 0.126069944678507 0.149878389250447 0.0960433463837913 0.101809357261561 0.0755639458270896 0.07586753715999 0.212534715124674 1.63940931568083 9.38437101802818 48.8417158037479 12.7900230041209 1.92332362833543 0.37528678739733 0.141164365307691 0.177285521457602 0.159792522346229 0.11982276738561 0.0644619897581142
0.0464117244883109 0.138128908588763 1.29239624534095 0.118030729934351 0.0845617036108937 0.105501013043901 0.169662666402856 0.268321029680903 0.379931683240978 0.593653601164244 2.64500756789005 1.05724422159679 1.32390234142727 4.37578010026379 0.744722616998304 0.239504918922865 0.119912364609936 0.127600146430452 0.358529241832895 0.542502277544786 0.902277691896525 1.27948433528286 0.485599617162399 0.0840405721472767 0.0453203241663445 0.121295149271787 0.790574378805217 0.56125544051724 0.630628164189049 0.422453978906391 1.11847155245309 0.282784144231758 0.314802969284706 1.41095579814118 8.91205171400056 11.3333759490165 9.45652051095419 3.35280889406611 0.534727664948821 0.200740886650125 0.14895366832594 0.282729981892561 0.0802917616886747 0.0429706569684975
0.253915684181125 0.319763171455618 0.293662408959081 0.125452835329783 0.0331360529197287 0.0444598430927387 0.173177452192821 1.13624557127473 2.63336887001545 1.92393411145361 4.26693312991271 4.61703041854534 1.16735976611505 0.721419074768849 0.540437630875255 0.162793780974171 0.108430275824589 0.148610702686881 0.465022160049971 2.70270330549297 1.64347344546805 5.17898205018484 0.671259074940185 0.299174929984183 0.255733561872934 0.321635544667917 0.665667217443762 6.52648252903777 1.85440943926383 2.55051250511155 2.15054731552198 3.32121145241968 0.365030356263476 0.878151421858442 2.16995941746394 4.41593523265684 11.703713424968 2.7718908340809 1.09002151796624 0.575214569664597 0.445411869294659 0.118739628789582 0.0654454132843563 0.0281559145448492
0.363222673587815 1.89751018903241 0.356607187395659 0.148251379318292 0.0724757357014432 0.0539723162817417 0.213474368546322 1.24068587857877 8.91234866316322 1.4714429301675 1.00663268904728 0.891774765246401 0.675191196360593 0.229302149420061 0.127588973885701 0.150388123021802 0.307001928983707 0.289853363503424 0.84379550990209 2.35854687304138 9.34027781835079 1.70478889690456 2.1086689226465 1.62051091403045 1.8371839420918 1.48069380957806 1.74691833851564 1.7371481313936 9.74319042918042 5.73823826221548 9.52389399431507 1.32176214730369 0.543630622798632 0.819579759349286 0.999294476120354 5.83469560419054 4.34980706646115 2.69639370096342 1.5742143701869 4.3043785488424 0.433500000573734 0.103371263614265 0.0235372850243371 0.0171088272766603
0.563254414712203 1.15448321029556 1.1739245891289 0.825309282939349 0.562251363661585 0.0830607803925683 0.158519479923659 0.969673557587462 1.12991437033734 1.03164684141169 0.297240502383801 0.283409597189967 0.247544292380593 0.181873630572759 0.06890957010147 0.111781752190242 0.835088536563781 0.364770886086678 2.35305029288123 7.43944280055514 4.34709054081739 3.18027801412597 2.49059862557603 8.26009876967796 10.5108800407566 6.76328441583633 1.3376843025806 1.49320844470457 1.92559597960478 5.83608800670487 2.35145676759692 2.89929327254588 0.455612541492434 1.05155478372959 0.686620104023968 1.49910232771296 2.34809387204118 1.22307202106743 1.50337039769128 0.504257195664819 1.20526041164993 0.0705088761524497 0.0126609330654598 0.0137895244084183
0.651261482772201 4.99728995025365 4.22685848585928 6.63444598534866 0.770189747397782 0.110805298226988 0.0855215621867398 0.153658361577591 0.21063219893034 0.168139803042784 0.130652935405409 0.285977763427726 1.20938983851237 0.359019777284029 0.159760114364149 0.112420658496237 0.098258892656525 0.411578449534752 2.22258511621818 17.7455531322273 17.2038529680759 5.08504234501813 4.15360492784555 10.112688404579 38.3692029576085 6.75998730311812 1.72815290017816 2.35830987925478 0.822836680084759 1.39042021853095 7.81628918743425 1.12257560483318 0.392059391214763 0.136184173357424 0.271803159045052 1.03596080381671 4.14206249869935 1.00249778466045 0.279746945906487 0.143005173326321 0.0772035312828618 0.0441593813995329 0.010376837648988 0.0216733701989472
2.40683447746655 3.6296039014629 20.2809376163479 3.65758204131435 0.850587653243033 0.102392609486656 0.0252152651092323 0.0266321349308343 0.0320675609607732 0.0390632562782745 0.0733230735684848 0.33167566540019 2.10618393292976 1.16305576213963 0.896937216497721 0.182758243179004 0.0651692163390542 0.294141172130368 2.2818084682412 7.14263146921513 12.2923489562403 3.37599806736753 2.91568694326438 18.0990327016026 8.18623951295798 8.752222595606 1.32245297530613 0.477175332059416 0.454573245329344 0.949159065402068 1.73010588831411 0.928922141966358 0.309910571594515 0.161775926535297 0.255502699708162 1.00408966390622 2.15761712352421 1.07439464317089 0.309827649941824 0.109781446509956 0.0232028807227825 0.00937275943248157 0.0240401019302241 0.0928895737219926
0.907180404239199 2.84325441666492 6.27141473512974 2.41600909349748 0.43142440284109 0.0953359769740118 0.0341010192661942 0.0247080643058418 0.0256683455618508 0.0440381724156168 0.131069630246261 0.460892898062193 1.27502362211021 6.79493971187475 1.45693832753985 0.28295316486902 0.0758206386966604 0.208394610982637 0.903378311824279 3.16604067785203 2.91132805595378 2.78757958331714 3.32853151439676 2.34594155391537 3.58551858361503 2.23469218545454 0.750733875354771 0.275199593779792 1.21697433438042 0.765919476128439 0.871121687448826 1.00312888610134 0.780468273465404 0.598147579988048 0.437050867658371 1.52671817584919 4.17566739563646 1.84463453535241 1.22537472168895 0.171675057474458 0.0249745436066282 0.00836574385535957 0.041551553664126 0.329879104460912
1.26081997136704 5.43961343259935 0.938119068092242 0.529977208891524 0.313067750763281 0.20358599701087 0.21054339195731 0.161604882089224 0.130819758602622 0.124380346826716 0.28915743617973 0.74455437652462 3.1611388347772 1.82796985539247 1.80134808438615 0.416817834698916 0.182781374835883 0.159025436934068 0.524060915888085 2.80859247878551 2.43031199140205 2.22516890182146 2.51612298281801 1.46765136571882 0.534724367389365 0.392710778590215 0.190730566742306 0.320582924299426 0.755876663865209 4.39022889971437 0.880008085625157 2.28859389552606 2.31028810164129 2.26925161880971 0.803390518365576 0.971099043041074 3.19868231712029 10.4195700926239 1.28562486802865 0.225045726001283 0.0293192973350988 0.0110740372690199 0.0581414132075683 0.357111492732177
0.56557596611032 1.15669807145335 0.498268864090123 0.176296580212331 0.450696110114837 1.58383813799168 0.850878217581978 1.22240738616292 0.309682086913116 0.240616672468615 0.529889350049905 1.49973269696595 1.745426612653 0.675650867994909 0.905610078957449 1.36441540699047 0.55446386382408 0.517838089475452 0.495615926327579 1.24304449546807 5.47350541273137 1.55170541018992 0.673027925142595 0.402681091772384 0.226358470700428 0.177086075030169 0.221501569253165 0.363407961205061 1.49265583589836 1.10366259521177 1.37854649688074 2.15500318430516 5.61372907551007 3.70051487094011 3.00430180370794 1.01988119329779 3.2289395678058 2.24956618298664 1.14418994183922 0.1791856626235 0.0293211045120158 0.0180514585664899 0.0673171814813848 0.306308719904442
0.187077884587346 1.47423241568484 0.175927467441755 0.148780271956098 0.345176118975226 2.27867781341761 3.98628720535661 1.51636269261367 0.766631528547762 0.399074639939166 0.266808116417975 0.311710178685735 0.359023460744939 1.63053910014473 0.376942274877207 0.655363196162573 2.81325265934354 0.654740708146845 0.782792591254259 2.26204239978978 3.51490817956608 2.70289140499946 1.1619680525135 1.49351033711945 0.390997534920046 0.991023608900069 1.21151312594885 1.27712112691745 0.963484375045848 4.11749413698807 2.13083248314656 4.67547723864471 4.5291575416941 19.6619834874604 3.28323201337858 1.37085510750702 0.777574934405803 0.68115209123227 0.423645631844581 0.181588370605245 0.024367948396497 0.0253273460302879 0.159190811420596 0.324493891037362
