Models/Synthetic/Density/temp_raster_dens.asc
NCOLS 100
NROWS 100
XLLCORNER 3302900
YLLCORNER 3112000
CELLSIZE 4430
NODATA_VALUE NaN
[rows 0 to 22 of 100, columns 0 to 51 of 100]
0.0000566785 0.0000710441 0.0000463925 0.0000405607 0.000040407 0.0000373138 0.0000342829 0.000086323 0.0002502808 0.0001962592 0.0001012742 0.0001933361 0.0001164619 0.0001379281 0.0000467181 0.000011232 0.0000057047 0.0000090167 0.0000205402 0.0000722338 0.0000755438 0.0000593184 0.0000528906 0.0000832042 0.0000404398 0.0000248542 0.0000315462 0.0001089833 0.0004097694 0.000558238 0.0002926178 0.0000962164 0.0000764369 0.0000451533 0.0000234248 0.0000137245 0.0000118628 0.0000171403 0.0000451737 0.0001610876 0.000482899 0.0003870128 0.0008314264 0.000267342 0.0001367997 0.0000772998 0.000053674 0.0001050775 0.0003192403 0.0003149794 0.0001279193 0.0000758279
0.0000468349 0.0000375432 0.0000359272 0.0000448599 0.000089477 0.0000434225 0.0000417983 0.0000879844 0.0001513316 0.0001293938 0.0001186597 0.0001003053 0.0001051748 0.0000587188 0.00003266 0.0000117219 0.0000082474 0.0000257105 0.0000320659 0.0000526658 0.0000947552 0.0000719205 0.0000594604 0.0000841189 0.0000682672 0.0000441402 0.0000385923 0.0001214832 0.0003761413 0.0006966087 0.0002696004 0.0000917325 0.0000588817 0.000059973 0.0000364803 0.0000337867 0.0000198842 0.000025516 0.0000569967 0.0001443317 0.00026443 0.0003384612 0.0002305653 0.0001870321 0.0000867137 0.000091929 0.0000877804 0.0001557898 0.0001983621 0.0001746116 0.000220503 0.0000849216
0.0000183269 0.0000207241 0.000022892 0.0000406577 0.0000429927 0.0000518913 0.0000424427 0.0000896404 0.00011429 0.0000912308 0.000080957 0.0000503924 0.0000372027 0.000029254 0.0000167921 0.0000102491 0.0000101348 0.0000265901 0.0000497832 0.0000595689 0.0000547115 0.0000520404 0.0000563641 0.000056311 0.0000863518 0.0000587462 0.0000359506 0.0000908305 0.0002457463 0.0002842622 0.0001962467 0.0000888827 0.0000521912 0.0000841988 0.0000498108 0.0000379082 0.0000300391 0.0000400219 0.0000627675 0.0001047418 0.0001552067 0.0001437323 0.0000997836 0.0000698458 0.0000855343 0.0001117567 0.0001530217 0.000215551 0.0001447464 0.0001116226 0.0000963511 0.0000870179
0.000016028 0.0000164574 0.0000186851 0.0000217023 0.0000438129 0.0000565281 0.0000508816 0.000049501 0.0000662023 0.0000529201 0.0000359034 0.0000227161 0.000016193 0.0000137145 0.0000142141 0.0000191857 0.0000101512 0.0000171879 0.0000262425 0.0000435249 0.0000296575 0.0000295466 0.0000273736 0.0000470974 0.0000370977 0.0000293266 0.0000245288 0.000060007 0.0001041516 0.0001240799 0.000135967 0.0000659655 0.0000788273 0.0000836647 0.0000781347 0.000059498 0.0000424164 0.0000450794 0.000090134 0.0000758744 0.0000729927 0.0000526888 0.0000449182 0.0000733972 0.000081638 0.0001447049 0.0002101042 0.0002277962 0.0001964502 0.0001200039 0.0000667421 0.0000815254
0.0000378851 0.0000171035 0.0000126834 0.0000179155 0.0000360373 0.0000665725 0.0000629136 0.0000606061 0.0000444808 0.0000517317 0.0000327189 0.0000182917 0.0000120513 0.0000102013 0.0000148393 0.0000125394 0.0000094915 0.0000105251 0.0000186775 0.0000150578 0.0000174889 0.0000147956 0.0000157797 0.0000178209 0.0000163018 0.0000142453 0.000021001 0.0000215597 0.0000465885 0.0000563661 0.0000837343 0.000051076 0.0000639307 0.000084812 0.0000754892 0.000056616 0.0000512898 0.0000640804 0.0000690204 0.0000730146 0.0000548224 0.0000424967 0.0000531814 0.0000553975 0.0001203457 0.0003127509 0.0003742949 0.0004465011 0.0002421414 0.0001045011 0.000080403 0.0000920173
0.0000349214 0.0000248581 0.0000168383 0.0000176721 0.0000366822 0.0001028388 0.0001005343 0.0000803691 0.0000721266 0.0000647955 0.0000597811 0.0000165515 0.0000095908 0.0000099006 0.0000096505 0.0000094743 0.0000093267 0.000010467 0.0000086927 0.0000090805 0.0000096772 0.0000123755 0.0000114178 0.0000119447 0.0000204048 0.0000131718 0.0000116413 0.000012905 0.0000204681 0.0000404843 0.0000343527 0.0000384821 0.0000450023 0.0000487678 0.0000453275 0.0000455964 0.0000389207 0.0000414428 0.0000498732 0.0000434626 0.0000541469 0.0000708024 0.0000691286 0.0000883184 0.0001643902 0.0004086347 0.0009988308 0.0004306223 0.0002685528 0.0001267973 0.0000775998 0.0001102273
0.0000767603 0.0000719725 0.0000423441 0.0000223651 0.0000356083 0.0000689753 0.0001692382 0.0000945238 0.0000778166 0.000036769 0.0000218787 0.00001368 0.0000092555 0.0000100884 0.0000122351 0.0000136639 0.000013591 0.0000107911 0.0000080524 0.0000071373 0.0000095631 0.0000194966 0.0000141087 0.0000179033 0.0000194814 0.0000346437 0.0000146538 0.000015757 0.0000256507 0.000039167 0.0000371675 0.0000328832 0.000032517 0.0000296454 0.0000281607 0.0000295238 0.0000318447 0.0000305584 0.0000364724 0.0000554944 0.0000885021 0.0000971723 0.0001170625 0.0001015701 0.0001412848 0.0003662926 0.0008135486 0.0006493669 0.0003334625 0.0001055294 0.0000757309 0.0000722383
0.000358362 0.0003013378 0.0000787339 0.0000259016 0.0000303658 0.0000721301 0.0000784921 0.0000723051 0.0000475817 0.0000288845 0.0000155382 0.0000097786 0.0000109111 0.000017154 0.0000216307 0.0000415298 0.0000225385 0.0000131871 0.0000100608 0.0000111737 0.0000169521 0.0000401787 0.0000380414 0.0000367639 0.0000401069 0.0000227635 0.0000207104 0.0000449991 0.000056698 0.0000911889 0.0000898931 0.0000595492 0.0000356232 0.0000231213 0.0000225671 0.0000328844 0.0000326259 0.0000497576 0.0000744646 0.0001089041 0.0001409106 0.0001421302 0.0001024629 0.0000853317 0.0001151353 0.0002107553 0.0004965485 0.0012177351 0.0003741021 0.0001130507 0.0000554751 0.000069396
0.0015683518 0.0003357323 0.0000947422 0.0000283557 0.0000260728 0.0000471312 0.0000530306 0.0000478049 0.0000474714 0.0000433541 0.0000226612 0.0000145645 0.0000132919 0.0000274641 0.0000496368 0.0000324244 0.0000242282 0.0000164015 0.0000161613 0.0000198886 0.0000410036 0.0000850224 0.0001741556 0.0001037734 0.0000630429 0.0000275677 0.0000240939 0.0000577822 0.0001474578 0.0001990567 0.0001514621 0.0001122548 0.0000498671 0.0000351544 0.0000255187 0.0000304295 0.000051115 0.0000677145 0.0001280602 0.0001824757 0.000300566 0.0001414594 0.0000797148 0.0000897924 0.0000819688 0.0001525148 0.0003280211 0.0004032119 0.0003099013 0.0001230094 0.0000441132 0.0000486506
0.0005247617 0.000309306 0.000083655 0.0000262708 0.0000295137 0.0000280302 0.0000462782 0.0000647865 0.0000791726 0.000070651 0.0000591513 0.0000275034 0.0000148361 0.000022545 0.0000435013 0.0000436028 0.000025385 0.0000288724 0.0000251866 0.0000438083 0.000072768 0.0002299813 0.0003944973 0.00027271 0.0000842949 0.0000299443 0.0000283978 0.000063441 0.0001908649 0.0001878077 0.0001141197 0.000092667 0.000058396 0.0000465692 0.0000344416 0.0000454586 0.0000655238 0.0000781748 0.0000874299 0.0001273427 0.0001465589 0.0001164241 0.0000625989 0.0000492084 0.0000653557 0.0001127964 0.0002087286 0.0002024235 0.0002335632 0.0001031033 0.000039511 0.0000441106
0.000147813 0.0001282393 0.0000555549 0.0000245951 0.0000197165 0.0000259449 0.0000486431 0.0001260899 0.0001632659 0.0001967143 0.0000789535 0.0000304783 0.0000188197 0.0000215257 0.0000276424 0.000035032 0.0000426746 0.0000483164 0.0000478668 0.0000542833 0.0000917851 0.0002891971 0.0007686239 0.000271117 0.0001011016 0.0000362128 0.0000315311 0.0000616927 0.0000746056 0.0000799691 0.0000824746 0.0000765192 0.0000640654 0.0000745994 0.0000544525 0.0000603296 0.0000529939 0.0001001606 0.0000913846 0.0000816487 0.0001010723 0.0000918806 0.0000675479 0.000078677 0.0000853335 0.0001574977 0.0001332193 0.0001796804 0.0001378205 0.0000873845 0.0000474962 0.0000374782
0.0000418806 0.0000404235 0.0000367642 0.0000317363 0.0000231537 0.0000365011 0.0000687471 0.0001275071 0.000272612 0.0001744404 0.0000707894 0.0000444409 0.0000287367 0.0000374885 0.000042287 0.0000526532 0.0000724878 0.0000916099 0.0000991865 0.0000722576 0.0000903288 0.0002315732 0.000262623 0.0002173482 0.0000957533 0.0000508746 0.0000255679 0.000025275 0.0000310132 0.0000307834 0.0000356263 0.0000479875 0.0000934809 0.0000903253 0.0000438737 0.0000383385 0.0000586129 0.0001017957 0.0001301664 0.0000897655 0.0000763758 0.0000654718 0.0000703486 0.0001183609 0.0001357479 0.0002027895 0.0002695723 0.000250935 0.0002128353 0.0001134632 0.0000427456 0.0000329407
0.0000347093 0.0000295243 0.0000381493 0.0000607423 0.0000241237 0.0000243309 0.0000518442 0.0001043367 0.0001036211 0.000099457 0.0000610365 0.0000457217 0.0000637252 0.0000855351 0.0000841944 0.0001069444 0.0001539738 0.0001863422 0.0002295463 0.0001263317 0.0000962315 0.0000888709 0.0001024239 0.0000851906 0.0000770961 0.0000338216 0.0000199235 0.0000170002 0.000019712 0.0000217516 0.0000228927 0.0000348803 0.0000512648 0.0000509672 0.0000585528 0.0000321047 0.0000450824 0.000087877 0.0001216463 0.000129788 0.0000903723 0.0000665159 0.0000732582 0.0001164785 0.0001708512 0.0002995993 0.0008016226 0.0007279608 0.0006979778 0.0001983585 0.0000475139 0.0000421438
0.0000619886 0.0000612209 0.0000450789 0.0000272263 0.0000198154 0.000021205 0.0000377338 0.0000564921 0.0000446174 0.0000454389 0.000041509 0.0000435513 0.000064961 0.0001341749 0.0001816872 0.0001182581 0.0001987456 0.0004475836 0.0003339946 0.0003284122 0.0001420975 0.000079128 0.000047532 0.0000563229 0.0000324742 0.0000263466 0.0000192042 0.0000236955 0.0000648133 0.0000365548 0.0000289175 0.0000384753 0.0000266495 0.0000267256 0.0000251662 0.0000294947 0.000044844 0.0000581875 0.0000873698 0.0000897108 0.000100662 0.0000684854 0.0000453488 0.0000815961 0.0001654887 0.0003696353 0.0008746413 0.0032599101 0.0007986698 0.0002256925 0.000047252 0.0000297808
0.0002561859 0.0000841043 0.0000334276 0.0000185029 0.0000165228 0.0000209833 0.0000317711 0.0000258264 0.0000243224 0.000032215 0.0000591911 0.0000811744 0.0000973742 0.0001297399 0.0001421121 0.0001280476 0.0002016025 0.000272722 0.0004156539 0.0003753936 0.0002420425 0.0001321023 0.0000369898 0.0000209163 0.0000173124 0.0000174459 0.0000396972 0.0000567564 0.0000804983 0.000088832 0.0000647089 0.0000560227 0.0000480595 0.0000428068 0.0000327682 0.0000292111 0.0000476322 0.0000559231 0.0000627528 0.0000630329 0.0000782439 0.0000462596 0.0000329196 0.0000563785 0.0000952329 0.0002459585 0.0007919042 0.0008396621 0.0006646213 0.0001549511 0.0000477343 0.0000243908
0.0001251923 0.0000900786 0.0000359252 0.0000289342 0.0000290741 0.0000313258 0.0000310278 0.0000301826 0.0000264299 0.0000424971 0.0000932753 0.0000998238 0.0001605774 0.0001092236 0.0000705582 0.0000943723 0.0001549381 0.0002628673 0.0007612413 0.0008663296 0.0008097869 0.0001657571 0.0000491627 0.0000123333 0.0000095822 0.0000172608 0.0000491777 0.0001689006 0.000205471 0.00022249 0.0001222632 0.0001129952 0.0001505253 0.0001347196 0.0000672119 0.0000363599 0.0000406957 0.0000760716 0.0000805833 0.0000869374 0.0000580261 0.0000311963 0.0000246805 0.0000421276 0.0000759353 0.0001241186 0.0001999492 0.0002236487 0.0001371494 0.0000774628 0.0000261237 0.0000333089
0.000038015 0.0000497539 0.0000612456 0.0000782403 0.0000864177 0.0000685522 0.0000507374 0.0000436106 0.0000392239 0.0000654957 0.0000757485 0.0001004579 0.0000836299 0.0000957076 0.0000427738 0.0000642228 0.0001171662 0.0003289327 0.0008555445 0.0032098292 0.0007932087 0.0002129464 0.000039105 0.0000110548 0.0000077237 0.0000173432 0.0000683593 0.000235834 0.0004778741 0.0002603031 0.0001653643 0.0001786007 0.0003198277 0.0002225415 0.0000941134 0.0000459902 0.0000558707 0.0000721044 0.0000869144 0.0000794483 0.0000582667 0.0000302384 0.000019803 0.0000326137 0.0000604172 0.0000976793 0.000066811 0.000048752 0.0000336331 0.0000199378 0.0000214544 0.0000765046
0.0000323523 0.0000613109 0.0001535131 0.0002194783 0.0002293985 0.0001289242 0.0001129698 0.0000676529 0.0000739431 0.0000471009 0.0000527651 0.0000557229 0.0000768497 0.0000423921 0.0000382058 0.0000537862 0.0001110489 0.0002250888 0.0008064581 0.0009478851 0.0007557374 0.0001739355 0.0000390158 0.0000125757 0.0000187041 0.0000176792 0.0000606006 0.000143704 0.0002456626 0.0002178026 0.000135993 0.0001383175 0.0001475303 0.0001393372 0.0000859258 0.0000503581 0.0000662457 0.0000786396 0.0001007132 0.0001018893 0.0000469617 0.0000266834 0.0000183858 0.0000283375 0.000062899 0.0000970781 0.0000502768 0.0000227159 0.0000186002 0.000009584 0.0000210506 0.0000820598
0.0000167391 0.0000545648 0.0001816057 0.0005575758 0.0002742421 0.0003082242 0.0001171671 0.0000723611 0.0000761417 0.0000550007 0.0000490448 0.0000504354 0.000082401 0.0000661825 0.0000679636 0.0000931439 0.0000918746 0.0001409463 0.0001933128 0.0002631232 0.0002036853 0.0001209914 0.0000454488 0.0000246647 0.0000100542 0.000016976 0.0000539008 0.0000925472 0.0001733145 0.0001535083 0.0001020116 0.0000684643 0.0000703679 0.0000733064 0.0000601864 0.0000541786 0.0000682005 0.0000768393 0.0000739609 0.0000587536 0.0000485065 0.0000254893 0.0000235596 0.0000316105 0.0000486102 0.000073713 0.0000467554 0.0000256955 0.0000148024 0.0000130619 0.0000239007 0.0000983804
0.0000267343 0.0000429041 0.0001281494 0.0002229469 0.0002647051 0.0001467157 0.0000966833 0.00006667 0.0000682264 0.000080571 0.0000946216 0.0000802179 0.0000851568 0.0001731315 0.000181165 0.0001506562 0.0001266505 0.0001076522 0.0000965658 0.0001367676 0.0001540779 0.0001408217 0.0000717686 0.0000254227 0.00001168 0.0000173152 0.0000338199 0.0000826533 0.0001402372 0.0001085637 0.0000756926 0.0000635163 0.000037784 0.0000392522 0.0000556902 0.0000618686 0.0000677271 0.0000655281 0.0000876992 0.0000758243 0.0000410429 0.0000278308 0.0000329665 0.0000505927 0.0000466281 0.0000570585 0.0000701816 0.000038818 0.0000344304 0.0000350944 0.0000352193 0.0000650713
0.0000146486 0.0000301927 0.000056175 0.0001142531 0.0000933121 0.0000750677 0.0000511028 0.0000560179 0.0001201426 0.0001103716 0.0000933513 0.0000747976 0.0000902756 0.0002142403 0.0002754554 0.0003208168 0.0001381083 0.000079182 0.0000982016 0.0002760943 0.0004028676 0.000345021 0.000127352 0.0000429396 0.0000115767 0.0000156164 0.0000349173 0.0000761321 0.0001790496 0.0001126729 0.0000672049 0.0000396695 0.000032097 0.0000271167 0.0000437665 0.0000701559 0.000086577 0.0000633428 0.0000605865 0.0000497131 0.0000381034 0.0000318225 0.0000350349 0.0000601219 0.0000855033 0.0000718146 0.0000629026 0.0000763447 0.0000730831 0.0001088228 0.0000889688 0.0000599365
0.0000264641 0.0000386525 0.0000528219 0.0000609832 0.0000481939 0.0000521672 0.0000367066 0.0000627258 0.0000716132 0.0000920672 0.0000608592 0.0000497407 0.0000801189 0.0001984349 0.0003965756 0.0002085498 0.00012951 0.0000595267 0.0001122919 0.0003359966 0.0009600229 0.0004077728 0.0001160125 0.0000328192 0.0000105664 0.0000101748 0.0000266729 0.0000725228 0.000118912 0.0000955568 0.0000973897 0.0000695448 0.0000511118 0.0000334209 0.0000361029 0.0000849685 0.0000741279 0.0000618267 0.0000382582 0.000025243 0.0000199714 0.0000220436 0.0000476014 0.0000677893 0.0001282493 0.0000859151 0.0000737243 0.0000758754 0.0001483711 0.0001957983 0.0001968545 0.0001472732
0.0000537678 0.0000741558 0.0000796959 0.0000822796 0.0000608149 0.000040229 0.0000459934 0.0000525795 0.0000597957 0.0000519619 0.0000591792 0.0000456524 0.0000728386 0.0001231349 0.0001595415 0.000166417 0.0000720351 0.0000476295 0.0000937845 0.0003093102 0.0003462516 0.0002506444 0.0000954962 0.0000296785 0.0000111892 0.00000924 0.0000182707 0.0000392976 0.0000659266 0.0000929158 0.0002015027 0.0001878358 0.000144475 0.0000475685 0.0000426377 0.0000387347 0.0000523459 0.0000335002 0.0000286376 0.0000138331 0.0000126826 0.0000214579 0.0000459712 0.0000731358 0.0000857746 0.0001212864 0.0000715835 0.000053567 0.0000870798 0.0001565291 0.0003284091 0.0002170691
