Models/Synthetic/Density/temp_raster_pop.asc
NCOLS 100
NROWS 100
XLLCORNER 3302900
YLLCORNER 3112000
CELLSIZE 4430
NODATA_VALUE NaN
[rows 23 to 45 of 100, columns 0 to 51 of 100]
1.7983723859 1.4211915498 2.4776395855 5.4062777552 9.6656837303 8.5735720227 5.2168552036 2.3868785283 1.8690743814 2.5464705359 1.7744473737 1.9010467933 2.2820170315 2.6024648518 2.1292974083 1.7840296573 1.8795285544 2.8906284439 3.9064241461 3.7353910203 2.5097543982 3.0813028837 3.1854254136 3.7610564096 4.3926007567 4.2688249616 4.7386793676 2.951519467 3.2816545711 4.5678280453 6.4422790713 5.9298487736 4.2934412066 2.8449224387 2.5481634433 2.6283706617 3.7080719904 4.724986523 4.2108230354 3.5076185622 3.6436742171 4.1068038959 2.2932288002 2.5584013304 3.3266843952 4.4242490773 4.0858710831 5.0540442348 4.2203286695 4.0276811567 7.0824479066 8.9933713876
1.3162810358 1.4604122548 2.2735777666 4.3949510361 6.8956396878 9.058574053 5.3780623282 4.3324704994 2.2564611291 2.4785561167 1.9232497683 2.6857221881 3.637720269 4.2618920487 2.7932740531 1.7568914347 1.7278505682 2.5962513087 3.4593991328 5.045632189 5.2905381672 3.8673533742 4.5323004551 3.8386852999 3.2722727011 2.9767115285 2.5554491193 3.1289585006 5.9534965037 5.3110477492 7.775149866 6.7858249974 5.2874318154 3.7225236542 3.2902775195 2.7759658186 3.0159593816 3.3070839352 6.0985326483 4.2347757296 3.4711542679 4.0561915454 3.3894388344 2.4109699225 3.4547408219 4.2727964741 5.3397975101 4.9251026611 5.3294480376 5.013287514 5.1693474413 7.1732495148
2.0806273567 3.1994905719 3.5714478126 5.0527126967 10.36203383 13.3273016214 7.9944199416 4.0679200382 2.6016312788 2.3829287027 3.7002106792 3.1919616909 5.2145263581 4.3834759698 2.9093159852 2.3249314722 3.8369157127 3.2124454757 4.7554539339 6.6601783968 7.4433170532 7.020401029 4.7417506408 4.927893317 3.5356022045 2.158601988 2.158021794 4.2087366848 5.7698018212 6.5083516983 8.146846585 6.6209401467 6.9275348642 5.9026270813 4.9330332547 4.0439983871 3.2561527676 4.6436765696 6.1749083374 5.6981224607 5.5351432354 4.752763077 4.3717978674 3.4632051249 3.2533794542 3.6941504016 5.6040871552 6.2151038519 4.2360360895 5.7918126228 6.5286538031 6.287012468
7.5436215314 5.5362372697 6.4106032547 6.1086064389 10.6725129679 9.2597332907 7.772078203 6.3732823078 3.7344427491 2.6867845206 4.0618845819 4.1702754395 5.2459691111 4.9641472753 4.5914720927 2.8734489124 4.4961570335 5.6485189557 4.738244702 5.4267147535 8.1765498299 6.3660516857 4.8853968556 4.9689328291 3.670713546 3.3934748958 2.5381612813 4.0664365084 5.7932172726 5.9274799952 5.021459227 7.5870144104 7.4955460418 5.9079543063 5.4587636422 7.0266306578 6.2068969728 4.9435851811 7.1523904638 8.8079710082 6.9907474486 7.3863343775 7.2451669088 5.0023252166 4.6099979327 3.572643475 3.6862310946 3.661742093 4.8194392142 8.2940627755 8.5905696319 7.667196489
7.5884511656 10.755243821 6.9300948433 9.7766140944 8.253116681 11.3813186697 5.2332720704 4.7467221359 4.3986740729 2.8149727576 3.0769522624 4.3008155694 4.19827256 4.5692876766 4.1910521384 3.0600097491 4.4905270538 6.5451949228 6.0305917714 6.3485300864 6.7086992838 5.0902919423 5.3290154424 5.3502032932 4.9275891381 6.2036420816 3.0924686847 2.9511193567 4.1091890243 5.6730158106 5.6202200307 7.6540408737 7.9357074179 6.7643276832 6.4203310215 6.9315845649 7.7615520157 7.5588836342 11.0339442152 10.314346341 7.5345485203 5.9491502415 4.6036556549 4.9402628254 6.9292021378 4.6419675948 4.4404473814 3.7758541422 5.8281446022 8.9610640757 11.0653075648 10.7836444317
5.6489322936 6.2831179502 7.8530069223 8.2459129563 13.8329506088 6.4228399757 5.8361794622 3.2797685436 3.5737322254 2.4123087109 2.3167258048 2.6939411934 4.7826771171 4.1505251492 3.510735717 4.1176701481 3.4232845335 5.3357553175 7.9459165455 5.4559350086 5.593577758 5.9081587247 9.502748443 8.0961052955 8.6287047364 6.1006885159 4.8355638296 3.1741255898 3.196599117 4.5124769258 8.9530071868 7.5636907355 4.2745601947 3.5981086079 4.0892482196 6.0910420537 5.7287995457 6.7423561601 8.8329506458 10.2485627606 4.6123001118 3.4844487967 5.0893778592 5.1276917869 5.4953759631 9.7088949215 5.0084934046 5.9396835514 6.7838127533 7.5429435933 8.5507375249 9.368177189
4.3463749171 7.7942180636 7.1784654817 7.7045431836 8.0800915862 8.1931813776 4.8946002016 2.7714770214 2.6320778071 2.0126687057 1.9221526663 2.6272570184 3.5308719146 6.8272015352 5.6808558457 4.3125847796 4.876066145 5.01824224 5.9347543947 8.2373863876 6.3425235445 7.2588669999 9.3583053075 10.6574694802 10.2968804291 8.1352408226 8.3123889763 4.5707881747 3.5579378882 4.5312535616 5.8971004694 4.9133837059 3.5680731109 2.1011501724 2.7065695418 4.2629028205 4.5279721078 7.0479523813 12.5781478514 7.3553476782 4.5204863784 4.3901900507 4.7929894398 6.0397765959 7.1103116518 6.0687966541 8.9642238283 6.8598485783 9.0127698966 6.1420333707 4.9979829555 5.5236199001
4.5058627225 8.2054403129 10.9316943366 7.1001865515 5.5515457789 5.7943570946 3.452979928 2.6035273271 2.0148169186 1.9106499474 2.8181281753 2.2292854459 3.0607285258 5.2318764686 8.6435552369 6.9163666337 8.4697970405 6.9466516553 8.4921900182 11.2976217171 7.244524158 9.1200997926 5.461131739 7.6188056996 10.7523912661 11.3675219379 6.1356912047 5.131463293 4.6278161309 4.8972107979 4.6470453019 4.3276131358 2.9372436617 1.8210434858 2.5237589333 3.8706436326 4.8063531366 10.6659037197 9.9629687966 9.1956980428 5.6255484323 5.2529858651 6.5521376135 6.1513988585 5.021754413 4.7398988448 6.6464713803 11.4781061607 5.974436404 5.3981604075 3.8440351611 3.6790546822
6.589146229 8.0414433112 9.2994125956 7.5309199603 4.7784553727 4.1810242955 2.9874277237 4.5272721954 2.3091919399 2.2872683347 3.2634496095 2.6673522607 3.9767524333 5.6904522421 6.8049914617 9.9004726379 9.8486819953 7.8287011313 7.4646264384 11.4609660069 8.3348530713 4.789384765 4.5030279349 5.4801742882 6.1022370908 7.0582142495 4.9622725067 5.2891001688 3.5708085478 4.077311103 4.8064513509 3.5338433308 2.4486230878 2.7527369331 2.9023002856 3.4391501406 6.940364958 7.6139106158 11.8269566381 8.9012724886 6.7992181575 10.3563019471 8.5433958542 8.3835608313 4.8727808895 5.2768384771 6.3571785231 5.8517056459 5.192669176 4.6590648523 4.9365579192 3.4955331178
9.0360400479 9.7354439449 12.2228536883 7.6333320052 6.3159408349 3.9739064611 5.2025199573 4.4350689097 5.0774104958 4.7183581365 3.4442475099 3.7147462958 2.9722047061 4.6602265851 9.4653397622 8.2798134312 8.2978754618 5.6010531508 7.0839703447 7.7424221898 5.7679259956 3.880725307 4.5270122028 4.796144251 6.7643698077 6.865785508 5.9582574733 5.2279976327 3.1253638798 2.9687130436 2.4386811834 2.274392487 3.8205554071 2.7927339442 2.7173527007 4.5869042318 5.3293498615 7.118648077 6.4218650055 5.7947277204 5.7199240861 5.6947674668 6.8154394135 6.0897689836 6.0917243976 6.1855136296 5.7727840059 5.0636834889 4.0534996963 4.0496958656 4.5413191073 4.0631264624
11.6568972831 16.3922672461 9.7265506128 7.6057894504 6.0243174484 5.5029969588 5.0020340176 7.526178949 12.4240994566 7.3226590884 5.3191754406 3.1908608212 3.2055623838 4.2740228337 4.0219718307 7.4927707324 4.2584794904 3.3407141165 3.8799667056 3.5765072441 4.7071077269 5.2159346678 4.0688106415 5.4483470031 5.8476821224 7.3435314787 8.0768480804 6.7330997676 3.536367276 3.1284576638 1.8129561531 2.3160622807 2.7698846857 2.9554598208 3.8476816762 4.2275469808 4.3982703485 5.9789109804 5.0259501487 5.6506174026 3.1104687311 3.1547353003 3.6404810379 4.4420565361 10.3954950338 8.6726139498 9.9819900841 6.0010359903 3.5829667163 3.3019698072 6.5167140393 6.2145164746
15.6023074575 11.7947713064 8.5474065759 7.1391756576 6.0326018899 7.2342619609 5.3637591129 6.6401878542 8.9922893207 9.0355689472 8.0942374714 3.4211493575 2.9193195642 2.3829344447 2.7518615132 2.8156688249 3.7944162612 3.1077061402 2.7320739319 2.6962388472 4.5921516029 3.4234148457 4.7613780494 3.9237141305 7.1379236165 8.1751704796 7.5932471508 6.9770435515 7.4542054372 2.936768536 3.7077663825 3.6439476621 4.2166443129 5.717814478 4.2509543027 5.0055203761 5.4462871726 4.1867377454 5.7116065534 4.528689079 3.0781428544 2.8688430893 3.4462439242 5.0338545509 6.1989492787 13.7644459014 9.8949378406 5.9320675033 3.2027739655 4.0565299998 4.7754679359 4.2503885352
11.4403433697 13.0064658137 8.7952341955 4.8166786029 5.1323389268 7.5707504544 6.6127506113 7.1092219008 8.0347589072 4.9607409716 4.6457871472 5.2664278716 3.7677945751 3.5544923271 2.3915327458 3.2561672059 3.3725164163 5.0075788023 5.0847641544 2.9981360131 3.1795826314 5.5619377343 5.0395796522 4.1682229601 5.9533614232 7.4644222832 6.9171878416 5.8090277999 5.2574343326 3.9888677575 4.3640301036 6.5390168436 8.4855810708 8.1359290278 4.2738436486 3.9214976384 4.570772365 5.3779784731 5.4906232158 4.0905474741 3.9150511991 5.1987063869 7.7568656423 7.8396484837 8.3925626694 6.8858071958 6.7754480981 5.6569932414 5.0171779461 3.405756704 2.5009253266 3.5766269762
16.933126684 13.5357075298 8.4965311217 6.271580599 6.3047135211 10.2327462598 11.7007216212 8.6901482762 6.8303188956 5.0258477288 4.2061898783 4.2512760661 5.3155523677 4.4550594871 3.3583309386 3.6824413664 6.1871055146 7.1661166624 7.201424675 5.6710746461 4.0301895511 5.3761877614 4.9069552719 4.6462852644 4.5761533847 6.894880214 5.6493262058 5.2492862635 3.8506326868 4.0550950506 5.4158876893 8.6955928595 9.5570722607 7.9645735624 7.8165511242 3.5566915736 4.7299355913 6.6647827388 6.7394478369 7.55126727 5.3102282991 8.3183727508 6.7553927484 8.669410308 4.7325814199 4.2404406026 3.5036543527 6.0872375157 5.2229223767 3.3607304952 1.9737953656 1.8132087812
24.4036422771 19.0377627304 9.3535456466 6.5056076928 6.4679567445 10.426679335 11.650934639 11.1573038125 6.5207196317 5.181601759 4.3186934633 5.5044308188 4.2497386096 3.7668859904 3.4827399638 4.353081024 7.7320826053 10.9527586387 8.9445606472 8.1345957059 5.5068961827 6.1468469941 4.8494379815 3.0871206242 4.1477461506 4.7576980496 4.0991919687 4.8237881463 6.3507536562 6.6720878548 5.4285160511 7.7939026087 7.0898796309 6.3592998787 6.2983176531 6.0928061148 6.4734392322 9.1981902343 9.7125073918 10.2397624125 8.4512929891 7.5994377863 8.0827599001 4.9705209849 2.9987255383 2.2671155853 3.182724513 3.9752773364 5.1819175746 4.0531048152 2.4230658193 2.775661543
35.6315245401 16.1641411413 8.2085136456 6.5147146814 6.911745895 10.4741033421 12.0512918086 9.5822568385 6.3325547854 5.1864584034 4.150155318 3.2295925318 2.9186155178 4.1298911141 3.7322560003 5.4704725689 7.2783450257 6.8063615256 7.8937783702 7.3238461824 7.8742162162 7.4704917619 3.7192950333 3.0960668437 3.9653830981 3.3721437738 4.3689957584 6.1845350527 6.3169111853 5.3662032387 7.3320230981 7.0237036789 4.7080723676 4.1199564899 5.0363478766 8.7798736773 13.0786709546 9.4339432537 11.2664042051 8.783891652 8.7429533964 5.5487165026 7.7300254207 4.0599059675 3.5004390077 2.6278966031 3.174691358 3.1693661202 3.992084569 5.0443598816 3.1905982425 4.5321147095
11.4221520439 9.1050004019 5.3024293569 6.359362501 11.5236778211 14.6622636779 13.9310466613 8.7080239141 6.4211165697 4.7021095032 4.9919871625 2.6901545336 2.4744116891 3.9764233956 6.8222061891 10.0735154224 8.0771100887 7.0654705955 5.276160845 5.7476655501 6.4213159408 5.5499043217 4.3571621747 3.4102773445 4.6495992265 5.1197532347 4.0249839503 5.8545536744 4.5219943091 3.8220111447 3.3415360684 3.3616630585 3.1167189473 3.2693000456 6.6012184072 8.3478448373 10.0766892613 9.7385073184 10.352929545 9.2292403884 4.9484645166 5.2445055823 4.95506418 4.9624291937 4.2567720405 5.2180311105 4.0207551335 3.3356894884 3.4924328786 4.0252084986 6.3254907177 4.1990326718
4.615430138 5.1976498277 4.8831349934 5.4125195182 10.3755152691 15.1979636451 11.5689612026 8.8312932326 5.4119980888 4.7539925351 4.4686891288 4.5270347987 2.5772352396 5.4150116876 16.2887724964 16.8757149995 13.3977750185 7.6856473713 4.5714193842 4.6032898541 5.4741318226 4.2167086813 5.0081780936 3.9077673788 5.4076298527 5.7690995857 6.9621068241 7.3208529675 5.976654295 3.4006334387 2.5154691579 2.7053828921 3.4829864939 5.7072881103 5.3393158865 7.1293523066 6.1921278393 7.2311719633 7.2088347898 6.8891636351 5.5519920883 4.5376162445 4.1686011246 3.3003069571 5.0185075617 5.2783200056 6.6188183392 6.2915783677 3.7011473266 4.7825261472 4.4350909696 4.1334456888
3.575270542 4.7785506092 6.5930984608 6.2213440269 6.2126299539 9.0408729077 10.3829004072 7.3063347471 6.1306044865 4.4437096599 3.6575094855 3.0750130127 3.3101806391 7.5717168034 15.9462515594 23.6761754987 13.6029332208 6.8428228403 4.3504169318 5.0169075211 4.8069930941 7.4631457429 4.6512074416 3.6036543789 5.0604050761 6.9162187344 8.1824177712 6.9205524518 6.3610553078 4.957321811 3.1777045631 3.2760756657 5.9059948225 6.6218928396 6.6684375476 5.9784994916 7.6839943937 5.5591360438 7.152397454 8.8874020991 4.357909246 3.443064496 3.5775911162 4.3054678414 4.8234801621 5.9172521674 8.3110023053 8.7811785325 3.7140447585 2.8338310984 3.9807227223 4.8060141242
2.9967081549 6.6500933656 11.6535211621 7.7198558093 4.9043659364 5.3304536422 6.5237517011 6.1646431618 4.9941377938 3.5851357487 3.7161713523 4.8712142211 6.0802481094 6.2772835562 10.8068147789 12.4849946384 10.5793044612 5.9243493089 4.5613563961 4.9140329238 7.4496886782 6.8757378469 5.8060021046 3.8746010548 5.2133983635 7.4160860811 8.6567757276 10.1142869528 8.2335115746 4.8205375829 4.4245942586 6.6361643149 6.5178727891 6.6474101858 8.908136809 6.8126101876 8.6655455645 6.6892938852 9.0417879067 7.1641914715 4.1822750904 4.0514966898 6.1257031807 7.2062015057 5.91933139 6.3725702874 8.2258859446 5.3865830055 3.511162809 2.6483984402 4.2771969836 6.6641046549
3.8158798703 7.3778267759 9.4460149306 7.7906461255 6.3195763471 6.0153433489 5.4466194698 5.8351481312 3.8099961555 5.1668693441 4.5098322563 7.4701555019 6.8350024542 5.8476771538 8.0089636005 7.7910750646 9.6641479787 5.3807270891 4.344180468 6.6056845088 7.2664675303 8.2921234096 5.3232493138 4.0008451206 4.3865128502 7.659592541 11.4583228823 10.8040453342 7.5976683205 4.7204276982 6.8269618013 6.2390168772 6.736972115 7.7801098011 8.0214034941 9.476558235 5.8540107673 6.1936128653 8.2139250304 7.9739552518 5.2286438437 4.3673062499 5.966361004 7.9295345197 7.847197993 5.4991747404 6.6983380703 3.5296224295 2.7505662888 2.9186365854 5.80409943 11.6995847142
7.3839417798 9.2658636331 8.3503663915 7.1604226873 5.4741510268 7.8174260213 4.9955285059 4.0984533415 3.4519706245 3.2456759183 6.3564406528 6.1924740823 7.5847804758 6.0207237486 5.4054381749 8.0382776905 7.0536249969 7.3968997484 4.6272473732 5.8537927769 9.7320712941 6.1510238623 4.8947691723 4.6818663653 4.9836038485 6.3786201549 9.7709860801 12.2879761382 8.1107665534 6.1668787624 6.2919588238 7.7431476042 7.9381825685 7.0322978955 10.4233825637 9.6729844199 8.2256032209 7.1771904975 7.0993614377 7.4683252056 8.4710221182 6.6952342789 5.9665542305 5.3760019439 6.3857367167 6.3080383828 5.2075824604 6.097707252 2.3718998372 2.6819631137 5.8664784294 7.9958560645
12.2452070078 11.6434426622 6.5095867322 5.2280439934 5.394645744 3.6510498625 4.487834023 3.2357560793 2.9675625501 4.0373344922 4.5576366903 5.4316402038 5.0850036962 6.0595836212 5.0216007826 6.1674502513 6.2481872407 4.5247936011 4.5783816676 8.3021831651 10.4102545667 5.7217114366 3.626407391 5.1327678478 5.272835523 5.6951114795 8.5900102426 10.1495938405 7.399278995 6.8774240546 7.4896349406 10.4629636221 8.3497175121 9.2727488163 10.4150311987 9.4449609511 9.9691677779 7.2904839665 6.3049681971 6.3596975472 10.3752729083 10.5941646761 7.4478917021 6.1612442284 5.8733434175 7.0967574176 4.0926297647 3.7305076324 3.4897686051 3.1420511793 4.8351876735 5.873543404
