Models/Synthetic/Density/temp_raster_pop.asc
NCOLS 100
NROWS 100
XLLCORNER 3302900
YLLCORNER 3112000
CELLSIZE 4430
NODATA_VALUE NaN
[rows 46 to 68 of 100, columns 0 to 51 of 100]
7.4725801131 7.6511462601 10.3337301251 10.8140730823 12.0267963086 9.0661600069 5.5726498503 3.7576298588 3.8408900299 7.7360586526 8.379239979 10.2069537767 9.3218642981 12.773644312 11.1611908558 8.7748626574 7.3371675388 7.7490889684 8.5191234808 9.4104738706 10.1678882868 10.4061671392 12.7756392915 11.175837618 9.13688983 8.7078549685 7.9802717493 9.5382228235 9.3082513092 10.2902059845 16.9805159832 16.6779711336 14.0114830356 11.7333799836 12.4852572713 7.9076831907 6.2535247971 5.5742536055 5.034381219 6.661336367 7.1909920135 10.1353237746 14.0482545406 12.45704955 14.1347873119 10.8031440654 9.6933009718 7.4490051514 6.3833946301 4.7546513564 3.0187374388 3.014209501
7.2789910263 9.1777394655 11.8684988472 12.1676220121 12.9959296798 10.9926672654 7.1802490068 3.8393399328 3.7749435036 8.4943164533 11.0903205773 8.7030240762 13.3448878448 12.3258616413 10.6435592111 11.7424156149 10.626963682 14.7493123577 10.4706589014 8.2559411617 6.7596670021 10.6646284268 15.6143525054 12.725921791 13.6236004592 11.4909832381 9.5140818632 8.5092681734 11.9007626956 12.5647603971 15.0713403848 14.1312082081 12.9243040507 9.6152102768 9.5845187936 6.4568123489 6.3641762968 5.2784523449 4.1373862412 5.0136095765 8.5343849072 8.1111433219 14.0846089556 14.7872881195 13.1579648192 11.3600105868 8.9800564598 8.8718913613 6.3307683001 5.80986211 6.4819459561 4.200294221
10.0914191297 12.4309808051 14.2471602024 19.3529287141 13.6770171724 13.1144092289 7.611573063 4.1302119542 3.6131597831 6.4920716495 7.6014273732 7.7253714983 8.8447988334 13.3600216815 12.586432023 15.316933293 13.3066333322 12.9047578003 10.5210790756 10.0314039774 7.0999033174 8.7176309437 10.7698481075 15.2436638837 13.7907524101 13.656699839 10.695857884 8.6209570726 11.8694986051 18.0702857175 12.7469679469 11.5737421865 8.9254986767 8.6170647453 9.1908646109 7.4611935873 6.2725828058 5.7636141929 5.1835007264 4.7311564622 7.2230990475 8.5065161279 9.7262229488 14.6463303041 15.7687598503 11.6965994585 12.2236854746 8.3329580071 7.3298564136 6.2653992877 4.8506844321 7.3964328839
7.4405591829 13.3081709224 18.2096891587 16.9694667024 16.9310359202 9.237574839 4.8920097092 4.025184138 4.8632895541 3.8097832735 5.370619596 6.3417605583 6.9875062312 8.9084749068 10.8897048851 10.4695589183 13.4740587851 10.8974403354 10.2534664447 9.2030737252 8.9970100301 6.6446426728 8.0922272746 13.3229350231 11.8944096503 10.815540538 11.7081368814 9.2567947138 12.6866702297 13.8348186121 17.3381554398 11.2591202466 9.1807992337 7.1012827602 7.6634842268 10.2622801352 7.6889245962 8.3934482338 6.5837166849 6.0030962268 4.6672581823 6.6651447367 7.2484242026 12.9071337416 18.210031282 14.2314496928 12.2013102227 12.8608867187 11.8131830907 6.7646723242 5.0991255115 5.059388011
5.7233925731 9.1906472253 12.5445750801 15.2043043025 11.0982884515 7.4937370228 4.0137902934 4.1880570858 3.6205452651 4.9778830248 4.6834038564 4.7247022346 6.3669205649 7.4100028909 7.1915308751 8.7432231104 9.0335552017 10.1544301022 10.5632979941 7.8639294495 5.0897220622 5.0040951447 5.5111940192 8.3858948954 10.8917987239 10.7618410882 8.4712099889 9.6076869369 12.9582432241 12.4087624259 11.4614727762 12.2970091825 8.4276253027 7.061309901 6.5020266192 7.5943317313 15.1278250867 12.6254293219 13.1028125401 8.0526251132 6.1450670041 5.3336602737 8.1107883005 10.4941454313 13.9565006748 19.5051627412 15.7028617519 12.7509015816 11.1905966457 7.1190455422 4.8125814318 5.0850209619
10.7679900345 7.8236468373 8.1366320529 9.3681049353 9.0593321774 7.7295277916 4.4076419745 4.1357338744 4.9622132574 7.6303160401 6.4770815617 6.2032511592 4.312088953 4.9107991088 4.400643504 5.6689409921 5.4986934989 9.618163546 7.2300362199 5.6595902393 4.7804819553 3.5798490234 5.9938917506 5.1938904505 8.3312451404 10.142810385 8.7063898657 9.6577897732 9.014371997 10.5896767228 11.2045583749 9.3497210791 7.4150608917 5.4442880109 5.3299446485 8.3222883856 11.9573823462 20.5817019945 17.8735542614 12.8021061666 8.1454000807 8.5258512246 8.2059356756 9.116379711 10.9591600896 11.7395007321 15.6459880219 12.9966411715 7.956086825 6.4648460882 5.4255237714 3.4386311406
16.2360544138 8.5881660974 6.9574680981 8.8544694894 9.6770544119 6.7887956756 4.6724472159 4.7544987722 9.4995526237 7.5840818658 8.983674875 4.9674402371 4.0411556151 3.6665871636 4.14802825 3.2850560464 3.9749190924 4.271539502 5.0261783595 6.5022676196 6.6322124679 3.7850522625 4.300257221 6.0383882878 7.0625465152 7.4969060986 11.0331188867 11.175500695 6.3625227373 8.6902679654 6.9048374655 6.3666553222 6.2675540231 7.0973772371 4.460614403 6.2475293944 8.9698717945 14.4461763254 15.3729408239 11.5740666805 10.198480019 9.2448874128 6.8753562954 5.5903153713 6.5805289116 7.979559739 10.170362428 10.0282821509 8.2543294806 5.9163329167 4.8747371294 3.2312926857
7.8997857959 6.4573760926 6.61136863 6.9807103296 8.5008686926 7.8635779857 7.0423298637 8.213405079 7.8896450402 8.3430553598 6.2669826401 5.2632525905 4.8862170515 3.6606798049 3.3232246472 2.7234254083 2.7823456696 3.9310146492 5.385921654 4.0788105195 5.5000740822 4.1304725893 4.3406525204 5.7788746964 6.5913131081 7.1183671369 6.3311309056 6.210281363 5.8143087481 4.5581873189 5.8602883062 5.2053294939 7.4184053814 6.2758961526 4.9412013349 6.4575460935 7.8649232076 9.9115329188 11.9034845808 9.8962872951 10.267777167 7.6652675859 5.6301562486 4.3151421669 4.1400521593 7.5530811771 9.3121233899 12.714277557 18.1267805896 7.529807542 4.1359206458 3.9601631106
2.9829155315 5.1210986291 7.142432955 8.7088294947 7.2239762115 8.444302904 9.5931659075 6.4196361071 8.9020944373 10.0194713182 9.3153985615 8.9804735689 5.6080124119 5.5291823037 3.4221713672 3.7183876046 3.5081510171 3.9853928096 4.9563863266 3.901899342 5.1059580614 5.0126399203 5.9463861954 7.8481682498 9.8089935867 7.6831646582 6.5169193272 4.9850546336 5.037078232 5.722610729 5.9842622283 7.5759459468 7.9791319876 7.2640264169 8.4212811536 5.2424279947 6.9261077152 7.7394790732 8.478860224 9.5723887559 9.1564452891 8.5505011898 4.4950165043 4.9422820359 5.0138425051 6.5266972131 12.7600666885 21.7581360524 15.0792382775 10.1686521811 4.4712229695 3.866480993
1.8512607126 3.4227949424 6.8358881543 11.2909426487 7.6572160136 6.0713177853 6.6112941966 6.9279272986 9.1844304629 11.6870311867 13.9066825895 9.3449505876 6.8626242856 4.583461321 4.721872821 4.4349477845 4.7743313371 4.8882172398 4.6958546225 5.9878299601 7.3472401873 9.0609146978 9.1978813051 13.3283067748 15.8867994042 14.8322911386 8.4442109462 7.2567952959 5.3555206117 6.5971369027 8.3261343697 10.2520338524 10.2840043395 12.7239869754 7.57251467 6.9342149946 5.4842010652 4.4677618769 5.5246294814 8.1015419464 12.9876413179 8.2596245434 5.1784357411 4.2402530181 5.837083829 8.4440026502 16.3943586508 17.8098393567 14.8521976952 7.2448886785 6.9220061421 5.7369273343
1.4978361637 3.1396723949 5.7073463687 7.4713961717 5.6651898479 5.2739988423 5.0671477258 5.8260602918 6.6729437236 8.3998423043 9.8555035779 7.600001427 5.1608594822 6.2987531076 9.6453033473 8.9258518879 8.484211025 8.6155118893 10.4544775085 8.1192434389 10.5153485857 11.3465794568 12.540312168 17.5741180272 27.4714072838 16.0567570817 10.6078536873 7.8467588772 7.6459640307 11.0527329469 11.4674890701 12.8454526373 12.362838511 9.1958479773 7.3677798265 9.1327249781 6.8990621675 3.7348056519 5.82776181 5.4704668495 7.6434150821 8.0351525859 7.2636918428 5.9113265345 7.9293198521 9.4759019918 14.4055015685 13.2859721277 9.4344617506 8.862141608 11.3741900375 11.0615046558
2.2123920967 3.2053993178 4.7000794102 5.9758905833 6.5281034972 4.9683558945 7.7595153255 5.1611628465 6.0769740934 4.6203144058 3.7122086964 5.008667971 6.0968810651 9.8491917751 12.9107439257 16.5787694882 15.6111027028 14.0735854279 12.0674532862 11.5507039217 15.7803566441 11.0929566451 17.0218278012 21.6545767166 19.0456753126 14.9652935821 12.8490974435 12.1484901737 9.2812958646 7.7496149155 10.0249533298 10.2064024372 9.4304218168 7.8812242304 5.2136981217 5.1585068053 4.7548956505 3.7381935486 3.3374940582 4.2377479476 6.4956550251 8.7272751598 8.4711425895 8.4928850985 7.7700238605 10.2529984877 8.3461850181 9.1797171427 8.3467335611 10.6221566339 13.5705927652 21.2211906135
4.7633336573 4.1621347309 5.1790662456 4.7030173188 5.4308738834 4.6413215119 4.3173678299 6.4623171237 4.5008242349 3.3245172132 3.5728698084 3.5836687332 6.9629200057 12.3555904439 15.5639244607 20.4313641159 21.6319365891 13.8934740998 15.5661529434 12.6591153951 15.8563062402 15.5031916109 13.6669838296 18.462340586 13.3461759896 13.7176910683 19.8921653017 18.3861580807 9.9366197199 6.9172419134 6.9114724124 8.6393899889 9.1438913609 7.7568174545 6.1658934968 5.2813749822 5.5286051294 5.7738548845 5.0677360907 4.0907288362 5.5174146929 8.718775185 6.3949333812 7.5678641329 7.5451172736 7.074138151 8.6015658747 9.0201142654 8.184759283 9.2934375118 19.834637559 31.1128345095
9.4005122785 7.9411633128 6.4131839971 3.9213733985 4.8028496869 5.2050732494 3.5518628604 3.8747651602 4.9357195525 7.2308193818 5.71538299 6.7803720386 7.0833386876 11.9444362193 17.537835186 16.5893467976 13.6364118208 11.5981880957 9.3217382739 10.991765938 16.7811133652 17.6460346365 13.9978403959 14.099287609 8.7453554038 12.7910910418 18.3532589119 17.8089121396 13.4986445097 10.0446590329 7.2290039058 7.260610253 10.2185468389 9.999440401 8.5182392042 7.5974795129 9.2824253421 11.4271663249 8.3484029546 5.070382557 4.5327796643 4.914825659 4.6896909114 4.5672317927 7.262024129 8.3961868375 8.0622635171 6.9633434918 7.864407195 10.4314720635 20.0791337226 31.0964492872
14.7556627613 9.3896047638 6.3244203035 3.9203726655 4.7715626697 4.5295574867 4.9002565246 6.4728130656 10.1027348521 13.2485136723 11.379372783 9.2705748146 10.9547499101 12.0779736313 11.4917006756 12.0152850871 10.8528182082 8.1218622856 7.3542480717 9.2227110039 13.9724392992 16.5908076766 12.1440725502 7.3083018265 7.8353876789 11.2795449049 15.2143043471 12.414997891 9.9080535267 9.3221845859 9.1434675677 7.3757828781 10.1141181523 11.8020301758 10.1753954536 8.7692675837 12.4600438502 10.2232472199 9.560488774 6.7672543571 4.4976935494 3.1382134059 3.2524551932 4.6742149063 9.2261821734 8.3650119753 8.2078040248 7.626926819 6.4736890135 10.8269750327 18.111048839 22.5892475812
8.6562822611 9.3808436267 5.0380654304 5.1268865976 8.1008408081 9.7044732146 7.0366207297 9.9947650583 16.3196957798 22.6212189173 23.1610972204 14.3190655416 9.0929292395 7.6151025397 9.4850341036 7.1935888649 9.3496799252 7.1077495506 7.8178743449 6.8216300424 8.4981340493 10.1072924183 10.6380872973 8.6826795669 8.4738512142 10.1364680186 12.8320866029 9.9778131342 8.0368897267 8.4672241619 7.7284293454 8.301420036 9.7277685144 9.9636771594 9.8315727562 11.8765214796 11.4972643566 16.749956333 12.4393049135 9.9048622426 4.3765617788 3.2902145752 4.6504372422 5.2831998302 7.1852722262 6.9753111357 7.0414040245 7.1333873809 6.9552240631 9.7925830646 22.0875291387 20.3309875627
6.2432713539 5.4406810706 6.3700220111 8.3287656661 14.0212808628 10.3529402348 8.970095439 9.4348042029 17.9029235007 35.0750656584 21.6211319887 15.1287042916 9.8552034747 6.0719539327 6.8714769111 10.1112759277 9.5058558217 7.3220548729 5.6575486528 5.2927289408 4.9102033642 7.7637747982 11.0534822455 7.9465430867 7.0182866638 7.4913896872 9.4446652923 9.3307616992 8.0967252106 7.5443059291 7.3331901227 8.3162667638 11.0560248729 12.2211027036 9.0813635624 9.3595631082 11.0162976355 12.4150647641 13.446331724 8.5814027429 5.0857399524 3.8366533922 4.5080429296 5.3900080196 6.2379485602 7.6396038944 9.9634896915 6.7491091569 13.1036866806 12.1008991417 13.4823915588 20.9858816284
5.3328992788 6.9011147075 7.9855398889 13.7578845319 20.4035086597 11.7736130454 6.9887348398 7.1777361061 16.264951683 17.9453021544 17.6614913901 10.0647798829 8.7361216863 6.8580353437 6.6502915213 8.0266185446 9.4488570378 8.8204984047 8.224086559 6.0620778711 4.6776247199 7.0230840615 10.1668945303 7.2616979071 5.8849622099 5.0007992798 7.7376345341 9.3319693368 9.4568124364 7.8691219901 7.2201836702 9.5776320154 12.9789508544 11.6499106595 13.8211838346 9.8869482692 7.7910036694 7.3481552701 6.8831598506 7.5094316119 6.0123815831 6.0277044441 4.5845749239 3.8846890914 5.2658660033 8.8884935827 7.5938751031 8.5538261248 9.8829745546 11.0022318029 18.2762022658 17.8737682684
7.6444029821 9.5018198787 11.7027214297 14.2500722792 16.3934434233 9.7903042196 8.2430550341 5.8920661715 7.6642806809 8.5469694812 7.2681641796 5.7098751267 6.5058615874 9.2049163588 9.1537059655 10.2397455795 9.7305561606 9.9466610233 10.466585248 6.2224721429 4.9505589492 7.2731208252 7.4700293944 6.3161384902 3.8896968137 3.7550799566 5.9546553104 6.8948557276 8.2204444717 11.4418543847 10.2765759856 11.6953219695 12.2906361478 12.6851403133 14.4897821225 13.5933412555 7.4076145865 4.8426928233 4.6903433606 6.804395632 7.8110954106 7.1976716581 4.9126572074 3.8965998256 5.3942171419 8.3675937527 9.543653915 8.3163858169 10.3557286674 14.3388088475 14.9159967068 15.8552747337
14.4629310223 9.0090535889 11.8102251033 12.1671936219 12.7108143216 9.6847359168 11.3616560065 5.204515799 4.3697397924 5.0350851207 5.1148959584 4.9487923289 7.7478168272 13.3091722405 13.5978064523 10.5044396321 8.4252059765 7.0453689984 8.5873337679 7.3804011358 6.4538480812 6.0468327469 6.3029879372 4.9393080977 3.7171156146 3.6388017524 5.2317723385 6.7709394392 6.6592571404 6.8045000678 9.2131816028 10.9615831636 10.0096256787 12.6925637738 13.6273872841 10.4992868593 6.6374747306 4.0639593979 3.8769978115 8.1300146019 9.5172067969 11.6994326084 8.4322782348 5.4674604518 6.7182221605 8.001372633 9.5963906077 11.8758931792 13.1305295801 16.4515159605 13.0260397815 11.2916925786
9.6374059472 11.8338375233 9.2415158534 10.3180652716 11.6280101841 11.264598049 7.5531434783 4.9156971262 5.226881728 7.3135344357 7.362378706 6.8127992672 10.4502587048 13.9071772652 10.819407048 7.1073711457 5.5446861106 5.7468599261 6.7434041496 7.8426415993 5.8237217344 5.8769480452 5.3817298184 7.2005319091 4.4467485677 4.1704584037 5.04392603 6.7829880209 8.4853294183 6.3173614735 6.1742184221 7.1677707169 12.9656983795 12.6144620909 12.9635756106 13.6429294935 7.8894989644 5.4699822672 5.4237001601 7.3752944903 11.3734099948 13.4670475236 9.198040737 8.6289972376 5.1482141019 6.3695900717 9.1978693305 15.4247951922 10.841275766 12.6586026435 11.3274842533 9.1932804607
10.5172547692 8.7508271559 7.0819714056 9.2426042655 13.3081497415 9.9237977645 5.8892467277 5.0062849357 6.7741539629 10.0639485026 8.1660092648 8.0952220582 11.690132821 10.6618947274 7.3433545991 5.5877770421 4.2574356961 3.7943459678 5.2781561301 6.2262998467 8.1429153207 9.3696401118 6.9249946263 6.5947387649 5.5457311359 6.2236588513 5.8889854036 8.3606597604 8.5181030498 7.1304614383 6.5824853397 8.9779485293 9.8776509777 14.637180754 10.8684909468 12.3582647907 10.0974082958 7.5834826384 5.537510261 7.691030104 8.7929583542 12.3710893573 11.9458365681 8.7620351851 6.7846124777 5.952638564 8.680816641 9.7524160941 8.7501372602 8.1163643525 8.8869170416 8.2485419441
5.9871329514 7.0649079663 6.2062745055 8.1115524149 9.2263067429 6.9692545935 4.684498795 4.9684931224 6.8466214133 8.3666784902 7.1521889314 9.735758949 8.2100686514 8.6500181759 6.4847613845 4.1479533717 4.1555217632 4.0904013782 4.5178621187 6.2330572402 8.3171092023 12.9646470151 9.5640244881 6.5849022775 5.5857628908 6.2030308455 11.3916536627 8.984039332 9.4148614791 7.4256898249 12.0863285096 9.5699215857 9.8650706173 10.1280806773 12.07973618 10.8235461551 10.3240920013 8.2411986162 7.5307272206 7.0548620396 7.4292713846 9.4271316893 10.6830122247 12.7050469551 9.0227513406 7.9869942749 6.3102719398 7.6608255832 7.7017743085 8.8548638032 10.6435748464 7.9584440225
