Models/Synthetic/Density/temp_raster_dens.asc
NCOLS 101
NROWS 101
XLLCORNER 3302900
YLLCORNER 3112000
CELLSIZE 4386.138614
NODATA_VALUE NaN
[rows 23 to 45 of 101, columns 0 to 51 of 101]
0.0000881131 0.0000882701 0.0000881132 0.0000864205 0.0000847343 0.0000817887 0.0000783873 0.000074888 0.0000718204 0.0000693733 0.0000670427 0.0000644892 0.0000627878 0.00006338 0.000059479 0.0000567193 0.0000538869 0.000051871 0.000050217 0.0000488127 0.000047257 0.0000456789 0.0000442227 0.0000437455 0.0000436536 0.0000437956 0.0000475184 0.000042731 0.0000424662 0.0000429656 0.0000441668 0.0000454704 0.0000466303 0.000048106 0.00005037 0.0000506892 0.0000519804 0.0000528432 0.0000539984 0.0000543828 0.0000555352 0.0000561104 0.0000572009 0.0000578942 0.0000584942 0.0000587039 0.0000593002 0.0000595677 0.0000603609 0.0000651688 0.0000612973 0.0000616791
0.0000917591 0.0000976021 0.0000905387 0.0000883983 0.0000872474 0.0000849228 0.0000811225 0.0000767049 0.0000726731 0.000069857 0.0000680771 0.0000648407 0.0000628704 0.0000611364 0.0000598808 0.0000563028 0.0000537046 0.0000515498 0.0000497268 0.000048086 0.0000466636 0.0000444778 0.0000428399 0.0000422969 0.0000464687 0.000044053 0.0000414617 0.0000412201 0.0000414187 0.0000419197 0.0000425551 0.000043477 0.0000454646 0.000046306 0.0000520932 0.0000529717 0.0000493306 0.0000541784 0.000051841 0.0000518726 0.0000527392 0.0000541362 0.0000553678 0.0000580433 0.0000564387 0.0000571397 0.000057712 0.00005836 0.0000591447 0.0000597276 0.0000601414 0.0000594161
0.0000952898 0.000096686 0.0000935658 0.0000916137 0.0000905832 0.0000895291 0.0000861206 0.000079189 0.0000746285 0.0000713249 0.0000683021 0.0000655096 0.0000628036 0.0000607622 0.0000585724 0.000056323 0.0000537836 0.0000515284 0.0000492952 0.0000472902 0.0000452122 0.0000432535 0.0000417851 0.0000411613 0.0000408138 0.0000400699 0.0000393647 0.0000392586 0.0000403523 0.0000423418 0.0000409132 0.0000416383 0.000042676 0.0000439436 0.0000452681 0.0000479409 0.0000468863 0.0000473181 0.0000484792 0.0000494074 0.0000504169 0.0000519157 0.0000551208 0.00005408 0.000054475 0.0000551932 0.0000602269 0.0000566521 0.0000572111 0.0000583413 0.0000580205 0.0000579037
0.0000993717 0.0000984049 0.0000966823 0.0000950386 0.0000980548 0.0000923271 0.0000872701 0.0000822401 0.0000773912 0.0000734107 0.0000698042 0.000066553 0.0000636212 0.0000609613 0.0000585539 0.0000562622 0.0000540135 0.0000513353 0.0000487921 0.0000467403 0.0000444263 0.0000423995 0.0000406674 0.0000404038 0.0000386904 0.0000377944 0.0000374411 0.0000376956 0.0000384059 0.0000388214 0.0000391817 0.000039519 0.0000403152 0.0000411193 0.0000422365 0.00004307 0.0000439305 0.0000445241 0.0000456458 0.0000470052 0.0000486411 0.0000498034 0.0000507867 0.0000517516 0.0000523064 0.0000535305 0.0000542579 0.000055006 0.0000555285 0.0000561576 0.000056545 0.0000567819
0.0001049387 0.0001033124 0.0001012067 0.0000994454 0.0000972882 0.0000943351 0.0000902977 0.0000856537 0.0000811583 0.0000767628 0.0000729689 0.0000692005 0.0000653289 0.0000620086 0.0000592521 0.0000566962 0.0000538891 0.0000510455 0.0000482143 0.0000459805 0.0000478216 0.0000413908 0.0000397086 0.0000385659 0.0000375888 0.0000365463 0.000036162 0.0000362395 0.0000365415 0.0000369246 0.0000373096 0.0000378232 0.0000384596 0.0000392277 0.0000400644 0.000041042 0.0000419857 0.0000429519 0.0000439355 0.0000452209 0.0000464474 0.0000476061 0.0000486164 0.000049727 0.0000508278 0.0000517674 0.0000525635 0.0000532627 0.0000539224 0.0000545604 0.0000555892 0.0000563571
0.000110524 0.0001092434 0.0001071509 0.0001046595 0.0001018818 0.0000984722 0.0000944392 0.0000907497 0.00008502 0.0000804327 0.0000803594 0.0000735776 0.0000672198 0.0000633803 0.0000609069 0.0000575329 0.0000542869 0.000050778 0.0000477471 0.0000453161 0.0000427347 0.000040597 0.00003869 0.0000377231 0.0000366177 0.0000357572 0.0000352676 0.0000352285 0.0000357101 0.0000360761 0.0000363962 0.000036562 0.000037092 0.0000378079 0.0000386663 0.0000397143 0.0000412051 0.0000421565 0.0000430888 0.0000437891 0.0000449594 0.0000461388 0.0000473166 0.0000485006 0.000049716 0.0000507591 0.0000516257 0.000052326 0.0000529094 0.0000535467 0.0000547165 0.0000600074
0.000116163 0.0001156294 0.0001134065 0.0001112245 0.0001085023 0.0001044637 0.0000996567 0.0000944607 0.0000896028 0.0000843353 0.0000796038 0.0000746997 0.0000695621 0.0000651414 0.0000618042 0.0000602472 0.0000547155 0.0000508822 0.0000475661 0.0000445309 0.0000418363 0.0000396269 0.0000381017 0.0000373267 0.0000364366 0.0000355613 0.0000346544 0.0000345495 0.0000350284 0.0000362195 0.0000356417 0.0000356674 0.0000360526 0.0000366879 0.0000375087 0.0000385821 0.0000400542 0.0000430344 0.0000420854 0.0000428141 0.0000440604 0.0000457092 0.0000468652 0.0000483714 0.0000491451 0.0000502876 0.0000509133 0.0000516476 0.0000522846 0.0000529319 0.0000541038 0.0000550723
0.000122174 0.0001213206 0.0001197379 0.0001174017 0.0001154071 0.0001106553 0.0001052339 0.0000997319 0.0000936353 0.0000884977 0.0000833208 0.0000779063 0.0000723802 0.0000673757 0.0000633703 0.0000594028 0.0000555555 0.0000514474 0.0000478413 0.0000445537 0.0000416843 0.0000393991 0.0000377779 0.0000369991 0.0000379851 0.0000352398 0.0000342443 0.0000340096 0.0000344098 0.0000347605 0.000034983 0.0000349415 0.000035199 0.0000357271 0.0000364727 0.0000374398 0.0000388914 0.0000400214 0.0000411029 0.0000419274 0.0000432797 0.0000450541 0.0000503653 0.000047463 0.0000525715 0.0000494172 0.0000500914 0.0000510024 0.000051796 0.0000525013 0.0000532973 0.0000542301
0.0001288001 0.0001279586 0.0001260474 0.0001232765 0.0001201625 0.0001165229 0.0001156731 0.0001050525 0.0000986092 0.0000934607 0.0000888749 0.0000830323 0.0000762757 0.0000705716 0.0000651799 0.000060526 0.0000564898 0.0000525642 0.0000486807 0.0000449679 0.0000418887 0.000039516 0.0000382199 0.000037348 0.0000363326 0.0000349954 0.0000339424 0.0000336553 0.0000337347 0.0000340203 0.0000342483 0.0000342944 0.0000344528 0.0000348887 0.0000355675 0.0000364817 0.0000375504 0.0000387123 0.0000398463 0.0000410351 0.0000422934 0.0000438818 0.0000449895 0.0000464759 0.0000473296 0.0000486152 0.0000493985 0.0000503879 0.0000512629 0.0000522206 0.0000531001 0.0000540422
0.0001357995 0.0001395241 0.0001329769 0.0001295138 0.0001259315 0.0001232437 0.0001173632 0.0001110343 0.0001039455 0.0000983345 0.0000968342 0.000086699 0.0000817361 0.0000736407 0.0000673724 0.0000622623 0.0000579829 0.0000541905 0.0000497052 0.000045722 0.000042485 0.0000399992 0.0000389928 0.0000419396 0.0000364168 0.0000345654 0.000033806 0.0000334631 0.0000338008 0.0000339686 0.0000340235 0.0000336952 0.0000337983 0.0000341935 0.0000348451 0.0000357346 0.0000368212 0.0000379664 0.0000390943 0.0000401622 0.0000412545 0.0000423576 0.0000435108 0.0000447498 0.0000461705 0.0000476801 0.0000489836 0.0000499524 0.0000507522 0.0000517581 0.0000531256 0.0000537726
0.0001439076 0.0001430865 0.000144435 0.0001362082 0.0001322593 0.00012843 0.0001232735 0.0001163948 0.0001096144 0.0001033107 0.0000967286 0.0000903393 0.0000830738 0.0000762005 0.0000695619 0.0000643168 0.0000597792 0.0000553381 0.0000507521 0.0000469145 0.0000436522 0.0000410543 0.0000395671 0.0000422695 0.0000365566 0.0000346437 0.0000338336 0.0000334572 0.0000336949 0.0000355971 0.0000336248 0.0000332122 0.0000333018 0.0000336898 0.0000343302 0.0000352212 0.0000363015 0.0000374486 0.0000384722 0.0000394834 0.0000405159 0.0000416108 0.0000427525 0.0000440483 0.0000455481 0.0000472098 0.0000487101 0.0000495049 0.0000501811 0.0000512035 0.0000523082 0.0000534518
0.0001549279 0.0001506132 0.0001477668 0.0001437196 0.0001390897 0.0001341128 0.0001288196 0.0001224821 0.0001155349 0.0001084817 0.0001012945 0.0000938031 0.000086036 0.0000784659 0.0000717414 0.0000662481 0.0000620926 0.0000565086 0.0000517891 0.0000480532 0.0000458448 0.0000422605 0.0000400776 0.0000379325 0.0000364505 0.0000349279 0.0000340968 0.000033575 0.0000336308 0.0000334687 0.0000333432 0.0000329646 0.0000331198 0.0000334841 0.0000340861 0.0000349132 0.000035932 0.0000369619 0.0000379627 0.0000389872 0.000040209 0.0000413299 0.0000424301 0.0000435278 0.0000449803 0.0000465909 0.0000479819 0.000048855 0.0000495627 0.0000505118 0.0000518374 0.0000530754
0.0001595063 0.0001589367 0.0001551606 0.0001551889 0.0001461142 0.0001406773 0.0001350996 0.0001289606 0.0001214229 0.0001140013 0.0001070255 0.0000984971 0.0000898349 0.000081327 0.0000741673 0.0000683044 0.0000630525 0.0000581042 0.000053268 0.0000494093 0.0000461856 0.0000440556 0.0000404088 0.0000380646 0.0000364716 0.0000357737 0.0000349279 0.0000342752 0.000033375 0.000033061 0.0000329316 0.000033334 0.0000335495 0.0000339024 0.0000341114 0.0000348808 0.0000357704 0.0000366742 0.0000375935 0.0000386625 0.0000399232 0.0000414066 0.0000420762 0.0000430753 0.000044384 0.0000458439 0.0000471336 0.0000481618 0.000049022 0.0000500567 0.0000513952 0.0000530065
0.0001674237 0.0001660466 0.0001635231 0.0001593176 0.0001542732 0.0001488804 0.0001427533 0.000135645 0.0001271842 0.0001192979 0.0001114323 0.0001067032 0.0000932784 0.0000845979 0.0000770558 0.000070529 0.0000653334 0.0000605206 0.000055813 0.0000508905 0.0000472098 0.0000440409 0.0000413559 0.0000388519 0.0000371438 0.0000363429 0.0000398134 0.0000347295 0.0000337208 0.0000332886 0.000033157 0.0000335671 0.0000356895 0.0000341292 0.0000343963 0.0000351161 0.0000359156 0.0000366172 0.0000374398 0.0000384264 0.0000396251 0.0000406711 0.0000416722 0.0000426682 0.0000439161 0.0000452924 0.0000466608 0.00004783 0.000048815 0.0000497623 0.0000509904 0.0000521291
0.0001766216 0.0001749582 0.0001717123 0.0001683489 0.0001647576 0.0001571494 0.000154297 0.0001414277 0.0001362432 0.0001233502 0.0001147438 0.000105606 0.0000963001 0.0000875609 0.000080397 0.0000727062 0.0000673349 0.0000671703 0.0000580975 0.0000526103 0.0000484183 0.000045465 0.0000426901 0.0000402738 0.0000379779 0.0000370157 0.0000360859 0.0000353549 0.0000343621 0.0000339371 0.0000337163 0.0000340069 0.0000340919 0.0000343672 0.0000346208 0.0000355213 0.0000361175 0.0000367541 0.0000374607 0.0000383082 0.0000392227 0.0000401862 0.0000411869 0.0000423383 0.0000436544 0.0000449857 0.0000465435 0.0000480307 0.000048927 0.000049676 0.0000505638 0.0000515154
0.0001872842 0.0001833028 0.0001796534 0.0001779354 0.0001757671 0.0001639377 0.0001556222 0.00014637 0.0001358667 0.000126615 0.0001174867 0.0001078299 0.0000983669 0.0000896869 0.0000816135 0.0000745545 0.0000689474 0.0000639406 0.0000591986 0.0000545174 0.0000503381 0.0000472611 0.0000459138 0.000041382 0.000038937 0.0000374375 0.0000364956 0.0000358332 0.0000353206 0.0000349254 0.0000350509 0.0000348032 0.0000346549 0.0000343222 0.0000348229 0.0000355243 0.0000363099 0.0000369419 0.0000375949 0.0000382678 0.0000390657 0.0000399697 0.0000409989 0.0000421766 0.0000434387 0.0000448551 0.0000465026 0.000048475 0.0000494385 0.0000500822 0.0000504151 0.0000511864
0.0001944293 0.0001907758 0.000186357 0.0001821906 0.0001766531 0.00016889 0.0001589564 0.0001491455 0.0001387359 0.0001290232 0.0001197717 0.0001102316 0.000100414 0.0000911032 0.0000829758 0.0000759282 0.0000697259 0.0000644013 0.0000596704 0.0000557044 0.0000560453 0.0000485153 0.0000450444 0.0000423882 0.0000398952 0.0000384052 0.0000378321 0.0000372269 0.0000367369 0.0000364666 0.0000365548 0.0000405375 0.0000354058 0.0000348275 0.0000350581 0.0000356411 0.0000363625 0.0000371218 0.0000376803 0.0000383155 0.0000390972 0.0000400463 0.0000411285 0.0000423016 0.0000435532 0.0000449239 0.0000465344 0.0000484122 0.0000515247 0.0000503569 0.0000505641 0.0000511449
0.0001994378 0.000198572 0.0001921389 0.0001862025 0.0001793267 0.0001716803 0.0001666148 0.0001520766 0.0001414146 0.0001317288 0.0001218091 0.0001124398 0.0001024269 0.0000931127 0.0000848963 0.0000772562 0.0000709347 0.0000654206 0.0000610583 0.0000572221 0.0000532636 0.0000492412 0.0000456797 0.0000430202 0.0000409303 0.0000394834 0.0000389145 0.0000401883 0.0000377798 0.0000374513 0.0000418931 0.0000372414 0.0000363484 0.0000356588 0.0000357257 0.000036046 0.0000365594 0.0000371238 0.0000377484 0.000038433 0.0000393115 0.0000403814 0.0000415894 0.0000428477 0.0000441102 0.0000454036 0.0000468426 0.0000486846 0.0000500974 0.0000509215 0.0000510461 0.0000513269
0.0002089556 0.0002016303 0.0001987256 0.000194257 0.0001821669 0.000174064 0.000169123 0.0001547965 0.0001435415 0.0001351682 0.0001231001 0.0001133907 0.0001044365 0.0000996836 0.0000866141 0.0000787636 0.0000722285 0.0000666009 0.0000621183 0.0000621491 0.0000539575 0.0000500063 0.0000468845 0.0000442188 0.0000421029 0.0000405945 0.0000399149 0.0000392221 0.0000386485 0.0000382829 0.0000379628 0.0000376319 0.0000369661 0.0000369512 0.0000369876 0.0000369951 0.0000369815 0.0000372992 0.000037896 0.0000387048 0.0000397203 0.0000409439 0.0000423143 0.0000437309 0.000045031 0.0000462492 0.0000475506 0.0000491695 0.0000505614 0.0000517286 0.0000516337 0.000051751
0.0002075001 0.0002059658 0.0002005134 0.0001968732 0.0001843966 0.0001753866 0.0001676508 0.0001554928 0.0001489322 0.0001342932 0.0001239841 0.0001146185 0.0001104443 0.0000973929 0.0000884879 0.0000803531 0.000073665 0.0000678768 0.0000632378 0.0000588116 0.000054951 0.0000512933 0.0000485136 0.0000459274 0.0000437691 0.0000417873 0.0000406136 0.0000398509 0.0000392659 0.0000388042 0.0000383805 0.0000380537 0.000037985 0.0000386096 0.000039049 0.0000384305 0.0000376816 0.0000377546 0.0000383223 0.0000392062 0.0000403385 0.0000416764 0.0000431556 0.0000446517 0.0000460279 0.0000471234 0.0000483388 0.0000498433 0.0000518891 0.0000521151 0.0000527215 0.0000528777
0.0002096612 0.0002087167 0.0002017627 0.0001975121 0.0001843501 0.0001789774 0.0001658035 0.0001556747 0.0001451852 0.0001350603 0.0001243679 0.00011572 0.0001074618 0.0000987573 0.0000897033 0.0000819375 0.0000751888 0.0000697742 0.0000646416 0.0000600818 0.00005566 0.000052239 0.0000497345 0.0000491929 0.0000452182 0.0000431294 0.0000418122 0.0000409603 0.0000404458 0.0000399407 0.0000394141 0.0000389286 0.000038939 0.0000397003 0.0000417712 0.0000394346 0.000038521 0.0000384814 0.0000390527 0.0000399967 0.0000411917 0.0000425567 0.0000440098 0.0000454433 0.00004669 0.0000477781 0.0000488849 0.0000504068 0.0000513405 0.0000522207 0.0000544026 0.0000569367
0.0002085446 0.0002056722 0.0002026703 0.0001927618 0.0001829981 0.0001731903 0.0001641393 0.0001587506 0.0001453786 0.0001342254 0.0001246182 0.0001156771 0.0001074614 0.0000990493 0.0000908544 0.0000833112 0.0000767173 0.0000713955 0.0000708647 0.0000618471 0.0000571379 0.0000532753 0.0000507598 0.0000487475 0.0000468108 0.0000447431 0.0000431465 0.0000422299 0.0000416763 0.0000412661 0.0000404507 0.0000398296 0.0000396899 0.0000403588 0.0000404579 0.0000401391 0.0000393294 0.0000394057 0.0000400863 0.0000411537 0.0000424206 0.0000437179 0.0000449627 0.0000461371 0.0000472135 0.000048198 0.0000491927 0.0000502979 0.0000518139 0.0000516509 0.0000519644 0.0000519969
0.00020366 0.0002027989 0.0001977388 0.0001891098 0.0001798832 0.0001708544 0.000163163 0.0001535156 0.0001438351 0.0001342947 0.0001244727 0.0001157323 0.0001070278 0.0000990721 0.0000914528 0.0000844293 0.0000781315 0.0000730829 0.0000683437 0.0000644787 0.0000587179 0.0000545995 0.0000515729 0.0000495827 0.0000485876 0.000046108 0.0000445023 0.0000434988 0.0000428983 0.0000422774 0.0000415623 0.0000407844 0.0000404026 0.0000404376 0.0000408049 0.0000403076 0.0000401833 0.0000405376 0.0000413888 0.0000427758 0.0000442702 0.0000454248 0.0000461915 0.0000468831 0.0000477765 0.0000486066 0.000049407 0.0000503173 0.0000508123 0.0000509676 0.0000507179 0.0000506941
