Models/Synthetic/Density/temp_raster_dens.asc
NCOLS 100
NROWS 100
XLLCORNER 3302900
YLLCORNER 3112000
CELLSIZE 4430
NODATA_VALUE NaN
[rows 46 to 68 of 100, columns 0 to 51 of 100]
0.0002271721 0.0001652737 0.0001252459 0.0000923538 0.0000645763 0.0000735286 0.0000698837 0.0000657946 0.0000722653 0.000083193 0.000082718 0.000065734 0.0001103469 0.0000964108 0.0000643939 0.0000719749 0.0000682312 0.0000822258 0.0000740546 0.0000922121 0.0001254298 0.0001104879 0.0000772761 0.0000506995 0.0000820741 0.000088466 0.0001095241 0.0002037466 0.0001196617 0.0001219289 0.0001036941 0.0001403358 0.0001413351 0.0001749565 0.0002270061 0.0001777797 0.0001142985 0.0000870835 0.0001416813 0.000109683 0.0001268163 0.0001453293 0.0001690835 0.0001029222 0.0001038152 0.0001011277 0.0000743288 0.000070788 0.0000548698 0.0000916781 0.0000859365 0.0001109966
0.0001017897 0.0001248663 0.0001102858 0.0000635534 0.0000702042 0.0000754981 0.000110736 0.0001137314 0.0000867667 0.0001046109 0.0000821596 0.0000608348 0.0000716453 0.0000727286 0.0000539164 0.0000597937 0.0000650364 0.0001130195 0.0001384494 0.000088143 0.0000950969 0.0000944905 0.0000573622 0.0000503517 0.0000545737 0.0000651522 0.0000842572 0.0001059443 0.0000934314 0.000128724 0.0000906762 0.0001125796 0.0000961354 0.0001749808 0.0002041716 0.0001611177 0.000070126 0.0000549841 0.0000552567 0.0000945265 0.0001409696 0.0001414866 0.0001723141 0.0001085686 0.0001027908 0.0000759093 0.0000608802 0.0000487641 0.0000585433 0.0000505847 0.0000639776 0.0000681048
0.0001901127 0.0001660784 0.00007136 0.0000702312 0.0000784146 0.0000711872 0.0001104094 0.000094201 0.0000942561 0.0000801939 0.0000686148 0.0000774538 0.0000605095 0.0000762663 0.000045059 0.0000590498 0.0000848747 0.0001355366 0.0002046973 0.0001474545 0.0000921327 0.0000998903 0.0000536875 0.0000398612 0.0000399105 0.0000691255 0.0000612019 0.0000771075 0.0000727208 0.0000987968 0.0001730328 0.0001084653 0.0001248853 0.0001211158 0.0001368398 0.000114222 0.0000658355 0.0000357767 0.0000598571 0.0001010358 0.0001525818 0.0001687084 0.0001783245 0.0001325759 0.0000758571 0.0000934441 0.0000958352 0.000048103 0.0000382807 0.0000386047 0.0000495238 0.000052125
0.0002229427 0.0001135934 0.0000762294 0.000056996 0.0000678503 0.0000640396 0.0000693392 0.0000722572 0.0000585804 0.0000624358 0.0000794311 0.0000972732 0.0001001559 0.0000754653 0.0000623332 0.0000574125 0.0001037562 0.0001242804 0.0001570269 0.0001326161 0.0001298783 0.0000942562 0.0000528273 0.0000457644 0.000060229 0.0000404861 0.0000534579 0.0000731083 0.0000832871 0.0000994135 0.0001482295 0.0001452308 0.0001082653 0.0001171187 0.0001717464 0.0001164745 0.0000553093 0.0000439076 0.0000705148 0.0001180011 0.0002144665 0.0001820801 0.0001448375 0.0001157421 0.0001109003 0.0001070125 0.0000828692 0.0000589096 0.0000479615 0.0000498393 0.0000595053 0.000064128
0.0001620084 0.0001284585 0.0000543496 0.0000440655 0.0000495984 0.0000696209 0.0000775959 0.0000688627 0.0000766164 0.0000881818 0.000125041 0.0002213345 0.000202529 0.0001329152 0.0000964992 0.0000836541 0.0001041474 0.0001087374 0.0001217056 0.0000897915 0.0001399403 0.0000877098 0.0000641715 0.0000628959 0.0000518643 0.0000628178 0.0000562312 0.0000712479 0.0001113914 0.000087564 0.0001072365 0.0001084397 0.0001438518 0.0001093082 0.0001315841 0.0000620132 0.0000602116 0.0000370382 0.0000673336 0.0001382123 0.0001371933 0.0001442777 0.000113578 0.0001154711 0.0001098881 0.0001141918 0.0000659924 0.0000555143 0.0000494927 0.0000630366 0.0000409579 0.0000543152
0.0002800996 0.000142836 0.0000633579 0.0000397681 0.0000554651 0.0000565444 0.0000740825 0.0000752172 0.0000885013 0.0001089571 0.0001901862 0.0002243003 0.0002279708 0.000143253 0.0001176813 0.0001270001 0.000095924 0.0001024382 0.0000839976 0.0000877798 0.0000731338 0.0000803861 0.0001249786 0.0001496279 0.000114727 0.0000886247 0.0000681356 0.0000697851 0.0001008736 0.0000930396 0.0001550355 0.0001100503 0.0001173766 0.0001129908 0.0000723676 0.0000526939 0.0000296695 0.0000476715 0.0000688717 0.0001143251 0.0001050186 0.0000938131 0.0001051124 0.0000964634 0.0001538784 0.0000910099 0.0000957568 0.0000698041 0.000051454 0.0000432797 0.0000413999 0.0000707173
0.0001545241 0.0001721898 0.0000731598 0.0000418133 0.0000431183 0.0000560202 0.0000700085 0.0000758806 0.0001000658 0.0001172134 0.0001030816 0.000128074 0.0001509711 0.0001386738 0.0001103733 0.0001094056 0.0001344465 0.000075842 0.0000680001 0.0000701843 0.0000722344 0.0000851195 0.0001352461 0.0002606637 0.0001906026 0.0001626598 0.0001294258 0.0000990574 0.0000918048 0.000103585 0.0001349532 0.0002138823 0.000119192 0.000091714 0.0000947029 0.0000456813 0.0000297828 0.0000405584 0.0000744508 0.0000599904 0.0000655367 0.0001040252 0.0000931751 0.0000809156 0.0000699698 0.000103455 0.0000894897 0.0000846051 0.0000970023 0.0000652685 0.000065187 0.0000758756
0.0000820885 0.0000883222 0.0000969902 0.0000470833 0.0000730162 0.000090025 0.000085769 0.0000991843 0.0000845151 0.000098749 0.0000608232 0.0000613065 0.0000815894 0.0000956526 0.0000710997 0.0000814068 0.0000826505 0.0000755238 0.0000583977 0.0000918082 0.0000661215 0.0000834354 0.0001818348 0.0001967683 0.0002454353 0.0002396506 0.0001555598 0.0001295042 0.0001254612 0.0000897422 0.0000985128 0.0001024236 0.0001563714 0.0001097538 0.000120235 0.0000720523 0.0000361813 0.0000317751 0.000043192 0.0000533906 0.00008159 0.0001233617 0.0001229214 0.0000755382 0.000046122 0.0000873711 0.0001222318 0.0001034582 0.0000929645 0.0001429429 0.0000847603 0.0000909022
0.000051521 0.0000694678 0.0000596714 0.0000569025 0.0000972401 0.0001038859 0.0000814689 0.0000861549 0.0000664145 0.0000732635 0.0000615951 0.0000376266 0.0000806011 0.0000649163 0.0000940807 0.0001125854 0.0000626057 0.0000589724 0.0000470027 0.0000507148 0.0000636199 0.000088642 0.0001341403 0.0001670526 0.0002314594 0.0002328537 0.000141864 0.0001050743 0.0001239627 0.0000867914 0.0000763273 0.0000822126 0.0000770801 0.0000861384 0.0000901203 0.0000604494 0.000034841 0.0000234054 0.0000272134 0.000048396 0.0000603899 0.0001108064 0.0000649465 0.0000458945 0.000049017 0.0000655496 0.0001232545 0.0000900901 0.0000944921 0.0000825345 0.0000786447 0.0000732039
0.0000807265 0.0000900263 0.0000811819 0.0000746773 0.0001080655 0.000122997 0.0000971528 0.0000682469 0.0001170603 0.0000488758 0.0000376762 0.0000470845 0.0000569517 0.000106386 0.0001228485 0.0001190049 0.0001091648 0.000052798 0.0000550145 0.0000601864 0.0000709455 0.0001175472 0.000128806 0.0001386469 0.0001573708 0.0001205576 0.000082222 0.0000925247 0.0000698032 0.000100872 0.0000732758 0.0000596178 0.0000686442 0.000068148 0.0000757905 0.0000545544 0.0000316836 0.0000234365 0.0000282879 0.0000464164 0.0000678055 0.0000718106 0.0000723149 0.0000524525 0.0000421739 0.0000470846 0.0000586203 0.0000642887 0.0000754009 0.0001016725 0.0000861006 0.0000594292
0.000048227 0.0000810684 0.000101091 0.0001069909 0.0000718457 0.000086332 0.0000826157 0.0000809503 0.0000586064 0.0000574396 0.0000580736 0.0000674568 0.0000951878 0.0000814136 0.0001082738 0.000142742 0.0000848742 0.0000840341 0.0000771156 0.0000594579 0.0000875385 0.0001206695 0.0001734841 0.0001222575 0.000105786 0.0000580939 0.000050487 0.0000495355 0.0000824122 0.000093834 0.0001081016 0.0000724345 0.000058039 0.0001190709 0.0000857043 0.000051737 0.0000340754 0.0000304251 0.0000359008 0.0000684402 0.0001044483 0.000096025 0.0000917919 0.0000857352 0.0000416133 0.0000399796 0.0000456243 0.0000536396 0.0000613095 0.0000957953 0.0000759119 0.0000829342
0.0000519757 0.0000613234 0.0001059587 0.0000923417 0.0000787875 0.0000581494 0.0000734345 0.0000749284 0.0000958718 0.0000844662 0.0000583597 0.0000896656 0.000120184 0.0000984342 0.0000877306 0.0000810607 0.0000735607 0.0000718373 0.0000717115 0.0001267717 0.0000945787 0.0001102014 0.0001039944 0.0000993958 0.0000589317 0.0000423674 0.000050828 0.0000591157 0.0000812541 0.0000957849 0.0001081852 0.0000703795 0.0000597231 0.0000657043 0.0000756692 0.000062755 0.0000778522 0.0000371691 0.0000551005 0.000071449 0.0001116505 0.0001413048 0.0001621575 0.000095079 0.0000595923 0.0000526403 0.000052633 0.0000557236 0.0000475288 0.0000853583 0.0000694398 0.0000765104
0.0000610129 0.0000722227 0.0000869045 0.0001268618 0.0000876621 0.0001065241 0.0000759801 0.0000917995 0.0000898235 0.0000792067 0.0000780609 0.0000844145 0.0001121851 0.0001136423 0.000061992 0.0000489631 0.0000451412 0.0000601784 0.0001210674 0.0001304064 0.0001225732 0.0000921612 0.0000830144 0.0000890644 0.0000658463 0.0000517319 0.0000512881 0.0000834679 0.0001133474 0.0001162994 0.0000836151 0.0000790908 0.0001018337 0.0000858977 0.0000835033 0.0001074767 0.0000727596 0.0000650883 0.0000670589 0.0000691486 0.0001799663 0.0002178945 0.0001575429 0.000105462 0.0000776896 0.0000938181 0.0001195814 0.000053292 0.0000455038 0.0000582316 0.00006783 0.0000499071
0.0000860518 0.0000824013 0.0000842606 0.0000913913 0.0001009947 0.0000723041 0.0001316732 0.0001493888 0.0001478712 0.0000840584 0.0000742426 0.0001009483 0.0001188135 0.0000905667 0.0000589561 0.0000482922 0.0000658113 0.0000577351 0.0001043584 0.0001331352 0.0001586502 0.000092627 0.0000816258 0.0000858166 0.0000846457 0.0000742935 0.0000769175 0.0000842975 0.0001308453 0.0001193361 0.0000983534 0.0001290207 0.0001351941 0.0001082396 0.0001203835 0.0001212615 0.0001102636 0.0000867374 0.0000685332 0.0000681862 0.0001554217 0.0002540962 0.0001739697 0.0001366874 0.0001142621 0.0001284369 0.000088111 0.0000774309 0.0000668837 0.0000435149 0.0000446607 0.000072357
0.0001237598 0.0000749101 0.0000825606 0.000078839 0.0000888311 0.0000878684 0.0000970017 0.0001698599 0.0001958591 0.0001198373 0.0001010345 0.0001076507 0.0001487177 0.0000829212 0.0000658233 0.000107969 0.0000595894 0.0000630928 0.0000864446 0.000098904 0.0000924836 0.0000844949 0.0000613471 0.0000624779 0.0000841887 0.0000776949 0.0000908608 0.0000933984 0.0001037217 0.0001149036 0.0001415109 0.0001174213 0.0001154605 0.0001953711 0.0001180273 0.0001045792 0.0001328551 0.0001023669 0.0000594371 0.0000625472 0.0001188881 0.0001551667 0.0001724025 0.0001066981 0.0000891046 0.0000674562 0.0000976329 0.0001212124 0.0000756272 0.0000440221 0.00006237 0.0000818897
0.0001151585 0.0001017213 0.0000658638 0.0000791401 0.0000764601 0.0001073659 0.0000987491 0.0001236396 0.000117606 0.0001535614 0.0001391019 0.0001215279 0.0001149028 0.0000916125 0.0000801486 0.0001022743 0.0001205534 0.0000802282 0.0000977327 0.0000639722 0.0000655937 0.0000904577 0.0000872936 0.0001116969 0.000103962 0.0001262439 0.0000823065 0.0000975036 0.0001176264 0.000082624 0.0000981273 0.0000816314 0.0000876795 0.0001078654 0.0001032213 0.0000806933 0.0001445321 0.0000868248 0.0000744897 0.0001053005 0.0001311673 0.0001798153 0.0001138294 0.0001103807 0.0000807837 0.0000525245 0.0000487023 0.0000775181 0.0000543312 0.0000518661 0.0000739983 0.0000875577
0.0001264549 0.0001162212 0.0001121822 0.0001212701 0.0000882437 0.0000721123 0.0000698436 0.0000563201 0.0000944142 0.0001262357 0.0001245738 0.0001258871 0.0001338737 0.0000892127 0.0000721412 0.0001055041 0.0001001556 0.0001449924 0.0000648251 0.0000661824 0.0000585719 0.0000834952 0.000094007 0.0001680148 0.0002032775 0.0000945765 0.0000558324 0.0000548732 0.0000664596 0.0000633938 0.0000819305 0.0000593815 0.0000689563 0.0000717374 0.0000836886 0.0001135943 0.0000911121 0.000111141 0.0001090202 0.0001308946 0.0001968984 0.000157887 0.0001262552 0.000111262 0.0000815279 0.0000410536 0.0000333493 0.000037842 0.000041627 0.0000508095 0.0000864347 0.0000596249
0.0002151026 0.0001762603 0.0001893528 0.0001684614 0.0001239627 0.0000779192 0.0000503088 0.0000397525 0.0000556162 0.000108323 0.0001448961 0.0001602662 0.0001959274 0.000104786 0.0000626999 0.0000530277 0.0000659513 0.0000593287 0.0000730746 0.0000551627 0.0000816013 0.0000596962 0.0000748432 0.0001167823 0.000161536 0.000087118 0.0000535662 0.0000362514 0.0000475979 0.0000479831 0.0000620298 0.0000781731 0.0000699271 0.0000649915 0.0001124998 0.0001266029 0.0001030356 0.0001167132 0.0001213275 0.0002099877 0.000242621 0.0002391769 0.000205769 0.000135185 0.0000787835 0.0000572806 0.0000395933 0.0000454166 0.0000675653 0.0000562189 0.0000569378 0.0000706898
0.0002050373 0.0002023244 0.0002083142 0.000208899 0.0001522649 0.0000616927 0.0000347994 0.0000354909 0.000068785 0.0001109774 0.0002533286 0.0001600145 0.0001121284 0.0000789454 0.0000404756 0.0000474289 0.0000329354 0.0000419062 0.0000596552 0.0000720412 0.0000879605 0.0000691132 0.0000728514 0.0000883634 0.0000822938 0.0000897963 0.0000616625 0.0000536325 0.0000453691 0.0000532359 0.000060627 0.0000898443 0.0000839434 0.0000878098 0.0000763548 0.0001128081 0.0001385236 0.0001061006 0.0001523009 0.000270245 0.0002866024 0.0002792732 0.0001913503 0.0001663846 0.0000920607 0.0000852427 0.0000715976 0.0000789527 0.0000709223 0.0000716826 0.0000645925 0.0000776725
0.0003447047 0.000207853 0.0002002002 0.0001471447 0.0000962541 0.0000560442 0.0000356897 0.0000431025 0.0000940818 0.0001412229 0.0001831484 0.0001756518 0.00010002 0.0000606292 0.0000355676 0.0000273012 0.0000556775 0.0000493935 0.0000769246 0.0001003806 0.0001162794 0.0000663168 0.0000626026 0.0000608248 0.0000941748 0.0000858625 0.0001180268 0.0000944196 0.0000521833 0.0000599311 0.0001347332 0.0001264247 0.0001522371 0.0001331697 0.0000982661 0.000111446 0.000119275 0.0001231344 0.0001214997 0.0001836013 0.000233022 0.0001748621 0.0001496922 0.000106898 0.0001010604 0.0000985241 0.0000916326 0.0000836632 0.0000623912 0.0000777721 0.0000780291 0.0000664906
0.0001028516 0.0001289184 0.0000972257 0.0000731647 0.0000486494 0.0000406083 0.000046614 0.0000659948 0.000135705 0.000189811 0.000155435 0.0001487932 0.0001032664 0.000077933 0.0000555083 0.0000435713 0.0000566788 0.0001317775 0.0000742573 0.0000854043 0.0000928701 0.0000985225 0.0000484288 0.0000574733 0.0001047584 0.00011686 0.0000827171 0.0000793724 0.0000855307 0.0000892078 0.0001454726 0.000201091 0.0001513347 0.000135286 0.0001802957 0.0001345934 0.0001020387 0.0001101112 0.000098893 0.0001218617 0.0001510001 0.0001228979 0.0001059079 0.0001125668 0.0001139191 0.0000891246 0.0000955826 0.0000971671 0.0000815251 0.0000786194 0.0001457391 0.0000852847
0.0000507343 0.0000576156 0.0000595012 0.0000558745 0.0000498021 0.0000582553 0.0000958603 0.0001220164 0.0002094617 0.0001918929 0.0001327735 0.0001425906 0.0001054467 0.0001175309 0.000096305 0.0001105205 0.000093221 0.000116475 0.0001351461 0.0000973948 0.0000888434 0.0000714958 0.0000508916 0.000079739 0.0001115065 0.0000742349 0.0000593882 0.0000785095 0.000073841 0.0000975542 0.0001324764 0.0001666699 0.0001354427 0.0001216931 0.0001717603 0.0001727734 0.0001378974 0.0001061281 0.0001292817 0.0001168822 0.0001577512 0.0001139372 0.0001111897 0.0001444135 0.0000978123 0.0001042255 0.0001360761 0.0001030481 0.0001265953 0.0001307366 0.0001123675 0.0000732335
0.0000813301 0.0000945298 0.0000755605 0.0000687269 0.0000856563 0.0001086169 0.0001078397 0.0001186223 0.0002858248 0.000152745 0.0001111755 0.0001104523 0.0001735556 0.000138517 0.0001809142 0.0001558812 0.0001039953 0.0000828845 0.000091873 0.0001065659 0.0000971476 0.0000797555 0.000070042 0.000074224 0.000066955 0.0000734339 0.0000576438 0.0000632578 0.0000849877 0.000120376 0.0001003866 0.0001273635 0.000104226 0.0000909873 0.0001531672 0.0001579014 0.0001289366 0.00012413 0.0001028892 0.0001596218 0.0001593062 0.0001769068 0.0001326012 0.0001130871 0.0000992567 0.0001337982 0.0001439869 0.0001395656 0.0001859602 0.0001394951 0.0000996144 0.0000781864
