Models/Synthetic/Density/temp_raster_pop.asc
NCOLS 100
NROWS 100
XLLCORNER 3302900
YLLCORNER 3112000
CELLSIZE 4430
NODATA_VALUE NaN
[rows 23 to 45 of 100, columns 0 to 51 of 100]
0.233429951 0.2549326928 0.2521804456 0.2432136863 0.2563569146 0.3137064543 0.4228611637 0.589435171 0.8724466176 1.2292556644 1.490918283 1.5144471363 1.3079735124 1.0198516058 0.7764694332 0.6063969059 0.4822522389 0.3700852421 0.2732864634 0.2142583352 0.219144853 0.2942713819 0.4223597742 0.5543087921 0.5959327367 0.5363207958 0.4339598295 0.403173741 0.4684400597 0.5838128681 0.6908521926 0.772326118 0.8516826228 0.9113370829 0.915663935 0.8388377376 0.7144103982 0.5978377201 0.5452318818 0.6001022181 0.7674234516 1.0406146267 1.3249403114 1.5122133203 1.4804014417 1.2653726809 0.9526551735 0.6489761828 0.4177002003 0.295944937 0.2823674081 0.3127924187
0.4432269615 0.4389221575 0.3765653278 0.3011604187 0.2628318112 0.2912834506 0.3880070441 0.5785179659 0.8918529283 1.3052579871 1.6801712276 1.8279959606 1.7082991861 1.415694563 1.0887435937 0.8060535727 0.569421775 0.3869479044 0.2748714398 0.2468531076 0.3015305869 0.4157274948 0.5426945254 0.6249362738 0.6223644851 0.5277860612 0.4400461855 0.4480830562 0.5857404792 0.7740003788 0.9115808357 0.9488054689 0.9512413945 0.9730683697 0.9682000441 0.8916989436 0.7407529828 0.5790109111 0.4819672518 0.4706736942 0.539186777 0.6582331212 0.7892397528 0.8710539819 0.86238295 0.7539030442 0.5861400858 0.4113483417 0.2781370305 0.2157318554 0.2257127512 0.2901650434
0.8298460306 0.7526966253 0.5875717376 0.4082358691 0.2884815169 0.2663487643 0.3495038737 0.5651343389 0.9739867917 1.58361961 2.2026915818 2.5628166952 2.4636274317 2.0305504223 1.4860154156 0.9770039995 0.6059412818 0.3763867458 0.2786230947 0.3117293454 0.460995053 0.6523810381 0.7895771966 0.7946878519 0.6853900415 0.5420329208 0.4639978578 0.5361158727 0.7720841005 1.0867939191 1.2514892074 1.2146244226 1.0657124291 0.9916102723 0.9708308368 0.8571047423 0.696444236 0.548576553 0.4576910218 0.433067858 0.454955734 0.503190845 0.5648515083 0.6181756259 0.6321686684 0.5834701682 0.4748479376 0.3398486507 0.2261513181 0.169594107 0.1876708097 0.2810286447
1.2741091868 1.0831634801 0.8125792499 0.5185483481 0.3226366267 0.2586996679 0.326654867 0.5629538015 1.0594463122 1.8551408045 2.7975567204 3.3922303318 3.3348445876 2.6787449471 1.803288945 1.0679210599 0.5868753343 0.3426814901 0.2866078652 0.3995883636 0.657659159 0.9718975095 1.1234474802 1.0440719066 0.7970741993 0.5952897704 0.5400843635 0.6706955981 0.9793312696 1.3358606695 1.5390773961 1.3596739396 1.0885384125 0.9099283654 0.8188548021 0.7372656552 0.6277147023 0.5459285488 0.5146007913 0.5260753392 0.5527813669 0.5899755703 0.6448538837 0.7219561843 0.7856368848 0.7741279385 0.6501529833 0.4576983068 0.2774885576 0.1767673328 0.1780662293 0.2887568353
1.4515358534 1.2552084097 0.9100396899 0.5692134383 0.343897039 0.2687375631 0.3284120403 0.5579816127 1.0559694823 1.9046186671 2.9373729134 3.7459481599 3.7488304146 2.947083104 1.8845929835 1.0330704356 0.5241327741 0.3024064654 0.2994956758 0.4846031312 0.8293083432 1.1991785345 1.4006470636 1.2138815301 0.9159170454 0.7103612093 0.7020058086 0.8816600032 1.1817512045 1.4738862668 1.5219379656 1.3107136274 0.9694209876 0.7318851671 0.6283688655 0.600141807 0.6056854669 0.6338335541 0.6837746531 0.7483088372 0.8103327092 0.8544248587 0.9112897066 1.0312487084 1.1865327981 1.2232313085 1.0480832079 0.7164873048 0.4095717497 0.2270817176 0.1882883894 0.2884381187
1.3562829582 1.1412591231 0.8304548509 0.5260567186 0.3389754594 0.2864029123 0.3504453905 0.5431757749 0.9560503782 1.6506944743 2.5344835208 3.2082407708 3.2671261677 2.5870541766 1.6434734929 0.8755149783 0.4315982451 0.2650045965 0.3134604644 0.5506340005 0.9168924276 1.2778863871 1.3867242809 1.2457212603 0.9966029 0.8940437497 0.9744034326 1.183180191 1.416421917 1.515414619 1.405140894 1.1022519086 0.7813412949 0.5598402441 0.4845932234 0.5281354915 0.6543692861 0.8039131975 0.9427290003 1.0508083185 1.1312185927 1.1622671221 1.1872292675 1.3281034505 1.5881786265 1.7212823586 1.4818872659 1.0144001323 0.5735151388 0.2991392221 0.2076286446 0.2697160999
1.0648795163 0.8649405259 0.6274443814 0.4245856081 0.3171757234 0.31523731 0.3927571515 0.5498230503 0.8297149571 1.2745792046 1.8097614503 2.2200449253 2.2283389319 1.8102421686 1.1787526573 0.6430408359 0.330767213 0.2340149209 0.3223231428 0.5772613623 0.9387496489 1.2083312959 1.2733446332 1.1488436384 1.0561998619 1.1093631967 1.3130833534 1.5092230001 1.6045347418 1.5251212723 1.2414312138 0.9077614704 0.6257209202 0.4598579893 0.4216497147 0.5093027705 0.6992076721 0.9506636263 1.161538388 1.2979679654 1.3491612417 1.3183840903 1.2869841892 1.4348873706 1.753630971 1.9575032134 1.7402126623 1.2281821076 0.7087946201 0.3748971123 0.2382369555 0.2479394251
0.6436436156 0.5722283834 0.4327146113 0.3281690902 0.3034320216 0.3643823596 0.4751800709 0.6100512196 0.7647347705 0.9562032183 1.1669952728 1.3095761826 1.2770461194 1.0455719283 0.7135704665 0.4184784714 0.247282269 0.2151339089 0.3208905669 0.563197168 0.8712220117 1.1102806523 1.1189865987 1.0578381804 1.0866735221 1.2884680526 1.5361140556 1.7003659466 1.6064890868 1.3633437089 1.0629248271 0.7755665602 0.5742759575 0.4615344373 0.4318164958 0.4985608687 0.6752969954 0.9221256067 1.1718936585 1.3338823364 1.3052530336 1.2005410123 1.1577023219 1.2966609575 1.6037094882 1.8252631376 1.7187561317 1.2724343348 0.7877179753 0.4495845172 0.2918668633 0.2585491238
0.3780543169 0.3799770114 0.3345524155 0.2974829405 0.3208277559 0.4223471266 0.5790378954 0.7008693087 0.7583093966 0.7603829975 0.7531765449 0.7372150155 0.6778606006 0.5568662865 0.4045916716 0.2734940017 0.2055372443 0.2169845903 0.319269373 0.5130404099 0.75936825 0.9274874158 0.980278205 0.9777142427 1.0846724217 1.3085345784 1.5404323183 1.5528214112 1.3797260953 1.1079063235 0.8789036784 0.7283569162 0.6356132581 0.5584369985 0.4977568395 0.4885714469 0.5754870977 0.7523297412 0.9572178287 1.0603494731 1.0326880451 0.9234043085 0.884536903 1.0068556766 1.2626774731 1.4852101658 1.4738517883 1.2104029306 0.8323176716 0.5351740209 0.3750065688 0.3125858094
0.3460190965 0.3859648349 0.3878486112 0.3713152099 0.3811309916 0.4679051683 0.6135370719 0.7382825566 0.719067445 0.6367169213 0.5528716652 0.4909927902 0.4366115745 0.3715466177 0.2980486507 0.2394329406 0.2188034777 0.2507229844 0.3351065695 0.4750109303 0.6365575432 0.7762423338 0.8483698814 0.9069617329 1.0092293902 1.1816625587 1.2818661941 1.2338667773 1.0550646633 0.8804617597 0.7867257107 0.7807858154 0.7718589511 0.7082720836 0.5797267265 0.4852788651 0.4723460241 0.5431637739 0.6444686854 0.711942988 0.7001211545 0.647477663 0.6270641893 0.7151325714 0.9124106387 1.1360469369 1.2495108539 1.1509933868 0.9056580645 0.6422162667 0.4621728655 0.3831496832
0.5187827571 0.5788633205 0.6079659866 0.5553761199 0.4831656718 0.4727743555 0.5503500366 0.6169835025 0.6224175581 0.5745609653 0.5463842249 0.5405145332 0.5276897282 0.4792671793 0.4017927252 0.326725306 0.2943497886 0.3175627685 0.391024477 0.4844498338 0.5871595318 0.6806962506 0.7637417373 0.8144942729 0.8858500068 0.9474002303 0.9693631794 0.9138879807 0.8449346134 0.827098998 0.8836268292 0.9581241484 0.9736973176 0.8387243794 0.6557428216 0.4984391793 0.4119802059 0.3960598179 0.4271148114 0.4674690197 0.4906322393 0.4818879929 0.4746466916 0.5195055374 0.6660009298 0.8960796322 1.1111500796 1.1632704536 1.0075122013 0.7393302377 0.5196686705 0.4133333748
0.7511883618 0.8537520185 0.8941208124 0.7859443773 0.5754289003 0.4419165095 0.4154011678 0.4544933047 0.5204393419 0.6303802182 0.7852884609 0.9753686274 1.0401344809 0.9622912607 0.7417115318 0.5442543154 0.4280580876 0.4203928264 0.4800112551 0.5564224926 0.6027161333 0.6463846457 0.6869850117 0.72543353 0.7396236344 0.7358385462 0.7179149223 0.737827332 0.8565735365 1.1133514351 1.3371416465 1.4345374745 1.2899657002 1.039509401 0.7585680209 0.5535126332 0.4340782465 0.383920373 0.3797586156 0.4055134011 0.439967141 0.4581893926 0.4404740677 0.4483396741 0.5441267654 0.7501170385 0.9969445901 1.1432129377 1.0264117263 0.7588558734 0.5221233958 0.4098068353
0.88230182 0.9826473418 1.0662763885 0.8746309118 0.5962989727 0.3801851813 0.2977468997 0.3364539702 0.5081306298 0.8520033183 1.3382333594 1.8140561105 2.3572634436 1.8198773346 1.333532466 0.887156963 0.6125915762 0.5389619714 0.5929214084 0.6468479419 0.6575518823 0.6365178275 0.6368755675 0.6503120887 0.6361110392 0.5965271135 0.5860250663 0.7217467596 1.1048605029 1.7235291788 2.5878171516 2.342139666 1.9943935043 1.471502832 1.0027462534 0.7140837796 0.5949972505 0.5493117843 0.5228723245 0.515112125 0.5331149715 0.5467193329 0.5301551864 0.5049709941 0.5371808022 0.6670186797 0.8532169868 0.9537846618 0.8836281538 0.6799271964 0.4873447526 0.3974339229
0.8019580746 0.8863505072 0.9020329972 0.7635963438 0.5051587132 0.3022306122 0.2202659689 0.2896154 0.5774245437 1.1912199513 2.1316275693 3.0694384341 3.4240946249 3.0174731614 2.1379316849 1.3059992697 0.8189815872 0.6670742977 0.697057672 0.7479665815 0.7075740381 0.6415844454 0.6057267917 0.5928591451 0.5759263641 0.5240985088 0.5490746383 0.8134926414 1.4867348937 2.5784071263 3.549893249 3.8096567666 3.2017002891 2.2464076294 1.4251510561 1.0253752306 0.926589578 0.9064751751 0.8333128126 0.7457520505 0.7209161424 0.7434744661 0.7499104147 0.7044534679 0.6598085345 0.658724255 0.6987841015 0.7172701991 0.6664794335 0.5590146244 0.4577364981 0.4131695687
0.5915259586 0.6161617813 0.6131636737 0.5139486113 0.3587012602 0.2215763834 0.1764464423 0.2814493557 0.6558154852 1.4834346808 2.8241623788 4.3084374559 4.8980386509 4.297321646 2.8884698266 1.6758504724 1.0100129889 0.8051400056 0.8219629679 0.8418600046 0.7753974499 0.6611352792 0.5815699924 0.5546267531 0.52644752 0.5015079194 0.566575044 0.9285332736 1.8191256138 3.2873441121 4.8454496107 5.37405823 4.6005736608 3.0688303257 1.9038328821 1.3953419963 1.343751646 1.3432222082 1.1958625702 0.9803828316 0.908092218 0.991220194 1.0613602155 1.0484976258 0.9143322797 0.7442344498 0.6085090101 0.5404516626 0.500117784 0.478695687 0.4694522109 0.4813672259
0.3607435884 0.3909297285 0.3794280437 0.3237226995 0.2388672342 0.1673397646 0.1565657591 0.2776912759 0.6699194172 1.5470766361 3.0283421364 4.6887925458 5.6734541129 4.8102158822 3.1935484464 1.8532601866 1.1647879116 0.9777135518 1.0134114993 1.0128975113 0.8922798142 0.7105108779 0.5938147973 0.5518625135 0.5362856719 0.5270288709 0.617930499 0.9997765149 1.9267541716 3.5088240481 5.2977425199 6.2249059847 5.1634885136 3.4529626746 2.1648660875 1.6407451079 1.5952107058 1.6183781112 1.3780205761 1.1014692775 1.0035062832 1.1329712895 1.3635150684 1.4092557484 1.2176978184 0.8573286506 0.5780143365 0.4365530001 0.4088917994 0.4483637107 0.524655384 0.5982707219
0.2986301854 0.3398218228 0.3316615878 0.2831043864 0.215864623 0.162484557 0.1599998826 0.2654867183 0.597678726 1.3377527732 2.5636060868 3.9796586447 4.5977049381 4.1048389186 2.8375096606 1.7950735667 1.3028934988 1.2361771718 1.3154119369 1.3002079304 1.067826501 0.8050345177 0.6479073189 0.6133835673 0.6106521342 0.608643271 0.6787647124 0.9986174394 1.7529569543 3.0280451961 4.5105982552 5.237068217 4.462200113 3.051619391 2.0198003179 1.593409419 1.5493915658 1.5148089412 1.3334091627 1.06739067 0.9687076629 1.1284929444 1.415942563 1.5822130912 1.3110721079 0.8948228929 0.5460894019 0.3758640175 0.3562863391 0.4364958045 0.5712758729 0.7419335395
0.5554951381 0.6123255312 0.5613019886 0.4417863654 0.3137783717 0.2204788221 0.1935455819 0.2588336651 0.4806524439 0.968453758 1.7524070424 2.5418023209 2.9343673749 2.6812125289 2.0832278046 1.5782087281 1.4529322962 1.6103072418 1.7700500375 1.6512241207 1.3010222659 0.917962794 0.7188039383 0.6815623804 0.6949092757 0.6804597393 0.7150308698 0.9088701526 1.3745225534 2.1177422638 2.904382375 3.234164195 2.8780400179 2.128890024 1.5148410236 1.2666066625 1.2568245863 1.2683784364 1.1549142806 0.9685400123 0.8663732911 0.9648934295 1.2048628977 1.3003806288 1.1420639742 0.7851613658 0.4828777966 0.3244451509 0.3112884812 0.4084666104 0.5884233481 0.8452899447
1.4777629906 1.5170645936 1.2498202434 0.8758647949 0.5482081486 0.3570496571 0.2836676678 0.2948086827 0.4006301202 0.6426054166 1.0082579148 1.3775746844 1.5674692775 1.5201566134 1.3558997705 1.3187709566 1.5711250447 2.0326839671 2.26292924 2.059085138 1.4972382001 1.0129007701 0.7638008763 0.7012654242 0.691871848 0.6815432616 0.6824238908 0.7473170756 0.9241434562 1.2112847755 1.4903773767 1.5989207732 1.458566044 1.1707902162 0.9312033765 0.8584779953 0.9340626016 1.0369670737 1.024265066 0.8924717212 0.7502852647 0.7421070901 0.8308392796 0.8890529817 0.8009329678 0.6053704651 0.3963726766 0.2749584127 0.263239903 0.3569952062 0.5580430855 0.8703263244
3.8433319939 3.6291658153 2.7217100013 1.6586560075 0.9407536312 0.5983994182 0.4723039473 0.4323716542 0.4336245949 0.4946152774 0.6187323463 0.7618416588 0.8579736089 0.8838691881 0.9184173224 1.1081025458 1.577113597 2.1903354178 2.569218152 2.2181344268 1.5854254717 1.0479936472 0.7699115884 0.6697881919 0.6276614635 0.6018023439 0.5779400686 0.5532131211 0.5595211999 0.6044653443 0.658059367 0.6713213702 0.6239842714 0.5463930213 0.5026466817 0.5490152889 0.6922235074 0.8611264752 0.9433139441 0.8235112211 0.6540500291 0.5493300414 0.5428860456 0.5633741209 0.5407219131 0.4462774319 0.3252882962 0.2338625772 0.219293649 0.2986072653 0.4865404878 0.7949778891
8.6060428607 7.6028917941 5.0254236547 2.7307548851 1.457940317 0.9447999093 0.7854472874 0.6911727788 0.5994540597 0.5369884905 0.5437804107 0.5931946298 0.6432681012 0.6788374212 0.7435322599 0.9622923448 1.4195376365 2.0095756114 2.289132336 2.0688596088 1.5057038216 1.0285805348 0.7627086313 0.6311458185 0.5644515468 0.5143418948 0.4621283956 0.4024703244 0.3441921374 0.3037960625 0.2815185639 0.2687683796 0.2601483358 0.2633735918 0.3002660034 0.3969144144 0.5584063526 0.7388358122 0.8164217705 0.751266496 0.5816402263 0.4477249742 0.3969555764 0.406161138 0.4066899582 0.3635283488 0.2775755754 0.2086798815 0.1920580599 0.248963129 0.394586975 0.6405096515
15.9651817726 12.4490122212 7.2991146037 3.7529685592 1.9345971717 1.3209283363 1.145144195 1.008346057 0.805837501 0.6719784567 0.6212782684 0.6341854367 0.6670592427 0.6844689887 0.713671402 0.8459919879 1.1915480246 1.6184615927 1.86814797 1.7536794639 1.3961171553 1.0230346336 0.7762627454 0.6424299421 0.5548611862 0.48812763 0.4213507763 0.3521571826 0.2785345713 0.2092519214 0.16154976 0.1459613878 0.1641785882 0.2128348772 0.2916027345 0.4080884644 0.5593826316 0.7005470084 0.766039146 0.7100572898 0.5752662564 0.437860879 0.3636032371 0.3480096886 0.3479866496 0.3054065231 0.2442712963 0.1940718314 0.182445641 0.2147819101 0.301594727 0.4533725864
22.6525109567 14.1607059259 8.3419625167 4.1211399369 2.1586944003 1.5354727459 1.4079847096 1.1938595866 0.9365651891 0.7464982783 0.6842895869 0.6650144615 0.6861446588 0.707526026 0.6760576156 0.7376561839 0.9770048512 1.3445036321 1.6051882799 1.6183164166 1.3984554984 1.1131931885 0.8763082276 0.7117601591 0.6132155109 0.5375614052 0.4840655727 0.4254898999 0.3389371099 0.2398409371 0.16566172 0.1522924852 0.2086121048 0.3176075161 0.4532907551 0.5936386462 0.7342568118 0.8492871 0.8917375836 0.8324973871 0.6908634808 0.5296991727 0.4026422651 0.3310052066 0.2872740553 0.2464117007 0.2031681946 0.180099898 0.1763873094 0.1899776837 0.2197390852 0.2803934962
