Models/Synthetic/Density/temp_raster_dens.asc
NCOLS 101
NROWS 101
XLLCORNER 3302900
YLLCORNER 3112000
CELLSIZE 4386.138614
NODATA_VALUE NaN
[rows 46 to 68 of 101, columns 0 to 51 of 101]
0.000082017 0.0000794171 0.0000808179 0.0000853293 0.0000845381 0.000084951 0.0000854284 0.0000864257 0.0000877326 0.0000888857 0.0000903145 0.0000913268 0.000092661 0.0000938015 0.0000953119 0.0000992959 0.0000961482 0.0000974733 0.0000995797 0.0000982482 0.0000976322 0.0000978737 0.0000989443 0.0001002754 0.0001014502 0.0001015007 0.0001009514 0.0001008898 0.0001015439 0.0001020083 0.0001028076 0.0001032916 0.0001049624 0.0001072297 0.0001102367 0.0001178506 0.0001107965 0.0001100744 0.0001098385 0.0001099231 0.0001097321 0.0001110251 0.0001127894 0.0001133867 0.0001143138 0.0001152241 0.0001192768 0.000121929 0.000113018 0.0001120234 0.0001114501 0.0001155341
0.0000906343 0.00008017 0.0000816952 0.0000847131 0.0000869148 0.0000859881 0.0000863074 0.0000869799 0.0000878705 0.0000888319 0.0000896355 0.0000908493 0.0000919295 0.0000934889 0.0000948264 0.0000955828 0.0000960386 0.0000980354 0.0001012655 0.0000990975 0.0000985091 0.0000984449 0.0000990535 0.0001085087 0.0001030713 0.0001039648 0.0001011566 0.0001014052 0.0001035378 0.0001026526 0.0001030794 0.0001048673 0.0001058476 0.0001089941 0.0001139174 0.0001104617 0.0001104378 0.0001097319 0.0001111822 0.0001096742 0.0001097874 0.0001106292 0.0001128332 0.0001158743 0.0001144978 0.000119576 0.0001151159 0.0001139625 0.0001137934 0.000116886 0.0001117929 0.0001096003
0.0000796631 0.0000803426 0.0000820584 0.0000839062 0.0000858783 0.000088193 0.0000866972 0.0000872562 0.0000899045 0.0000890817 0.0000897736 0.0000907717 0.0000921246 0.0000934548 0.000100131 0.0000944272 0.0000949675 0.0000965895 0.000097765 0.0000998488 0.0001023245 0.0001006629 0.0001003846 0.0001012161 0.0001019448 0.0001020475 0.0001013366 0.0001018674 0.0001037071 0.0001042201 0.0001047704 0.0001147001 0.0001095862 0.0001071543 0.0001073214 0.0001081043 0.0001091687 0.0001085321 0.000108904 0.0001185533 0.0001092182 0.0001101491 0.0001121394 0.000113707 0.0001145812 0.0001141641 0.0001138893 0.0001123353 0.0001128745 0.0001165328 0.0001220673 0.0001097165
0.0000796067 0.0000808803 0.0000814916 0.0000957386 0.0000847219 0.0000857714 0.0000867336 0.0000874573 0.0000884912 0.0000894508 0.0000902657 0.0000911117 0.0000922945 0.0001009537 0.0000942074 0.0000944321 0.000094516 0.0000953289 0.0000971686 0.0000999527 0.0001063722 0.0001026707 0.0001018872 0.0001020968 0.0001011963 0.0001010019 0.0001011348 0.0001019674 0.0001037857 0.0001077426 0.0001064564 0.0001074866 0.0001075991 0.0001068898 0.0001054936 0.0001061129 0.0001064297 0.0001066726 0.00010704 0.0001075558 0.0001086498 0.0001101517 0.0001119423 0.0001134498 0.0001153367 0.0001131092 0.0001119531 0.000111449 0.0001119694 0.0001126137 0.0001125072 0.0001099798
0.0000793427 0.0000797232 0.0000808927 0.0000818469 0.0000833629 0.000084109 0.0000855363 0.0000972639 0.0000883567 0.0000895953 0.0000908 0.0000917066 0.0000927911 0.0000935716 0.00009504 0.0000952829 0.000095599 0.0000959415 0.0000981914 0.0001218697 0.0001023226 0.0001027199 0.0001060823 0.0001021227 0.000113206 0.0001013204 0.0001014724 0.0001021659 0.0001045865 0.0001066353 0.0001082721 0.0001099743 0.0001133123 0.000106203 0.000105231 0.0001045789 0.0001050575 0.0001051844 0.0001053841 0.0001060181 0.0001082772 0.0001110042 0.000114325 0.0001138216 0.0001132145 0.0001124349 0.0001115996 0.0001114954 0.0001117127 0.0001116906 0.0001104115 0.0001096557
0.0000792029 0.0000796121 0.0000801357 0.0000806192 0.0000816745 0.0000829577 0.0000846518 0.0000866283 0.0000883564 0.0000897739 0.0000912933 0.0000918511 0.0000931815 0.000094565 0.0000963191 0.0000984787 0.0000967472 0.0000976129 0.0001091725 0.0001043006 0.0001023442 0.0001129604 0.0001025845 0.0001028006 0.0001027691 0.0001028725 0.0001026133 0.0001027292 0.0001042441 0.0001131554 0.0001127373 0.0001085767 0.0001079607 0.0001071312 0.0001045926 0.0001036351 0.0001040776 0.0001051021 0.0001044252 0.0001058221 0.0001086166 0.0001182543 0.0001141437 0.0001137897 0.000112506 0.0001109101 0.0001105078 0.0001166776 0.0001187295 0.0001097931 0.0001093072 0.0001083971
0.0000801095 0.0000821063 0.0000798922 0.000080585 0.0000815322 0.0000827512 0.000083828 0.0000859057 0.00008883 0.0000890484 0.0000900862 0.000092393 0.0000943269 0.000099055 0.0000975424 0.0000975513 0.0000978914 0.0000993702 0.0001064574 0.0001029285 0.0001035967 0.000103288 0.0001039252 0.0001045574 0.000105315 0.0001059209 0.0001047343 0.0001043526 0.0001048724 0.0001060129 0.0001072403 0.0001073595 0.0001068946 0.0001066961 0.0001044296 0.0001033308 0.000103581 0.0001038872 0.0001042765 0.0001061434 0.0001162891 0.0001116487 0.0001127072 0.0001145608 0.0001112926 0.0001092457 0.0001090694 0.0001091617 0.0001090765 0.0001084471 0.0001078071 0.0001077538
0.0000863125 0.0000802924 0.0000797406 0.0000804384 0.0000872231 0.0000829099 0.000083889 0.0000857368 0.0000868184 0.0000879528 0.0000890703 0.0000921547 0.0001005817 0.0000974286 0.0000976889 0.000098458 0.0000986331 0.0001006809 0.0001043748 0.0001039811 0.0001040109 0.0001044911 0.0001063426 0.0001104929 0.0001086309 0.0001059709 0.0001120378 0.0001099776 0.0001041747 0.000104254 0.0001052213 0.0001058594 0.0001060653 0.0001058432 0.0001049891 0.0001051577 0.00010544 0.0001058805 0.0001055303 0.0001065949 0.0001121498 0.00012107 0.0001099674 0.0001123108 0.0001090157 0.0001075372 0.0001070813 0.000107493 0.0001077145 0.0001076224 0.0001069952 0.0001064774
0.0000799725 0.0000797574 0.0000792253 0.0000803493 0.0000814341 0.0000830884 0.0000933349 0.0000853793 0.0000862643 0.0000873437 0.0000887059 0.0000923894 0.0001030388 0.0000974732 0.0001029262 0.0000991815 0.0001007077 0.0001019759 0.0001042219 0.0001067891 0.0001057449 0.0001053805 0.0001063259 0.0001067431 0.0001181889 0.0001057669 0.0001052493 0.0001046367 0.0001036732 0.0001032782 0.0001038903 0.0001045644 0.000104783 0.0001051653 0.0001118504 0.0001059844 0.0001107132 0.0001106021 0.000107729 0.0001075852 0.0001076554 0.0001077526 0.0001077505 0.0001070266 0.0001068382 0.0001061216 0.0001067268 0.0001067441 0.0001086146 0.0001079915 0.0001065695 0.0001058952
0.0000790797 0.0000792616 0.0000794465 0.0000800863 0.0000813392 0.0000831865 0.0000846433 0.0000859862 0.000087017 0.0000881509 0.0000894669 0.0000919032 0.0000974894 0.0000971024 0.0000984644 0.0001004873 0.0001012186 0.0001031571 0.0001133573 0.0001115089 0.0001063553 0.0001058911 0.0001056544 0.0001114593 0.0001057106 0.000104999 0.0001043722 0.0001035005 0.0001027882 0.0001026182 0.0001028258 0.000103346 0.0001037561 0.0001047835 0.0001049482 0.0001060161 0.0001068546 0.000108574 0.00011029 0.0001083024 0.0001068706 0.0001074803 0.0001061345 0.0001059028 0.000105566 0.000114683 0.0001056416 0.0001179582 0.0001070001 0.0001069771 0.0001066738 0.000106389
0.0000807213 0.0000806806 0.0000801616 0.0000808008 0.0000821221 0.0000838112 0.0000853399 0.0000867188 0.0000885481 0.000090384 0.000091053 0.0000926625 0.0000948576 0.0000974824 0.0000991175 0.0001007641 0.0001023394 0.000103476 0.0001063197 0.0001064603 0.0001060501 0.0001047096 0.0001051004 0.0001055764 0.0001059023 0.0001058088 0.0001048734 0.000104162 0.0001034203 0.0001028654 0.0001141391 0.000102324 0.0001032046 0.0001040145 0.0001046026 0.000104305 0.000104891 0.0001062242 0.0001069844 0.0001068655 0.0001060904 0.0001055688 0.0001059095 0.0001062986 0.0001102051 0.0001053359 0.0001044852 0.0001098513 0.0001054483 0.0001053617 0.000106162 0.0001092733
0.0000863772 0.0000820385 0.0000813334 0.0000818038 0.0000831061 0.0000847506 0.0000868957 0.0000881316 0.0000899903 0.0000935148 0.0000924968 0.0000937776 0.0000967564 0.0000988611 0.0001010043 0.0001012215 0.0001017381 0.0001030003 0.0001045443 0.0001117868 0.0001046818 0.0001044422 0.0001045252 0.0001057442 0.0001064181 0.0001062466 0.0001060732 0.0001041818 0.0001047965 0.0001065671 0.0001018074 0.0001018901 0.0001029673 0.0001043224 0.0001041593 0.000104092 0.0001048592 0.0001053116 0.0001055553 0.0001048943 0.000104493 0.0001041901 0.000104213 0.0001061284 0.0001111757 0.0001044809 0.0001031884 0.000103657 0.0001048361 0.0001050201 0.0001059317 0.0001059512
0.0000841927 0.0000837831 0.0000826401 0.0000829667 0.0000840896 0.0000856058 0.0000875367 0.0000963403 0.0000905541 0.0000916342 0.0000935464 0.0000955769 0.000097863 0.0001056814 0.0001010793 0.0001010199 0.000101224 0.0001021253 0.0001155747 0.0001048937 0.0001040935 0.0001036414 0.0001186367 0.0001047136 0.0001077595 0.0001066887 0.0001057511 0.0001035992 0.0001025147 0.0001017123 0.0001017263 0.0001020075 0.0001035562 0.000104059 0.0001042282 0.0001040842 0.0001052546 0.0001100396 0.0001050839 0.0001041154 0.0001037315 0.0001033413 0.0001029705 0.0001038776 0.0001040859 0.0001031846 0.0001021733 0.0001029596 0.0001047591 0.0001065642 0.0001055086 0.0001049424
0.0000866996 0.0000849262 0.0000839402 0.000084281 0.0000852365 0.0000865436 0.0000885766 0.0000904485 0.0000917101 0.000092526 0.0000946426 0.000096859 0.0000991521 0.0000999176 0.0001006813 0.0001006455 0.0001009774 0.0001018097 0.000103346 0.0001043243 0.0001039451 0.0001031352 0.0001021737 0.0001029774 0.0001042918 0.0001139574 0.0001049048 0.0001030535 0.0001014076 0.0001007565 0.0001011191 0.0001043966 0.000103369 0.0001043905 0.000103874 0.0001040285 0.0001052627 0.0001066981 0.0001046515 0.0001034855 0.0001045444 0.0001033956 0.0001027179 0.0001017092 0.0001015531 0.0001015375 0.0001019713 0.0001033954 0.0001053014 0.0001102554 0.0001053865 0.0001048425
0.0000883897 0.0000858212 0.0000849427 0.0000853787 0.0000867979 0.0000875097 0.0000892518 0.0000924557 0.0000989891 0.0000934333 0.0000953669 0.0001010967 0.000098909 0.0000994273 0.0001000385 0.0001006379 0.0001013029 0.0001018287 0.0001029199 0.0001060125 0.0001045731 0.0001013717 0.0001002209 0.0001003558 0.0001023195 0.0001038578 0.0001060863 0.0001029256 0.0001027447 0.0001008293 0.0001012177 0.0001022679 0.0001030723 0.0001030956 0.0001032762 0.000103582 0.0001046158 0.000104584 0.0001037867 0.0001026274 0.0001028138 0.0001060607 0.0001018379 0.0001014608 0.0001016747 0.0001019162 0.0001022717 0.0001034413 0.0001077159 0.000105137 0.0001043965 0.0001055333
0.0000858957 0.0000858962 0.0000861851 0.0000868963 0.0000878637 0.0000886678 0.0000903149 0.000092771 0.0000937661 0.0000947607 0.0000964611 0.0000977016 0.0000990927 0.0000996484 0.000100797 0.0001014249 0.0001018678 0.0001028424 0.0001030843 0.0001030796 0.000101723 0.0001004524 0.0000997262 0.0000998351 0.0001003631 0.0001016217 0.0001033362 0.0001030793 0.0001020634 0.0001017395 0.0001020124 0.0001022246 0.00010292 0.0001019786 0.0001025326 0.0001035075 0.0001044728 0.0001053674 0.0001036936 0.0001025614 0.0001019737 0.00010119 0.0001009671 0.000100651 0.000108633 0.0001066215 0.0001018918 0.0001030393 0.0001035423 0.0001030844 0.000103025 0.0001040932
0.0000857768 0.0000859509 0.0000869782 0.0000931048 0.0000889979 0.0000897252 0.0000913135 0.0000920734 0.0000940488 0.0001023012 0.0000974372 0.0000977824 0.000099106 0.000100838 0.0001022629 0.0001036595 0.000102222 0.0001022948 0.0001110203 0.0001013266 0.000100009 0.0000996092 0.000099815 0.0001001255 0.0001001388 0.0001006623 0.0001012561 0.0001020174 0.0001027033 0.0001035106 0.0001029076 0.0001074024 0.0001021027 0.0001015001 0.000101948 0.000106274 0.00010487 0.0001036544 0.0001078141 0.0001079858 0.0001092857 0.0000989461 0.0000989303 0.0001005136 0.0001002053 0.0000999602 0.0001003909 0.0001066154 0.0001026789 0.0001014556 0.0001019425 0.0001034085
0.0000870686 0.0000864062 0.0000877847 0.000089439 0.0000897937 0.0000906931 0.0000920632 0.0000924816 0.0000948202 0.0001044737 0.0000993825 0.0000991724 0.000100503 0.0001031674 0.0001045274 0.0001035073 0.0001025485 0.0001018156 0.0001011702 0.0001006321 0.0001003666 0.0001001918 0.0001003189 0.0000999717 0.000100981 0.0001013167 0.0001014387 0.0001012824 0.0001033246 0.00010447 0.0001039648 0.0001028593 0.00010258 0.000102223 0.0001018784 0.0001021113 0.000102033 0.0001013417 0.0001008876 0.0001010219 0.0000991632 0.0000980346 0.000097371 0.0000985628 0.0000987991 0.0000984839 0.0000984554 0.000099455 0.0001003156 0.0001009645 0.0001006048 0.0001135077
0.0000854935 0.0000866548 0.0000891192 0.0000886239 0.0000894794 0.0000912265 0.0000936561 0.0000942632 0.00009568 0.0000995937 0.0000998907 0.0001002947 0.0001069022 0.0001035731 0.0001036127 0.0001049083 0.0001024433 0.0001010643 0.0001002211 0.0000997539 0.0001002208 0.0001053575 0.0000998937 0.0000993921 0.0001007626 0.0001081175 0.0001012429 0.0001009802 0.0001018904 0.0001024637 0.0001028116 0.0001096396 0.0001016848 0.0001005837 0.0001021489 0.0001013465 0.0000994565 0.0000994359 0.000098734 0.0000987266 0.0001059024 0.0000966617 0.0000956675 0.0000965548 0.0001031844 0.0000984841 0.0000969875 0.0000976691 0.0001021418 0.0000985618 0.0000986565 0.000099511
0.0000862101 0.0000990192 0.0000875862 0.0000883646 0.0000890487 0.0000908196 0.0000988459 0.0001011124 0.0001068968 0.0000958973 0.0000978697 0.0001026902 0.0000999827 0.0001017667 0.000103898 0.0001044615 0.000103156 0.0001012118 0.0001002759 0.0000995818 0.0000998876 0.000099577 0.0000997993 0.00009923 0.0001008182 0.0001009707 0.0001018475 0.0001015533 0.0001013912 0.0001011109 0.0001022178 0.0001020719 0.0001012278 0.0000997228 0.0000995885 0.0000992913 0.0000986656 0.0000980799 0.0000998937 0.0000975703 0.0001069191 0.0000955227 0.000094439 0.0000952962 0.0000959776 0.0000962955 0.0000962879 0.0000989999 0.0000973249 0.0000971532 0.000096824 0.0000971821
0.0000911882 0.0000879323 0.0000879078 0.0000882036 0.0000893355 0.0000907439 0.0000927523 0.000105342 0.0000941607 0.0000945507 0.0000963694 0.0000971521 0.0000983186 0.0001002715 0.0001096945 0.0001069412 0.0001033216 0.0001024913 0.0001014036 0.0000998651 0.0000985961 0.0000983089 0.0000987429 0.0001009113 0.0000989672 0.0000992975 0.0001055195 0.0001151969 0.0001012193 0.0001013159 0.0001014991 0.0001014275 0.0001104061 0.0000986911 0.0000989375 0.0001070692 0.0000985419 0.00009733 0.0000970136 0.0000961745 0.0000949119 0.0000944682 0.000094061 0.0000944714 0.0000949609 0.0000959718 0.0000967484 0.0000970911 0.0000968536 0.0000964677 0.0000964443 0.0000965142
0.000088986 0.0000895095 0.0000886761 0.0000889673 0.0000897732 0.0000919974 0.0000915782 0.0000928238 0.0000935183 0.000094502 0.0000954783 0.0000972239 0.0000986031 0.0001123973 0.0001023118 0.0001033678 0.0001030208 0.0001092042 0.0001065494 0.0000995554 0.0000978597 0.0000980164 0.0000988269 0.0000990162 0.0000986017 0.0000988211 0.0001001202 0.0001010081 0.0001017958 0.0001017689 0.0001024529 0.0001015982 0.0000999863 0.0000986472 0.0000987735 0.0001052893 0.0000985022 0.000096827 0.0000959366 0.0000949085 0.0000947844 0.0000946359 0.0000951501 0.0000951843 0.000097044 0.00009778 0.0001009559 0.0000981787 0.0000974995 0.0000973605 0.0000971415 0.0000974825
0.0000903438 0.0000893122 0.0000898056 0.0000897699 0.000090423 0.0000911776 0.0000936961 0.0000926802 0.000110205 0.0000943672 0.0000954651 0.0001016046 0.0001054796 0.0001007544 0.0001016864 0.0001016446 0.0001029821 0.0001017893 0.0001017349 0.0000986578 0.0000971277 0.0000974667 0.000099087 0.0000980755 0.0000986508 0.0000985266 0.0000992688 0.0001093189 0.0001004972 0.0001019732 0.0001020797 0.0001014436 0.0001005778 0.0000993348 0.0000991518 0.0000987906 0.0000984826 0.0000981523 0.0000959632 0.0000954361 0.000095659 0.0001023209 0.0000958127 0.0001062207 0.0000974273 0.0001049338 0.0001011813 0.0001003733 0.0000997301 0.0000987019 0.0000986292 0.0000989921
