Models/Synthetic/Density/temp_raster_pop.asc
NCOLS 101
NROWS 101
XLLCORNER 3302900
YLLCORNER 3112000
CELLSIZE 4386.138614
NODATA_VALUE NaN
[rows 69 to 91 of 101, columns 0 to 51 of 101]
6.7276749234 6.7721934256 6.7968262462 6.8826234153 6.9015902443 6.9507120957 6.9346210627 7.0302797895 7.0621972859 7.1584264236 8.1398989414 7.4393422637 7.710355378 7.7209892721 7.7306258715 7.7768142426 7.652242584 7.5849694288 7.4494053873 7.373571911 7.3146582443 7.3260519799 7.3396457798 7.341288923 7.337769868 7.4196456594 7.6339636874 7.5014808651 7.5050889299 7.5320675535 7.6058511831 7.6746411803 7.6203821294 7.661428709 8.3514678455 7.4168270146 7.9176037882 7.40365169 7.3720596829 7.2535481985 7.988374858 7.3646993462 7.2689899692 7.2369494455 7.3598342159 7.5281510428 7.6370895711 7.8953651256 7.6752182083 7.6036035329 7.5731475262 7.7374268027
6.7803079245 6.8114257812 6.8459575568 6.9302009749 7.2902857259 6.9910066094 6.9712134701 7.0003092989 7.0736881236 7.1857733873 7.2888629908 7.413607246 7.5155498041 7.6996658235 8.0602944122 7.7619627337 7.8020387854 7.5143409875 7.4091807615 7.4286244829 7.397707041 7.3616896784 7.2617027665 7.2478840633 7.2751745466 7.3986723809 7.4371482706 7.4315609644 7.3498039315 7.3843531349 7.4721397916 7.5430619701 7.6043772972 7.5407622498 7.4637962191 7.4002365551 7.3887685618 7.7842215172 7.3305395915 7.3230158982 7.3044195333 7.2795140146 7.2105094422 7.2004592447 7.280346547 7.4059630203 8.3553529565 7.6468038488 7.7521234556 7.897060501 7.700575367 7.5642480142
6.9578009781 6.9201104038 6.9680829783 7.0557111024 7.096566612 7.1604117849 7.1247572957 7.1453329844 7.1703896968 7.2966406946 7.4069347507 7.4363846276 7.4908003123 7.6306990461 7.713492098 7.7698598128 7.6552762454 7.5603446366 7.4768752887 7.5095715315 7.9785259459 7.3705010746 7.2504737713 7.2551507903 7.2823854471 7.3479551218 7.685739288 7.3073730496 7.254536632 7.2825375744 7.3588954343 7.4495425163 7.4738805959 7.4604196349 7.4205863885 7.3628066399 7.3502201356 7.3061834242 7.3333008072 7.340374214 7.3986748569 7.2626923805 7.1638541068 7.2081920169 7.3109478121 7.4358551629 7.4937724165 7.622599995 7.7588620755 8.2196998808 7.6928942633 7.9144577698
7.0695363539 7.0993828467 7.1555581736 7.9424106724 7.185601178 7.227286166 7.8188837848 7.2211327038 7.2287236528 7.394227134 7.5235237599 7.5277174255 7.557726574 7.5648136782 7.6095717662 7.6826452585 7.7581415357 7.5896912068 7.5500845644 7.7114346684 7.4899883226 7.3919275927 7.2830941191 7.3009915829 7.3920910792 7.3410204468 7.2907241822 7.2430547679 7.1931469056 7.231758658 7.302220186 7.3611341129 7.3965584292 7.3949335902 7.437118822 7.4846556826 7.3175664481 7.2350148677 7.2446694562 7.3702053341 7.9708368115 7.2705664582 7.1252580702 7.1743570829 7.5415101513 7.6066618252 7.4966210529 7.6193429962 8.2485413091 7.8173867722 7.7564977487 7.6235757463
7.2019154964 7.6794997036 7.2941714135 7.2746792517 7.2768213573 7.3154065505 7.2896446016 7.3062367451 7.2709008807 7.3503563692 7.4412069616 7.9645671038 7.6283978292 7.5710445033 7.5692916528 7.6171846837 7.6373523103 7.658335679 7.5803593764 7.4969374015 7.4317900257 7.3587565152 7.3537032622 7.3931926217 7.3981643246 7.3568541351 7.2665394118 7.2048585848 7.1921373022 7.2681488529 7.3401859071 7.3653631152 7.3424271991 7.3626533949 7.3788560335 7.9359540153 7.3445447027 7.2873256629 7.2479182203 7.3064294175 7.5580121752 7.2300427706 7.1201104979 7.1483737015 7.3383174452 7.4933951372 7.7725385791 7.6367694204 7.7068899628 8.0173683985 8.0059290024 7.5788414145
7.3233635958 7.3808929812 7.3873974494 7.3360546172 7.3180888228 7.3274672314 8.1819842328 7.2915972614 7.8460113934 7.3619740901 7.4445599172 7.5111124962 7.5499300725 7.5449083087 7.5372102354 7.5471132753 7.5877618379 7.6003720282 7.5425401738 7.4707044631 7.4321308533 7.4277498266 7.498145094 7.5605220538 7.6089524932 7.5496635227 7.4332105216 7.3226803652 7.2663753278 7.3355300456 7.6851385709 8.2616265468 7.3182238865 7.2761638354 7.2914187588 7.3155932438 7.607978104 7.3285114994 7.5922541102 7.201347285 7.1715835211 7.2903854807 7.1742938168 7.174992992 7.2613305136 8.4660645889 7.5718487283 7.5865976492 7.6397421069 7.6442722001 7.5928488829 7.4870105206
7.3926588508 7.4330819818 7.4517005901 7.4092391787 7.3524457294 7.3480638175 7.4663430738 7.3041223721 7.292722423 7.8664177211 7.9763814262 7.4570560223 7.4776581874 7.4990636081 7.5150141664 7.5723328879 7.6034879374 7.5970352577 7.5331797629 7.5071153899 7.5117133753 7.5764226578 7.6823802941 8.2523010341 7.8823406514 7.8943968173 7.8940648865 7.4644655187 7.4134046297 7.4735006223 7.5001256805 7.4889000056 7.3394044122 7.2619581126 7.2002071927 7.2178677042 8.1014043322 7.226111159 7.1592547209 7.1370214247 7.0963121708 7.1614413155 7.5782095549 7.1821842673 7.3328416458 7.4962695611 7.6716146191 7.5325436939 7.4965542527 7.4801312145 7.4294912608 7.3759580826
7.4294683284 7.5669130001 7.5264940186 7.464024846 7.3830730563 7.3867476241 7.3461526483 7.3143491611 7.2818807938 7.4140709935 7.543329045 7.5794656079 7.5207064263 7.4977842973 7.534052865 7.6092119842 7.831635525 7.628904402 7.5751773811 7.6238445018 7.6934985403 7.7492356759 8.3576912766 8.4217330057 7.7793315788 7.7236823004 7.7771214996 7.5818045981 7.4552596708 7.5271626543 7.9736343239 7.5595765354 7.4749713066 7.2773689445 7.226314781 7.1962486796 7.1739093216 7.1290815913 7.120663369 7.1174344759 7.1100743423 7.165651686 7.2065796934 7.2229260762 7.2947713879 8.1498031033 7.6523900197 7.467621237 7.4405710877 7.4326125165 7.4257058515 7.3818018802
7.4338434299 7.522367583 7.5901674652 7.5151920608 7.4226120453 7.374469729 7.845511087 7.3249771886 7.2946312627 7.381359142 7.7413345369 8.216411111 7.5444086692 7.5248647259 7.5978198006 7.6787080184 7.696278753 7.6913822575 7.695390191 7.7654947463 8.1582536731 7.9648523044 7.7929403375 7.7340556009 7.6673209692 7.6244040703 7.6048958803 7.5445945366 7.5019383611 7.5524893113 7.6494670112 8.0006452835 7.5388584384 7.3502673717 7.2654237124 7.77626232 7.2369787897 7.20825289 7.2742487213 7.2823934589 7.2847383944 7.2478134662 7.2413393128 7.5446910205 7.3118992907 7.3722170846 7.4685504193 7.447738605 7.4457778148 7.4644130324 7.4721251991 7.5060621836
7.4480263008 7.501626849 7.5485028528 7.5662946909 7.4450694679 7.4244473211 7.4089277914 7.4167171399 7.35532705 7.410416487 7.4972875566 7.5490564757 7.5511095884 7.5728293858 7.6382557373 7.7774301089 7.6765293791 7.6978228281 7.836792246 7.9834073477 7.9099748461 7.8594449226 7.7385738558 7.6689916225 7.6483285279 7.6566824925 7.629750319 7.64003308 7.5027549146 7.4832711522 7.5447307531 7.9541611906 8.2332445735 8.2651587852 7.3369859245 7.2983843782 7.3392766611 7.8231447249 7.4002855768 7.8744478894 7.5510170145 7.4401838436 8.2354575893 7.4020634746 7.3209367372 7.3354480895 7.4273860903 7.5392121165 7.4853909656 7.478461347 7.5005174783 7.5744137826
7.5066230966 8.1248648595 7.5163186853 7.4456204558 7.4656064146 7.4838510257 7.5105569319 7.510588246 7.4419541553 7.4119238247 7.4295419396 7.4802672644 7.5624651224 7.6316639026 7.7349153156 7.7223420934 7.7081793411 7.6770388465 7.7693157661 7.8927893237 8.1317844375 7.8919874202 7.7833315713 7.7416779069 7.7190033295 7.7385040721 7.7923489481 7.6535518755 7.5389116251 7.423670041 7.4190307791 7.4158222098 7.42222584 7.4342718303 7.4036524858 7.4308978819 7.5154747425 7.4915126804 7.5338177796 7.569045455 7.5727882863 7.5795558944 7.977575046 7.5859588153 7.4060516054 7.3892651682 7.7747280658 7.5668400756 7.5703897221 7.5763860979 7.5356858011 7.4621776016
7.5284200871 8.0212980028 7.4897199307 7.3909979017 7.4208915887 7.5307881362 7.7897663261 7.608030113 7.5303510337 7.4998483917 7.5162231245 7.5889228195 7.6901728267 7.8009246895 7.8234636599 8.1202486215 7.696942659 7.6659885314 7.7478390929 7.9131580838 8.0199653282 7.9925746901 8.3076504684 7.7970500194 7.8089367491 7.9162353574 7.821297735 7.7550857055 7.5694791854 7.4470527117 7.3482767176 7.2787403036 7.2834797914 7.3155685466 7.4585343933 8.3078432139 7.7042501843 7.6566895545 7.5443026707 7.5650616619 7.7774572395 7.5364629161 7.5251141623 8.2512653997 7.4109142094 7.3872386252 7.4859958962 7.6060487126 7.7723874925 7.6647556569 8.0478621308 7.4677251195
7.6244363216 8.375219256 7.4662010326 7.3855541946 7.4709370108 7.6427011519 7.7222584509 7.7135815975 7.6276832655 7.6317508612 7.6902354733 7.7966052936 7.9534940447 8.0135525926 8.0526647816 7.84251303 7.756132287 7.7567871736 7.8483735358 7.9717661776 8.0722944364 8.1202389675 7.9428524706 7.8782961079 7.8823623094 8.0219536007 7.8615611181 7.720347131 7.6038484614 7.5484919283 7.3455562022 7.2665988733 7.2449322982 7.2778054238 7.4132736634 7.8183825002 7.656776634 7.6186037273 7.6006843042 7.5984079388 7.5209643032 7.4376230878 7.3835972399 7.3476229729 7.3420180985 7.3275191046 7.4452930582 7.6637446714 7.6821818486 7.74507659 8.0005641091 7.489324504
8.0255131904 7.5862256222 7.4667401376 7.42987598 7.568890029 8.2060765784 8.3361146021 7.7996454431 7.7757138852 7.7693200264 7.8913252225 8.051190543 8.1917834724 8.331566849 8.0787282136 7.903358023 7.8180306436 7.9336226885 8.1300231432 8.0942337921 8.0683697537 8.0572645136 8.0459434819 7.983942703 7.9831734638 7.9310287713 7.901571531 7.7209228031 7.6185832461 7.4921849143 7.3600309724 7.2660552697 7.2953373138 7.2428415393 7.3465478979 7.4422835819 7.5550146046 7.6160352048 7.6228443245 7.5741112907 7.4874295304 7.3458754239 7.2705369568 7.2410643521 7.2556698089 7.3232760476 7.4541620489 7.6037846391 7.8027312871 7.7899610595 7.8436628508 7.4747573728
7.5953627833 7.5899929369 7.4466276939 7.4936177234 7.679050106 8.0886539454 7.9310192373 8.6429064362 7.8881741076 7.892433245 8.0145542058 8.2864090669 8.2937216535 8.2909386466 8.1994193532 8.0493934984 7.9443445585 8.044284697 8.5550891611 8.1445689894 8.1034197041 8.2007251302 8.2080990068 8.3766406054 8.1177674164 7.9968438778 7.8662165536 7.697429018 7.6182172876 7.490763102 7.3537847564 7.32529466 7.2861761979 7.2730412904 7.271339038 7.4790376183 7.4398791073 7.495533072 7.5776628042 8.5483617419 7.4727362977 7.3517270624 7.2736069376 7.2865534836 7.3369571123 7.4059113191 7.4656554751 7.5763629696 8.5707706562 8.1153037276 7.6212822688 7.4727455111
7.4533321513 7.4190760927 7.4250114341 7.5576253079 7.844805146 7.883516124 7.945292175 7.9756384844 8.7650943703 7.9649127944 8.1040401759 8.2206291535 8.2842095893 8.2660249359 8.5734134877 8.2871807078 8.1743412082 8.1128351384 8.0371230194 8.1172317417 8.2634571133 8.287352146 8.6723726502 8.3093768153 8.2328791643 8.5672371343 7.8276195997 7.6413013992 7.54744104 7.4602233317 7.420599819 7.4058940119 7.5697401402 7.2899034205 7.2648557174 7.3031495692 7.3636628879 7.40455517 7.4806106094 7.5057692918 7.5422904655 7.4445256068 7.3809640588 7.3217791805 7.928585344 7.5543277419 7.4627471031 7.5044266287 7.5778522774 7.6784952156 7.6722290717 7.4536876581
7.3704481959 7.3870974209 7.4199600329 7.5596580704 8.8359143613 7.8777771499 8.1307554541 7.9812369269 7.9862031993 8.0684624787 8.1481564929 8.3961888605 8.2944532291 8.3167510204 8.3538654347 8.6764433216 8.5967781443 8.0609619382 7.8993220966 7.972007948 8.1868599141 8.2718265958 8.4234773183 8.5651824163 8.1638307166 8.8337063199 7.7989585788 7.6030352024 7.5144923272 7.4523523386 7.458820422 7.9254419003 7.4542560951 7.3468524351 7.2558654914 7.2570345986 7.3191478169 7.3262765131 7.362957477 7.4279853394 7.5139183169 7.9083953701 7.4098364954 7.3420631534 7.3699160987 7.420731423 7.503746521 7.4039330593 7.4518777837 7.502714182 7.5702315363 7.4886714007
7.3701251514 7.5251406295 7.4696735153 7.5661524127 7.6993767715 7.8535496672 7.956985467 8.0638855767 8.0623076947 8.1359541346 8.442628763 8.2857921022 8.314015101 8.5274745882 8.2671100655 8.287418657 8.3099040936 8.0430229114 7.8450611491 7.8352063315 7.9141575356 8.0657509665 8.5498068981 8.5555997365 8.0248148713 7.8289946386 7.7298053288 7.6315031393 7.5492083476 7.4834074667 7.5095561323 7.5101290346 7.4841728575 7.3759928028 7.3079576473 7.2750350596 7.2673592299 7.2840481241 7.3174106657 7.3861615953 7.5854436746 7.5248367441 7.4521413073 7.2858137698 7.3084788326 7.344632837 7.3483118439 7.3295943537 7.3396941184 7.4437123773 7.5170760213 7.5237308048
7.3666534006 7.44421189 7.4700579524 7.7380974708 7.6289912472 7.7301430216 8.0360133276 8.3567344188 7.9890884871 8.0998514517 8.742210302 8.2144512691 8.1637524855 8.158364993 8.1179891362 8.1256756706 8.1206946759 8.0963346354 7.8386169231 7.7297815904 8.6574888376 7.9472217985 8.0474776162 8.3006070016 7.8816206968 7.7443362453 7.7140394354 7.7459414729 7.57707683 7.5168252825 7.5125237039 7.4974610288 7.4738177829 7.4684453456 7.4166011809 7.350685245 7.2800763572 7.3104987583 7.3464255081 7.4505678822 7.4840300379 8.3713901253 7.3557425605 7.2582666087 7.2692649897 7.4765903794 7.2830905114 7.2627099733 7.3104360748 7.4297471465 8.2382170549 7.6531603036
7.3359126017 7.341634115 7.4380974446 7.5308798017 7.6152067992 7.7023955823 7.8114082386 7.9182613819 7.9447581136 8.0216782133 8.0220953451 8.0728886409 8.1884114205 8.0268196804 8.0372343967 8.0595643858 8.225787132 8.2536522344 7.8778390784 7.7281729141 7.7361533735 7.8486891222 8.2560169388 7.9163249575 7.8124708378 7.7227057765 7.7329056816 7.6680916809 7.5992806455 7.5261824013 7.5106284023 7.5016781942 7.4995764389 7.5586040388 7.6610217848 7.4448150762 7.3159132157 7.3530906138 7.6905940213 7.4420909663 7.9377842854 7.4653894024 7.36541923 7.2321853679 7.2487745145 7.256405765 7.27386779 7.2691360156 7.3345995541 7.4883809433 7.6592954707 7.6907956754
7.2425259056 7.3008768718 7.4115792125 7.4921118206 7.6375103661 7.6445190938 7.7446565623 7.8542217054 8.4783340886 7.9113150678 7.8897521687 7.9391451146 8.0160995666 8.0529257091 8.0645970191 8.1845989454 8.0634919442 8.6211457529 7.9114335232 7.8018188238 7.7932467126 7.8562336452 7.955928615 8.0197933985 7.8002300555 7.79797474 7.770046522 7.7476753331 7.5879612377 7.5341972578 7.5051449019 7.4967980552 7.5053650793 7.5922327009 7.8872030701 7.4597283046 7.3663592501 7.4875954137 7.5311840022 7.6060281506 7.5153289264 7.5893763029 7.3500082545 7.2536468261 7.2050673366 7.2283050768 7.2699125258 7.3238625397 7.4018345026 7.4938716394 7.707557221 8.0954122788
7.1820661749 7.3320781526 7.4108564428 7.5107450836 7.61120464 7.6613086974 7.7718510677 8.4131361896 7.9264101589 7.9408327527 7.8852565143 7.8916639836 7.9864218027 8.1717647775 8.0290624503 7.978283406 7.9974166122 7.9636884464 7.9487312125 7.9392864304 7.9135133116 7.8787058215 7.8512773501 7.8046520745 7.8591435605 8.4145324182 8.7929144596 7.6839307781 8.3752534985 7.5377018777 7.5115199348 7.5526473501 7.5568674298 7.5739179362 7.4996190406 7.4797544148 7.4544689055 7.5976637142 8.2047275695 7.6448548421 7.6879016738 7.5180747699 7.4561252515 7.2844892908 7.2228157315 7.214036308 7.2856869703 8.152892953 7.4359624816 7.5039954058 7.597843157 7.6956543523
7.2109870474 7.2774738224 7.4477198197 7.8536317681 7.6165290269 8.3856363617 7.7992741166 7.8419975705 7.9028594518 7.9319072725 7.9412763194 7.9352962209 7.9778429316 7.9522564452 7.9341200231 7.9029492021 7.9955790792 8.052335288 8.0535865972 7.9835253863 7.9556383311 7.9293821377 7.8091579708 7.7564189889 7.7704577808 7.815299509 7.756585117 7.6894397496 7.6343695084 7.6292195069 7.6169311098 7.6296034394 8.1234928177 7.5871637465 7.5063968378 7.5446490455 7.7045234392 7.681829912 7.6812864902 7.6981421218 7.57135463 7.6298077426 7.4348046968 7.3479655964 7.2415120003 7.2309192324 7.3066222747 7.4204212788 7.5012666136 7.5264681356 7.5874456349 7.7020715409
