Models/Synthetic/Density/temp_raster_pop.asc
NCOLS 101
NROWS 101
XLLCORNER 3302900
YLLCORNER 3112000
CELLSIZE 4386.138614
NODATA_VALUE NaN
[rows 0 to 22 of 101, columns 0 to 51 of 101]
7.1752071647 7.1929543014 7.2070980937 7.2428171443 7.308491752 7.3913722095 7.4726343127 7.5460842493 7.6315199976 7.617627205 7.6216287202 8.1357633911 7.3890386369 7.2324731291 7.2112776504 7.4039533193 7.0811708722 7.0905526341 7.8251834862 7.3572371893 7.4188612707 7.521769296 7.6600858889 8.0358708382 7.6016929729 7.5811928495 7.4768374587 7.4747267877 7.4997858628 7.5235271173 7.5822658526 7.7342030863 8.0324527054 7.9059193015 7.7134438237 7.3185594093 7.0954147188 7.0223439251 7.1387357656 6.7043751659 7.3697381871 6.4373805199 6.3289472296 6.305523531 6.7542176815 6.6351334452 6.8651576429 7.0858536614 6.7633834037 7.0643134033 7.0755697401 7.1388538356
7.2711135342 7.2716849431 7.293789997 7.3550819707 7.4273535718 7.5374420576 7.6089354367 7.6956908205 7.7221555572 7.8596049172 7.639209474 7.5298518334 7.4252038207 7.2810258604 7.2345385221 7.1929643341 7.1229461729 7.1854269961 7.2941327306 7.4759555683 7.4757882917 7.5284913895 7.6323485358 7.6519889388 7.8105965646 7.574517136 7.5980265603 7.6081478757 7.6002204674 7.5578892471 7.5829179554 7.7131444525 7.7954088636 7.7871401313 7.5553888148 7.3009412714 7.1169871579 7.0153525354 6.8832228135 6.7235428627 6.5749130603 6.4848097943 6.4962931737 6.3048960848 6.2962786819 6.4468617959 6.5696784227 6.676710449 7.4812401463 6.9162359432 7.155635421 7.1519592194
7.3513254934 7.4311682351 7.3753780207 7.439227376 7.6398272169 7.6189427365 7.8709327046 7.8808200348 7.9753411503 7.7282610324 7.6408815685 7.5755566375 7.4938695705 7.3968998413 7.2673697494 7.1934763087 7.1983508365 7.2532222641 8.32338123 7.4436349666 7.4943388866 7.550989528 7.5431654887 7.6451029752 7.5703289587 7.6037434896 7.7013999688 8.0953526475 7.6775733078 7.5870630216 7.5652346923 7.6023364421 7.860503817 8.3245075519 8.1468962448 7.2118741675 7.1100175818 7.3015995823 6.8749520271 6.7243979306 6.6257752059 6.6030598211 6.42327491 6.2980671599 6.2023598664 6.2293815294 6.7606256886 7.0652535901 6.7046529694 6.8644172798 6.953728829 7.1338126498
7.4301392574 7.4512732748 7.45871732 7.49312519 7.5185198034 7.6348075308 7.7328533738 7.8120962845 7.8000438457 7.7471463349 7.6684101122 7.6439413326 7.7842453131 7.5287154902 7.4291561252 7.3664310993 7.3420968711 7.5416052456 7.4609772862 7.6003931486 7.497439397 7.4613948317 7.4889839844 7.4868258536 7.5224314131 7.6084646917 7.7524896737 7.7869717472 7.7146816165 7.5896327761 7.5160592185 7.5594692112 7.5966600521 7.7327991093 7.3776164382 7.1869336295 7.09167301 7.4710318467 6.885479782 6.7547399726 6.8345721949 6.5213148905 6.4786869775 6.8374404945 6.1803246898 6.1554463748 6.292507293 6.549167555 6.9577296135 6.8474705956 6.9028571375 7.0472388197
7.5045121109 7.5380747055 8.3080341625 7.4648354983 7.4188130893 7.4823431275 7.7739560896 7.9567843625 7.6941136596 7.7590740252 7.7302370127 7.7196836539 7.6566639905 7.6324972321 7.7133429348 7.6591650582 7.5118403102 7.4414195358 7.4843557856 7.6389711157 7.5112194728 7.4479786355 7.4517309647 7.4762316572 7.5192953885 7.6422453473 7.7916262348 7.7934952041 7.657844449 7.5102897819 7.44771021 7.448471151 7.656565335 7.4472872143 7.3843977856 7.130248288 7.7634411111 6.8879654838 6.7842616189 6.7763859817 6.5973974543 6.4794997428 6.3626053222 6.3476979616 6.1667586875 6.0978746689 6.1877282195 6.4730372501 6.9859479665 6.9011203644 6.9811502576 7.0323602264
7.5828732162 7.6425530698 7.594228828 7.4261318912 7.3308396935 7.3675972963 7.4471865511 7.5187587681 7.5956044731 7.6737436348 7.8577083002 7.7218038052 7.682815575 7.6806385161 7.6837807841 7.6571184073 7.6579978042 7.4404959916 7.4330865756 7.5220144381 7.509477892 7.5313912686 7.5297571986 7.5491139087 7.6167650642 7.5933787379 7.7108684102 7.5815913173 7.4714379685 7.3959110599 7.3546611632 7.3685812824 7.3337239242 7.3343169668 7.4193415214 7.0802980609 6.8642114625 6.7115121908 6.6836286394 6.6421240636 6.5821020756 6.4094514697 6.2764837809 6.1616129097 6.126757445 6.0904808139 6.1743406835 6.411800887 6.6920353698 6.8784474767 7.0716592415 7.091061926
7.5727003285 7.5478160899 7.4607238546 7.349374226 7.2666800719 7.2486337995 7.292798199 7.3557780376 7.4318316796 7.5238772194 7.6226052861 8.0845797346 7.7080675298 7.6777546003 7.7029604065 7.9488810731 7.6054338783 7.5056815264 7.4225326508 7.4421379887 7.5621916753 7.5265193193 7.578458367 7.7799809265 7.5317589676 7.5104862303 7.4461521309 7.3907317856 7.2844666213 7.2627146623 7.3277934732 7.3409962389 7.2971689054 7.1945074863 7.1193196221 7.488990476 6.7334245465 6.6117166872 6.5879381254 7.0678593401 7.1530620277 6.4893294384 6.2257428103 6.0957903681 6.0756368285 6.1033899436 6.1830064783 6.3396792609 6.5472655072 6.7907141332 7.0153097649 7.3496790275
7.3743749125 7.3457191519 7.3100942422 7.2660347214 7.210425546 7.2068906388 7.2485940022 7.3190456116 7.3309317781 7.3590579574 7.4589249174 7.57945038 7.7885213819 7.7236615884 7.669504566 7.655140924 7.7932680893 7.5821755744 7.5321260239 7.4941233333 7.4739453054 7.5135731002 7.5740680303 7.5012482561 7.4491803801 7.3599642741 8.0013210388 7.2225435934 7.1609571333 7.1617808144 7.2434024699 8.056108707 7.9270041333 7.0782549885 6.9619569877 6.8126355166 6.7122446724 6.6090724898 6.6695751193 6.559381578 6.519251484 6.9816701387 6.2085098842 6.0771706048 6.0690686775 6.1403635631 6.2024821175 6.332387266 6.5141933493 6.7213056675 6.9472909761 7.1421388885
7.1343978977 7.155231723 7.1672598513 7.1742692773 7.1734659094 7.188566904 7.2489462384 7.277433657 7.2855026133 7.2941632742 7.3263883762 7.4551690159 7.6341369209 7.6825400584 7.6359132974 7.5902368925 7.5996134239 7.6865996689 7.6808211753 8.1005000729 7.4108425193 7.3873222106 7.4268743991 7.3983614314 7.3316258362 7.3145032316 7.2410574864 7.1881578345 7.122482885 7.0952603555 7.1748473266 7.2074000059 7.1748526141 7.0570295971 6.9131620094 6.7713787828 6.6691419885 7.0693846894 6.5973959384 6.5644150445 6.4426002232 6.3641954079 6.2640402912 6.1375300471 6.0942121438 6.1454493976 6.2870830505 6.4148548374 6.5767509743 6.7012748149 6.8483716906 7.0464883947
6.9882160043 7.0303608633 7.0687473412 7.1079286602 7.1548401891 7.1701207183 7.2125059816 7.2623492125 7.2544565249 7.2363824729 8.0487587122 7.3446059322 7.4748607994 7.9989590577 7.6129853018 7.6049086175 7.6442018452 7.6076499703 7.5572301663 7.4328215674 7.3808082322 7.3539899514 7.3831353523 7.474518457 7.2451954881 7.1583225523 7.190212576 7.7438896462 7.1040986898 7.0795854311 7.0834100974 7.0799443346 7.068358605 7.0392929879 7.0018179695 6.815170659 6.7063785695 6.6267106302 6.6140195841 6.4763035407 6.4142865731 6.4460916514 6.4795351876 6.1913181123 6.1370060937 6.2233705022 6.405349448 6.818128791 6.6454458299 6.7174202936 6.8143948097 6.9786458573
6.9738237275 7.0108129333 7.0529342187 7.0883849748 7.129281654 7.1470680545 7.1459189894 8.0533689858 7.1814145013 7.1956878702 7.2250261816 7.286891015 7.4004271088 7.5182635434 7.6206328592 8.2232457668 8.1965843757 8.1774992479 7.4236144416 7.3347708574 7.3121339513 7.9408494606 7.469809469 7.2714109802 7.1774936382 7.089998206 7.0734197793 7.0787252633 7.1185721883 7.1181503388 7.1055885151 7.0599554101 7.0427697247 7.0689298847 7.0056671272 6.887672621 6.7128792986 6.6051401536 6.5233151639 6.4574970883 6.4103394215 6.3899599818 6.3310511749 6.2507254709 6.2044265964 6.3008594632 6.6314119506 7.2201868665 6.6784624496 6.7327773317 6.8338403491 6.8751944783
7.7647925214 7.0335215776 7.0386535914 7.2979006593 7.0557458051 7.0542403195 7.072029908 7.0961056488 7.1735772909 7.1871642268 7.2142678965 7.2649584498 7.3283558675 7.492244934 7.7864803927 7.7076599007 7.8214795041 7.5333620562 7.4079058122 7.3145239358 7.3034152032 7.2999918693 7.2876656908 7.2363433819 7.1789263699 7.0711356789 7.0100939617 7.0095236593 7.0784433398 7.1918770279 7.1086363497 7.0516028156 7.0156261582 7.0241182526 7.4661139165 6.8782681792 6.7313393263 6.6296404417 6.5457789549 6.5259167069 6.476571182 6.429143463 6.3372939252 6.2898993073 6.2815451074 6.3614230437 6.5109682482 6.5726522822 6.6893432787 6.8064583995 6.8942965405 6.9093168167
7.0660308118 7.6537230662 6.9701443181 6.9415498497 6.9811827045 7.0162912048 7.0460462686 7.083191573 7.155058104 8.2046970429 7.1874882345 7.197298351 7.3018576399 7.4849599862 7.7141771256 7.6837768537 7.5857668317 7.5454425319 7.4194362128 7.3611662019 7.2932217875 7.2635852412 7.2691088905 7.3387333866 7.2924248098 7.1909652446 7.0312838504 7.0069045132 7.0551796879 7.0845602068 7.0821702022 7.0292030062 7.0149961009 7.0205174475 6.978903824 6.8913254662 6.7805477539 6.7048356575 6.639131332 6.6231939834 7.0902959932 6.5305478389 6.4283450067 6.3778683959 6.3534449244 6.3875423625 6.4385061971 6.528513121 6.7056699801 6.9761951023 7.0101276974 6.977969525
7.0222323644 6.8954120605 6.848434659 6.8626325835 6.934144871 7.0330036699 7.2166533824 7.0691365086 7.0889075445 7.1341999756 7.1675775587 7.2114043345 7.2939191054 7.4312886793 7.5201150087 7.590758651 7.8582935663 7.5526163831 7.5266887903 7.4047133229 7.3326830442 7.3023652555 7.3651024429 7.4698917878 7.760127914 7.2769648713 7.0751315051 7.0211718683 7.028288954 7.0400426182 7.0273465104 7.0049302132 7.0065961484 7.1000808306 6.9679380023 6.9282357579 6.8960117452 6.8364684489 6.8032911482 6.8178479602 6.8245034539 6.7288425476 6.5870534435 6.4696797056 6.4310765063 6.4346853303 6.4800272432 6.5379419193 6.7174977172 7.6108317544 7.0470999117 7.1007503017
6.7619104145 6.7585112237 6.7424571931 6.7901607822 7.3624495736 6.9961956203 7.0391502563 7.0259780588 6.997201249 7.0493456931 7.2106086229 7.230423378 7.4026949917 7.4207684638 7.497787305 7.5924582538 7.5798830254 7.5890927725 7.4832407327 7.418104043 7.3489351394 7.3316107403 7.3783201063 7.6785243555 7.5497396701 7.2976373591 7.108733899 7.0607878137 7.0621697846 7.0581613922 7.0340488804 7.0039624844 7.0164789637 7.0297672278 7.0447515146 7.03945116 7.0575208472 6.9913057861 6.9653422646 7.3285022707 7.0117514773 7.0989339741 6.707302216 6.5692274515 6.5530065344 6.5439388899 6.557948415 6.5747099635 6.7036381406 6.8775136255 7.9745617326 7.2512479306
6.5913210387 7.544452436 6.6677928544 6.7309362158 6.7996268548 6.89404117 6.9272443868 6.9549446133 6.9678172784 7.0718790875 7.2111667608 7.333486734 7.3911521869 7.5532240663 7.5299494141 7.5971050644 7.5735758382 7.4617195064 7.4165371199 7.3708640206 7.33921966 7.31752106 7.3554445607 7.3733197057 7.3407055436 7.2415633269 7.1676511631 7.1498072091 7.1512990439 7.1415647471 7.1060394921 7.0621420934 7.0483399688 7.1192879901 7.1797722445 7.192741062 7.1436471528 7.1350931657 7.0452482573 7.0876552425 7.0713412162 6.9522395434 6.859609331 6.7113385661 6.6799894368 6.9605784734 6.6138110313 6.617121804 6.7043646816 6.8680998779 7.08983714 7.4011830372
6.4791065212 6.5338868941 6.6123228041 6.6541356453 6.730824681 6.8069238835 6.8780373197 6.9248664025 6.9914270289 7.1426680375 7.441119231 7.7259681393 7.3573106888 7.3913828381 7.5125988798 7.7204423385 7.5029458123 7.4169703906 7.3684297927 7.3315473068 7.3363727265 7.3259875027 7.3179267947 7.2895613591 7.2695690529 7.2977825723 7.3523206234 7.3578378337 7.3199380001 7.300125291 7.2620963018 7.2201573855 7.1517139436 7.2230968538 7.6233285051 7.2827808409 7.1832431748 7.0843360682 7.0300955868 7.0040584008 7.0543397408 6.9885622887 6.9195281269 8.3311910421 6.7514674194 6.6615150386 6.6633323849 6.667594615 6.7422708469 6.8745783907 7.0932941097 7.3219582398
6.4300383676 6.4886225194 6.5293398779 6.6336468092 6.7247477863 6.8191581811 6.9059418424 6.9600795516 7.0476779008 7.3585751897 7.4333860262 7.2746221485 7.2597583753 7.3204402778 7.4784089662 7.5062683782 7.4900375636 8.3216730066 7.3824287715 7.313137423 7.305125059 7.4835721537 7.2882429868 7.2767406227 7.3181955355 7.3739081077 7.7315359894 7.8507345161 7.4348210255 7.4076875621 8.1732451067 7.2999766139 7.2555308146 7.3237621992 7.3280371951 7.3128361071 7.1706352137 7.0841110863 7.0163883888 7.0011404745 6.9953935172 7.0347884128 7.056586255 6.9198724923 6.7763886785 6.6688084286 6.6720852427 6.7134458957 6.7811129803 6.8877499002 7.0566943047 7.2822015232
7.0935769371 6.4582456719 6.4750500876 6.5663112367 6.7010650641 6.8273785533 6.8632860325 7.1390660446 7.2239506526 7.0604161333 7.099656337 7.1266699245 7.1587462495 7.2945326277 7.3887979664 7.4515031323 7.9272371649 7.4741831849 7.4278190163 7.342518627 7.2577801926 7.2335589955 7.2426635361 7.2684313546 7.3573479625 7.4396378611 7.516176411 7.5296619258 7.5124507703 8.3655708718 7.4093823345 7.3238020521 7.2523808097 7.2839541653 7.3435890959 7.2462779323 7.1545666459 7.0827109519 7.0907288338 7.0085129099 7.0166518458 7.0933621567 7.1954195798 6.9662932079 6.8220267199 6.7477587742 6.7502873823 6.7978234291 6.8546827422 6.9300422875 7.0415141084 7.2716682543
6.4611633836 6.4464078807 6.4174311384 6.5013267045 6.6156329438 6.706794798 6.7521929994 6.7867052117 6.8312327896 6.8689393107 6.9444097699 7.0572896462 7.157703184 7.2823287661 7.3791286905 7.3926924029 7.3815755041 7.4331031996 7.5894920573 7.3072873676 7.1791795591 7.1363657668 7.161792576 7.2796919789 7.4097024076 7.4947053387 7.4886863774 7.4614599201 7.4726901129 7.4950862229 7.3356448858 7.2518154727 7.257061267 7.2988214385 7.3077719026 7.2498828074 7.1515164565 7.0875472205 7.0396187351 7.0433269442 7.1862019769 7.2689947803 7.2881039668 7.0410978122 6.9077679788 7.5236072329 6.8270585121 6.9143214813 7.1278967409 7.0183530732 7.0510619848 7.2594394966
6.4908723032 6.3875253004 6.378171237 6.4265017077 6.4952164012 6.5514968994 6.5867549007 6.6146200093 6.6576105619 6.7516810077 6.9034443357 7.0616579287 7.5000210738 7.211694096 7.2420490557 7.2750703595 7.2788148978 7.3430601839 7.3278511248 7.2666187947 7.1445496216 7.1083249061 7.1344047586 7.2632253548 7.6315464226 7.6253138594 7.52402496 7.453269732 7.392542895 7.3254398833 7.270157118 7.248837133 7.2901678687 7.4299425685 7.4199656716 7.3612262033 7.1928301034 7.102077561 7.0540741086 7.0914129766 7.2624617887 8.2640205958 7.2787142909 7.8631749181 6.9920870279 6.9227682141 6.9377208441 7.0845540787 7.4584211178 7.1792968927 7.1253860973 7.2966120692
6.307643659 6.3363720232 6.3990930847 6.362989063 6.3899525479 6.4574008227 6.5322287131 6.58686541 6.6590611857 6.7431164505 6.8976702854 7.386333254 7.1008330812 7.1085946182 7.115831568 7.1639066406 7.2193064738 7.2481029267 7.2564767118 7.1982278666 7.1614668325 7.1361127594 7.1593225317 7.2686201397 7.445248099 7.6132237411 7.511248557 7.3838467966 7.2847090445 7.2117040071 7.1839298601 7.2213734651 7.3533853163 7.4385159137 8.0058507335 7.4327578512 7.2724789052 7.1969827706 7.1447001512 7.1659469213 7.9857466993 7.3044881314 7.283407676 7.1382568739 7.1038881606 7.0647013107 7.0800639773 7.242216492 7.7119839537 7.3574842494 7.3592659858 7.417834812
6.2792454867 6.2981775149 6.2852278092 6.3075064115 7.1160253143 6.3979454575 6.4919129062 6.6908844145 6.7667262647 6.8658709359 6.9775957821 7.032196065 7.0618004677 7.0157268876 7.0539374048 7.1158996122 7.1829069833 7.2557307642 7.2466150604 7.2168196501 7.1817947939 7.2687221885 7.2655411285 7.3324687176 7.4031290324 7.4982693101 7.4523324656 7.3142163074 7.1984008532 7.1351541452 7.1235154959 7.1716774514 7.2385977417 7.3845839295 7.4371409196 7.4855572765 7.3234342261 7.2779352561 7.3909077498 7.236381032 7.1992149505 7.2144082691 7.2069518601 7.2405926327 7.2915848528 7.2788144597 7.2892222728 7.4201138501 7.5613742621 7.6389286405 7.5182529392 8.070901711
