Models/Synthetic/Density/temp_raster_pop.asc
NCOLS 101
NROWS 101
XLLCORNER 3302900
YLLCORNER 3112000
CELLSIZE 4386.138614
NODATA_VALUE NaN
[rows 23 to 45 of 101, columns 0 to 51 of 101]
15.7773149011 15.4296117213 15.0419192211 14.6801115686 14.2577047942 13.787882286 13.2525727739 12.7313133186 12.0997915538 11.4979355939 10.902752767 10.3345997183 9.7521859368 9.1565699436 8.623544526 8.2272036496 7.91455139 7.9527584394 7.6548630774 7.1252672307 6.8310432032 6.7012126454 6.6158838609 6.6361671813 6.7628579492 7.5711632212 7.0440991659 6.8408549396 6.7034338408 6.5866657819 6.4826597657 6.2906505008 6.0542472116 5.7280922269 5.46347538 5.6483286387 4.8434773328 4.5114392382 4.2239039791 3.9410168058 3.6516125198 3.3737092791 3.1315414775 2.9508292804 2.8547407816 2.8383960859 2.9931057183 2.7457582779 2.6668826776 2.8190502304 2.5201701034 2.4705551449
16.9632076009 16.102185667 15.7078844967 15.2791216724 14.7851584908 14.2168369552 14.0746178535 13.0451358635 12.4755140332 11.6692834988 10.9429767825 10.2861665793 9.4922604873 8.8722718091 8.3313980543 7.8950011683 7.9137127161 7.1312275911 6.7930663171 6.5383314922 6.2708154924 6.1696861398 6.1472962736 6.2010112355 6.2119676075 6.7655314752 6.3016488002 6.2468291046 6.1667717202 6.0825143032 5.9782040137 5.8619085596 5.631078869 5.4120896451 5.1548513841 4.8811994159 4.6166205111 4.3151801293 4.048298147 3.7815679172 3.5209160806 3.275908469 3.061864176 2.9034572004 2.8199531573 2.8352127761 2.7726733856 2.682780946 2.6179825435 2.5962384446 2.5139357922 2.4590387948
17.0028190462 16.7117920858 16.3427130393 16.0217143283 15.2344647767 14.6356665338 13.9951765349 13.3526418135 12.5903867718 11.8191207614 11.0454458795 10.1531948552 9.3585609728 8.6752499857 8.2642680984 7.589258372 7.0979359028 6.6563425684 6.259874276 5.9921164895 5.843802494 5.8096032883 6.3599365153 5.7512328661 5.7047260169 5.6763082583 5.71254247 5.694513013 5.6854306197 5.6240080822 5.5527728151 5.4213903452 5.2541868702 5.0288540537 4.8029142082 4.5805247149 4.4024409304 4.1829538218 3.9378917294 3.6520281111 3.407127037 3.1863076086 2.9976510561 2.8575903745 2.8122684149 2.7532176632 2.6847874718 2.5670020149 2.516304716 2.4811496811 2.4601852468 2.4547989884
17.1910443567 17.6701385001 17.3656038639 16.1300621292 15.5836674219 14.8744980413 14.2634686821 13.5547225568 12.6950536727 11.8921711459 11.8974848796 10.0789070166 9.2118459894 9.1291602956 7.8726144629 7.2919311788 6.7970502298 6.3204999973 5.9338343243 5.6485679037 5.5135534863 5.6035361576 5.5806779623 5.4644664023 5.2976611678 5.2506692191 5.2173382391 5.2644518762 5.2364892523 5.2054751138 5.1310550852 5.0285291753 4.8528876545 4.6612741004 4.4728377861 4.3130574 4.2051490395 4.6927186275 3.8446905593 3.5674601872 3.295916332 3.0984619681 2.9696238551 2.8405890042 2.7745827664 2.9733158104 2.5832377673 2.4872217163 2.4500732668 2.4384669954 2.440582 2.4621815141
17.7780956153 17.0417293059 16.6738398832 16.2359777277 15.6668963884 15.0846647666 14.3665662363 13.6110442229 12.7717315252 11.8761573787 10.9671615027 10.003004051 9.1605955481 8.3583407761 7.6435806298 7.0383803232 6.521123481 6.1547808675 5.7603752884 5.4793181969 5.2935927464 5.228706623 5.1821291855 5.1070868534 5.4666691212 4.9349920769 4.8757905643 4.8375169254 4.8269369797 4.7858289127 4.7267336617 4.6205933919 4.4783705947 4.3105947819 4.1556533021 4.0369523969 4.0180314604 3.9308448152 4.4723731896 3.4248708172 3.1701642022 3.038311571 2.9333135158 2.9876182995 2.6968210248 2.5731786545 2.5074513686 2.4340021623 2.4238123981 2.4344779447 2.4532517167 2.4819118485
17.0198233567 16.8889042293 16.5312894208 16.203223413 16.1384805941 15.1302369391 14.4835859658 13.6748496921 12.7961816581 11.8654102758 10.7782500698 9.8580414912 9.4734747144 8.1976795455 7.4120011359 6.785301483 6.2834137455 5.923543556 5.830142867 5.3623334783 5.1630786077 5.0133231908 4.8992503689 4.8510916514 4.7268632205 4.7870706255 4.5527428744 4.4857461302 4.4458182025 4.4027472908 4.3365638876 4.24403937 4.1210725096 3.9831544111 3.8525453638 3.756322322 3.7298092173 4.0908766763 3.5034982101 3.2500957011 3.0231578972 2.9155137284 3.1087960519 2.7122740004 2.5646294497 2.4509015654 2.4070873544 2.3980481899 2.4109282724 2.4414517557 2.4790838955 2.5111044818
16.7953586482 16.6333851964 16.7955295803 16.0339602227 15.7237279034 15.0737715629 14.3480382365 13.7633275511 12.9696751457 11.6369205217 10.5585792008 9.6666685867 8.7910922888 7.9649800173 7.2176879143 6.5572022481 6.1054761326 5.778915245 5.4973837306 5.4307686065 5.0148893243 4.9508646712 4.6305898973 4.4654097376 4.403174475 4.3281543538 4.272406432 4.1842080347 4.1264609913 4.065387376 3.9913355988 3.9000441996 3.792135116 3.6738653266 3.5649579863 3.505370544 3.4868078448 3.3962285923 3.2363075152 3.0210989905 2.8672487395 2.7800880278 2.6684384724 2.5620892137 2.4307792246 2.3714520457 2.3502670774 2.3625519037 2.3947850724 2.4410986514 2.5279341229 2.5992093384
16.4088552875 16.3311813496 16.0434846369 15.732224178 15.2530184674 14.7372084435 14.0974675376 13.3743888538 12.6674511218 11.387969376 10.2749985771 9.3425389062 8.4683342297 7.6845174458 6.9378207243 6.328154258 6.7722869884 5.7502700492 5.2759220356 5.0101499382 5.0133316915 4.5430051016 4.3199576936 4.149923696 4.0650985125 4.0255865232 3.9705493872 3.9133712641 3.8476257834 3.7729165957 3.6859748831 3.5884154009 3.4847248038 3.3815626516 3.2944130951 3.2504264123 3.9859427024 3.1089779313 2.9699534292 2.8402605735 2.7232116141 2.6152179225 2.5128081362 2.4094988911 2.3373260467 2.29782027 2.2929504373 2.3203763776 2.4072272878 2.4649596551 2.5584709071 2.8724108809
15.8369517189 16.0728910557 15.5095104437 15.1670221951 15.1403435342 14.2439887906 13.5739891764 12.8301618543 12.1630881332 10.9320371641 9.9942821612 9.0143098594 8.1641372709 7.3992809976 6.7015899858 6.0941048557 5.6386843259 5.251987672 4.9728924028 4.949680262 4.4664707085 4.211840455 3.979952128 3.8401406041 3.7638428093 3.7232427096 3.6909131487 3.6435231409 3.5826723441 3.5387115539 3.4423140347 3.3377263984 3.1969008593 3.1054148482 3.0367497627 3.0160554797 2.9644929574 2.8929636466 2.7736121303 2.6639553065 2.5755393876 2.5083524448 2.4001241901 2.3123103084 2.2532507697 2.2263694923 2.2294887273 2.26700373 2.3697519306 2.8277744463 2.5178445536 2.5397026065
15.2383740884 15.122562913 14.8984051416 14.5541892915 14.1027722524 13.5847441739 13.1149868028 12.1390950426 11.2202629597 10.3590284321 9.4568572619 8.6342523198 7.8533787743 7.1573665899 6.4955239413 5.873711905 5.3290801982 4.9127733649 4.624423368 4.3653882993 4.1300769887 3.8757080918 3.6821439354 3.5410956922 3.4590927208 3.4269201694 3.4045025759 3.3712363565 3.3131638168 3.2705687412 3.6731965166 3.0681074235 2.9313148113 2.8489790166 2.7969771601 2.767267663 2.7505931893 2.6588436321 2.5669999194 2.4874208471 2.4268954152 2.3643281509 2.2957959494 2.2234799016 2.175938307 2.155256827 2.1620228197 2.2013452247 2.3054493976 2.379416198 2.4072753737 2.3966043488
14.6183736282 14.7455232044 14.1234375689 13.7972343186 13.3029136123 12.7724270781 13.0240381299 11.376976092 11.4116648719 9.6730645752 8.8918276415 8.1735784591 7.5150866909 6.8701394606 6.2836305932 5.6415616491 5.0892498773 4.6692383178 4.3269285227 4.0588740284 3.8692818524 3.6616376432 3.4689558716 3.2583568206 3.1663297596 3.1305190952 3.1234745707 3.0896457966 3.0392968882 3.0062965883 2.9145988492 2.8175202056 2.6894457727 2.6175674505 2.5740233087 2.5786802449 2.5370247053 2.4695477641 2.3698754454 2.3245018643 2.2950625796 2.2509454975 2.194504516 2.1391004896 2.1008911489 2.0858067874 2.0947274014 2.1302331684 2.1875826062 2.2417931767 2.2843901445 2.3202041039
13.5832637159 13.5704627411 14.2941559529 12.9947312985 13.4088133578 11.9105139441 11.2880348296 10.8520395588 9.8885695327 9.108996415 8.3772843653 7.7343599105 7.1258274013 6.5197337651 5.9496653335 5.3875122103 4.8597030541 4.4700216865 4.909067787 3.8412380306 3.6199827372 4.3048566717 3.2263203466 3.0043040269 2.8953955167 2.8492933489 2.825456545 2.8057539463 2.7763765963 2.716604011 2.6437078742 2.5576921919 2.4768510825 2.4113244171 2.3758318003 2.3693867684 2.4482800828 2.2566554394 2.1931461547 2.2162641453 2.2221581685 2.1895631125 2.1076667333 2.054274724 2.0264742101 2.0199084008 2.0335211736 2.0654436598 2.1094606458 2.1589373656 2.2088066358 2.2625568497
12.5111969668 12.7536355995 12.6437160036 13.4572661526 11.5195591236 10.9556818462 10.4713007948 9.8822723081 10.170331163 8.5371167301 7.8850643478 7.944379638 6.7649811076 6.2160100104 5.6598969757 5.1285024139 4.6163665631 4.249203946 4.4589910168 3.6210296684 3.4202075755 3.218812395 3.0230165526 2.7727443912 2.6550589683 2.5903166469 2.5543999426 2.5328299579 2.5131853237 2.4992263863 2.4484051996 2.3758617907 2.2863626598 2.227954109 2.189660059 2.1786264705 2.1182770223 2.0608897019 2.0268821034 2.0938424584 2.21413994 2.1020136062 2.0142099563 1.9656692885 1.9515019444 1.9615898478 1.9876295679 2.0239743201 2.0618844984 2.1050294197 2.1556318729 2.2163229796
11.2935103072 12.1006112457 11.2311444805 10.8512000855 10.5059997028 10.0311996385 9.6015546621 9.0953477481 8.5168308887 7.9992966669 7.4634883097 6.8831211054 6.8384410254 6.4509646114 5.4174219125 4.8057761669 4.3544685467 4.030946393 3.7419963152 3.4722414584 3.1874282687 3.0442929344 2.752469499 2.567858954 2.4455290093 2.3704674305 2.3227743825 2.2935492508 2.2845604699 2.2901971897 2.3122198579 2.1986850415 2.1148821993 2.0586353114 2.0220029682 1.969084719 1.9078602064 1.8568004751 1.8616670733 1.9385437677 1.9914111059 1.9688323691 1.8996624357 1.8724185841 1.8781309536 1.9087669228 1.9683358736 2.0141454269 2.0494520172 2.0699643328 2.1171001616 2.1792510869
10.223473268 10.0555730515 10.0168643892 10.2737786078 9.3340465862 9.2498462442 8.7315158006 8.2902595915 7.7764101853 7.3085192403 7.3719141149 6.3611226751 5.8877401404 5.4479965424 4.9598659543 4.4679820543 4.0506087054 3.7477473281 3.8027760056 3.5079350515 2.9777063278 2.7324086853 2.5513858819 2.3797411619 2.2650709597 2.1859435061 2.1337803073 2.1025113922 2.0949591289 2.130483029 2.1076704241 2.0497602812 1.9475666698 1.9036868898 1.8664369787 1.8157613209 1.7517979453 1.7070284603 1.7049706083 1.7410036671 1.7770369624 1.7864371298 1.7784623802 1.7826424921 1.8093437164 1.858859958 1.9340030963 2.039889712 2.0264144381 2.0430053929 2.0858352026 2.1475209972
8.8841269941 8.9331626139 8.7157808363 8.5098851184 8.3273254196 8.1134710747 7.8920625456 7.5193674256 7.1002985334 6.6601302727 6.2236995195 5.7954842031 5.399465431 5.6070088923 4.5671958693 4.1144567123 3.7586186485 3.4885270839 3.2533026365 3.0081195355 2.7452261781 2.512421408 2.3471376874 2.2140810647 2.1075521903 2.0298878243 1.9792647696 1.9571165711 1.9487348143 1.9610479739 2.0370576574 1.869196788 1.7920385075 1.7546704561 1.7338250084 1.6902056706 1.6399038826 1.5995324246 1.577151896 1.5855302853 1.6116514668 1.6425468253 1.6728831305 1.706503947 1.7489098517 1.8053367653 1.8850220837 1.946874033 1.9896704954 2.0127467608 2.0578780242 2.1179254537
7.7983841816 7.7665567441 7.6695608472 7.5139274897 7.370523703 7.2210193248 7.0502824364 6.889286338 6.435297474 6.066148518 5.6876695785 5.315078294 5.0101428047 5.3445563608 4.2616361343 3.8072503655 3.488653254 3.2025122765 2.9489637043 2.7202519207 2.5141728062 2.3348933207 2.1857840111 2.0654845341 1.9690054442 1.8954819503 1.8488323815 1.8286575693 1.8303530188 1.811764409 1.7656335657 1.7160979496 1.6507623442 1.6245372387 1.5988308625 1.5741741205 1.5843370874 1.5466683706 1.5176420694 1.4766141957 1.5033486532 1.5515835656 1.6041880675 1.651989861 1.699420056 1.7530291864 1.8137227351 1.8749073635 1.9270743574 1.9719427206 2.0359637417 2.0926299404
6.8509749864 6.8476672893 6.8147377825 6.7262335794 6.6223675243 6.4701206047 6.3270348037 6.0988020912 5.817471555 5.5357255379 5.3806569359 4.9008633665 4.590112901 4.4413537951 3.9117883261 3.5218900978 3.2269411036 2.97655989 2.745276535 2.536396948 2.3469757599 2.1828961923 2.0454851573 1.9347500247 1.8463600023 1.778127674 1.7321022014 1.7099911047 1.68732637 1.6533582046 1.6046631213 1.5636564408 1.5422782506 1.5167866588 1.4878900196 1.4594507574 1.4771377325 1.7103527604 1.4376157478 1.4001458737 1.4337542653 1.5048958761 1.5698436396 1.6214635231 1.6574774076 1.7046384403 1.7598289595 1.8169915691 1.8682448731 1.9213129324 1.9877887372 2.0790632806
6.1170082326 6.1247825386 6.1173277698 6.7597216242 5.9733851208 5.8415625247 5.6727593116 5.4608787222 5.2279903117 5.0271178183 4.8158362343 4.4823679771 4.1794553386 3.8749864796 3.5685435017 3.2423577588 3.0275315649 2.8107129911 2.6119437188 2.381920641 2.2048886215 2.0478941767 1.9194923764 1.8181715238 1.7380956863 1.6749577765 1.6284876298 1.5953066866 1.5681732309 1.5331622035 1.4928712201 1.4595197643 1.4433817012 1.4380318309 1.3863506607 1.3508101693 1.371172904 1.3654227228 1.361712725 1.3380182553 1.3842122583 1.4631378332 1.5557894137 1.5848705148 1.6189624078 1.6635247233 1.7172940743 1.7706399831 1.8180933762 1.8645503365 1.9247876421 1.9712481902
5.5691139366 5.6006369877 5.5903981508 5.5347075275 5.4365758574 5.299290118 5.1421532249 4.9434471686 4.7370456276 4.5366043225 4.3070440066 4.0545457126 3.7768114025 3.5099964502 3.2417348001 2.9938570323 2.8136079824 2.9782875682 2.4482306375 2.2419935073 2.07199113 1.9266593302 1.8082252718 1.7164366936 1.6441328713 1.5854459068 1.5381281143 1.5015994506 1.4717725593 1.4415438072 1.4032096986 1.3712008161 1.3538054657 1.3288054667 1.2969331946 1.2636352872 1.2498756792 1.2525298732 1.2636803634 1.2919937907 1.342921564 1.4198971296 1.487650635 1.5413270194 1.5797649508 1.6293907845 1.6834552079 1.7343526296 1.7775807362 1.8151000791 1.8537544069 1.8974332148
5.1810605604 5.1634419722 5.2450655011 5.0830863067 4.9891298038 4.8840945249 4.738578016 4.5547553656 4.3538918138 4.1473310645 3.9464822057 3.7194148864 3.4901404663 3.2363383832 3.0041477904 2.7851698858 2.6288983659 2.4562121236 2.2962713442 2.1008756143 1.9535158344 1.8220631265 1.7156439474 1.6327055056 1.5666212519 1.5113234852 1.4642356537 1.4253295346 1.3930940441 1.360494528 1.3263739617 1.2942658534 1.2672616251 1.2435231533 1.2197132783 1.2027816935 1.1974201927 1.2063124017 1.2282264394 1.2639491295 1.3153375752 1.3762692083 1.4387838779 1.4947566555 1.548751746 1.6034879052 1.6587290177 1.7066170556 1.7490918264 1.7871564276 1.8261044746 1.8663843365
4.7837229152 4.8254026257 4.8060869023 4.7753002434 4.6945846228 4.6096973148 4.4902804398 4.31486819 4.1061143245 3.867815722 3.6732338036 4.2627872343 3.2703124428 3.0446904794 2.8337618916 2.6291379412 2.4442294709 2.282640109 2.1329305035 1.9915846954 1.8581288523 1.7420134073 1.6465508618 1.5710806982 1.5096019291 1.4566083868 1.4096012224 1.3683672158 1.3318458939 1.2981167643 1.2654790789 1.2351966886 1.2091612898 1.1887233497 1.1753742568 1.1708299089 1.1768413713 1.1935795293 1.2210894028 1.2595581802 1.3079133073 1.3630888944 1.4205434122 1.4779928198 1.5352096013 1.5923297475 1.6453602154 1.6919297495 1.7380375649 1.8192479109 1.8684285894 1.9102448254
4.5506452953 4.5812933921 4.5874570852 4.5733593745 4.5407667267 4.4529070161 4.3625701334 4.2561476888 3.9578471819 3.7001190891 3.5076228077 3.3215841638 3.1291819323 2.919859192 2.7163073526 2.5180873085 2.3418340405 2.190984409 2.0534021918 1.9221546848 1.7983330004 1.6917625603 1.6050515251 1.5352760871 1.4771898883 1.426138336 1.3793460054 1.3361772 1.296796036 1.2614017332 1.2300236683 1.2029562917 1.1814151888 1.1666935525 1.1605559091 1.1640798332 1.1778614013 1.2014620467 1.2346676148 1.2768165819 1.3263448098 1.380454133 1.4364125503 1.4926718454 1.5488199455 1.6035461123 1.6545439871 1.7006538703 1.7522700411 1.8407897201 2.0974394455 1.9646895529
