Models/Synthetic/Density/temp_raster_dens.asc
NCOLS 100
NROWS 100
XLLCORNER 3302900
YLLCORNER 3112000
CELLSIZE 4430
NODATA_VALUE NaN
[rows 0 to 22 of 100, columns 0 to 51 of 100]
0.0000533975 0.0000395223 0.000040689 0.0000978621 0.0000998991 0.0000823932 0.0000980449 0.0000849349 0.0001067638 0.0000689642 0.0000634322 0.0000336899 0.000023438 0.0000238522 0.0000272833 0.0000365921 0.0000556491 0.0000618922 0.0000576844 0.0000742892 0.0000826417 0.0000666581 0.0000416414 0.0000459779 0.0000645103 0.0001341845 0.0000499766 0.0000149583 0.0000112532 0.0000117737 0.0000218473 0.0000158143 0.0000237979 0.0000371108 0.0000525582 0.0000665493 0.0001281942 0.0000883855 0.000087121 0.0001529244 0.0001979898 0.0001512082 0.0000960372 0.0001210903 0.000139331 0.0000804791 0.0000764736 0.0000434836 0.0000824738 0.0001119087 0.0001002188 0.0000486597
0.0000341381 0.0000470112 0.0000610451 0.0000610607 0.0000702511 0.0000741673 0.0000750998 0.0000937389 0.0000808124 0.0000697248 0.0000682464 0.0000509135 0.0000361398 0.0000388117 0.0000448138 0.0000454332 0.0000687215 0.0000653412 0.0000745665 0.0001051231 0.0000769511 0.0000505119 0.0000435301 0.0000671183 0.0000657103 0.0000565518 0.0000409929 0.0000320669 0.0000216222 0.0000267311 0.000020618 0.0000211371 0.0000346259 0.0000483294 0.0000736872 0.000087367 0.0000917622 0.0001209279 0.0001334353 0.0001444263 0.0001564312 0.0001254534 0.000149165 0.0002077894 0.0001411383 0.0000799548 0.0000539147 0.0000460807 0.0000814599 0.0001269036 0.0000761816 0.000052145
0.0000412138 0.0000498256 0.0000464254 0.0000531442 0.0000641495 0.0000507265 0.0000660361 0.0000576399 0.0000639697 0.0000578999 0.0000607555 0.0000486647 0.0000534457 0.0000656587 0.0000579262 0.0000568487 0.0000667378 0.0000706105 0.0000888666 0.0001121033 0.0000938258 0.0000749721 0.0000658241 0.0000808873 0.0000871515 0.0000747788 0.0000399716 0.00003939 0.0000421441 0.0000498489 0.0000396176 0.0000346207 0.0000308131 0.0000507596 0.0000887574 0.0001099664 0.0000868792 0.0000761154 0.0000994127 0.000102675 0.0000993463 0.0001013595 0.0001552326 0.0001264914 0.0001079018 0.000059578 0.0000468491 0.0000605775 0.0000703196 0.000099122 0.0000870327 0.000069229
0.0000549608 0.0000770234 0.0000728056 0.0000772967 0.0000649591 0.0000574249 0.000079799 0.0000589997 0.0000432177 0.0000614438 0.0000687437 0.0000784273 0.0000903733 0.0000667081 0.0000536562 0.0000530207 0.0000578264 0.0000779394 0.0001074954 0.0001245995 0.0001536032 0.0001631002 0.0001456789 0.0001091183 0.0001199494 0.000064269 0.0000599407 0.0000506229 0.0000481567 0.000051262 0.0000577698 0.0000391182 0.0000361044 0.0000553383 0.000081345 0.0000989119 0.0000584569 0.0000561707 0.0000706289 0.0000705867 0.0000623687 0.0001029195 0.0000865277 0.0000940069 0.0000670897 0.0000502827 0.0000501772 0.000053547 0.0000656827 0.000091396 0.0000937759 0.0000611459
0.0000912623 0.0001294265 0.0001514049 0.0001167997 0.0001021001 0.0001201688 0.0000816533 0.0000568803 0.0000490805 0.0000646955 0.0001067268 0.0000954871 0.0000967727 0.0000882817 0.0000593439 0.0000622622 0.0000866145 0.0000674264 0.0000872832 0.000135691 0.0002290555 0.0002192711 0.0001662693 0.0001551742 0.0001056927 0.0000782764 0.0000604648 0.0000510102 0.0000519604 0.000068187 0.0000611628 0.0000453562 0.0000527595 0.0000532575 0.0000835613 0.0000575374 0.000048171 0.0000459319 0.0000623603 0.0000628782 0.000057727 0.0000665605 0.0000586597 0.0000644455 0.000076572 0.000069308 0.0000623462 0.0000636962 0.0000963812 0.0000853265 0.0000685597 0.000067088
0.0001468071 0.0001595131 0.0001367921 0.0001370172 0.0001602687 0.0001336871 0.0000906932 0.0000540572 0.0000654104 0.0000865878 0.0000810902 0.0001136886 0.0000924997 0.0000636128 0.0000819457 0.000093229 0.0000895089 0.0000974532 0.0000763063 0.0001067515 0.0002036193 0.0002291519 0.0001994461 0.0001487112 0.0001276417 0.0000669689 0.0000637063 0.0000546142 0.000065771 0.0000473413 0.0000436192 0.0000770786 0.0000551837 0.0000617873 0.0000752381 0.0000583889 0.0000474723 0.0000462649 0.0000720453 0.000067906 0.0000832421 0.0000907773 0.0000731847 0.000073323 0.0000804755 0.0000710622 0.0000674729 0.000073242 0.0001068513 0.0000707764 0.0000579553 0.0000778788
0.0002222642 0.0001314395 0.0001042023 0.0001063103 0.0001200232 0.0001526268 0.000090295 0.0000623075 0.0000611917 0.0000740711 0.0001152529 0.0001052474 0.0000893656 0.0000638104 0.000060147 0.0000867493 0.0001303684 0.0001015435 0.0000728536 0.0000859526 0.0001752593 0.0002346537 0.0002150796 0.000159858 0.0001292436 0.0000948309 0.0000725482 0.0000544748 0.000050042 0.0000481058 0.0000466797 0.0000748945 0.0000786458 0.0000819256 0.0000677893 0.0000614682 0.0000580938 0.0000433378 0.0000602027 0.0000823958 0.0001721328 0.0001254101 0.0000905096 0.0000809221 0.0000662832 0.0000717389 0.0000828556 0.0000909822 0.0000623363 0.0000581527 0.0000700674 0.000051966
0.000146712 0.0001423847 0.0000903865 0.0000983714 0.0000853946 0.0000818017 0.0000696927 0.0000681046 0.0001147748 0.0001179204 0.0001259072 0.0000990249 0.0000944893 0.0000759066 0.0000504554 0.0000633683 0.0001029832 0.0000971352 0.0000697014 0.0000789675 0.0001159333 0.0002163388 0.0002054124 0.0002039257 0.0001737133 0.0001092942 0.0000661612 0.0000546512 0.0000487749 0.0000823901 0.0000760252 0.0000746185 0.0001156956 0.0000880573 0.000062727 0.0000618123 0.0000538931 0.0000493984 0.0000515831 0.0001065769 0.0001180808 0.0001321151 0.0000959757 0.0000998888 0.0001031637 0.000090054 0.0000907998 0.0001030436 0.0001044646 0.0000772798 0.0000734644 0.0000535773
0.0001461683 0.0001106908 0.0001030679 0.0000962672 0.000074967 0.0000523909 0.0000740663 0.0000765363 0.0001529565 0.0001627119 0.0001179817 0.0001100057 0.0000734153 0.0000812059 0.0000484026 0.0000538471 0.0000662158 0.0000565793 0.0000589501 0.0000794873 0.0001178435 0.000141118 0.000190851 0.0002058752 0.0002245442 0.0001368219 0.0001162781 0.0000683547 0.0000799925 0.0000722228 0.0001032109 0.0001281344 0.0001358347 0.0000972554 0.0000736893 0.0000657894 0.0000625037 0.000051477 0.0000777298 0.0000993073 0.0001026475 0.0001586031 0.0001421266 0.0001327845 0.0001538825 0.0001528657 0.0001429356 0.0001236984 0.0001050057 0.000133909 0.0001144965 0.0000826711
0.0001383463 0.0001265146 0.000102151 0.0000828392 0.0000623978 0.0000536553 0.0000467572 0.0000931683 0.0000991093 0.0001145256 0.0000971231 0.0000849226 0.000073536 0.0000611487 0.0000587855 0.0000400507 0.0000381126 0.0000446192 0.00006812 0.0000853599 0.0001499792 0.0001434165 0.0001258138 0.0001614706 0.0001654842 0.0001650313 0.0001031067 0.0000828328 0.0000728131 0.0000996985 0.0001139808 0.0001375717 0.0001075536 0.0000809061 0.0000891659 0.0000958389 0.0000792762 0.0000762291 0.0000951236 0.0001218424 0.0001713952 0.0001398844 0.0001774564 0.0002286608 0.0002431023 0.0002320829 0.0001477668 0.0001473672 0.0001483921 0.0001189888 0.0001236654 0.0000910124
0.000109207 0.0001316259 0.0001388887 0.0000859479 0.0000889484 0.0000606378 0.0000669811 0.0000662842 0.0000797808 0.0001013218 0.0000976052 0.0000739872 0.0000613976 0.000054792 0.0000529636 0.0000478703 0.0000374057 0.0000419175 0.0000713579 0.0001191962 0.0001534783 0.0001434855 0.0001170859 0.0001121859 0.0001296513 0.0001570803 0.0000986772 0.0001000168 0.0001048106 0.0001143259 0.0000947981 0.0001208974 0.0000987212 0.0000864791 0.0000824593 0.0000847045 0.0000863825 0.0000981007 0.0001098034 0.0001770798 0.0001963095 0.0001950775 0.0001697289 0.0002816598 0.0002888155 0.0002651375 0.0001830025 0.0001185259 0.0001147826 0.0001331263 0.0001272657 0.0001376596
0.0001765446 0.0001220606 0.0001010378 0.0001307027 0.0000969654 0.0000885318 0.0000822253 0.000089063 0.0001328506 0.0001021441 0.0000853909 0.0000697292 0.0000822912 0.0000469647 0.0000707202 0.0000833367 0.0000661765 0.0000537098 0.000081487 0.000152508 0.000155698 0.0001955048 0.00011623 0.0000856024 0.00008344 0.0001017741 0.0000997268 0.0000966031 0.0000867023 0.0000900484 0.0000995682 0.0000682825 0.0000684398 0.0000623147 0.0000643405 0.0000693621 0.000074307 0.0000772512 0.0001164705 0.0001974667 0.0002867797 0.0002391064 0.0002065785 0.0001868649 0.0002697524 0.0002678822 0.0001679655 0.0000924944 0.0001060739 0.0001397004 0.0001140325 0.0001220972
0.0001438917 0.0000877644 0.0001007256 0.0001188609 0.000145758 0.0001030371 0.0000885448 0.0000871296 0.000115556 0.0001057546 0.0001180148 0.0000812559 0.0000558012 0.0000573638 0.0000751668 0.00010862 0.0000843856 0.0000810028 0.0000800986 0.0001362419 0.0001981043 0.0001624816 0.0001088618 0.0000740735 0.0000719109 0.0000836939 0.0000718067 0.0000762612 0.0000750106 0.0000806589 0.0000780698 0.0000639002 0.0000546323 0.0000436913 0.000058801 0.0000401343 0.0000494075 0.0000824272 0.0000986792 0.0001491473 0.0001847588 0.0002034171 0.0001726812 0.0001743818 0.0001704388 0.0001290321 0.0000945823 0.0000791741 0.0000798216 0.0001313531 0.0001319414 0.0001430387
0.0000784885 0.0000844936 0.0000908382 0.0001278936 0.0001294139 0.0001004586 0.0000777029 0.0000882904 0.0001244262 0.0001201287 0.0001500157 0.0001350857 0.0000703801 0.0000560134 0.0000807775 0.0001000828 0.0000969805 0.0000970072 0.0000865313 0.0001161811 0.000183711 0.0001322888 0.0000751911 0.0000563558 0.0000609961 0.0000595123 0.000087128 0.0000722075 0.0000862256 0.000082206 0.0000799158 0.0000863697 0.0000888622 0.0000541484 0.0000488678 0.0000435474 0.0000459279 0.0000668356 0.0000964749 0.0000985152 0.0001267632 0.0001262971 0.0001354493 0.0001281318 0.0001051062 0.0000680752 0.0000553589 0.0000556712 0.0000838955 0.0001280303 0.0001884707 0.0002146041
0.0000596155 0.0000709798 0.0000813204 0.0000947419 0.0000826806 0.0000780609 0.000093878 0.0001097037 0.0001211649 0.000209825 0.0001320514 0.000118951 0.0001042046 0.0000721298 0.0000828837 0.0000787544 0.0000911267 0.0000905419 0.0001121508 0.000133924 0.0001237863 0.0001085431 0.000076114 0.0000485854 0.0000637834 0.000104067 0.0000710769 0.0000888406 0.000122222 0.0001330785 0.0001274904 0.0001217357 0.0001062455 0.0000928052 0.0000734875 0.0000673851 0.0000685345 0.0000652139 0.0000752234 0.0000863937 0.0000938035 0.0000844354 0.0000805481 0.0000663993 0.0000610283 0.000042391 0.0000434336 0.0000800325 0.0001153751 0.000177715 0.0002616649 0.0003748256
0.0000784243 0.000069247 0.0000707747 0.0000702413 0.0000787574 0.0000769225 0.0000844843 0.0001214323 0.0001238013 0.0001606515 0.0001801511 0.0001710061 0.0001065529 0.0000945325 0.0000872184 0.000090931 0.0000769191 0.0000813076 0.000089617 0.0000707103 0.0000747155 0.0000560996 0.000063663 0.0000512577 0.0000694568 0.0000632439 0.0000784264 0.0001110346 0.0001367673 0.0001777782 0.0001740156 0.0001423639 0.0001319807 0.000131345 0.0001041464 0.0001016499 0.0000728189 0.0000774361 0.0000840299 0.0001002272 0.0001236416 0.0000921868 0.0000626938 0.0000646396 0.0000437655 0.0000452534 0.0000491191 0.0000786767 0.0001325461 0.0001777017 0.000290901 0.0002956983
0.0000411026 0.0000528744 0.0000652562 0.0000766999 0.0000811386 0.0000677306 0.000098112 0.0001137942 0.0001531077 0.0001626243 0.0002022369 0.0001466346 0.0000978716 0.0001057532 0.0001110965 0.0000868447 0.0000859663 0.000061619 0.0000562132 0.0000509609 0.000038685 0.0000403064 0.0000471098 0.0000527226 0.0000648449 0.0000839605 0.0000783571 0.0001097962 0.0001333959 0.0001505077 0.0001862189 0.0001512821 0.000129804 0.0001449326 0.0001530869 0.0001108788 0.0000872101 0.0000842337 0.0000858575 0.0001275869 0.0001829206 0.0001108412 0.0000819142 0.000059656 0.0000518016 0.0000510483 0.0000609524 0.0000935644 0.0001443967 0.0002047055 0.0002370915 0.0003171614
0.0000291404 0.0000452391 0.0000655513 0.0000664769 0.0000681309 0.0000838079 0.0000759916 0.0001051738 0.000115081 0.0001136306 0.0001322038 0.0001138364 0.0000925275 0.0001078754 0.0001012295 0.0000971988 0.0000863801 0.000066884 0.0000421322 0.0000295876 0.0000442539 0.0000560732 0.0000748316 0.0000804209 0.000076338 0.0000670214 0.0000934424 0.0000908809 0.0000954403 0.0001331359 0.0001059294 0.0001072238 0.0001259644 0.0001858962 0.0001220796 0.000142284 0.0001160871 0.0000963996 0.000082693 0.0001080965 0.0001154188 0.0001336788 0.0000709971 0.0000589844 0.0000535938 0.0000679134 0.0001099932 0.0000974114 0.0001445771 0.0001707167 0.0002807121 0.0002344923
0.0000250034 0.0000564013 0.0000562435 0.0000669155 0.000074713 0.0000771205 0.0000712712 0.0000702884 0.0000940567 0.0000732089 0.0000655386 0.0000881875 0.0000930428 0.0000907523 0.0001030201 0.0001564992 0.0001390231 0.0000744948 0.0000464364 0.0000360561 0.0000520963 0.0000895386 0.0001492271 0.0001003066 0.0000723746 0.0000604593 0.0000687949 0.0000917239 0.0001368608 0.0001295319 0.0000857427 0.000087957 0.0001155212 0.0001199378 0.0001145312 0.0001159552 0.0000990421 0.0000990675 0.0000849969 0.0001067242 0.0001020242 0.0001059336 0.0000766178 0.0000567816 0.0000524599 0.0000860445 0.0001146846 0.0001843793 0.0001383223 0.0001720817 0.0001540685 0.0002145405
0.0000498216 0.0000624699 0.0000730056 0.0000845644 0.0000922628 0.0000721573 0.0000797342 0.0000674605 0.00004969 0.0000387089 0.0000374794 0.0000544999 0.000080927 0.0001161105 0.0001383381 0.0001423518 0.0001401866 0.0000773395 0.0000739202 0.0000756854 0.0000659396 0.000115619 0.0001320494 0.0001228403 0.0000907726 0.000064039 0.0000580315 0.000106866 0.0002262612 0.0001729641 0.0001264884 0.0000841932 0.00006766 0.0000744192 0.0001085788 0.0000721198 0.000081306 0.0000654837 0.0000813404 0.0000793042 0.0000835757 0.0000686987 0.0000777511 0.0000724929 0.0000915774 0.0001284384 0.0001866108 0.0001686769 0.0001703741 0.0001458542 0.0001390456 0.0001733462
0.0000740521 0.0001065841 0.0000750616 0.0000824764 0.0001055497 0.0000856446 0.0000711403 0.0000849225 0.0000617905 0.0000475106 0.0000505192 0.0000595843 0.0000883188 0.0001721766 0.0001498792 0.0001472351 0.0001025983 0.0001023526 0.0000855352 0.0001223851 0.0001063444 0.0001056909 0.0001414168 0.0001194512 0.0000968452 0.0000604146 0.0000607418 0.0000960782 0.0001508593 0.0002331611 0.000142949 0.0000808159 0.0000788045 0.0000625172 0.0000586213 0.0000772721 0.0000650041 0.0000705897 0.000058051 0.0000743217 0.0000658427 0.0000572406 0.0000606268 0.0000819252 0.0001558359 0.0002102239 0.0002800426 0.0002908527 0.0002131666 0.0001984636 0.0001515725 0.0001838303
0.000131405 0.0001033519 0.0000963609 0.0000837492 0.0000882824 0.0000910638 0.0000898258 0.0000966566 0.0000849021 0.0000805259 0.0000814349 0.000089214 0.0001152896 0.0001583573 0.0001928296 0.0001714428 0.0001511367 0.0001094366 0.0001025152 0.000094827 0.0001245841 0.0001365421 0.0001322213 0.0001199149 0.0000839595 0.0000889273 0.0000516458 0.0000766248 0.0001255566 0.0001261209 0.0001140748 0.0000701413 0.0000666422 0.0000608498 0.0000690218 0.000083833 0.0001071809 0.0000622015 0.0000567222 0.0000751122 0.0000757024 0.0000774578 0.0000720948 0.0001135518 0.0001378315 0.0002575718 0.0003998847 0.0003344696 0.0003385436 0.0002850346 0.000209285 0.0001735867
0.0000741243 0.0001030407 0.0001011915 0.0000744153 0.0000704506 0.0000826086 0.000092004 0.0001296538 0.0001232087 0.0000882333 0.0000881185 0.0000851573 0.0001747811 0.0002048147 0.0002403003 0.0001789475 0.0001434127 0.0001278007 0.0001305845 0.0001322603 0.0001482342 0.0001863872 0.0001521328 0.0000932314 0.0000834745 0.0000600036 0.0000562795 0.0000671848 0.0000680983 0.0000842354 0.000056625 0.0000668344 0.0000536334 0.0000642429 0.0000946086 0.0001318791 0.0001191018 0.0000774513 0.0000771121 0.0000728766 0.0000950426 0.0000953916 0.0000895511 0.0000834523 0.0001373591 0.000211712 0.0002958248 0.0004121032 0.0003466919 0.0002625713 0.0001563311 0.0001550696
