Models/Synthetic/Density/temp_raster_dens.asc
NCOLS 101
NROWS 101
XLLCORNER 3302900
YLLCORNER 3112000
CELLSIZE 4386.138614
NODATA_VALUE NaN
[rows 69 to 91 of 101, columns 0 to 51 of 101]
0.0000276885 0.0000279795 0.0000273721 0.0000273031 0.000027423 0.000027914 0.0000287888 0.0000295246 0.0000306319 0.000031948 0.0000341039 0.0000362111 0.0000385773 0.0000410156 0.0000445987 0.0000483823 0.0000522426 0.0000558702 0.0000596504 0.0000632522 0.0000666701 0.0000698793 0.0000737166 0.0000750479 0.0000767853 0.0000787442 0.000081573 0.0000794139 0.0000784056 0.0000765364 0.0000754987 0.0000742515 0.0000713464 0.0000682924 0.0000651379 0.0000611155 0.0000574075 0.0000539654 0.0000510733 0.0000490224 0.0000489524 0.0000450771 0.000042803 0.000040972 0.0000393932 0.0000385328 0.0000379144 0.0000376551 0.000037432 0.0000375945 0.000037911 0.0000384641
0.0000259101 0.000026295 0.0000265311 0.000026604 0.0000268079 0.0000281305 0.0000280573 0.0000291345 0.0000300966 0.0000316312 0.0000340204 0.0000437479 0.0000389119 0.0000415512 0.0000453335 0.0000501529 0.0000532694 0.0000574292 0.0000613092 0.0000649674 0.0000678911 0.000071077 0.0000735343 0.000075536 0.0000769343 0.0000785493 0.0000796984 0.0000833108 0.0000795767 0.0000904727 0.0000777577 0.0000760977 0.0000733044 0.000070151 0.0000669497 0.0000638362 0.0000606037 0.0000574326 0.0000547139 0.0000528243 0.0000509505 0.0000492226 0.0000473554 0.00004547 0.000043995 0.0000429508 0.0000426426 0.0000422684 0.0000420293 0.0000415627 0.0000415536 0.0000417624
0.0000250517 0.0000250901 0.0000265549 0.0000264892 0.0000257979 0.0000260818 0.0000270321 0.0000279964 0.000029424 0.0000311417 0.0000337007 0.0000361755 0.0000389207 0.0000421497 0.0000460702 0.0000500614 0.0000537945 0.0000581458 0.000065718 0.0000659129 0.0000691446 0.0000720256 0.0000743706 0.000075857 0.0000774644 0.0000785874 0.0000798631 0.0000802025 0.0000808474 0.0000799963 0.0000792159 0.0000773148 0.0000759731 0.0000726802 0.0000700132 0.00006768 0.0000648872 0.0000619056 0.0000590623 0.0000570754 0.0000553515 0.0000537883 0.0000520875 0.0000507223 0.0000494866 0.0000486341 0.0000483656 0.0000542003 0.0000474113 0.0000465914 0.0000462213 0.0000460546
0.0000232465 0.0000236759 0.00002406 0.0000242794 0.0000242889 0.0000246214 0.0000255633 0.0000269171 0.0000285476 0.0000305146 0.0000327621 0.0000353168 0.00003824 0.0000420429 0.000049383 0.0000498896 0.0000537395 0.0000586275 0.0000628471 0.0000666039 0.0000697558 0.0000742425 0.0000754208 0.0000768219 0.0000779466 0.0000868849 0.0000799352 0.0000812212 0.0000818099 0.0000812322 0.0000797096 0.0000788625 0.0000773767 0.0000757279 0.000073875 0.0000725327 0.00007082 0.0000673939 0.0000642245 0.0000623087 0.0000614079 0.0000591305 0.0000580581 0.0000570548 0.0000562904 0.0000555291 0.0000555249 0.0000549977 0.000054026 0.0000529233 0.0000521546 0.000051688
0.0000216544 0.0000218848 0.0000221444 0.0000224257 0.0000228279 0.0000235067 0.0000245818 0.0000260495 0.0000278174 0.0000298312 0.0000321021 0.0000346856 0.000037718 0.000041627 0.0000455498 0.0000497019 0.0000537623 0.000058611 0.0000634189 0.0000665422 0.0000697888 0.0000734964 0.0000774549 0.0000777272 0.0000785638 0.0000796228 0.000080821 0.0000823288 0.0000946338 0.0000828481 0.0000814317 0.0000802778 0.0000800795 0.0000794138 0.0000785886 0.0000775515 0.0000795315 0.0000731929 0.0000706042 0.0000689411 0.000067316 0.0000656668 0.0000647574 0.0000666513 0.0000636319 0.0000632232 0.0000709291 0.0000713249 0.0000611945 0.0000599917 0.0000668472 0.0000583243
0.0000204955 0.0000206836 0.0000209398 0.0000213024 0.0000218622 0.0000227361 0.0000239678 0.0000255157 0.0000272761 0.0000292228 0.0000314401 0.0000340419 0.0000371229 0.0000407007 0.0000447363 0.0000490987 0.0000537356 0.0000588768 0.000063718 0.0000663273 0.0000691029 0.0000730384 0.0000772729 0.0000781558 0.0000790491 0.0000803954 0.0000820396 0.0000838572 0.0000846764 0.0000884351 0.0000832699 0.0000826413 0.0000829608 0.0000864344 0.0000833893 0.0000826779 0.0000813293 0.0000794276 0.0000780614 0.0000780365 0.0000755088 0.0000735153 0.0000727087 0.0000721009 0.0000719403 0.0000714002 0.0000714451 0.0000706982 0.000069169 0.0000679435 0.0000662297 0.0000654371
0.0000197449 0.0000199157 0.0000201832 0.0000205935 0.0000212458 0.0000222646 0.0000236933 0.0000252815 0.0000269381 0.0000286827 0.0000307961 0.0000333781 0.00003648 0.0000401439 0.0000443282 0.0000488495 0.0000535595 0.000058309 0.0000633569 0.0000652581 0.0000683934 0.0000726843 0.0000760015 0.0000784031 0.0000796212 0.0000814489 0.0000837363 0.0000856029 0.0000861023 0.0000857056 0.0000923714 0.0000852386 0.0000863012 0.0000878213 0.000088631 0.0000885208 0.0000871475 0.0000861932 0.0000859999 0.0000877085 0.000085635 0.0000830481 0.0000814471 0.0000807052 0.0000805361 0.0000801636 0.0000797625 0.0000792036 0.0000778974 0.0000760214 0.0000740065 0.0000725455
0.0000192824 0.0000194527 0.0000197211 0.0000201562 0.0000209043 0.000022066 0.0000236291 0.0000253424 0.0000266974 0.0000282487 0.0000302408 0.0000327592 0.0000358789 0.0000396571 0.0000441161 0.0000488571 0.000053178 0.0000571453 0.0000604129 0.0000637895 0.0000673591 0.0000717583 0.0000765674 0.0000776187 0.0000798568 0.0000820521 0.0000846033 0.0000882678 0.0000880973 0.0000877723 0.0000878712 0.0000884157 0.0000897859 0.0000920604 0.0000959644 0.0000945948 0.0000944761 0.0000943895 0.0000945899 0.0000946364 0.0000956254 0.0000940326 0.0000921341 0.000091691 0.000090937 0.0000911448 0.0000901987 0.0000895926 0.000088577 0.0000852805 0.0000825609 0.0000803515
0.0000191401 0.0000193179 0.0000195622 0.0000199873 0.0000207848 0.0000222457 0.0000238575 0.0000253932 0.000026585 0.0000280294 0.0000299227 0.0000322672 0.0000352853 0.0000393899 0.0000439845 0.0000488885 0.0000529009 0.0000553233 0.0000584889 0.0000624 0.0000662014 0.0000702285 0.000073299 0.0000764675 0.0000792245 0.0000820014 0.0000849737 0.0000870427 0.0000891353 0.0000937929 0.000090843 0.0000921682 0.0000944864 0.0000975981 0.0001003423 0.0001023286 0.0001036028 0.000104665 0.0001048171 0.0001045808 0.000104315 0.000104526 0.000106792 0.0001034144 0.0001066161 0.0001030265 0.0001036283 0.0001004535 0.000098842 0.0000951487 0.0000917611 0.0000895993
0.0000194995 0.0000196452 0.0000197929 0.0000201269 0.0000208955 0.0000223059 0.0000246802 0.0000253938 0.0000266061 0.0000282624 0.0000298807 0.0000319952 0.0000346014 0.0000384857 0.0000445913 0.0000473542 0.0000503063 0.0000534009 0.0000567027 0.0000606608 0.000067132 0.0000684241 0.0000717124 0.0000752494 0.0000782641 0.0000825086 0.0000842005 0.0000870445 0.0000901456 0.0000926635 0.0000956234 0.0000976885 0.0001012105 0.0001042248 0.000108019 0.000111641 0.0001138844 0.0001178199 0.0001193347 0.0001155452 0.0001155111 0.000118112 0.000116217 0.0001163782 0.0001158798 0.0001179087 0.0001143248 0.0001116796 0.0001091363 0.0001046146 0.0001019734 0.000099397
0.0000205693 0.0000205603 0.0000204541 0.0000206187 0.0000212118 0.0000224358 0.0000237191 0.0000252003 0.0000269662 0.0000280556 0.0000301899 0.0000314259 0.0000337024 0.0000371554 0.0000409022 0.0000445406 0.0000476756 0.0000510248 0.000054665 0.0000587854 0.0000623002 0.0000665436 0.0000805467 0.0000745951 0.0000778197 0.0000806205 0.0000835537 0.0000871959 0.0000912801 0.0000980233 0.0000998041 0.0001090513 0.0001081888 0.0001135547 0.0001166608 0.0001204866 0.0001239923 0.0001297351 0.0001281358 0.0001283422 0.0001288197 0.0001294206 0.00012965 0.0001287244 0.0001287527 0.0001287178 0.0001290543 0.0001276274 0.0001176197 0.0001205993 0.0001109466 0.0001139556
0.0000223212 0.0000218589 0.0000215229 0.0000213795 0.0000218014 0.0000225708 0.0000235736 0.0000248049 0.0000260481 0.0000275595 0.0000289028 0.0000306113 0.0000326136 0.000035324 0.000038477 0.0000417712 0.0000451558 0.0000487248 0.000052573 0.0000563062 0.0000601844 0.0000644771 0.0000689223 0.0000740737 0.0000772132 0.0000793966 0.0000826648 0.0000872949 0.000097044 0.000097721 0.0001130538 0.0001113505 0.0001154091 0.0001196391 0.0001260854 0.0001294794 0.0001334568 0.0001368442 0.0001406996 0.0001412028 0.0001431551 0.00014435 0.000144127 0.0001510863 0.0001423072 0.0001408367 0.0001403818 0.0001329264 0.0001274747 0.0001223044 0.0001187498 0.0001174047
0.0000238892 0.000023672 0.0000225801 0.0000223104 0.0000225745 0.0000231978 0.0000238843 0.0000246689 0.0000256177 0.0000267039 0.0000280023 0.0000295363 0.0000314772 0.0000338584 0.0000366437 0.0000396988 0.0000429609 0.0000465012 0.0000503262 0.0000544544 0.0000582285 0.0000628174 0.0000660056 0.000070194 0.0000742803 0.0000780124 0.0000819804 0.0000876758 0.0000935312 0.0001002087 0.0001070381 0.0001185905 0.0001211279 0.0001261277 0.0001320432 0.0001382444 0.0001435601 0.0001478538 0.0001513707 0.0001559429 0.0001560454 0.0001584015 0.0001614665 0.000159038 0.0001553875 0.0001581759 0.0001495559 0.0001439249 0.0001384111 0.0001306494 0.0001250222 0.0001204038
0.0000278647 0.0000244257 0.0000236141 0.0000233294 0.0000235439 0.0000239944 0.0000245144 0.0000250448 0.0000256724 0.0000264644 0.0000274668 0.0000287595 0.0000304285 0.0000325309 0.0000350631 0.0000382218 0.0000413164 0.0000446396 0.0000479603 0.0000518878 0.0000565398 0.0000595143 0.0000630063 0.0000667219 0.0000712719 0.0000760918 0.0000813098 0.0000873776 0.0000948901 0.000101749 0.000111125 0.0001175364 0.0001248303 0.0001317963 0.00013916 0.0001468341 0.00016163 0.0001601031 0.0001632468 0.0001667227 0.000168899 0.0001710578 0.0001771213 0.0001706558 0.000167866 0.0001644957 0.000160867 0.0001601428 0.0001474759 0.0001394483 0.0001321081 0.0001264866
0.0000254061 0.0000253289 0.0000246802 0.0000245801 0.0000247257 0.0000250385 0.0000254051 0.0000257755 0.0000261845 0.000026676 0.000027324 0.0000282405 0.0000295495 0.0000313246 0.0000335855 0.000036617 0.0000457738 0.0000424847 0.0000453512 0.0000490312 0.0000527885 0.0000568853 0.0000597073 0.0000638413 0.0000691338 0.0000748049 0.000080846 0.0000874669 0.0000949496 0.0001033387 0.0001116612 0.0001202251 0.0001285064 0.0001369884 0.0001460761 0.0001565839 0.0001629802 0.0001694459 0.0001789861 0.0001790767 0.0001859045 0.0001833971 0.0001855375 0.0001822083 0.0001783293 0.0001746063 0.0001747467 0.0001659044 0.0001569948 0.0001477192 0.0001449722 0.0001324379
0.0000262633 0.0000263325 0.0000262682 0.0000262104 0.0000262626 0.0000263731 0.0000265372 0.0000267653 0.0000269971 0.0000272104 0.0000274597 0.0000279563 0.0000289065 0.0000303772 0.0000323847 0.0000351295 0.0000378373 0.000040227 0.0000426357 0.0000457839 0.0000492546 0.000052741 0.0000566279 0.0000612546 0.0000672949 0.0000745446 0.0000803952 0.0000875393 0.0000956305 0.0001044286 0.0001138403 0.0001233453 0.0001328841 0.0001421555 0.0001523623 0.0001633513 0.0001797287 0.0001800712 0.0001857699 0.0001927878 0.0001995926 0.0001956981 0.0001951181 0.0001926876 0.0001886663 0.0001835096 0.0001780244 0.000171385 0.0001665587 0.0001584879 0.0001457365 0.0001374869
0.0000283644 0.0000284244 0.0000284178 0.0000283508 0.0000281843 0.0000279973 0.0000278513 0.0000278841 0.0000279978 0.0000279464 0.0000278176 0.000027913 0.0000285008 0.0000299796 0.0000317731 0.0000337922 0.0000359462 0.0000379724 0.0000402526 0.0000425709 0.0000456917 0.0000492697 0.0000534627 0.0000586857 0.0000652571 0.0000724635 0.0000794683 0.0000873815 0.0000966799 0.0001055398 0.0001158886 0.0001321164 0.0001371535 0.0001473388 0.0001578953 0.0001693102 0.000191723 0.0001887687 0.0002024766 0.0002002551 0.0002046409 0.0002107207 0.0002056429 0.0002102236 0.0001963012 0.0001913608 0.0001842659 0.0001774656 0.0001706586 0.0001618079 0.0001510542 0.0001409759
0.0000308913 0.0000309396 0.0000310758 0.00003092 0.0000304887 0.0000297973 0.0000295076 0.0000292734 0.0000294735 0.0000290434 0.0000286459 0.0000280558 0.0000283584 0.0000295838 0.0000323197 0.0000327984 0.0000341801 0.000038862 0.0000376507 0.0000396641 0.0000426397 0.000046295 0.0000507301 0.0000561757 0.0000626748 0.0000698979 0.0000778297 0.0000866225 0.000096161 0.0001065257 0.000117972 0.0001303669 0.0001508618 0.0001533502 0.0001634997 0.0001744861 0.0001844818 0.0002044884 0.0002013341 0.0002059266 0.0002087416 0.0002116802 0.0002216938 0.0002083682 0.0002012506 0.0001955842 0.0001877602 0.0001814074 0.000178412 0.0001676367 0.0001536661 0.0001429607
0.0000334732 0.0000335476 0.0000336936 0.0000338209 0.0000328108 0.0000317856 0.000031137 0.0000385181 0.0000305211 0.0000318583 0.0000292571 0.0000284035 0.0000284006 0.0000295708 0.0000307107 0.0000318005 0.0000327311 0.000033878 0.0000355032 0.0000373427 0.0000402285 0.0000439363 0.0000485151 0.0000540521 0.0000604738 0.0000678368 0.0000762086 0.0000856015 0.0000960594 0.0001072981 0.0001198571 0.0001334591 0.0001525059 0.0001579445 0.0001725662 0.0001783849 0.0001872803 0.0002035113 0.0002032497 0.0002102623 0.0002115713 0.000214506 0.0002141018 0.0002101633 0.0002033332 0.0002032002 0.0001892808 0.0001824383 0.0001752727 0.0001656751 0.0001541031 0.0001427445
0.0000360595 0.0000360818 0.0000361548 0.0000362145 0.000035459 0.0000342559 0.0000330329 0.0000321952 0.0000318826 0.0000309419 0.0000301088 0.0000289814 0.0000286841 0.0000293015 0.0000311007 0.0000308659 0.000031349 0.0000321761 0.000033615 0.0000357323 0.0000385242 0.0000421003 0.000047241 0.000052914 0.0000593512 0.0000663333 0.0000749834 0.0000850944 0.0000961645 0.0001083869 0.000121394 0.0001406317 0.0001477455 0.0001604224 0.0001819193 0.0001817752 0.0001901321 0.0001979245 0.0002050515 0.0002103462 0.0002153399 0.0002170892 0.0002169398 0.0002124126 0.0002059524 0.0001975682 0.0001895091 0.000181249 0.0001712721 0.000161147 0.0001518438 0.0001456667
0.0000386907 0.0000386458 0.0000384993 0.0000384121 0.000040385 0.000036805 0.0000352835 0.0000345076 0.000033226 0.000032377 0.0000310684 0.0000299915 0.0000291646 0.0000292843 0.0000298229 0.0000300114 0.0000306782 0.0000309227 0.0000322687 0.0000346702 0.0000369783 0.0000405568 0.0000459043 0.0000568289 0.0000582781 0.0000652084 0.0000740199 0.0000847725 0.0000968374 0.0001086451 0.00012206 0.0001382143 0.0001483515 0.0001611465 0.000173428 0.0001844115 0.0001928083 0.000199955 0.0002061109 0.0002125385 0.0002269649 0.0002398877 0.000219658 0.0002176012 0.0002172302 0.0002072886 0.0001880411 0.0001784626 0.0001668304 0.0001563172 0.0001465123 0.0001399385
0.0000413128 0.0000415521 0.0000412886 0.0000410579 0.0000398294 0.0000390338 0.0000424589 0.0000364972 0.0000359779 0.000033999 0.0000328859 0.0000311078 0.0000298875 0.0000291972 0.0000288036 0.0000288621 0.0000289584 0.0000296196 0.000030922 0.0000328252 0.0000354764 0.000039055 0.0000444323 0.0000508507 0.0000573512 0.0000644177 0.0000730754 0.0000840448 0.0000976194 0.0001087188 0.0001222243 0.0001360508 0.0001482332 0.0001621959 0.000175148 0.000185741 0.0001944105 0.0002005367 0.0002070694 0.0002200405 0.0002191322 0.0002223601 0.0002233193 0.0002185287 0.0002095247 0.0002021082 0.0001910316 0.0001752461 0.0001608266 0.0001511754 0.0001395927 0.000129272
0.0000438766 0.0000441034 0.0000455783 0.0000431509 0.0000419801 0.0000411314 0.000039748 0.0000384347 0.0000367183 0.0000355664 0.0000337293 0.0000322069 0.0000307344 0.0000293668 0.0000283778 0.0000278388 0.0000278158 0.0000283155 0.0000294313 0.0000312748 0.0000340204 0.0000376999 0.0000425387 0.0000485839 0.0000569448 0.0000631533 0.0000719985 0.000083019 0.0000955118 0.0001085011 0.0001229629 0.0001363204 0.0001466306 0.0001596284 0.0001786424 0.0001830343 0.0001914436 0.0002027866 0.0002074783 0.0002115998 0.0002218613 0.0002205915 0.0002241006 0.0002123497 0.0002032306 0.0001897247 0.0001863714 0.0001667163 0.0001613749 0.0001437649 0.0001321898 0.0001219138
