Models/Synthetic/Density/temp_raster_dens.asc
NCOLS 101
NROWS 101
XLLCORNER 3302900
YLLCORNER 3112000
CELLSIZE 4386.138614
NODATA_VALUE NaN
[rows 0 to 22 of 101, columns 0 to 51 of 101]
0.000094885 0.0000951197 0.0000953068 0.0000957791 0.0000966476 0.0000977436 0.0000988182 0.0000997895 0.0001009193 0.0001007356 0.0001007885 0.0001075875 0.0000977128 0.0000956423 0.000095362 0.00009791 0.0000936415 0.0000937656 0.0001034803 0.0000972922 0.0000981071 0.000099468 0.0001012971 0.0001062665 0.0001005249 0.0001002538 0.0000988738 0.0000988459 0.0000991773 0.0000994912 0.000100268 0.0001022772 0.0001062213 0.000104548 0.0001020027 0.0000967807 0.0000938299 0.0000928636 0.0000944027 0.0000886588 0.0000974575 0.000085128 0.0000836941 0.0000833843 0.0000893179 0.0000877431 0.0000907849 0.0000937034 0.0000894391 0.0000934186 0.0000935674 0.0000944043
0.0000961533 0.0000961609 0.0000964532 0.0000972637 0.0000982194 0.0000996752 0.0001006207 0.0001017679 0.0001021179 0.0001039355 0.000101021 0.0000995749 0.000098191 0.0000962844 0.0000956696 0.0000951199 0.0000941939 0.0000950202 0.0000964577 0.0000988621 0.0000988599 0.0000995569 0.0001009303 0.00010119 0.0001032874 0.0001001655 0.0001004764 0.0001006103 0.0001005054 0.0000999456 0.0001002766 0.0001019987 0.0001030866 0.0001029773 0.0000999126 0.0000965478 0.0000941151 0.0000927711 0.0000910238 0.0000889122 0.0000869467 0.0000857552 0.0000859071 0.000083376 0.0000832621 0.0000852534 0.0000868775 0.0000882929 0.000098932 0.0000914604 0.0000946262 0.0000945776
0.000097214 0.0000982699 0.0000975321 0.0000983765 0.0001010292 0.000100753 0.0001040853 0.0001042161 0.000105466 0.0001021986 0.0001010431 0.0001001793 0.000099099 0.0000978167 0.0000961038 0.0000951266 0.0000951911 0.0000959167 0.0001100685 0.0000984347 0.0000991052 0.0000998544 0.0000997509 0.000101099 0.0001001101 0.000100552 0.0001018434 0.0001070531 0.0001015283 0.0001003314 0.0001000428 0.0001005334 0.0001039474 0.0001100834 0.0001077347 0.0000953699 0.000094023 0.0000965565 0.0000909145 0.0000889235 0.0000876193 0.000087319 0.0000849415 0.0000832857 0.0000820201 0.0000823774 0.0000894026 0.000093431 0.0000886624 0.0000907752 0.0000919562 0.0000943376
0.0000982563 0.0000985357 0.0000986342 0.0000990892 0.000099425 0.0001009628 0.0001022594 0.0001033073 0.0001031479 0.0001024484 0.0001014072 0.0001010836 0.000102939 0.0000995598 0.0000982433 0.0000974138 0.000097092 0.0000997303 0.0000986641 0.0001005077 0.0000991462 0.0000986696 0.0000990344 0.0000990059 0.0000994767 0.0001006144 0.000102519 0.000102975 0.0001020191 0.0001003654 0.0000993925 0.0000999665 0.0001004583 0.0001022586 0.0000975617 0.0000950401 0.0000937804 0.000098797 0.0000910537 0.0000893248 0.0000903805 0.000086238 0.0000856743 0.0000904184 0.0000817287 0.0000813997 0.0000832122 0.0000866063 0.0000920091 0.0000905511 0.0000912835 0.0000931928
0.0000992398 0.0000996836 0.0001098656 0.0000987151 0.0000981065 0.0000989466 0.0001028029 0.0001052206 0.0001017471 0.0001026061 0.0001022248 0.0001020852 0.0001012518 0.0001009323 0.0001020014 0.0001012849 0.0000993367 0.0000984054 0.0000989732 0.0001010179 0.0000993285 0.0000984922 0.0000985418 0.0000988658 0.0000994353 0.0001010612 0.0001030366 0.0001030613 0.0001012674 0.0000993162 0.0000984886 0.0000984987 0.0001012505 0.000098483 0.0000976514 0.0000942905 0.0001026639 0.0000910866 0.0000897152 0.000089611 0.0000872441 0.000085685 0.0000841392 0.0000839421 0.0000815493 0.0000806384 0.0000818266 0.0000855995 0.0000923823 0.0000912605 0.0000923188 0.000092996
0.000100276 0.0001010652 0.0001004262 0.0000982033 0.0000969431 0.0000974292 0.0000984817 0.0000994282 0.0001004444 0.0001014777 0.0001039105 0.0001021132 0.0001015977 0.0001015689 0.0001016104 0.0001012578 0.0001012695 0.0000983932 0.0000982952 0.0000994712 0.0000993054 0.0000995952 0.0000995736 0.0000998296 0.0001007242 0.000100415 0.0001019686 0.0001002591 0.0000988024 0.0000978036 0.0000972581 0.0000974422 0.0000969813 0.0000969891 0.0000981135 0.00009363 0.0000907724 0.0000887531 0.0000883844 0.0000878355 0.0000870418 0.0000847587 0.0000830003 0.0000814813 0.0000810203 0.0000805406 0.0000816496 0.0000847897 0.0000884956 0.0000909607 0.0000935157 0.0000937723
0.0001001415 0.0000998124 0.0000986607 0.0000971882 0.0000960947 0.000095856 0.0000964401 0.0000972729 0.0000982787 0.0000994959 0.0001008014 0.0001069106 0.0001019316 0.0001015307 0.0001018641 0.0001051161 0.0001005744 0.0000992552 0.0000981557 0.0000984149 0.0001000025 0.0000995308 0.0001002176 0.0001028826 0.0000996001 0.0000993188 0.000098468 0.0000977351 0.0000963299 0.0000960422 0.0000969028 0.0000970774 0.0000964979 0.0000951403 0.000094146 0.0000990345 0.0000890429 0.0000874334 0.000087119 0.0000934655 0.0000945922 0.000085815 0.0000823293 0.0000806108 0.0000803443 0.0000807113 0.0000817642 0.000083836 0.0000865811 0.0000898005 0.0000927706 0.0000971923
0.0000975188 0.0000971399 0.0000966688 0.0000960862 0.0000953508 0.000095304 0.0000958555 0.0000967872 0.0000969444 0.0000973163 0.0000986369 0.0001002308 0.0001029955 0.0001021378 0.0001014216 0.0001012317 0.0001030583 0.0001002668 0.0000996049 0.0000991024 0.0000988356 0.0000993596 0.0001001596 0.0000991966 0.0000985081 0.0000973283 0.0001058096 0.000095511 0.0000946966 0.0000947075 0.0000957869 0.0001065341 0.0001048268 0.0000936029 0.000092065 0.0000900904 0.0000887628 0.0000873985 0.0000881986 0.0000867414 0.0000862107 0.0000923257 0.0000821014 0.0000803646 0.0000802575 0.0000812003 0.0000820217 0.0000837396 0.0000861438 0.0000888826 0.0000918711 0.0000944478
0.0000943454 0.0000946209 0.00009478 0.0000948726 0.000094862 0.0000950617 0.0000958602 0.0000962369 0.0000963436 0.0000964581 0.0000968843 0.0000985873 0.0001009539 0.000101594 0.0001009774 0.0001003734 0.0001004974 0.0001016477 0.0001015713 0.0001071211 0.0000980011 0.0000976901 0.0000982131 0.000097836 0.0000969535 0.0000967271 0.0000957559 0.0000950563 0.0000941878 0.0000938278 0.0000948803 0.0000953108 0.0000948804 0.0000933223 0.0000914198 0.0000895448 0.0000881928 0.0000934856 0.0000872441 0.0000868079 0.000085197 0.0000841602 0.0000828358 0.0000811628 0.00008059 0.0000812675 0.0000831405 0.0000848301 0.0000869711 0.0000886178 0.000090563 0.0000931829
0.0000924123 0.0000929696 0.0000934772 0.0000939954 0.0000946157 0.0000948178 0.0000953783 0.0000960374 0.000095933 0.000095694 0.0001064369 0.0000971252 0.0000988477 0.0001057784 0.0001006742 0.0001005674 0.000101087 0.0001006037 0.0000999369 0.0000982917 0.0000976039 0.0000972493 0.0000976347 0.0000988431 0.0000958106 0.0000946618 0.0000950835 0.0001024053 0.0000939447 0.0000936205 0.0000936711 0.0000936253 0.0000934721 0.0000930877 0.0000925921 0.0000901239 0.0000886852 0.0000876317 0.0000874639 0.0000856427 0.0000848226 0.0000852432 0.0000856855 0.0000818741 0.0000811559 0.0000822979 0.0000847044 0.000090163 0.0000878795 0.0000888313 0.0000901137 0.0000922857
0.0000922219 0.0000927111 0.0000932681 0.0000937369 0.0000942777 0.0000945129 0.0000944977 0.0001064979 0.0000949671 0.0000951559 0.0000955439 0.000096362 0.0000978634 0.0000994216 0.0001007754 0.0001087443 0.0001083918 0.0001081394 0.00009817 0.0000969951 0.0000966958 0.0001050099 0.0000987809 0.0000961572 0.0000949153 0.0000937582 0.000093539 0.0000936092 0.0000941361 0.0000941305 0.0000939644 0.000093361 0.0000931337 0.0000934796 0.000092643 0.0000910827 0.0000887712 0.0000873465 0.0000862644 0.000085394 0.0000847704 0.0000845009 0.0000837219 0.0000826597 0.0000820474 0.0000833227 0.0000876939 0.0000954799 0.0000883161 0.0000890343 0.0000903708 0.0000909177
0.0001026817 0.0000930114 0.0000930793 0.0000965075 0.0000933053 0.0000932854 0.0000935206 0.000093839 0.0000948635 0.0000950432 0.0000954016 0.0000960719 0.0000969103 0.0000990776 0.0001029685 0.0001019262 0.0001034314 0.0000996213 0.0000979623 0.0000967274 0.0000965805 0.0000965352 0.0000963722 0.0000956935 0.0000949342 0.0000935088 0.0000927016 0.000092694 0.0000936054 0.0000951055 0.0000940047 0.0000932505 0.0000927747 0.000092887 0.000098732 0.0000909583 0.0000890153 0.0000876705 0.0000865615 0.0000862988 0.0000856463 0.0000850191 0.0000838045 0.0000831777 0.0000830672 0.0000841236 0.0000861011 0.0000869169 0.00008846 0.0000900087 0.0000911703 0.0000913689
0.0000934413 0.0001012129 0.0000921733 0.0000917952 0.0000923193 0.0000927835 0.000093177 0.0000936682 0.0000946186 0.000108499 0.0000950475 0.0000951772 0.0000965599 0.0000989812 0.0001020124 0.0001016104 0.0001003143 0.000099781 0.0000981147 0.0000973442 0.0000964457 0.0000960538 0.0000961268 0.0000970475 0.0000964351 0.0000950934 0.0000929818 0.0000926594 0.0000932978 0.0000936863 0.0000936547 0.0000929543 0.0000927664 0.0000928394 0.0000922891 0.000091131 0.0000896661 0.0000886648 0.000087796 0.0000875852 0.0000937622 0.0000863601 0.0000850085 0.000084341 0.000084018 0.000084469 0.0000851429 0.0000863332 0.0000886759 0.0000922533 0.000092702 0.0000922768
0.0000928621 0.000091185 0.0000905638 0.0000907516 0.0000916972 0.0000930045 0.0000954331 0.0000934824 0.0000937438 0.0000943428 0.0000947842 0.0000953637 0.0000964549 0.0000982715 0.0000994461 0.0001003803 0.0001039182 0.0000998759 0.000099533 0.00009792 0.0000969675 0.0000965666 0.0000973962 0.000098782 0.00010262 0.0000962307 0.0000935616 0.0000928481 0.0000929422 0.0000930976 0.0000929297 0.0000926333 0.0000926553 0.0000938916 0.0000921441 0.0000916191 0.000091193 0.0000904056 0.0000899668 0.0000901593 0.0000902473 0.0000889823 0.0000871073 0.0000855551 0.0000850447 0.0000850924 0.000085692 0.0000864578 0.0000888323 0.0001006458 0.000093191 0.0000939004
0.0000894196 0.0000893747 0.0000891624 0.0000897932 0.0000973611 0.0000925178 0.0000930858 0.0000929116 0.0000925311 0.0000932207 0.0000953532 0.0000956152 0.0000978933 0.0000981324 0.0000991509 0.0001004028 0.0001002365 0.0001003583 0.0000989585 0.0000980971 0.0000971824 0.0000969533 0.000097571 0.0001015409 0.0000998379 0.0000965041 0.000094006 0.000093372 0.0000933902 0.0000933372 0.0000930184 0.0000926205 0.000092786 0.0000929617 0.0000931599 0.0000930898 0.0000933288 0.0000924531 0.0000921098 0.0000969122 0.0000927235 0.0000938764 0.0000886975 0.0000868716 0.0000866571 0.0000865371 0.0000867224 0.0000869441 0.000088649 0.0000909483 0.0001054557 0.0000958906
0.0000871637 0.000099768 0.000088175 0.00008901 0.0000899184 0.0000911669 0.000091606 0.0000919723 0.0000921425 0.0000935186 0.0000953606 0.0000969781 0.0000977407 0.0000998839 0.0000995762 0.0001004642 0.0001001531 0.0000986739 0.0000980764 0.0000974724 0.0000970539 0.000096767 0.0000972685 0.0000975049 0.0000970736 0.0000957625 0.0000947851 0.0000945492 0.0000945689 0.0000944402 0.0000939704 0.0000933899 0.0000932074 0.0000941456 0.0000949454 0.0000951169 0.0000944677 0.0000943546 0.0000931665 0.0000937273 0.0000935115 0.0000919365 0.0000907116 0.0000887508 0.0000883363 0.0000920468 0.0000874611 0.0000875049 0.0000886586 0.0000908239 0.0000937561 0.0000978734
0.0000856798 0.0000864042 0.0000874415 0.0000879944 0.0000890085 0.0000900149 0.0000909553 0.0000915745 0.0000924547 0.0000944547 0.0000984015 0.0001021683 0.0000972932 0.0000977438 0.0000993467 0.0001020952 0.0000992191 0.0000980821 0.0000974402 0.0000969525 0.0000970163 0.000096879 0.0000967724 0.0000963973 0.0000961329 0.000096506 0.0000972272 0.0000973002 0.000096799 0.000096537 0.0000960341 0.0000954795 0.0000945744 0.0000955183 0.000100811 0.0000963076 0.0000949913 0.0000936834 0.0000929661 0.0000926218 0.0000932867 0.0000924169 0.0000915039 0.0001101718 0.0000892815 0.000088092 0.000088116 0.0000881724 0.0000891599 0.0000909095 0.0000938018 0.0000968257
0.0000850309 0.0000858056 0.0000863441 0.0000877234 0.0000889282 0.0000901766 0.0000913243 0.0000920402 0.0000931986 0.0000973099 0.0000982992 0.0000961997 0.0000960032 0.0000968056 0.0000988946 0.000099263 0.0000990484 0.0001100459 0.0000976253 0.000096709 0.0000966031 0.0000989629 0.0000963798 0.0000962277 0.0000967759 0.0000975127 0.0001022419 0.0001038182 0.0000983182 0.0000979594 0.0001080831 0.000096535 0.0000959472 0.0000968495 0.0000969061 0.0000967051 0.0000948246 0.0000936804 0.0000927848 0.0000925832 0.0000925072 0.0000930281 0.0000933164 0.0000915085 0.0000896111 0.0000881884 0.0000882318 0.0000887787 0.0000896735 0.0000910837 0.0000933178 0.0000962999
0.0000938056 0.0000854039 0.0000856262 0.000086833 0.000088615 0.0000902854 0.0000907602 0.0000944071 0.0000955296 0.000093367 0.000093886 0.0000942432 0.0000946674 0.000096463 0.0000977096 0.0000985388 0.0001048299 0.0000988387 0.0000982256 0.0000970976 0.000095977 0.0000956567 0.0000957771 0.0000961178 0.0000972937 0.0000983819 0.000099394 0.0000995724 0.0000993448 0.0001106264 0.0000979818 0.0000968501 0.0000959056 0.0000963231 0.0000971117 0.0000958249 0.0000946121 0.0000936619 0.0000937679 0.0000926807 0.0000927883 0.0000938027 0.0000951523 0.0000921224 0.0000902146 0.0000892325 0.0000892659 0.0000898945 0.0000906464 0.000091643 0.0000931171 0.0000961606
0.0000854425 0.0000852474 0.0000848642 0.0000859736 0.0000874852 0.0000886908 0.0000892911 0.0000897475 0.0000903363 0.000090835 0.000091833 0.0000933257 0.0000946536 0.0000963016 0.0000975817 0.0000977611 0.0000976141 0.0000982955 0.0001003636 0.0000966317 0.0000949376 0.0000943714 0.0000947077 0.0000962668 0.000097986 0.0000991101 0.0000990305 0.0000986705 0.000098819 0.0000991151 0.0000970067 0.0000958981 0.0000959675 0.0000965197 0.0000966381 0.0000958726 0.0000945718 0.0000937258 0.000093092 0.0000931411 0.0000950304 0.0000961253 0.000096378 0.0000931116 0.0000913484 0.0000994923 0.0000902811 0.0000914351 0.0000942594 0.0000928108 0.0000932433 0.0000959989
0.0000858354 0.0000844687 0.000084345 0.0000849842 0.0000858928 0.0000866371 0.0000871033 0.0000874718 0.0000880403 0.0000892843 0.0000912913 0.0000933835 0.0000991804 0.0000953675 0.000095769 0.0000962056 0.0000962552 0.0000971047 0.0000969036 0.0000960939 0.0000944796 0.0000940006 0.0000943455 0.000096049 0.0001009197 0.0001008373 0.0000994978 0.0000985621 0.0000977591 0.0000968717 0.0000961407 0.0000958587 0.0000964053 0.0000982537 0.0000981217 0.000097345 0.0000951181 0.000093918 0.0000932832 0.000093777 0.0000960389 0.0001092835 0.0000962538 0.0001039827 0.0000924635 0.0000915468 0.0000917445 0.0000936862 0.0000986303 0.0000949391 0.0000942262 0.0000964905
0.0000834124 0.0000837923 0.0000846217 0.0000841443 0.0000845008 0.0000853928 0.0000863823 0.0000871048 0.0000880595 0.0000891711 0.0000912149 0.000097677 0.0000939015 0.0000940042 0.0000940999 0.0000947356 0.0000954682 0.000095849 0.0000959598 0.0000951895 0.0000947033 0.0000943681 0.000094675 0.0000961203 0.0000984561 0.0001006774 0.0000993289 0.0000976441 0.0000963331 0.0000953677 0.0000950004 0.0000954955 0.0000972413 0.000098367 0.0001058695 0.0000982909 0.0000961714 0.000095173 0.0000944816 0.0000947626 0.0001056036 0.0000965947 0.0000963159 0.0000943964 0.0000939419 0.0000934237 0.0000936269 0.0000957712 0.0001019834 0.0000972955 0.000097319 0.0000980936
0.0000830368 0.0000832872 0.0000831159 0.0000834106 0.0000941024 0.0000846065 0.0000858492 0.0000884804 0.0000894833 0.0000907944 0.0000922718 0.0000929939 0.0000933854 0.0000927761 0.0000932814 0.0000941008 0.0000949869 0.0000959499 0.0000958293 0.0000954353 0.0000949722 0.0000961217 0.0000960796 0.0000969647 0.0000978991 0.0000991572 0.0000985498 0.0000967233 0.0000951918 0.0000943554 0.0000942015 0.0000948384 0.0000957233 0.0000976538 0.0000983489 0.0000989891 0.0000968452 0.0000962435 0.0000977375 0.000095694 0.0000952025 0.0000954034 0.0000953048 0.0000957497 0.000096424 0.0000962552 0.0000963928 0.0000981237 0.0000999917 0.0001010173 0.0000994215 0.0001067297
