Models/Synthetic/Density/temp_raster_pop.asc
NCOLS 101
NROWS 101
XLLCORNER 3302900
YLLCORNER 3112000
CELLSIZE 4386.138614
NODATA_VALUE NaN
[rows 0 to 22 of 101, columns 0 to 51 of 101]
6.4279024891 6.5454276892 6.9088326903 7.4629136953 8.268075139 9.2770813259 10.355889225 11.5517571724 12.7143754641 14.6996676378 15.934123238 16.5456565471 17.6024762557 18.8174281409 19.3330925376 20.2446507299 21.0805531242 21.380497732 22.1950659825 22.9717696902 22.4873050439 23.7121919192 23.2047833179 22.8868296563 22.0293811062 21.7988783161 21.706143739 21.0158502248 20.3396898202 20.344218355 19.8536090003 17.6632590875 16.7320552504 16.1459471544 13.8146560277 12.3688563112 11.0238389055 9.9207728424 9.2972128683 7.4923785524 6.6841772261 5.8424623628 5.6839685314 4.701704515 4.3813708923 4.1142455337 4.0981719485 4.3367150967 4.8596155427 5.6804900269 6.2449976895 7.1332379197
6.4688923366 6.7420271699 6.9635175529 7.5499319085 8.336953829 9.2877570104 10.3433328603 11.5414620431 12.6890735389 13.9166415912 15.1655638547 17.1812294836 17.3499884599 18.2985864337 19.5093578737 20.3631377535 20.9322143124 21.4856008575 21.9036642825 22.2216547358 22.6444603851 22.9775800263 22.985257329 22.4279426841 22.4715774609 21.7822939324 21.9873848997 21.1150892638 20.5307021655 20.2226052156 18.7292226702 17.8949953562 16.4124163618 15.1633705797 13.8652017306 12.8759035604 11.2666155698 9.7262870795 8.5141218803 7.4858230845 6.5378479555 5.8520405484 5.1879364314 4.7430768116 4.3805523427 4.2237824305 4.1874929901 4.393131644 4.9268095171 5.605379584 6.3328788858 7.2357542977
6.7037827936 6.693698572 7.0011600857 7.5685486138 8.7329560506 9.2707598528 10.3039093806 11.4650433628 12.637996661 13.8535065784 15.0281774171 16.1724446032 17.1376511685 18.1447674234 19.1652145474 20.1870779436 21.0308501846 22.0259769968 21.8380474809 22.3610785445 22.4625442018 22.9474686631 22.8363846046 22.3263381681 21.9733185368 22.6499625892 21.4854717163 21.2741742109 20.4680062918 19.5911773348 18.8920611716 17.3884779272 16.1898096851 14.963418696 13.9390562592 12.4847296364 11.0185424382 9.6014651239 8.3412300474 7.3102585351 6.4526047481 5.7401854427 5.0756416513 4.6192177004 4.7924532053 4.3812064338 4.190484913 4.3991666782 4.9124271362 5.6622029525 6.366923295 7.2703877643
6.6147309726 6.7382864164 7.009935888 7.5831783034 8.3347070523 9.2699843112 10.297159885 11.4710464929 13.3526543751 13.8557779075 15.4983772802 16.1690377756 17.5322561888 17.9760246861 19.4848176355 20.3317054845 20.8855775132 21.5074840637 21.784480426 22.5927215147 22.2516715726 22.5075403321 22.8873944099 22.0328809999 21.7980357194 22.2276974509 21.4347010627 21.3246742339 20.4134183601 19.7947207051 18.3696519987 17.1464855374 15.9548006934 14.8469387336 13.5139976436 12.6729232392 11.3397019781 9.4383144134 8.2320755595 7.2084097073 6.3569306645 5.6612485057 5.0454948358 4.6007370528 4.2919245771 4.1600604872 4.1513399856 4.3501030403 4.8286160636 5.5644068715 6.3338932053 7.2388607741
6.7093497474 6.7931967106 7.09140596 7.5864111305 8.3199895085 9.2525407954 10.3497268099 11.5687267419 12.7520655604 13.9383740094 15.0232865924 16.1629187577 17.0368073625 17.9152951161 18.7699631012 19.6908738726 20.6891359985 21.2951473084 21.6622985914 22.3399508184 21.9660333479 22.0372680924 21.968395896 22.5694774218 21.6267477715 21.5466971745 20.9675080604 20.3773516917 20.1582231034 19.3802154439 17.9685151274 16.9807852855 15.6806226301 14.4609219694 13.1799288379 11.8950555628 10.600393506 9.3353277114 8.1511484838 7.144689735 6.287753047 5.5767191765 5.2214947366 4.5042823272 4.2016461172 4.0684560684 4.1041636301 4.2716399315 4.673831223 5.2841929921 6.3965326877 6.8086830655
6.7118119042 6.9505920292 7.2278556568 7.7123175254 8.4197260418 9.3005535303 10.3995190689 11.6262865161 12.8850301748 13.9244281749 15.0049590342 16.0538363796 17.3118634544 17.7887173458 18.5403561744 19.3751804635 20.1009158547 20.7361188268 21.1792362712 23.1914083522 21.7526480372 21.4419240038 21.4893297665 22.0981052639 21.3142117234 21.0585262128 20.6899362462 19.8886160393 19.2257319006 19.2223888273 17.4773950259 16.4574397567 15.3543457344 14.1628699216 12.8672071611 11.609803138 10.4630735322 9.142234854 8.0418377361 7.1625582991 6.1791113394 5.4708020181 4.8776562273 4.4254635292 4.1330517583 4.3179292789 4.0291315031 4.1706943454 4.4857144263 5.0003702595 5.6291795386 6.4057549024
6.8192881441 6.9894068302 7.3600976758 8.1509011264 8.5254651382 9.3778837849 10.464284234 11.6830652118 12.8413177026 13.9404250923 14.9661234554 16.7969999319 16.913703022 17.6919467573 18.3942293836 19.1071495087 19.7531258846 20.2358812109 21.5256509594 20.8742067938 20.9753653873 20.9730197909 21.0644960511 21.0477052588 20.9742177552 21.3365793266 20.0495218498 19.5100205306 18.9703220715 17.9713424546 16.9646828313 15.9952040705 15.4690112376 13.8811905537 12.8870235767 11.4034304455 10.1147813809 8.9648415175 7.9528791258 6.8960351684 6.0315549156 5.2937595813 4.7239513092 4.2909706486 4.0521739888 3.9268820082 3.9282936152 4.0229205707 4.2968098098 4.7173884627 5.292407161 6.0210233277
7.0099980657 7.0695452193 7.4359703692 8.0334625861 8.5953168915 9.4500049664 10.5920029514 11.776354763 12.9545145779 13.9584092138 14.8757922645 15.8296838477 17.2413072167 17.5345744574 18.1492311105 19.6348111091 19.6833418105 19.8471286973 20.1249912175 20.3337727797 20.4244033034 20.5299234184 20.5429517407 20.6904150008 20.3767662891 20.0666454779 19.4767192302 19.4108897261 19.1630600374 17.4849137733 16.4855635163 15.5562567809 14.5205229184 14.3726927879 12.8204664366 11.0862146927 9.8682954135 9.420678104 7.6708802065 6.6832958761 5.838756904 5.142747911 4.5878338339 4.1812600676 3.9204194771 3.7880511483 3.7714096072 3.8743006579 4.1156661159 4.5065779754 5.0517554009 5.7196768554
6.9903223147 7.1598285423 7.4871543007 7.9461546406 8.6071520054 9.5344789325 10.6488411908 11.8040984426 13.5536800126 13.8633181602 14.6889133931 15.5915524003 16.4585871465 17.1739190032 17.8425777377 19.1259857865 19.0807629925 19.6458855455 19.7786933632 20.0017252865 20.4089723606 19.9898735685 20.4304641057 19.8665616362 19.9507142862 19.2701442902 19.3421240821 18.3348849585 17.6769803981 16.9320031585 15.9912709677 14.9732324332 14.0178144049 12.9881559519 11.9126963848 10.8626943138 9.5623458781 8.5009684862 7.4217877969 6.4840231794 5.6824858081 5.0067665098 4.456851048 4.071131341 3.8250526399 3.6953002401 3.6592190177 3.7418475456 3.9583847744 4.3206404793 4.8228311082 5.4563218632
7.0982101664 7.2682741595 7.550991503 7.9930503262 8.6405552954 9.5594618468 11.31918239 11.6917062943 12.6824511276 13.6571661401 14.4858275879 15.2997267188 16.7046509096 17.0917013884 17.4283769256 18.0456371618 18.9781713509 18.9881802281 19.9006159954 19.6013114187 19.6052104207 19.418588715 19.2303404275 19.1960582697 18.813435755 18.4439877526 17.9995282429 17.4840243488 17.3097958296 16.1731310367 15.3147552773 14.3892886303 13.4465375531 12.6909816269 11.4225009527 10.2833617411 9.2184678523 8.1330872473 7.1620890039 6.2742596005 5.554938278 4.8588331469 4.3265440947 3.9578715043 3.7363684277 3.6044921988 3.563844177 3.623267156 3.8185775007 4.1465877537 4.5987348442 5.1323670634
7.3985093032 7.4121542355 7.6741949866 8.1141028987 8.7410243606 9.5883848775 10.5317502122 11.453335389 12.4308227419 13.4509552597 14.2492758474 15.187834615 15.7783548348 16.386337187 16.9540229877 17.7214900554 17.9402495095 18.2724312172 18.6412097716 19.6300321955 18.8530454105 18.7218928139 18.6319310709 18.3209578484 18.067205831 17.6148498014 17.0966842277 16.6092113902 16.0637287408 15.4899391604 14.6895294636 13.8248040641 13.0124006024 12.0973277179 11.0510367363 9.8740736608 8.801105298 7.8501924488 6.8822787107 6.0531696008 5.3234474933 4.7011416576 4.1923212935 3.8409454432 3.6228007511 3.5129009401 3.4532899789 3.5057194356 3.6821440231 3.9825531206 4.3711969984 4.8361161316
7.4893631809 7.6395281376 7.8947736525 8.3565735054 8.9406805463 9.6653098268 10.435204643 11.3008209054 12.2570329166 13.3980686312 13.9397514318 14.7082663259 16.2714041955 16.0772471291 16.5033009842 16.8925969538 17.1772984964 17.3538622186 17.6895324991 18.3487285641 18.0078062106 17.6518828176 17.595476372 17.9141320795 17.4502431831 17.1568921408 16.2344844695 15.7423666502 15.2746441735 14.7277669166 14.5142791298 14.0853917875 12.4153648257 12.3697451414 10.60367645 9.470075734 8.4412503329 7.4965042078 6.6215551115 5.8204661848 5.1238246068 4.5391260976 4.0710899797 3.7293134611 3.5109633117 3.3797743576 3.3341441357 3.3789265994 3.5415786391 3.8086226024 4.1615467998 4.5449335013
7.7847387241 7.9770166505 8.2457082937 8.6632825 9.5443092679 9.7739264921 10.4498051453 11.2466261468 12.1146394521 12.8987845804 13.5404836532 14.2090460774 15.2467179777 15.9513588296 16.2013243404 16.890620374 16.3277862217 16.4883742429 17.2164814676 16.7626916827 16.7175799872 16.553477441 16.5584007868 17.0807602657 17.2058298382 16.0706779144 15.4971862177 15.0206090242 15.0411464611 14.0703515185 13.3673325332 12.5947740751 11.8651244557 11.0378419021 10.4551169054 9.0931498578 8.1867618314 7.2973516252 6.4452519906 5.6094241926 4.9761854386 4.431950201 3.9903816355 3.6471461489 3.4181520217 3.2786737729 3.2076017775 3.2496450639 3.3956953993 3.6331828742 3.9262589504 4.2614786673
8.212691394 8.414284329 8.8245054569 8.9793865788 9.3827326171 9.9186911427 10.5312953415 11.2506119165 12.0425346446 12.6869259302 13.2255849243 13.7391983691 14.3016873174 14.8342132171 15.5713145546 15.4371449394 15.6099847758 15.7068084388 15.7769655606 15.7142358238 15.6235473125 15.5610961801 15.5655414697 15.5734167971 15.5205934014 15.474878369 14.9980330353 14.2294075041 14.827811631 13.5076853031 12.6852463365 12.2234341016 11.1584382124 10.4122565969 9.6297736549 8.7670868621 7.9450422386 7.6655210373 6.2229984247 5.4075112467 4.8200792966 4.4436507273 3.8970990091 3.5573115353 3.3785673656 3.1758032843 3.0969569505 3.1255726388 3.2536664633 3.4643943042 3.7174815862 3.9947713631
8.6359215886 9.1006062169 9.0413591981 9.2894275266 9.6242365992 10.0722252395 10.6075314411 12.0315814987 11.9330461083 12.8411116623 12.801047604 13.6713048588 13.6850213351 14.0523113559 14.4918655783 14.5616794322 14.7590993419 16.1673791682 14.891284851 15.3649408101 14.6851112596 14.6440619328 14.729646551 14.7711063723 14.4024328662 14.1516386664 13.8259034596 13.4251777839 12.9781030405 12.6191084112 12.2001502184 11.3164153642 10.5791174538 9.8348817911 9.1010819145 8.5446764734 7.6214822742 6.7414066987 5.9528276078 5.2066642192 4.6961048496 4.2268530381 3.8213508534 3.4558120226 3.220956203 3.0757705681 3.0156302184 3.0344090195 3.1403260588 3.3030945496 3.5436021574 3.7591024705
9.9526368249 9.2451162574 9.4798733866 9.7054880697 10.0304698363 10.3422328787 10.7472157942 11.19344204 12.2688785309 11.9877653682 12.363617199 12.6451228695 13.051970972 13.9644635867 13.5479749461 14.3669797895 13.9126210691 14.0575005326 14.9232561369 13.801119846 13.6860363156 13.8073262616 14.6337970028 13.6045487271 13.2695489992 13.1469003284 12.8511682198 12.4636462862 12.5581837138 11.6566901568 11.0890374968 10.5472009829 10.2205914816 9.3516533404 8.7627077129 8.061841616 7.2622432658 6.4320306149 5.6743792651 5.0616158718 4.5267027978 4.2191047755 3.6882540486 3.3401159149 3.1067427008 2.9654507145 2.9239700447 3.7244775031 3.0138505965 3.1485025555 3.3464595494 3.5615232856
9.6445081528 9.8289161514 10.0368260372 10.538024668 10.4588562994 10.7346277754 10.9627819169 11.2170257914 11.4567585519 11.6798963377 11.8781141519 12.194399107 12.3696132341 12.5541712396 12.751968279 12.7615816324 12.9346736598 13.5291444371 13.1176988394 12.7542663297 12.6977032036 12.7354901457 12.8883091042 12.500831813 12.254003899 12.0652445295 11.7884316289 11.5415131391 11.3467972639 10.7429169149 10.2259555292 9.7850313603 9.3358423142 9.234966673 8.6350292206 8.0138255345 7.2721764089 6.1913574959 5.8269390139 4.944728803 4.3973450333 3.9637872617 3.5891266607 3.2523749041 3.0254268211 2.8858471277 2.8385664619 2.8330752943 2.8873594414 3.007755199 3.1840171222 3.3459165171
10.3526812359 10.5115409502 11.0428118063 10.8699161721 10.990346006 11.0898297126 11.2599337909 11.4168103758 12.261309462 11.9042877415 12.1385549789 11.6606534264 11.8264550338 11.8096797338 11.8129234664 11.8960548424 11.9786494113 12.0550957111 11.9720666329 11.7817047221 11.6614662157 12.0315162105 12.3009368649 11.5856130157 11.4572690887 11.0843517858 10.971424734 10.6139052284 10.3031229558 9.9242973816 9.5191339168 9.1210658532 8.7381808122 8.3468098589 7.8153603643 7.2194084325 6.5378966822 5.9355911138 5.7241742206 4.809024415 4.2682565745 3.8535879015 3.4936688058 3.192149409 2.9724757345 2.8299669428 2.7468229766 2.714479077 2.7438286 2.8562124699 3.0774751423 3.1642909427
11.1742889181 11.3063548842 11.4213496401 11.5385725269 11.5201592559 11.5918246898 11.5915645594 11.5350764719 11.3680681061 11.2594745719 11.2277690066 11.2598537093 11.4803482279 11.1852190223 11.0914909923 11.0721297011 11.1168487218 11.1420163087 11.3634409836 10.8812959648 10.7302606523 10.7396301659 10.9044910482 10.7832607062 11.2094027734 10.1586842279 9.946813075 10.1063688934 9.508523716 9.2129825822 8.9229526777 8.5855475676 8.2036849904 7.7303662774 7.2188019891 6.6607385988 6.1118827157 5.6133214031 5.1107348701 4.6409783237 4.1750745468 3.7984053006 3.435038617 3.1464215668 2.9412037776 2.7962862578 2.6954151033 2.632708197 2.6304461566 2.7100227504 2.8245828617 2.9629931286
12.0995491683 12.1594720738 12.1941034568 12.1759326217 12.1299941823 13.0087977906 11.9357533892 11.6686738139 11.3829536243 11.1189833158 11.0021133186 10.9496286277 10.8619833144 10.7021048851 10.5167651573 10.4149426108 10.3717257511 10.634683967 10.3994415877 10.0179221359 10.2557111033 9.7062396935 9.8013745708 9.8943527498 9.4763431414 9.2729129853 9.1578937609 9.028007046 8.8516122819 8.6234933908 8.3982855689 8.1178928428 7.7320873287 7.279633456 6.7819234626 6.2896040428 5.809210101 5.3495528698 4.9107324182 4.4927685858 4.0944464581 3.715472747 3.3821751883 3.1111675194 2.9209448487 2.7867702806 2.6627472998 2.5779880254 2.5467845672 2.5703048134 2.6462929902 2.765644151
13.1267997895 13.0326235138 13.7935004475 13.5399567126 12.7875560129 12.5919276633 12.4243382107 12.246001134 11.4958779779 11.1641288631 10.9671350585 10.8041307667 10.5693703697 10.9074725656 10.0040737632 9.7982837985 10.0193077324 9.5368572224 9.3078005665 9.1145154373 8.9320995422 8.7755350976 8.7132299959 8.6675346481 8.5995646429 8.5142181297 8.552236219 8.3878586422 8.2709710277 8.1505236976 7.9575242998 7.6939807229 7.3302106337 6.8852591005 6.413930323 5.9702475361 5.546753907 5.1460264481 4.7883047206 4.4137530186 4.0304394502 3.6378547962 3.3192690467 3.1137006789 2.9402519754 2.8045896787 2.6562674346 2.5650224156 2.5082522388 2.4955672509 2.5331683289 2.6167603063
14.0241064244 13.867338754 13.711408576 13.5190465495 13.3240181175 14.0063779762 13.006481437 12.1487165575 11.673305617 11.342952875 10.9365870669 10.7257095914 10.5293144477 9.9267582164 9.501437001 9.2135258204 8.9999242049 8.7206924819 8.459001872 8.3062189076 8.1084153092 7.9797265598 7.8456352357 7.8192557026 7.821328472 7.9192756233 7.9405458427 7.9000057022 7.7663259012 7.7208220682 8.2194539296 7.2619880747 6.9554725169 6.4906083447 6.066263669 5.6719685365 5.2948019154 4.9431884534 4.6307774613 4.3798731719 3.9352676205 3.5602103686 3.2613031416 3.0769847532 3.1717038865 2.8079610401 2.7027671524 2.6194234828 2.5451469892 2.4785259033 2.4779566809 2.5322776285
14.7700765901 15.5093604411 14.3618706511 14.1690567176 13.8305778432 13.4242454538 12.9531645311 12.3879649311 11.8545235786 11.3605430279 10.9059779371 10.4994436145 10.413959785 9.5241045653 9.0046136896 8.6491249359 8.3637539962 8.1186885747 7.8700488042 7.6498045128 7.8237681068 7.2849239068 7.2547151456 7.1724851464 7.2430753826 7.3900965858 7.5792615864 7.3924285564 7.2602403945 7.1552895495 7.0159932045 6.9636925034 6.4651657156 6.0994615832 5.7701359782 5.4239578634 5.0845456744 4.7256282406 4.4427093131 4.1361157442 3.8119592803 3.4704477592 3.1981709305 3.0338870479 2.9032280417 2.8573077611 2.7819527134 2.7900243205 2.6297352464 2.5368741946 2.5031187724 2.4896653348
