Models/Synthetic/Density/temp_raster_dens.asc
NCOLS 101
NROWS 101
XLLCORNER 3302900
YLLCORNER 3112000
CELLSIZE 4386.138614
NODATA_VALUE NaN
[rows 46 to 68 of 101, columns 0 to 51 of 101]
0.0000449632 0.0000452972 0.0000456624 0.0000455515 0.0000450183 0.0000440899 0.0000427392 0.0000417507 0.0000386496 0.0000360834 0.0000429055 0.0000322287 0.0000303557 0.000028462 0.0000264272 0.0000244743 0.0000227824 0.0000213662 0.0000201121 0.0000188598 0.0000177126 0.0000167352 0.0000159358 0.0000152757 0.0000147394 0.0000142735 0.0000138458 0.0000133832 0.0000129373 0.0000125299 0.0000122128 0.0000120023 0.0000118687 0.0000118045 0.0000117565 0.0000118024 0.000011961 0.0000122636 0.0000126692 0.0000131571 0.0000136984 0.0000142613 0.0000148229 0.0000153765 0.000015921 0.000016451 0.0000169523 0.0000174216 0.0000179229 0.00001879 0.0000193773 0.0000200879
0.0000460905 0.0000465059 0.0000468923 0.0000474695 0.0000456187 0.0000439331 0.0000424252 0.0000404535 0.0000383068 0.0000360381 0.0000340086 0.0000321856 0.0000305744 0.0000285308 0.0000264268 0.0000241356 0.000022457 0.0000210743 0.0000198476 0.0000187211 0.0000177099 0.0000168615 0.0000161417 0.0000154847 0.000014959 0.0000149602 0.0000146089 0.0000141506 0.0000132105 0.0000127102 0.0000123503 0.0000121889 0.0000124811 0.0000124889 0.0000124372 0.0000121246 0.0000122948 0.0000126685 0.0000131703 0.0000137558 0.0000143767 0.0000149846 0.0000155647 0.0000161212 0.000016666 0.0000171989 0.0000177127 0.0000181997 0.0000186827 0.0000191435 0.0000196408 0.0000203311
0.0000486741 0.0000493148 0.0000497834 0.0000492065 0.0000475989 0.0000453711 0.0000432985 0.0000411988 0.0000390017 0.0000369016 0.0000348773 0.0000329332 0.0000311234 0.0000351656 0.0000265865 0.0000242262 0.0000224928 0.000021055 0.0000198333 0.000018782 0.0000179226 0.0000172715 0.0000166234 0.0000159517 0.0000153487 0.000015387 0.0000183868 0.0000147969 0.0000137865 0.0000130607 0.0000126515 0.0000125232 0.0000128705 0.0000146988 0.000012883 0.0000125745 0.0000127673 0.000013221 0.0000138274 0.0000145383 0.0000152694 0.000015962 0.0000165861 0.0000171707 0.0000177313 0.0000182827 0.0000188352 0.0000193682 0.0000198627 0.0000202906 0.0000206977 0.0000211009
0.0000525974 0.0000531976 0.0000541002 0.0000533348 0.0000515424 0.0000492917 0.0000464865 0.0000436295 0.0000411815 0.0000389537 0.0000373073 0.0000351305 0.0000329437 0.0000298486 0.0000273328 0.0000248374 0.0000229775 0.0000214272 0.0000201455 0.00001911 0.0000183241 0.0000177496 0.0000172835 0.0000164551 0.0000157928 0.000015797 0.0000156455 0.0000155882 0.0000142246 0.0000134941 0.0000130592 0.0000129001 0.0000132219 0.0000132782 0.0000132973 0.0000130814 0.0000133776 0.00001391 0.0000146085 0.0000154309 0.0000163224 0.0000171561 0.0000179105 0.0000185511 0.0000191342 0.0000196984 0.0000202991 0.000021266 0.0000218296 0.0000223025 0.0000223349 0.0000226698
0.0000579119 0.0000583655 0.0000581777 0.0000576179 0.000059363 0.0000567157 0.0000508654 0.0000475532 0.000044639 0.0000420694 0.0000405223 0.0000405837 0.000035137 0.0000312844 0.000028482 0.0000260851 0.0000239914 0.0000222339 0.0000208263 0.0000197258 0.0000188975 0.0000182949 0.0000176706 0.0000170001 0.0000163208 0.000015839 0.0000155726 0.0000151206 0.0000145658 0.0000139174 0.0000135391 0.0000133628 0.0000133083 0.0000133618 0.0000134766 0.0000137346 0.0000141472 0.0000147454 0.0000154933 0.0000163901 0.0000174095 0.0000185419 0.0000195213 0.0000203169 0.0000209023 0.0000214727 0.0000221054 0.0000231222 0.0000293933 0.0000243452 0.0000244642 0.000024821
0.0000651632 0.0000650872 0.000064299 0.0000632352 0.0000618561 0.0000596675 0.0000564046 0.0000527264 0.0000493166 0.0000461441 0.0000440986 0.0000446695 0.0000378889 0.0000338244 0.000030762 0.0000280301 0.0000255102 0.0000234731 0.0000218683 0.0000206306 0.0000196944 0.000018942 0.0000182736 0.0000176111 0.0000170001 0.0000164168 0.0000158577 0.0000153009 0.0000147862 0.0000143776 0.0000140852 0.000013921 0.0000138662 0.0000139424 0.0000142113 0.0000146406 0.0000151986 0.0000158017 0.0000165243 0.0000174059 0.0000185245 0.0000198289 0.0000212832 0.0000224206 0.0000231759 0.0000238042 0.0000241247 0.0000252359 0.0000260449 0.0000268045 0.0000270081 0.000027443
0.0000742171 0.0000741257 0.0000724143 0.0000702284 0.0000681213 0.0000656456 0.000062917 0.0000592841 0.0000552511 0.0000513296 0.0000481654 0.0000447661 0.0000408925 0.000036979 0.0000337606 0.0000303717 0.0000274923 0.0000251229 0.0000232586 0.0000218253 0.0000207377 0.0000198894 0.0000191402 0.0000184523 0.0000177837 0.0000171434 0.0000164039 0.0000157485 0.0000152479 0.0000149143 0.0000147124 0.0000146095 0.0000146135 0.0000148016 0.0000152419 0.0000160925 0.0000167274 0.0000172922 0.0000176978 0.0000185443 0.0000196736 0.0000210491 0.0000224534 0.0000240676 0.0000268411 0.0000258589 0.0000262552 0.0000271001 0.0000286326 0.0000295809 0.0000304826 0.0000303915
0.0000843841 0.0000844404 0.0000818872 0.0000791744 0.0000764656 0.0000735593 0.0000702794 0.0000723797 0.0000615839 0.0000569903 0.0000537407 0.0000489287 0.000044892 0.0000404203 0.000036543 0.0000330946 0.0000298777 0.0000271741 0.0000249901 0.0000233117 0.000022046 0.0000210539 0.0000202096 0.0000193734 0.0000186068 0.0000178136 0.000017046 0.0000163569 0.0000158649 0.0000155693 0.0000154258 0.000015389 0.0000154686 0.0000157763 0.0000165979 0.0000176067 0.0000191982 0.0000186635 0.0000190517 0.0000198858 0.000020992 0.000022254 0.0000236806 0.0000254457 0.0000267612 0.0000277958 0.0000283597 0.0000293683 0.0000310119 0.0000357293 0.0000331546 0.0000340891
0.0000956295 0.0000947505 0.0000927256 0.0000895449 0.0000861277 0.0000823035 0.0000782927 0.0000735005 0.0000683108 0.0000630758 0.0000587255 0.0000545802 0.0000492045 0.0000441077 0.0000398786 0.0000361186 0.0000326863 0.0000295828 0.0000270762 0.0000251334 0.0000236373 0.0000224317 0.0000213529 0.0000203661 0.00001943 0.0000185676 0.0000177613 0.0000170862 0.0000165985 0.0000163223 0.0000162166 0.0000162346 0.0000163772 0.0000167905 0.0000176903 0.0000194797 0.0000195349 0.0000200491 0.0000206183 0.000021591 0.0000226275 0.000023778 0.0000251164 0.0000266106 0.0000281529 0.0000295092 0.0000307101 0.000031761 0.0000333797 0.0000344638 0.0000357132 0.0000361124
0.0001077228 0.0001075631 0.0001051994 0.0001014409 0.0000967619 0.0000917794 0.0000865838 0.0000810719 0.00007523 0.0000692535 0.0000641223 0.000061704 0.0000537045 0.0000482019 0.0000435657 0.0000396101 0.0000357097 0.000032326 0.0000295649 0.0000274084 0.0000256517 0.0000241383 0.0000227679 0.0000215411 0.0000204706 0.0000195168 0.000018672 0.0000179599 0.0000174567 0.0000171766 0.0000170847 0.0000171286 0.0000173089 0.0000177305 0.0000186414 0.0000195104 0.0000204012 0.0000212073 0.000022686 0.0000238346 0.0000248342 0.0000255479 0.0000268196 0.0000282992 0.0000299911 0.0000321479 0.0000336682 0.0000351628 0.0000356743 0.0000367492 0.0000377161 0.000039367
0.0001209169 0.0001213656 0.0001219466 0.0001138353 0.0001078443 0.0001018772 0.0000959922 0.000089705 0.0000829588 0.0000759898 0.0000697519 0.0000638645 0.0000586391 0.0000525618 0.0000475553 0.0000430511 0.0000389639 0.0000353564 0.0000325345 0.0000302252 0.0000282529 0.0000263476 0.0000246553 0.0000231572 0.0000219018 0.000020809 0.0000198326 0.0000190271 0.0000184756 0.0000181687 0.0000180603 0.0000180984 0.0000182682 0.0000186682 0.0000193371 0.0000202855 0.0000212958 0.0000225757 0.0000243042 0.0000273702 0.0000265885 0.0000274573 0.0000287298 0.0000302167 0.0000318926 0.0000343576 0.0000382139 0.0000377941 0.0000408007 0.0000394573 0.0000407996 0.000042957
0.0001358371 0.0001349294 0.0001311165 0.0001263482 0.0001192557 0.0001125913 0.0001060084 0.0000993877 0.000091206 0.000083165 0.0000756249 0.0000689606 0.0000628988 0.0000572655 0.0000518052 0.0000468709 0.0000424787 0.000038747 0.0000357486 0.0000335299 0.0000311792 0.0000290293 0.0000269916 0.0000254668 0.0000239888 0.0000226949 0.0000212501 0.0000203401 0.000019731 0.0000193701 0.0000192148 0.0000192 0.0000193503 0.0000196999 0.0000203567 0.0000212931 0.0000225081 0.0000237798 0.0000254974 0.000026771 0.0000279064 0.0000289055 0.0000307189 0.0000318563 0.0000335296 0.0000360294 0.0000382374 0.0000400968 0.0000409411 0.0000424578 0.0000439799 0.000046527
0.0001548748 0.0001474797 0.0001455554 0.0001379435 0.0001314157 0.0001242425 0.0001173333 0.0001090924 0.000100568 0.0000912755 0.0000824047 0.0000747778 0.0000683452 0.0000623192 0.0000564733 0.0000509938 0.0000464055 0.0000424453 0.0000391871 0.000036438 0.0000341827 0.0000319179 0.0000294168 0.0000275935 0.0000277022 0.0000245111 0.0000229548 0.0000219791 0.0000213301 0.0000208932 0.0000206313 0.000020528 0.0000206182 0.0000210724 0.0000216258 0.0000224723 0.0000235958 0.0000249161 0.0000261806 0.0000272514 0.0000284095 0.0000299359 0.0000315169 0.0000331922 0.0000348883 0.0000368856 0.0000389333 0.0000410064 0.0000436086 0.0000447826 0.0000469815 0.0000498064
0.0001602057 0.000158731 0.0001575866 0.0001489438 0.0001421174 0.0001404783 0.0001271324 0.0001257876 0.0001113489 0.0000994323 0.0000895141 0.0000811611 0.0000740723 0.000068123 0.0000610168 0.0000551233 0.0000503487 0.000046207 0.0000424358 0.00003983 0.0000373045 0.0000346786 0.0000316055 0.0000295358 0.0000278837 0.0000264372 0.0000248625 0.0000238605 0.0000232763 0.0000227577 0.0000222649 0.0000221671 0.0000221908 0.0000225211 0.0000232237 0.0000233041 0.0000243201 0.0000261602 0.0000267769 0.0000277377 0.0000290135 0.0000305603 0.0000323428 0.0000342071 0.0000361122 0.0000380357 0.00004011 0.000042922 0.0000452958 0.0000478478 0.0000501491 0.0000535184
0.0001685521 0.000167164 0.0001636992 0.0001573134 0.0001504667 0.0001429569 0.0001357075 0.0001277055 0.0001181693 0.0001067178 0.0000964634 0.0000877771 0.000080004 0.0000728518 0.0000657292 0.0000593671 0.0000537773 0.0000493042 0.0000456065 0.0000427847 0.0000422521 0.0000370016 0.0000336714 0.0000310612 0.0000292738 0.0000281655 0.0000265447 0.0000255335 0.0000251589 0.0000245587 0.0000237267 0.0000234987 0.0000243528 0.0000235275 0.0000234759 0.0000239204 0.0000247785 0.0000258926 0.0000270735 0.0000281413 0.00002954 0.0000312467 0.0000332225 0.0000353148 0.0000374059 0.0000394235 0.0000416228 0.0000444885 0.0000513323 0.0000505955 0.0000542785 0.0000581656
0.000176617 0.0001759121 0.0001716178 0.0001653078 0.0001572601 0.0001496104 0.0001421218 0.0001337582 0.0001237299 0.0001131652 0.0001028665 0.0000940681 0.0000858705 0.000077495 0.000072859 0.0000629698 0.0000568953 0.0000521992 0.0000483021 0.0000458089 0.0000427589 0.0000399772 0.000036092 0.0000333195 0.0000309384 0.0000293087 0.0000280055 0.0000268846 0.0000261374 0.0000254584 0.0000248207 0.0000244818 0.0000242338 0.0000241301 0.0000239909 0.0000243416 0.0000250402 0.0000260064 0.0000271612 0.0000285057 0.0000300651 0.000031913 0.0000340657 0.00003667 0.0000389452 0.0000411274 0.0000431907 0.0000463558 0.0000497253 0.0000539185 0.0000583771 0.0000658426
0.0001842415 0.0001831513 0.0001816165 0.0001735173 0.0001654212 0.000156934 0.0001484792 0.0001395524 0.0001332776 0.000118965 0.0001092254 0.0001002095 0.0000907609 0.0000819548 0.0000737179 0.0000665724 0.0000600402 0.000054888 0.0000508165 0.0000477228 0.0000464537 0.0000416171 0.0000412568 0.0000354617 0.0000328329 0.0000311775 0.0000294014 0.0000281227 0.0000269474 0.0000261328 0.000025502 0.0000250218 0.0000247222 0.0000246118 0.0000247078 0.0000250232 0.0000256073 0.0000264463 0.0000275447 0.0000289123 0.0000305697 0.0000325412 0.0000348941 0.0000376961 0.0000415432 0.0000424645 0.0000448077 0.000047906 0.0000518454 0.0000566267 0.0000627763 0.0000676791
0.0001906004 0.0001945567 0.0001864603 0.000183271 0.0001767464 0.0001640649 0.0001544888 0.0001462248 0.0001344584 0.000124039 0.0001165384 0.0001073804 0.0000949314 0.000085372 0.0000776908 0.0000703441 0.0000637659 0.0000576032 0.0000531211 0.0000500013 0.0000466005 0.0000435062 0.0000396507 0.0000370773 0.0000361654 0.0000326402 0.0000311955 0.0000292914 0.0000279411 0.0000269568 0.000026254 0.0000257728 0.0000255069 0.0000254623 0.0000255826 0.0000258845 0.0000263769 0.0000271087 0.0000280963 0.0000293806 0.0000310261 0.0000331385 0.0000360031 0.000039352 0.0000418593 0.0000439921 0.0000461874 0.0000498344 0.0000541038 0.0000600128 0.0000658136 0.0000720217
0.0001973937 0.0001952892 0.0001915121 0.0001858223 0.0001790516 0.0001737771 0.0001597235 0.0001487949 0.0001383196 0.0001287191 0.0001178474 0.0001086751 0.0000979195 0.0000885724 0.0000811471 0.0000800667 0.0000669696 0.0000603272 0.0000554009 0.0000516564 0.0000488182 0.0000443298 0.0000407828 0.0000381161 0.0000357081 0.000033881 0.0000319495 0.0000304895 0.0000290814 0.0000280136 0.0000272043 0.0000266713 0.0000268095 0.0000267795 0.000026892 0.0000267375 0.000027157 0.0000278073 0.0000286761 0.0000298376 0.000031425 0.0000336904 0.0000368138 0.0000417816 0.0000475668 0.0000447639 0.0000474805 0.0000513146 0.0000561669 0.0000624328 0.000077148 0.0000761597
0.0002027936 0.0002009256 0.0001947291 0.0001883121 0.0001820572 0.0001742581 0.0001635397 0.0001549828 0.000141565 0.0001306496 0.000120425 0.0001092709 0.0000997065 0.000091422 0.0000843787 0.0000773403 0.0000699176 0.0000629949 0.0000576316 0.0000533619 0.0000494475 0.0000458691 0.000042361 0.0000391781 0.0000365484 0.0000345192 0.0000329491 0.0000315922 0.0000303783 0.0000292749 0.0000283184 0.0000276588 0.0000276986 0.0000315762 0.0000276493 0.0000274388 0.0000277616 0.0000283383 0.0000291478 0.0000301763 0.0000317189 0.0000340017 0.0000372557 0.0000406905 0.0000433336 0.0000458452 0.0000487508 0.0000528195 0.0000579066 0.000064687 0.000072093 0.0000804471
0.0002137553 0.0002009027 0.0001959287 0.0001946364 0.0001831535 0.0001759976 0.0001769064 0.00015381 0.0001430878 0.000139627 0.0001214826 0.0001102931 0.0001010043 0.0000934184 0.0000910666 0.000079244 0.0000724584 0.0000659992 0.0000601853 0.0000548909 0.0000509874 0.0000473658 0.0000440375 0.0000404351 0.0000376649 0.0000355919 0.0000340724 0.0000328562 0.0000318511 0.000030691 0.0000295844 0.0000286165 0.0000284949 0.0000282573 0.0000281739 0.000027853 0.0000281407 0.0000286605 0.0000293796 0.0000303917 0.0000318787 0.0000340791 0.0000368971 0.0000400278 0.0000433586 0.0000466668 0.0000502447 0.0000543128 0.0000595202 0.000066058 0.0000738426 0.0000818889
0.0002009896 0.0002003863 0.000197299 0.0001864299 0.0001822729 0.0001747269 0.0001644857 0.0001556517 0.0001424741 0.0001325304 0.0001209723 0.0001103344 0.0001021685 0.0000944475 0.0000875548 0.000080887 0.0000747935 0.0000729107 0.0000625173 0.0000565338 0.0000523301 0.0000504906 0.0000450555 0.0000416244 0.0000389174 0.0000367631 0.0000351627 0.0000343894 0.0000333568 0.0000325143 0.0000305844 0.0000295266 0.0000288705 0.000028447 0.0000281782 0.0000281653 0.0000284191 0.000028951 0.0000296594 0.0000306569 0.0000320536 0.0000340606 0.0000366889 0.0000399417 0.0000436892 0.0000478262 0.0000514162 0.0000555889 0.0000608371 0.0000674398 0.0000752703 0.00008368
0.0001909147 0.0001924514 0.0001870884 0.0001801424 0.0001752494 0.0001668415 0.0001658909 0.0001542423 0.0001396936 0.0001288501 0.0001186179 0.000109587 0.0001016359 0.0000945049 0.0000875576 0.0000811227 0.0000756882 0.0000716389 0.0000642562 0.0000582379 0.0000537539 0.0000495605 0.0000460851 0.0000429957 0.0000404173 0.0000381175 0.0000361176 0.0000350799 0.0000384647 0.0000328059 0.0000312913 0.0000303149 0.0000296364 0.000029055 0.0000285763 0.0000284571 0.0000288471 0.0000294205 0.0000304928 0.0000313404 0.000032641 0.0000341747 0.0000366939 0.0000399548 0.0000438829 0.0000479426 0.0000520716 0.000056435 0.0000617777 0.0000683764 0.0000761582 0.0000849341
