Models/Synthetic/Density/temp_raster_pop.asc
NCOLS 101
NROWS 101
XLLCORNER 3302900
YLLCORNER 3112000
CELLSIZE 4386.138614
NODATA_VALUE NaN
[rows 23 to 45 of 101, columns 0 to 51 of 101]
8.8112242774 8.8269259998 8.8112282608 8.6419590621 8.4733461765 8.1787903092 7.8386508149 7.4887268997 7.1819725963 6.9372653489 6.7041985989 6.448855289 6.2787193503 6.337939669 5.9478358123 5.6718776608 5.388640705 5.1870462664 5.0216508481 4.8812224924 4.7256566967 4.567847157 4.422228356 4.3745089296 4.3653208358 4.3795112722 4.7517895331 4.2730550261 4.2465776113 4.296516409 4.4166360285 4.5469924055 4.6629805838 4.8105481429 5.036952628 5.0688683414 5.1979918721 5.2842626336 5.3997818112 5.4382295596 5.5534683298 5.6109846159 5.7200295281 5.7893647241 5.8493622568 5.8703358366 5.9299635772 5.9567130823 6.0360284997 6.516814465 6.1296655967 6.1678486097
9.175816918 9.7601168729 9.0537815391 8.8397414852 8.7246531825 8.4921940219 8.112173641 7.6704089276 7.2672407234 6.9856270094 6.8076406984 6.4840045085 6.2869786211 6.11357863 5.9880175956 5.630228603 5.3704023468 5.1549246104 4.9726324616 4.808554721 4.6663133976 4.4477400067 4.2839446541 4.2296432644 4.6468199413 4.4052586426 4.1461238466 4.1219647605 4.1418256698 4.1919238555 4.2554722208 4.3476604838 4.5464098972 4.6305527946 5.2092717324 5.2971219198 4.9330111029 5.4177903809 5.1840457426 5.1872034452 5.2738698556 5.4135689598 5.5367242079 5.8042717221 5.6438102187 5.7139150198 5.7711386239 5.8359410415 5.9144059185 5.9726982253 6.014084207 5.94155202
9.5288821704 9.6684986625 9.3564899278 9.1612797783 9.0582308766 8.9528207021 8.6119711322 7.9188166725 7.4627748578 7.132414462 6.8301461587 6.5508972694 6.2802932249 6.0761625381 5.8571830511 5.6322476113 5.3783065325 5.1527922992 4.9294711978 4.7289714482 4.5211755405 4.3253069171 4.1784732096 4.1160846679 4.0813404051 4.0069523232 3.936434686 3.9258171603 4.0351848199 4.2341343287 4.0912763566 4.1637914907 4.2675540222 4.3943182334 4.5267662022 4.7940435157 4.6885784449 4.7317612808 4.847876493 4.9406949959 5.0416376193 5.1915157311 5.512021722 5.4079445171 5.4474424419 5.5192668158 6.022625846 5.6651527219 5.7210539912 5.8340667111 5.8019932152 5.7903072108
9.9370739533 9.8403903307 9.6681323692 9.5037614962 9.8053791543 9.2326166838 8.7269233342 8.2239287606 7.7390458239 7.3410010664 6.9803548369 6.6552321968 6.3620555053 6.0960684969 5.855330921 5.6261645133 5.4012974175 5.1334741644 4.8791619186 4.6739851989 4.4425901602 4.2399079547 4.0666999457 4.0403398875 3.8689985005 3.779399847 3.7440723328 3.7695263284 3.8405521092 3.8821030442 3.9181348742 3.951855519 4.031476045 4.1118896787 4.2236116312 4.3069536164 4.3930100834 4.4523672549 4.5645347299 4.7004742117 4.864058173 4.9802909767 5.0786146541 5.1751118398 5.2305848137 5.3529956861 5.4257405379 5.5005408157 5.5527918139 5.6157003341 5.6544415048 5.6781345446
10.4937664457 10.3311340619 10.1205682886 9.9444407096 9.7287223604 9.4334197828 9.0296807084 8.565285239 8.1157469545 7.6762033408 7.2968212091 6.919978599 6.5328261337 6.2008019595 5.9251531816 5.6695610852 5.3888604591 5.1045009095 4.8213773878 4.5980079767 4.782115466 4.1390368736 3.9708180458 3.856547356 3.7588466043 3.6545978263 3.6161599844 3.6239118712 3.6541134211 3.6924253862 3.7309186929 3.7822774747 3.8459210472 3.9227346936 4.0063993921 4.1041603693 4.1985246325 4.2951475852 4.393504349 4.5220450585 4.6446928994 4.760560591 4.8615929239 4.9726458469 5.082733469 5.17668603 5.2562981453 5.3262172761 5.3921843885 5.4559853149 5.5588669108 5.635652116
11.0522921188 10.9242325165 10.7149780848 10.4658487125 10.1880746107 9.8471256909 9.4438276318 9.0748767293 8.5019112203 8.0431895426 8.0358609739 7.3576841342 6.7219126822 6.3379649944 6.0906270187 5.7532302311 5.4286355887 5.0777477046 4.7746654281 4.5315660737 4.2734250156 4.05966409 3.868961794 3.7722770238 3.6617344132 3.575687146 3.5267238811 3.5228138106 3.5709696444 3.607572862 3.639586663 3.6561651591 3.7091585396 3.7807475711 3.8665866556 3.9713889818 4.1204686922 4.2156064679 4.3088369099 4.3788669548 4.4958920655 4.6138290991 4.7316167299 4.8500087678 4.9715452962 5.0758552097 5.1625193913 5.2325510438 5.2908874143 5.3546142877 5.4715953846 6.0006783075
11.616186419 11.5628279583 11.3405414285 11.1223341252 10.8501245482 10.4462640335 9.965575154 9.4459733372 8.9601936282 8.4334414985 7.9603007265 7.4698909766 6.9561384855 6.5140765117 6.1803631327 6.0246563616 5.4714934093 5.0881652324 4.7565622378 4.4530468563 4.1835838433 3.9626469888 3.810132193 3.7326311464 3.643624723 3.5560984376 3.4654063684 3.4549157464 3.5028053139 3.6219090805 3.564130001 3.5667092831 3.6052239252 3.6687496329 3.7508295326 3.8581746082 4.0053839969 4.3034019004 4.2084979209 4.2813690356 4.4059912871 4.5708791825 4.6864756541 4.8370925523 4.9144592468 5.0287083779 5.0912803778 5.1647082701 5.2284046903 5.2931389784 5.4103283028 5.5071771431
12.2172822178 12.1319374186 11.9736751804 11.7400566071 11.5405961489 11.0654149197 10.5232802812 9.9730927075 9.3634394986 8.8496828023 8.3319998676 7.7905557132 7.2379428189 6.7375033927 6.3369688225 5.9402235165 5.5554981605 5.1446900171 4.7840868955 4.4553248888 4.1683913185 3.9398665239 3.7777499744 3.6998731756 3.7984722572 3.5239492495 3.4243928367 3.4009235879 3.4409446503 3.4760117423 3.4982647209 3.4941152791 3.5198683304 3.5726782279 3.6472339635 3.7439415304 3.889096775 4.0020954762 4.110244638 4.1926942306 4.3279306392 4.5053638334 5.0364762594 4.7462534489 5.2571006672 4.9416717641 5.0090924385 5.1001893027 5.1795475765 5.2500806048 5.3296737564 5.4229551379
12.8798843404 12.7957368565 12.6046122263 12.3275271652 12.016126229 11.6521709014 11.5671947659 10.5051492391 9.8608236188 9.3459754041 8.8874038935 8.3031505183 7.6274887556 7.057085753 6.5179267597 6.0525423291 5.6489233364 5.2563707571 4.8680171892 4.4967442001 4.18882449 3.9515564211 3.8219502725 3.7347616812 3.6332218169 3.4995024426 3.3942028513 3.3654935672 3.3734396403 3.4019926039 3.4247960217 3.4294030667 3.4452416415 3.4888309351 3.5567166066 3.6481287167 3.7550035463 3.87118851 3.9845916816 4.1034725467 4.2292974203 4.3881406944 4.4989081606 4.6475459806 4.7329092078 4.8614664166 4.9397959298 5.0387357895 5.1262433895 5.2220093751 5.3099543967 5.4041692081
13.5798116341 13.9522750584 13.2975603359 12.9512541529 12.5930255113 12.3242436894 11.7362043428 11.1033237974 10.3944480229 9.8333493817 9.6833217985 8.6698135629 8.1735323385 7.363998216 6.7371730657 6.2261679759 5.798227174 5.4189941056 4.9704672367 4.5721564207 4.2484567001 3.9998839674 3.8992426426 4.1939169907 3.6416387595 3.4565075452 3.3805688505 3.3462809291 3.3800451277 3.3968211512 3.4023191512 3.3694864242 3.3797942477 3.4193127802 3.4844798262 3.5734286984 3.6820782328 3.796606781 3.9093900431 4.0161809042 4.1254053927 4.23571763 4.3510374431 4.4749372967 4.61700603 4.7679652366 4.8983098133 4.9951899602 5.0751741446 5.1757617824 5.3125024604 5.3772044472
14.3906205195 14.3085090882 14.443356288 13.6206808236 13.225799351 12.842872231 12.3272230893 11.639367648 10.9613279326 10.3309694667 9.6727586838 9.0338383639 8.307296354 7.619977124 6.9561203429 6.4316121513 5.9778635583 5.5337498335 5.0751599714 4.6913995359 4.3651768589 4.1053866704 3.9566735189 4.2269073401 3.6556236645 3.4643349003 3.3833259305 3.345689614 3.3694556754 3.5596793049 3.3624505056 3.321186279 3.3301512039 3.3689508458 3.4329840738 3.5220869205 3.630111443 3.744822512 3.8471856369 3.9483051532 4.0515532963 4.1610377997 4.2752055775 4.4047830296 4.5547621281 4.7209333832 4.870964648 4.9504404325 5.0180553053 5.1202969963 5.2307639425 5.3451312191
15.4926378182 15.0611701295 14.7765276404 14.3718170807 13.9088347542 13.4111471052 12.881828149 12.2480849802 11.5533763617 10.848057367 10.1293475668 9.3802129498 8.6035169743 7.8465134386 7.1740649478 6.6247455739 6.2091986049 5.6508010986 5.1788574501 4.8052672248 4.5844369399 4.2260117944 4.0077227569 3.7932121399 3.6450183833 3.4927585989 3.4096449656 3.3574701312 3.3630498634 3.3468364813 3.3342908693 3.2964292622 3.3119430189 3.3483744591 3.4085773213 3.4912852276 3.5931684832 3.6961573402 3.7962331711 3.8986827928 4.020856005 4.1329522017 4.2429716236 4.3527334401 4.4979800602 4.6590439303 4.7981457027 4.8854478603 4.9562167145 5.0511258247 5.1836833686 5.307488118
15.9504722376 15.8935148524 15.5159051828 15.518733213 14.6112783004 14.0675846747 13.5098227742 12.8959325157 12.1421726782 11.4000112124 10.7024429527 9.8496163659 8.9834009345 8.1326140569 7.4166573394 6.8303687591 6.3051831771 5.8103654634 5.326750181 4.940876888 4.6185134467 4.4055119385 4.0408425484 3.8064267121 3.6471209324 3.5773358847 3.492753874 3.42748834 3.3374684107 3.3060672463 3.2931311842 3.3333681299 3.3549173751 3.3902018574 3.4111096464 3.488048256 3.5770037508 3.667385278 3.7593169227 3.8662085989 3.9922816286 4.1406203795 4.2075742579 4.3074870549 4.4383513057 4.5843394393 4.7133123565 4.8161307995 4.9021463445 5.0056222195 5.1394735325 5.3006007904
16.7421981117 16.6044897387 16.3521437498 15.9316006826 15.4271689734 14.8878875319 14.2751910945 13.5643624625 12.7182892331 11.9296730275 11.1431148432 10.6702181941 9.3277514086 8.4597025415 7.705502777 7.0528330955 6.5332779809 6.0519957573 5.5812449788 5.0889981272 4.7209297217 4.4040459163 4.1355451915 3.8851481674 3.7143425611 3.6342545924 3.9812997744 3.4729194082 3.3720428042 3.3288242877 3.3156663727 3.3566759866 3.5689186692 3.4128895628 3.4395912024 3.5115768912 3.5915270228 3.6616855142 3.7439404748 3.8426030119 3.9624726864 4.0670719438 4.1671816095 4.2667798541 4.3915682761 4.5291904448 4.6660376444 4.7829496174 4.881448926 4.9761826878 5.0989918838 5.2128559694
17.6619830008 17.4956495607 17.1710577186 16.8347172603 16.475591042 15.7147826979 15.4295424021 14.1426262641 13.6241825937 12.3349000767 11.4742669445 10.5604953158 9.6299114822 8.7560065125 8.0396245895 7.2705504686 6.7334268267 6.7169651729 5.8096899339 5.2609814411 4.8417789954 4.5464503094 4.2689694251 4.0273374647 3.7977499468 3.7015306239 3.6085521737 3.5354507617 3.4361756928 3.3936719423 3.3715920064 3.4006570407 3.4091570227 3.4366839069 3.4620429497 3.5520894994 3.611712753 3.6753699613 3.7460298541 3.8307776185 3.9222352386 4.018581633 4.1186523998 4.2337911782 4.3653960743 4.4985268389 4.6543030311 4.8030211706 4.8926520703 4.9675552663 5.0563300706 5.1514836539
18.7282299786 18.3301000301 17.9651556605 17.7933615533 17.5765322252 16.3936096395 15.5620677469 14.6368579079 13.5865378185 12.6613739501 11.7485512504 10.7828781767 9.8365926541 8.9685985796 8.1612633881 7.4553732132 6.8946739085 6.3939952142 5.9198006581 5.45168697 5.0337582561 4.7260640825 4.5913307368 4.138158613 3.8936614668 3.7437124811 3.6495188592 3.5832850821 3.5320222933 3.4925041195 3.5050516291 3.4802809226 3.4654553895 3.432185231 3.4822548918 3.5523917149 3.6309522061 3.6941578485 3.7594510015 3.8267449909 3.9065323318 3.9969314036 4.0998539378 4.2176203496 4.3438307031 4.4854624313 4.650216505 4.8474547586 4.9438036015 5.0081729463 5.041461148 5.1185838577
19.4427362708 19.0773878499 18.6355152096 18.2188788037 17.6651359126 16.8888300503 15.8954835024 14.9144034376 13.8734516508 12.9021951338 11.9770541907 11.0230534022 10.0413045846 9.1102273755 8.2974920498 7.5927396729 6.9725186287 6.440066602 5.9669795591 5.5703855959 5.6044696219 4.8514839649 4.5043942726 4.2387752466 3.989478461 3.8404860671 3.7831683847 3.7226519261 3.6736496208 3.646627252 3.6554420218 4.0537131993 3.5405443919 3.4827169803 3.5057768165 3.5640773981 3.6362136325 3.7121430171 3.7679936238 3.8315094738 3.9096819339 4.0045938974 4.1128072045 4.2301191413 4.3552728722 4.4923429547 4.6533939191 4.8411719468 5.1524197202 5.0356439002 5.05635484 5.1144372178
19.9435828966 19.8569980003 19.2137024645 18.62006167 17.9324937084 17.1678602315 16.6613101171 15.2075090398 14.1413222702 13.1727495587 12.1807836558 11.2438656197 10.2425886335 9.3111783025 8.4895429389 7.725537848 7.093403235 6.5419910486 6.1057670052 5.7221510933 5.3263088554 4.9240704665 4.5679228545 4.301981853 4.0929908214 3.9483028549 3.8914141362 4.0187879052 3.7779454975 3.7450896911 4.1892728896 3.7241065725 3.6348028677 3.5658445342 3.5725381508 3.6045652422 3.6559032956 3.7123465121 3.7748014721 3.8432581438 3.931109439 4.0380967909 4.1589016277 4.2847232735 4.4109807772 4.5403113968 4.6842085287 4.8684085195 5.0096939645 5.0920943458 5.1045623149 5.1326426575
20.8953497338 20.1628325045 19.8723642869 19.4255106615 18.2165085285 17.4062212683 16.9121331163 15.4794994858 14.354010746 13.5166855881 12.3098846493 11.3389612226 10.4435501114 9.968255773 8.6613223436 7.8762852317 7.2227738533 6.6600258034 6.2117647692 6.2148489301 5.3956935951 5.0005762654 4.6884020281 4.4218361363 4.2102495431 4.0594139718 3.9914539264 3.9221698192 3.8648076309 3.8282486441 3.7962385832 3.7631528488 3.696576965 3.6950834761 3.6987199718 3.6994716168 3.6981108979 3.7298837028 3.7895588857 3.8704415688 3.9719941683 4.0943457606 4.2313832613 4.3730415581 4.5030502149 4.6248697857 4.7550101144 4.9168960947 5.0560861507 5.1728099869 5.1633194458 5.1750486004
20.7498061112 20.5963771221 20.051138236 19.6871270209 18.4394743443 17.5384853566 16.7649104108 15.5491269169 14.8930721412 13.429187823 12.398287435 11.4617382284 11.0443147246 9.7391960892 8.8486988047 8.0352298405 7.3664219101 6.7876087894 6.3237203679 5.8811031548 5.4950493682 5.1292808938 4.8513164079 4.5926936612 4.3768651597 4.1786885104 4.0613148763 3.9850452996 3.9265515573 3.8803835891 3.8380074322 3.805335616 3.7984592519 3.8609227574 3.9048578853 3.843015853 3.7681249629 3.7754268998 3.8321871023 3.920585738 4.0338136133 4.1676016549 4.3155202112 4.4651243102 4.6027463217 4.7122953966 4.833835717 4.9842816953 5.188855553 5.2114593821 5.27209908 5.2877181219
20.9659131298 20.871458069 20.1760683748 19.7510135714 18.4348285882 17.8975655942 16.5801819188 15.567317588 14.5183720859 13.5058956191 12.436669091 11.5718840224 10.7460689493 9.8756290175 8.970239262 8.1936701827 7.5188066237 6.9773542431 6.4640935385 6.0081192004 5.5659466611 5.223852045 4.9734005913 4.9192418541 4.5217767693 4.312900638 4.1811775654 4.0959848829 4.0445368768 3.9940314079 3.9413698904 3.8928173169 3.8938596777 3.9699857305 4.1770760181 3.943422394 3.8520580177 3.8481041069 3.9052333083 3.9996322594 4.1191319473 4.255628601 4.4009405167 4.5442872003 4.6689575076 4.7777651957 4.8884445902 5.0406253664 5.134000782 5.2220213499 5.4402064354 5.6936090438
20.8542506159 20.5670128306 20.2668249144 19.275984911 18.2996262326 17.3188608679 16.4137689633 15.8749018542 14.5377150499 13.4224053752 12.4616925136 11.5675974789 10.7460284604 9.9048316042 9.0853464631 8.3310341901 7.6716570003 7.1394766375 7.0864036972 6.1846465231 5.7137301137 5.327472648 5.0759304903 4.8747021027 4.6810302473 4.474267758 4.3146087806 4.222947395 4.1675908635 4.1265730267 4.0450330209 3.9829170274 3.9689539741 4.0358375178 4.0457517181 4.0138665726 3.9328958674 3.9405344106 4.0085859153 4.1153294877 4.242020314 4.3717428241 4.4962243622 4.6136644762 4.721298495 4.8197551616 4.9192162388 5.0297416222 5.1813363615 5.1650405502 5.196391778 5.1996408783
20.3658002613 20.2796897094 19.7736859867 18.9107923213 17.9881373365 17.0852662892 16.3161391237 15.3514044353 14.3833648096 13.4293377931 12.4471473165 11.5731111708 10.7026688249 9.9071092255 9.1451871663 8.4428435952 7.813071191 7.3082171653 6.8342969629 6.4478011024 5.8717270293 5.4598980277 5.1572394643 4.9582177925 4.8587160904 4.6107503566 4.4501874989 4.3498325601 4.2897830845 4.2277002514 4.1561842262 4.0784040879 4.0402162438 4.0437205499 4.0804523269 4.0307200343 4.0182919655 4.0537205788 4.1388405756 4.2775347931 4.4269738218 4.5424357873 4.6191027503 4.6882612921 4.7776013074 4.860608721 4.9406474201 5.0316772675 5.0811803225 5.0967134191 5.0717438491 5.0693556039
