Models/Synthetic/Density/temp_raster_pop.asc
NCOLS 101
NROWS 101
XLLCORNER 3302900
YLLCORNER 3112000
CELLSIZE 4386.138614
NODATA_VALUE NaN
[rows 46 to 68 of 101, columns 0 to 51 of 101]
4.2256658303 4.297284895 4.3907775967 4.5020027395 4.590070779 4.6464378296 4.660704298 4.6681690079 4.6928172856 4.8496181371 4.6670968468 4.589468668 4.5415521847 4.4823353574 4.3730427731 4.2387438463 4.0946371491 4.0856512337 4.3265100701 3.9604995225 3.7709224155 3.5998355444 3.4467910068 3.3254680563 3.2410063199 3.2114169873 3.381110259 3.4184423864 3.0157396626 3.0130477655 2.9391355896 2.9318313557 2.9669867985 3.099372975 3.3149305973 3.6239088271 4.0614949235 4.5505402547 5.0983150366 5.6588322695 6.2980005258 6.9737205615 7.6812909212 8.4515913438 9.3350809455 10.3307647956 11.4072789468 12.5963171859 14.0118062561 15.1224066892 16.1722047574 17.4423246698
3.8641440718 3.9238368377 4.0404738727 4.1434951818 4.272819613 4.3066797047 4.3365444733 4.3359111 4.364133767 4.3448372315 4.3190973299 4.4462415935 4.2109428963 4.1412125383 4.0430697969 3.9545219593 3.8991339548 3.9217484357 3.9473508869 3.9035047839 3.764660851 3.6047183166 3.4817477597 3.3843119764 3.3113745472 3.2829974062 3.250173405 3.1617403334 3.0659190207 2.9764666881 2.9552619716 2.949840011 3.0078574263 3.1270572559 3.3135474801 3.583554868 3.9440845973 4.3924843786 4.886594069 5.4328592407 6.0103504929 6.6277046035 7.2253608207 7.9108729878 8.7013479041 9.602901225 10.6305603253 11.7222498647 12.9366993803 14.2164202211 15.1135503587 16.1798782308
3.6139807504 3.6656351764 3.7706424201 4.4960723632 3.9906472277 4.1830235366 4.0474931889 4.0430075361 4.115626507 4.016921822 3.9961160782 3.9710383467 3.9420456291 3.8678479341 3.8115235093 3.76670866 3.7471470555 3.7555364896 3.7994496234 3.9286847542 3.7282028273 3.6101604469 3.5186476332 3.445431177 3.3863294549 3.3220834259 3.2391850293 3.1504184936 3.0785103976 3.0360029675 3.0143728449 3.0256477104 3.0826766974 3.182403931 3.3339780901 3.5489496147 3.8574322276 4.2465770738 4.7025848181 5.195976866 5.7227129265 6.246294729 6.7961101949 7.4011550526 8.111255089 8.9587806264 9.8695602191 10.9799222069 11.8089194488 12.8781256351 13.9303883857 14.897255671
3.4578826582 3.4990239424 3.5889069023 3.6663801094 3.7719291769 3.7866621429 3.8000683489 3.7874782005 3.784131862 3.8067861353 3.7675295759 3.7531721839 4.5841400069 3.6687413495 3.6419044363 3.6429460999 3.6543012844 3.6779807676 3.7288029223 3.733612149 3.7045689158 3.6214827991 3.5624750884 3.5099265772 3.4586153832 3.3974268158 3.3086878113 3.2291301999 3.1859162545 3.1586381728 3.1402221782 3.1310734644 3.166377353 3.25612591 3.3533864462 3.525079577 3.7775060703 4.1093883206 4.5041282174 4.9530455574 5.4234069263 5.9338287735 6.4247991742 6.9712845801 7.5552491739 8.3057121846 9.5026035464 9.9354609042 10.7984485875 11.7749661496 13.0443295103 13.7140579885
3.3844356055 3.408707187 3.4446389482 3.5015509853 3.5547224818 3.5828736695 3.583589506 3.576929076 3.5765944165 3.6113395388 3.809904131 3.6311691302 3.5816059551 3.5640667897 3.5337075096 3.557914762 3.6052171746 3.6505299973 3.6815537113 3.6978113608 3.674718535 3.6506717117 3.6181232181 3.5815726505 3.5369971429 3.4748045954 3.4012545546 3.3377636219 3.3097743136 3.315245889 3.2737004823 3.2475500346 3.2549328343 3.2924336198 3.4129401284 3.5427958747 3.7451371521 3.9784999557 4.3096006425 4.7002374373 5.1538394832 5.6321757633 6.5127942381 6.5674091719 7.0660665105 7.7196257298 8.4017668487 9.1634216408 9.9282003978 10.8530746597 11.7396665482 12.5930475215
3.3649111043 3.3654271855 3.3889618642 3.4285237515 3.5039525104 3.5218161937 3.5161632078 3.4653706335 3.4651698533 3.507989818 3.5221868568 3.5426416406 3.5856373929 3.4800445609 3.4644581513 3.4995264448 3.5554770816 3.624298988 3.7082138183 3.6954409329 3.6972261983 3.6989116443 3.6932112362 3.6713867206 3.6327265795 3.5776153707 3.5140142025 3.459999599 3.4330976337 3.4110995643 3.3902640629 3.372748161 3.357422223 3.3679656807 3.4365941538 3.8880143569 3.6926762567 3.8707441564 4.1489621336 4.4922572687 4.8929937786 5.4672632964 5.7546190704 6.3700996558 6.5683113721 7.095670496 8.0966834997 8.3966930942 9.1653425391 10.0102733125 10.7517647634 11.5414050568
3.3463113639 3.3624308371 3.3789597991 3.4070751127 3.4747464915 3.8052413829 3.4869413353 3.4427216677 3.4361956893 3.4525769519 3.4945498921 3.5149319332 3.4856279706 3.429886692 3.4173874289 3.4607349802 3.5269262444 3.6060497394 3.6661353167 3.7153361996 3.7470634629 3.7824150064 3.8312955761 3.8245217343 3.7955039164 3.7200429441 3.6627949162 3.6064729618 3.5569486662 3.518669969 3.4881835535 3.4811373682 3.5228830725 3.4571708075 3.4962235228 3.5515107901 3.6715198537 3.8318119872 4.0642099368 4.3478985444 4.6865986934 4.97961649 5.345090349 5.6836570244 6.0800394166 6.5385302024 7.0698543999 7.691899203 8.3408256564 9.0774211836 9.9391384422 10.3592692034
3.4466501585 3.4528239263 3.3941582091 3.4104965927 3.4695351716 3.4863615418 3.5081358642 3.4658660905 3.4607599986 3.4402962621 3.5165350344 4.2057602078 3.4440564651 3.3739659041 3.3931254617 3.4546669362 3.5320375338 3.6067894923 3.6766179624 3.7483281234 3.8336151719 3.9357508812 4.0050925925 4.6319548047 3.967266161 3.9078233596 3.8603029218 3.7827572382 3.7171847914 3.6615622428 3.6208959033 3.6105910185 3.5922317161 3.5835810263 3.5538942547 3.5827412528 3.667012753 3.8309986702 4.1050109514 4.2374815349 4.4396517777 4.676314275 4.9278403242 5.2243561996 5.569078545 5.9694113004 6.4280170126 6.9578352786 7.534263479 8.1599823267 8.7229371096 9.2693185054
4.5480543647 3.5014910069 3.4311188775 3.4210752954 3.4291899492 3.4859466609 3.5117378864 3.5532832813 3.4363237804 3.4101173504 3.4464819983 3.4843701631 3.4081200967 3.354562269 3.3923872975 3.4748473957 3.5694017827 3.6522824977 3.7351391063 3.8266794091 3.9343890284 4.0807428029 4.3907542193 4.1596734919 4.1485778819 4.1582330476 4.0752170457 3.9954710757 3.9167162451 3.8536394593 3.8133598633 3.7740718167 3.742971492 3.705883036 3.7056079944 3.7130340094 3.7588919457 3.8651728286 4.0369745979 4.189032198 4.3136870403 4.4369976235 4.6126806569 4.8423624922 5.1293178812 5.4724186273 5.8700719117 6.3184935668 6.834489023 7.2959055562 7.7579423353 8.2257729735
3.5790225206 3.6154683656 3.4919896291 3.4680613321 3.4192425615 3.4665027571 3.8874723615 3.4742748051 3.3944306915 3.3437778611 3.3638979917 3.3624476973 3.365103228 3.3552390828 3.4175409521 3.5142561959 3.620534428 3.7217778628 3.8229013055 3.9312570419 4.0447474744 4.1755444008 4.2454455558 4.2915863237 4.3299575898 4.3567875846 4.3346508894 4.241538084 4.1587234593 4.0905348644 4.0413762781 4.0124568617 3.9344339001 3.8868121248 3.8726737825 3.9021706727 3.8672886993 3.8959494227 4.0292131547 4.3135994534 4.2134231817 4.240245194 4.3536223584 4.5249566609 4.7544634876 5.0445938524 5.3900542202 5.7680170973 6.1666765081 6.6902457148 6.9132288571 7.3322269547
3.7516186059 3.5291280659 3.8456290911 3.4577352117 3.4041934939 3.4446781896 3.4484222572 3.4300244243 3.3497241583 3.3110977065 3.3104913664 4.107339402 3.3409510139 3.3803238154 3.4653595024 3.5712086756 3.6833986063 3.8040333757 3.9270959324 4.0487894074 4.1691425426 4.2790608658 4.3754461678 4.4585131666 4.5444861695 4.6481885308 4.6141934676 4.5448199076 4.4602333633 4.355544064 4.2978292505 4.2525163938 4.1748661722 4.0970774325 4.0563155335 4.023668966 3.982264487 3.9356232832 4.0142626214 4.157253517 4.1345255289 4.107323974 4.1358348945 4.2608240083 4.4432443392 4.6779509686 5.0368617123 5.3509116296 5.6441693932 5.85561581 6.1855399666 6.5696612397
3.4187627151 3.4728316542 3.4385430333 3.4355066563 3.3962080611 3.4064837704 3.4131492507 3.4009852214 3.3680615485 3.3281960863 3.3203520339 3.3204642861 3.3602858973 3.4197887444 3.5303859253 3.6400582686 3.7648175094 3.9031608678 4.0486039619 4.1899688001 4.3329618175 4.5161411292 4.6461761306 4.751641143 4.8043813897 4.855810768 4.8905969943 4.9549896962 4.7496728737 4.6604859745 4.5740534946 4.5150653073 4.5051084151 4.2808138358 4.1857186081 4.1790279369 4.050494712 3.9727106395 3.9627742586 4.036953065 4.2046642364 3.9961593491 3.9498058523 4.0365027129 4.174643655 4.3673473033 4.6504248986 5.565063323 5.0757606542 5.2378030205 5.5726912486 5.9524666595
3.3350541915 3.3539650537 3.3667339018 3.3830659182 3.4256430842 3.4543356999 3.4743022342 3.4594768772 3.4350864471 3.3880663737 3.3452166093 3.3349657519 3.3763842051 3.4664891581 3.5843396877 3.7183562383 3.8619491609 4.0241798298 4.1958995377 4.3685767164 4.539707845 4.7520369108 5.5719437654 5.0823094816 5.1219908442 5.1596597741 5.1515360007 5.1139004222 5.0405134006 4.9429638069 4.9338589308 4.7364241412 5.4552407732 4.4248234401 4.2924071596 4.197151228 4.1132716247 4.0117011875 3.9881449659 3.9991540573 4.1930228702 3.851242787 3.7761703909 3.8358129033 3.9352947591 4.062642423 5.1586452153 4.4222149868 4.5846632165 4.7258303397 5.0387780964 5.8354277536
3.394160317 3.3928551833 3.3921853706 3.4231671643 3.4802005994 3.5426755096 3.5186785979 3.5179264073 3.5219131178 3.4748689157 3.4219405973 3.3778884421 3.4252081066 3.5163277735 3.643575091 3.7957660945 3.9661479565 4.1576754591 4.383496057 4.5901758299 4.7817784271 4.9888403673 5.1739710804 5.3790067588 5.8697042034 5.463406585 5.4278308725 5.3917671264 5.3218144727 5.2382520643 5.09956468 4.9380321623 4.7278669025 4.547004323 4.377692737 4.2431019997 4.1349746533 4.0681328363 3.9981699021 4.3245774173 3.8208811573 3.6778066478 3.608143182 3.6427969833 3.7176695665 3.7904146838 3.8653072675 3.969160264 4.0974407216 4.2869504984 4.5738728321 4.8816892886
3.7735151544 3.3966595603 3.394255252 3.6441087073 3.474973479 3.4812539232 3.5173893205 3.4909418035 3.4992790632 4.0198295682 3.4374309056 3.4524761308 3.5181416638 3.6130124225 3.7085266109 3.8719578184 4.0720292729 4.2997772366 4.5635335813 4.8696620323 5.0066567341 5.1721353247 5.3678639091 5.629890904 5.768766475 5.8302951053 5.7891244872 5.773343914 5.7019344959 5.5521307059 5.36950744 5.1642117945 4.9381111112 4.7076287877 4.4945355176 4.3122057165 4.1706059074 4.0476618617 3.9807903846 3.8805697665 3.6887919466 3.5147205334 3.4531426788 3.4573005167 3.4941016348 3.5599323558 3.6052364301 3.6735368596 3.7599240457 3.9187041343 4.1247475826 4.3898203459
3.3676580185 3.3693047623 3.3727540605 3.3981708501 3.4223786083 3.4129938531 3.4209660885 3.4163289124 3.4264890824 3.4080045767 3.4244594819 3.5171541793 3.8091283124 3.7149037465 3.7779233055 3.9548337331 4.1839086533 4.4616116668 4.750288093 5.0083654895 5.2096349046 5.3892401386 5.5905792745 5.8424176189 6.3452793681 6.1277367491 6.1404370259 6.8598150123 6.1454540428 5.9285642923 5.7001969854 5.469142093 5.200768499 4.9112557857 4.6427650402 4.4119659773 4.2207195499 4.0620393048 3.9211130792 3.7547387913 3.5788422449 3.4190056233 3.3263270816 3.2893851347 3.2937294762 3.3411516831 3.4752946784 3.4209471691 3.5251295919 3.6597397583 3.8261965395 4.0018885707
3.260958809 3.2840934853 3.3203195656 3.3444952055 3.352071018 3.3775396745 3.3731136158 3.3672599072 3.3226716905 3.3261242392 3.3724274663 3.530027563 3.8696710009 3.7691070335 3.8489815783 4.0466811029 4.3427249984 4.6444620962 4.9845695931 5.1572235108 5.3926823805 5.6038067763 5.8273149164 6.0968086087 6.3008412447 6.4403499751 6.4365531524 6.4592173677 6.9606293774 6.2639998146 6.0358476862 5.7942871251 5.4680201469 5.1296832101 4.815265611 4.5445454692 4.3205565274 4.1375387252 3.9570339265 3.7610056386 3.5537747722 3.3746597033 3.245437636 3.1653937744 3.1314426517 3.1505391917 3.1633203974 3.1984106497 3.2920928229 3.8161911811 3.5696141205 3.7151628316
3.2281215397 3.2493026409 3.3215741056 3.3755248774 3.3398477125 3.3173685864 3.8671439495 3.3074879122 3.2811762699 3.308597566 3.3722834229 3.505452132 3.6335762808 3.778962288 3.9219202133 4.1485900832 4.4633219972 5.0587056813 5.0735454065 5.3202311668 5.5773805091 5.8409622759 6.1143712297 6.3396988309 6.5313518842 6.6145634131 6.65288021 6.670003575 6.6431636515 6.5534824387 6.3498504331 6.0630273847 5.7178760964 5.348189597 5.0083721496 4.7104718876 4.4661991826 4.268778603 4.0866204841 3.8780599291 3.6298583488 3.4130401405 3.2140397464 3.0973066544 3.0279975668 2.98871931 2.9783068569 3.0000152122 3.1088323743 3.226789976 3.389890769 3.4978285647
3.2138481243 3.2158277337 3.3068531992 3.5183695043 3.3098853144 3.2515273226 3.246493357 3.2644620092 3.2657571724 3.3254400299 3.4074364768 3.5086913212 3.6355566025 3.7973306856 3.9999265328 4.2506889417 4.5784702329 4.8876567857 5.2031729689 5.504288665 5.8181496815 6.1456046062 6.4103394363 7.4252418661 6.7539341865 6.8260686907 6.8639116679 6.8670385071 6.8465745339 6.8058014001 6.5882070796 6.2972623519 5.9431754687 5.5667887799 5.21528848 4.9097530857 4.6382226164 4.4443599275 4.2525007264 4.0036539624 3.8684384693 3.456694477 3.2313342708 3.087270761 2.9884175946 2.9235385622 2.8930796314 2.9036986257 2.9586493726 3.0626119093 3.1866637017 3.3504999618
3.1800710846 3.1505957781 3.2090418834 3.7710134929 3.2047806399 3.1331909627 3.1499536473 3.1878914029 3.2522700541 3.3498883227 3.509131206 3.623457154 3.75423812 3.8623711438 4.0822153453 4.3540987645 4.6564077 4.9811130349 5.3243893509 5.6960578964 6.1648815414 6.3820871417 6.768762557 6.8713135484 7.022260164 7.0861176763 7.1186696412 7.0939868286 7.1001564546 6.9964608932 6.8050580805 6.4991505312 6.1489652158 5.7893434085 5.4687683117 5.1394815122 4.8525713423 4.6373166929 4.475952784 4.1300224521 3.7839085273 3.5314620997 3.2956516583 3.1352726343 3.0181488244 2.9389143958 2.8986076596 2.8990018086 2.9407223582 3.0172188072 3.1247378231 3.2699553993
3.0885091919 3.0610244371 3.0725859926 3.0994731443 3.1184930582 3.0952461657 3.0930313994 3.1396980647 3.2253223394 3.3355445107 3.520133373 4.1006068196 3.8063388172 3.9299007929 4.1664423066 4.4591935351 4.7822140534 5.1267667358 5.4896936555 5.8836718677 6.2232384716 6.5646069894 6.8228329793 7.0980049405 7.2806863865 7.4811045419 7.3673666023 7.313435894 7.290800058 7.5825402386 6.933616589 6.6432260667 6.3536737019 6.0427669591 5.723866944 5.5052963931 5.0798682759 4.8110744845 4.7405266281 4.195651699 3.8755641695 3.6346062946 3.4322307988 3.2488391568 3.1182380275 3.0316883769 2.9866814824 2.9823186823 3.0151454515 3.078690629 3.1690484653 3.2926861074
3.027067975 3.0372132497 2.9575145263 2.9757676806 3.4695185502 3.7855911132 3.0094186068 3.0729799857 3.1814970169 3.2874901374 3.4854280763 3.6484658764 3.8284880823 3.9841137741 4.2527916056 4.5722348258 4.9207646597 5.283846082 5.6566394457 6.0155338667 6.3588040411 6.6637408069 6.9580407721 7.2681688134 7.7116536712 7.6681461438 7.6531085525 7.5669223296 7.4589852165 7.2770288952 7.0699828457 6.8112677928 6.6199484604 6.3539696441 6.0598401063 5.647773943 5.3023229685 5.0785294019 4.6517373284 4.3390508903 4.0605655265 3.8719732337 3.6322577995 3.4398373189 3.2987248907 3.2269912599 3.1780872965 3.1694899457 3.1748062978 3.2279770556 3.3040106672 3.4068417502
3.5314893933 2.9206617749 2.9875693966 2.8659086533 2.8659489769 2.9025077084 2.93260224 3.0073639931 3.1110403869 3.2390484308 3.3884815186 3.576693872 3.7874934648 4.0434296076 4.3473336631 4.6975877819 5.0661906929 5.4427835143 5.8115023807 6.1724874721 6.5088267646 6.8415939672 7.1290355461 7.4393408974 7.6759859274 7.8403342287 8.4686336567 7.8708102873 7.5787440839 7.3988287192 7.2429153484 7.0543493537 6.8814951559 6.9601099373 6.3078600148 5.8889604867 5.5074883962 5.1490740655 4.8371270764 4.5816290671 4.3661532367 4.1544073013 3.916760895 3.7185897698 3.5715905776 3.4913901368 4.2296762986 3.4204969898 3.4155541509 3.4540581582 3.5121686946 3.5937321144
