Models/Synthetic/Density/temp_raster_dens.asc
NCOLS 101
NROWS 101
XLLCORNER 3302900
YLLCORNER 3112000
CELLSIZE 4386.138614
NODATA_VALUE NaN
[rows 46 to 68 of 101, columns 0 to 51 of 101]
0.0000422567 0.0000429728 0.0000439078 0.00004502 0.0000459007 0.0000464644 0.000046607 0.0000466817 0.0000469282 0.0000484962 0.000046671 0.0000458947 0.0000454155 0.0000448234 0.0000437304 0.0000423874 0.0000409464 0.0000408565 0.0000432651 0.000039605 0.0000377092 0.0000359984 0.0000344679 0.0000332547 0.0000324101 0.0000321142 0.0000338111 0.0000341844 0.0000301574 0.0000301305 0.0000293914 0.0000293183 0.0000296699 0.0000309937 0.0000331493 0.0000362391 0.0000406149 0.0000455054 0.0000509832 0.0000565883 0.00006298 0.0000697372 0.0000768129 0.0000845159 0.0000933508 0.0001033076 0.0001140728 0.0001259632 0.0001401181 0.0001512241 0.000161722 0.0001744232
0.0000386414 0.0000392384 0.0000404047 0.000041435 0.0000427282 0.0000430668 0.0000433654 0.0000433591 0.0000436413 0.0000434484 0.000043191 0.0000444624 0.0000421094 0.0000414121 0.0000404307 0.0000395452 0.0000389913 0.0000392175 0.0000394735 0.000039035 0.0000376466 0.0000360472 0.0000348175 0.0000338431 0.0000331137 0.00003283 0.0000325017 0.0000316174 0.0000306592 0.0000297647 0.0000295526 0.0000294984 0.0000300786 0.0000312706 0.0000331355 0.0000358355 0.0000394408 0.0000439248 0.0000488659 0.0000543286 0.0000601035 0.000066277 0.0000722536 0.0000791087 0.0000870135 0.000096029 0.0001063056 0.0001172225 0.000129367 0.0001421642 0.0001511355 0.0001617988
0.0000361398 0.0000366564 0.0000377064 0.0000449607 0.0000399065 0.0000418302 0.0000404749 0.0000404301 0.0000411563 0.0000401692 0.0000399612 0.0000397104 0.0000394205 0.0000386785 0.0000381152 0.0000376671 0.0000374715 0.0000375554 0.0000379945 0.0000392868 0.000037282 0.0000361016 0.0000351865 0.0000344543 0.0000338633 0.0000332208 0.0000323919 0.0000315042 0.0000307851 0.00003036 0.0000301437 0.0000302565 0.0000308268 0.000031824 0.0000333398 0.0000354895 0.0000385743 0.0000424658 0.0000470258 0.0000519598 0.0000572271 0.0000624629 0.0000679611 0.0000740116 0.0000811126 0.0000895878 0.0000986956 0.0001097992 0.0001180892 0.0001287813 0.0001393039 0.0001489726
0.0000345788 0.0000349902 0.0000358891 0.0000366638 0.0000377193 0.0000378666 0.0000380007 0.0000378748 0.0000378413 0.0000380679 0.0000376753 0.0000375317 0.0000458414 0.0000366874 0.000036419 0.0000364295 0.000036543 0.0000367798 0.000037288 0.0000373361 0.0000370457 0.0000362148 0.0000356248 0.0000350993 0.0000345862 0.0000339743 0.0000330869 0.0000322913 0.0000318592 0.0000315864 0.0000314022 0.0000313107 0.0000316638 0.0000325613 0.0000335339 0.0000352508 0.0000377751 0.0000410939 0.0000450413 0.0000495305 0.0000542341 0.0000593383 0.000064248 0.0000697128 0.0000755525 0.0000830571 0.000095026 0.0000993546 0.0001079845 0.0001177497 0.0001304433 0.0001371406
0.0000338444 0.0000340871 0.0000344464 0.0000350155 0.0000355472 0.0000358287 0.0000358359 0.0000357693 0.0000357659 0.0000361134 0.000038099 0.0000363117 0.0000358161 0.0000356407 0.0000353371 0.0000355791 0.0000360522 0.0000365053 0.0000368155 0.0000369781 0.0000367472 0.0000365067 0.0000361812 0.0000358157 0.00003537 0.000034748 0.0000340125 0.0000333776 0.0000330977 0.0000331525 0.000032737 0.0000324755 0.0000325493 0.0000329243 0.0000341294 0.000035428 0.0000374514 0.000039785 0.000043096 0.0000470024 0.0000515384 0.0000563218 0.0000651279 0.0000656741 0.0000706607 0.0000771963 0.0000840177 0.0000916342 0.000099282 0.0001085307 0.0001173967 0.0001259305
0.0000336491 0.0000336543 0.0000338896 0.0000342852 0.0000350395 0.0000352182 0.0000351616 0.0000346537 0.0000346517 0.0000350799 0.0000352219 0.0000354264 0.0000358564 0.0000348004 0.0000346446 0.0000349953 0.0000355548 0.000036243 0.0000370821 0.0000369544 0.0000369723 0.0000369891 0.0000369321 0.0000367139 0.0000363273 0.0000357762 0.0000351401 0.0000346 0.000034331 0.000034111 0.0000339026 0.0000337275 0.0000335742 0.0000336797 0.0000343659 0.0000388801 0.0000369268 0.0000387074 0.0000414896 0.0000449226 0.0000489299 0.0000546726 0.0000575462 0.000063701 0.0000656831 0.0000709567 0.0000809668 0.0000839669 0.0000916534 0.0001001027 0.0001075176 0.0001154141
0.0000334631 0.0000336243 0.0000337896 0.0000340708 0.0000347475 0.0000380524 0.0000348694 0.0000344272 0.000034362 0.0000345258 0.0000349455 0.0000351493 0.0000348563 0.0000342989 0.0000341739 0.0000346073 0.0000352693 0.0000360605 0.0000366614 0.0000371534 0.0000374706 0.0000378242 0.000038313 0.0000382452 0.000037955 0.0000372004 0.0000366279 0.0000360647 0.0000355695 0.0000351867 0.0000348818 0.0000348114 0.0000352288 0.0000345717 0.0000349622 0.0000355151 0.0000367152 0.0000383181 0.0000406421 0.000043479 0.000046866 0.0000497962 0.0000534509 0.0000568366 0.0000608004 0.0000653853 0.0000706985 0.000076919 0.0000834083 0.0000907742 0.0000993914 0.0001035927
0.0000344665 0.0000345282 0.0000339416 0.000034105 0.0000346954 0.0000348636 0.0000350814 0.0000346587 0.0000346076 0.000034403 0.0000351654 0.0000420576 0.0000344406 0.0000337397 0.0000339313 0.0000345467 0.0000353204 0.0000360679 0.0000367662 0.0000374833 0.0000383362 0.0000393575 0.0000400509 0.0000463195 0.0000396727 0.0000390782 0.000038603 0.0000378276 0.0000371718 0.0000366156 0.000036209 0.0000361059 0.0000359223 0.0000358358 0.0000355389 0.0000358274 0.0000366701 0.00003831 0.0000410501 0.0000423748 0.0000443965 0.0000467631 0.0000492784 0.0000522436 0.0000556908 0.0000596941 0.0000642802 0.0000695784 0.0000753426 0.0000815998 0.0000872294 0.0000926932
0.0000454805 0.0000350149 0.0000343112 0.0000342108 0.0000342919 0.0000348595 0.0000351174 0.0000355328 0.0000343632 0.0000341012 0.0000344648 0.0000348437 0.0000340812 0.0000335456 0.0000339239 0.0000347485 0.000035694 0.0000365228 0.0000373514 0.0000382668 0.0000393439 0.0000408074 0.0000439075 0.0000415967 0.0000414858 0.0000415823 0.0000407522 0.0000399547 0.0000391672 0.0000385364 0.0000381336 0.0000377407 0.0000374297 0.0000370588 0.0000370561 0.0000371303 0.0000375889 0.0000386517 0.0000403697 0.0000418903 0.0000431369 0.00004437 0.0000461268 0.0000484236 0.0000512932 0.0000547242 0.0000587007 0.0000631849 0.0000683449 0.0000729591 0.0000775794 0.0000822577
0.0000357902 0.0000361547 0.0000349199 0.0000346806 0.0000341924 0.000034665 0.0000388747 0.0000347427 0.0000339443 0.0000334378 0.000033639 0.0000336245 0.000033651 0.0000335524 0.0000341754 0.0000351426 0.0000362053 0.0000372178 0.000038229 0.0000393126 0.0000404475 0.0000417554 0.0000424545 0.0000429159 0.0000432996 0.0000435679 0.0000433465 0.0000424154 0.0000415872 0.0000409053 0.0000404138 0.0000401246 0.0000393443 0.0000388681 0.0000387267 0.0000390217 0.0000386729 0.0000389595 0.0000402921 0.000043136 0.0000421342 0.0000424025 0.0000435362 0.0000452496 0.0000475446 0.0000504459 0.0000539005 0.0000576802 0.0000616668 0.0000669025 0.0000691323 0.0000733223
0.0000375162 0.0000352913 0.0000384563 0.0000345774 0.0000340419 0.0000344468 0.0000344842 0.0000343002 0.0000334972 0.000033111 0.0000331049 0.0000410734 0.0000334095 0.0000338032 0.0000346536 0.0000357121 0.000036834 0.0000380403 0.000039271 0.0000404879 0.0000416914 0.0000427906 0.0000437545 0.0000445851 0.0000454449 0.0000464819 0.0000461419 0.0000454482 0.0000446023 0.0000435554 0.0000429783 0.0000425252 0.0000417487 0.0000409708 0.0000405632 0.0000402367 0.0000398226 0.0000393562 0.0000401426 0.0000415725 0.0000413453 0.0000410732 0.0000413583 0.0000426082 0.0000444324 0.0000467795 0.0000503686 0.0000535091 0.0000564417 0.0000585562 0.0000618554 0.0000656966
0.0000341876 0.0000347283 0.0000343854 0.0000343551 0.0000339621 0.0000340648 0.0000341315 0.0000340099 0.0000336806 0.000033282 0.0000332035 0.0000332046 0.0000336029 0.0000341979 0.0000353039 0.0000364006 0.0000376482 0.0000390316 0.000040486 0.0000418997 0.0000433296 0.0000451614 0.0000464618 0.0000475164 0.0000480438 0.0000485581 0.000048906 0.0000495499 0.0000474967 0.0000466049 0.0000457405 0.0000451507 0.0000450511 0.0000428081 0.0000418572 0.0000417903 0.0000405049 0.0000397271 0.0000396277 0.0000403695 0.0000420466 0.0000399616 0.0000394981 0.000040365 0.0000417464 0.0000436735 0.0000465042 0.0000556506 0.0000507576 0.000052378 0.0000557269 0.0000595247
0.0000333505 0.0000335397 0.0000336673 0.0000338307 0.0000342564 0.0000345434 0.000034743 0.0000345948 0.0000343509 0.0000338807 0.0000334522 0.0000333497 0.0000337638 0.0000346649 0.0000358434 0.0000371836 0.0000386195 0.0000402418 0.000041959 0.0000436858 0.0000453971 0.0000475204 0.0000557194 0.0000508231 0.0000512199 0.0000515966 0.0000515154 0.000051139 0.0000504051 0.0000494296 0.0000493386 0.0000473642 0.0000545524 0.0000442482 0.0000429241 0.0000419715 0.0000411327 0.000040117 0.0000398814 0.0000399915 0.0000419302 0.0000385124 0.0000377617 0.0000383581 0.0000393529 0.0000406264 0.0000515865 0.0000442221 0.0000458466 0.0000472583 0.0000503878 0.0000583543
0.0000339416 0.0000339286 0.0000339219 0.0000342317 0.000034802 0.0000354268 0.0000351868 0.0000351793 0.0000352191 0.0000347487 0.0000342194 0.0000337789 0.0000342521 0.0000351633 0.0000364358 0.0000379577 0.0000396615 0.0000415768 0.000043835 0.0000459018 0.0000478178 0.0000498884 0.0000517397 0.0000537901 0.000058697 0.0000546341 0.0000542783 0.0000539177 0.0000532181 0.0000523825 0.0000509956 0.0000493803 0.0000472787 0.00004547 0.0000437769 0.000042431 0.0000413497 0.0000406813 0.0000399817 0.0000432458 0.0000382088 0.0000367781 0.0000360814 0.000036428 0.0000371767 0.0000379041 0.0000386531 0.0000396916 0.0000409744 0.0000428695 0.0000457387 0.0000488169
0.0000377352 0.0000339666 0.0000339426 0.0000364411 0.0000347497 0.0000348125 0.0000351739 0.0000349094 0.0000349928 0.0000401983 0.0000343743 0.0000345248 0.0000351814 0.0000361301 0.0000370853 0.0000387196 0.0000407203 0.0000429978 0.0000456353 0.0000486966 0.0000500666 0.0000517214 0.0000536786 0.0000562989 0.0000576877 0.000058303 0.0000578912 0.0000577334 0.0000570193 0.0000555213 0.0000536951 0.0000516421 0.0000493811 0.0000470763 0.0000449454 0.0000431221 0.0000417061 0.0000404766 0.0000398079 0.0000388057 0.0000368879 0.0000351472 0.0000345314 0.000034573 0.000034941 0.0000355993 0.0000360524 0.0000367354 0.0000375992 0.000039187 0.0000412475 0.0000438982
0.0000336766 0.000033693 0.0000337275 0.0000339817 0.0000342238 0.0000341299 0.0000342097 0.0000341633 0.0000342649 0.00003408 0.0000342446 0.0000351715 0.0000380913 0.000037149 0.0000377792 0.0000395483 0.0000418391 0.0000446161 0.0000475029 0.0000500837 0.0000520963 0.0000538924 0.0000559058 0.0000584242 0.0000634528 0.0000612774 0.0000614044 0.0000685982 0.0000614545 0.0000592856 0.000057002 0.0000546914 0.0000520077 0.0000491126 0.0000464277 0.0000441197 0.0000422072 0.0000406204 0.0000392111 0.0000375474 0.0000357884 0.0000341901 0.0000332633 0.0000328939 0.0000329373 0.0000334115 0.0000347529 0.0000342095 0.0000352513 0.0000365974 0.000038262 0.0000400189
0.0000326096 0.0000328409 0.0000332032 0.000033445 0.0000335207 0.0000337754 0.0000337311 0.0000336726 0.0000332267 0.0000332612 0.0000337243 0.0000353003 0.0000386967 0.0000376911 0.0000384898 0.0000404668 0.0000434272 0.0000464446 0.0000498457 0.0000515722 0.0000539268 0.0000560381 0.0000582731 0.0000609681 0.0000630084 0.0000644035 0.0000643655 0.0000645922 0.0000696063 0.00006264 0.0000603585 0.0000579429 0.0000546802 0.0000512968 0.0000481527 0.0000454455 0.0000432056 0.0000413754 0.0000395703 0.0000376101 0.0000355377 0.0000337466 0.0000324544 0.0000316539 0.0000313144 0.0000315054 0.0000316332 0.0000319841 0.0000329209 0.0000381619 0.0000356961 0.0000371516
0.0000322812 0.000032493 0.0000332157 0.0000337552 0.0000333985 0.0000331737 0.0000386714 0.0000330749 0.0000328118 0.000033086 0.0000337228 0.0000350545 0.0000363358 0.0000377896 0.0000392192 0.0000414859 0.0000446332 0.0000505871 0.0000507355 0.0000532023 0.0000557738 0.0000584096 0.0000611437 0.000063397 0.0000653135 0.0000661456 0.0000665288 0.0000667 0.0000664316 0.0000655348 0.0000634985 0.0000606303 0.0000571788 0.0000534819 0.0000500837 0.0000471047 0.000044662 0.0000426878 0.0000408662 0.0000387806 0.0000362986 0.0000341304 0.0000321404 0.0000309731 0.00003028 0.0000298872 0.0000297831 0.0000300002 0.0000310883 0.0000322679 0.0000338989 0.0000349783
0.0000321385 0.0000321583 0.0000330685 0.0000351837 0.0000330989 0.0000325153 0.0000324649 0.0000326446 0.0000326576 0.0000332544 0.0000340744 0.0000350869 0.0000363556 0.0000379733 0.0000399993 0.0000425069 0.0000457847 0.0000488766 0.0000520317 0.0000550429 0.0000581815 0.000061456 0.0000641034 0.0000742524 0.0000675393 0.0000682607 0.0000686391 0.0000686704 0.0000684657 0.000068058 0.0000658821 0.0000629726 0.0000594318 0.0000556679 0.0000521529 0.0000490975 0.0000463822 0.0000444436 0.000042525 0.0000400365 0.0000386844 0.0000345669 0.0000323133 0.0000308727 0.0000298842 0.0000292354 0.0000289308 0.000029037 0.0000295865 0.0000306261 0.0000318666 0.000033505
0.0000318007 0.000031506 0.0000320904 0.0000377101 0.0000320478 0.0000313319 0.0000314995 0.0000318789 0.0000325227 0.0000334989 0.0000350913 0.0000362346 0.0000375424 0.0000386237 0.0000408222 0.000043541 0.0000465641 0.0000498111 0.0000532439 0.0000569606 0.0000616488 0.0000638209 0.0000676876 0.0000687131 0.0000702226 0.0000708612 0.0000711867 0.0000709399 0.0000710016 0.0000699646 0.0000680506 0.0000649915 0.0000614897 0.0000578934 0.0000546877 0.0000513948 0.0000485257 0.0000463732 0.0000447595 0.0000413002 0.0000378391 0.0000353146 0.0000329565 0.0000313527 0.0000301815 0.0000293891 0.0000289861 0.00002899 0.0000294072 0.0000301722 0.0000312474 0.0000326996
0.0000308851 0.0000306102 0.0000307259 0.0000309947 0.0000311849 0.0000309525 0.0000309303 0.000031397 0.0000322532 0.0000333554 0.0000352013 0.0000410061 0.0000380634 0.000039299 0.0000416644 0.0000445919 0.0000478221 0.0000512677 0.0000548969 0.0000588367 0.0000622324 0.0000656461 0.0000682283 0.00007098 0.0000728069 0.000074811 0.0000736737 0.0000731344 0.000072908 0.0000758254 0.0000693362 0.0000664323 0.0000635367 0.0000604277 0.0000572387 0.000055053 0.0000507987 0.0000481107 0.0000474053 0.0000419565 0.0000387556 0.0000363461 0.0000343223 0.0000324884 0.0000311824 0.0000303169 0.0000298668 0.0000298232 0.0000301515 0.0000307869 0.0000316905 0.0000329269
0.0000302707 0.0000303721 0.0000295751 0.0000297577 0.0000346952 0.0000378559 0.0000300942 0.0000307298 0.000031815 0.0000328749 0.0000348543 0.0000364847 0.0000382849 0.0000398411 0.0000425279 0.0000457223 0.0000492076 0.0000528385 0.0000565664 0.0000601553 0.000063588 0.0000666374 0.0000695804 0.0000726817 0.0000771165 0.0000766815 0.0000765311 0.0000756692 0.0000745899 0.0000727703 0.0000706998 0.0000681127 0.0000661995 0.0000635397 0.0000605984 0.0000564777 0.0000530232 0.0000507853 0.0000465174 0.0000433905 0.0000406057 0.0000387197 0.0000363226 0.0000343984 0.0000329872 0.0000322699 0.0000317809 0.0000316949 0.0000317481 0.0000322798 0.0000330401 0.0000340684
0.0000353149 0.0000292066 0.0000298757 0.0000286591 0.0000286595 0.0000290251 0.000029326 0.0000300736 0.0000311104 0.0000323905 0.0000338848 0.0000357669 0.0000378749 0.0000404343 0.0000434733 0.0000469759 0.0000506619 0.0000544278 0.000058115 0.0000617249 0.0000650883 0.0000684159 0.0000712904 0.0000743934 0.0000767599 0.0000784033 0.0000846863 0.0000787081 0.0000757874 0.0000739883 0.0000724292 0.0000705435 0.000068815 0.0000696011 0.0000630786 0.0000588896 0.0000550749 0.0000514907 0.0000483713 0.0000458163 0.0000436615 0.0000415441 0.0000391676 0.0000371859 0.0000357159 0.0000349139 0.0000422968 0.000034205 0.0000341555 0.0000345406 0.0000351217 0.0000359373
