Models/Synthetic/Density/temp_raster_pop.asc
NCOLS 101
NROWS 101
XLLCORNER 3302900
YLLCORNER 3112000
CELLSIZE 4386.138614
NODATA_VALUE NaN
[rows 0 to 22 of 101, columns 0 to 51 of 101]
12.2716921446 12.2221722068 12.1031153686 11.8426248558 11.5792085222 11.5028724783 11.349347981 11.2793979296 10.4630884364 10.5776118073 9.7276377201 9.2285421102 8.8047419823 8.5047832077 8.0854035776 8.3416500784 7.5188933253 7.2469385436 7.0337134105 6.9332526662 6.8803542861 6.8773555199 6.9268635808 6.8551621569 6.8972615628 7.0310999607 7.1662126385 7.3714137886 7.6126048348 7.9178685657 8.304743156 8.7796046756 9.3100577089 9.841881807 10.1777966633 10.336879867 10.6117878306 10.9011197096 11.1123099565 11.308264513 11.4853385499 11.6672717818 11.788707586 11.8098970369 11.8551568022 11.7795934502 11.6033772607 11.3205770935 11.1226742861 11.2419240983 10.7494595441 10.3395219076
12.2636085591 12.4005754933 12.0361700624 11.790689498 11.5489112721 11.2902361952 11.0597541102 10.7799258031 10.9613077835 10.1423844069 9.715492124 9.2059740518 8.7796603977 8.374782657 8.0725729875 7.7768585977 7.5651018298 7.3098852876 7.1177561042 6.987977598 7.0010570016 6.8936963833 6.825257295 6.8619646944 7.1086385669 7.0866758777 7.2182645335 7.4089054592 7.6090167581 7.9263003557 8.3765211561 8.879420663 9.3817241018 9.8355968394 10.0460054065 10.3262201754 10.6443943731 10.9573997026 11.1631722153 11.3228807994 11.5243335162 11.6895597284 11.7534269036 11.7844440887 11.8070813334 11.9246461226 11.6006291773 11.3796268448 11.1916751441 10.9062568537 10.6076442675 10.3655531806
12.5313740928 12.1328602053 11.9942805592 11.7665991188 11.5381159828 11.2213679315 10.953016019 10.9436252205 10.4842508989 10.1285987429 9.6475297104 9.1787377724 8.716729577 8.3141960407 7.9755102143 7.7282353284 7.577447618 7.43682092 7.2539518938 7.1113436275 7.0033975944 6.8821327695 6.7849119054 6.8308814684 6.9201290518 7.0884135735 7.6468189189 7.3961154729 7.5913441237 7.9549400924 8.4051623013 9.025548545 9.4767736124 9.6196851315 9.8855605565 10.2085780092 10.6548161039 10.9581324979 11.1290748952 11.5063692893 11.5437377639 11.6905049985 11.7620106155 11.7477934949 11.7320911251 11.6871395728 11.5592875661 11.7742389275 11.4812516274 10.7591338627 10.4785538633 10.2981490051
12.0571823476 12.0620428637 11.8152797449 11.8496375689 11.5443605855 11.2475496501 10.9116759912 10.6863685655 10.5827845494 10.0764996414 9.640599468 9.1416025829 8.6917575428 8.28670922 7.9506099465 7.7098399826 7.5788865637 7.5261675941 7.2828477394 7.5364627041 7.1505403204 6.8229858106 6.7448465193 6.769630724 6.8578131709 7.0210368487 7.1763815716 7.383081504 7.5850043781 7.9353051638 8.7661252159 8.7638398828 9.0984023743 9.3873341514 9.6766644422 10.032252513 10.4064656722 10.7604786363 11.0578542283 11.2857403177 11.522812136 11.7094993246 11.7732917657 11.6686609813 11.5909134365 11.5249452252 11.8240347278 11.1905153354 10.8950705254 10.6221305724 10.3779730163 10.2516007061
12.3527680795 11.7248473287 11.62197942 11.5528306119 11.3914288872 11.0823308399 10.7934391205 10.5771122995 10.3173329347 10.1345229475 9.5362228859 9.1207537375 8.7061251816 8.299200427 7.9366822281 7.6868849623 7.5440872436 7.3919523398 7.2523863017 7.0759485805 6.9216646719 6.7751659663 6.6956406327 6.7192752134 6.802236083 6.9061466161 7.0595496408 7.2888560524 7.634012703 7.8998184451 8.2124065162 8.5576733796 8.8438561743 9.1595090611 9.4745837504 9.8117603073 10.1680036782 10.5417519529 10.9486425112 11.139796192 11.3318006144 11.4927640342 11.5621932883 11.5341617712 11.443094192 11.3636883166 11.1670256356 10.9185927402 10.6351483926 10.4237753838 10.2337993717 10.1232593704
11.9955276377 11.3938251925 11.282703942 11.4296256829 11.3157255381 10.8132472726 10.5777136944 10.7629469213 10.0885234525 9.7417300085 9.3993374136 9.072401953 8.7539759001 8.2820435191 7.9125451894 7.6646738055 7.530154412 7.3800372397 7.2006069853 6.9724490373 6.804435538 6.6888517343 6.6351795664 6.6460230368 6.7055482411 6.805338107 6.9589173402 7.2095507986 7.5184595572 7.8427701074 8.1415275685 8.4276029478 8.7190926918 9.0017678632 9.2990998775 9.6231093912 9.9671849033 10.333803484 10.6592500458 10.9339528053 11.0964768529 11.2315119228 11.3192756079 11.3224983361 11.2647969961 11.1182376724 10.9050438165 10.6627438285 10.4660829658 10.2555917608 10.049193378 9.9106152682
11.0820423519 11.0686445338 10.9960261751 10.9315059533 10.777666336 10.5273842408 10.2574637602 10.0396621204 10.2547773682 9.5171748039 9.2159183772 8.9796392881 8.6113704548 8.2486679922 7.9274348133 7.6514997569 7.5204736776 7.5719330914 7.191200104 6.9483110902 6.7520401015 6.6235910217 6.5582746813 6.5560955363 6.6059586132 6.7036228346 6.8586070527 7.0991963338 7.434378318 7.8360619381 8.1272986602 8.3693621789 8.6151181194 8.8682890711 9.158095725 9.4766072445 9.7981173187 10.1067121793 10.3985543039 10.6430016423 10.8446382058 10.9880352834 11.0702584631 11.105476173 11.0526343902 10.9144115197 10.6881637564 10.4524035991 10.2504236619 10.1394559736 9.791203362 9.611631686
10.859086722 10.8676639668 10.7572861662 10.5623867082 10.3934750963 10.20706904 9.9181334349 9.7089347913 9.547279684 9.507327765 9.0621633563 8.7453969923 8.4991906309 8.642108281 7.9240390341 7.6709278793 7.5040801675 7.3402428914 7.1651165403 6.8885698132 6.6853156779 6.5467894593 6.4774325993 6.4710112458 6.5537544588 6.6484281832 6.7967998121 6.9910698022 7.3231719066 7.7051964283 8.0540687553 8.2321381063 8.4891701518 8.7638601483 9.0882609816 9.3758890084 9.6702772395 9.9108080782 10.1409028765 10.4115121178 10.6134795347 10.7898737188 10.8398209809 10.8708610598 10.8763039607 10.7324013475 10.5359148848 10.2593439505 10.0261101995 9.7623034772 9.5195110112 9.3018846805
10.6103273436 10.8490910731 10.5274278804 10.3213481719 10.1337466759 9.8897988733 9.6506279245 9.409609406 9.2569985003 9.2236102301 8.8137649503 8.6173951126 8.5270740231 8.1426741414 8.0247317302 7.7001072366 7.4678555126 7.2306964711 7.0092506594 6.7809017696 6.5808742144 6.493869239 6.4328442806 6.4344011202 6.4767543409 6.753652133 6.6982612192 6.9018327395 7.1755745569 7.4835182876 7.7291706392 7.9910683894 8.2935375413 9.028633353 8.9367313942 9.3052210481 9.5349591075 9.7000034919 9.8921718439 10.1406878731 10.7711827333 10.5101172477 10.6413341439 10.571122885 10.5465502725 10.6582656346 10.33075677 10.0713552087 9.779071841 9.5103749485 9.2492892194 9.0722334822
10.2604149099 10.3000468674 10.2786619196 10.1856647295 9.8735142567 9.6209241241 9.3864671272 9.1803212111 8.9780354053 8.7526759579 8.5467095273 8.3306198221 8.1743731037 8.0228449111 7.8936162448 7.859101975 7.4237621761 7.1645970735 6.8728808451 6.6449040488 6.4684599638 6.393900359 6.7780688577 6.3549519549 6.3940585474 6.4686527395 6.5815498975 6.7550385551 7.1674754508 7.2209831252 7.4432671982 7.7219636666 8.0717921513 8.379980241 8.7207833162 9.0563760621 9.3216313172 9.5124921454 9.6102377867 9.8362560567 10.0449685327 10.1685569405 10.193330154 10.211345141 10.194689557 10.1276348344 9.9993357979 9.7871643649 9.6243538912 9.2935266045 9.1227445552 8.9440381914
9.8515208607 9.9207338246 10.192010272 9.9055355532 9.6790041767 9.356301924 9.1366918722 8.921014791 8.708196982 8.500871188 8.2879205259 8.0972108437 7.9588874526 8.005715075 7.6977454484 7.5194870265 7.4878281431 7.0225886053 6.7913137562 6.5758994918 6.4130698647 6.3043288422 6.2549601412 6.2625931129 6.2728895682 6.3202406468 6.4167000835 6.6014127639 6.7916838065 7.0030901988 7.207474913 7.485413693 7.7825358225 8.0847611121 8.3807193594 8.7320028516 9.5043469249 9.1878840926 9.3003994453 9.4652534497 9.6177286429 9.7295856513 9.7926649183 9.8186062019 9.8117135142 9.7727658294 9.6614292416 9.5227357004 9.2961805216 9.0986531215 8.9423649608 9.2780415437
9.5592442639 9.6279293562 9.7035985996 10.2447837195 9.4073553356 9.1116997337 8.8877734548 8.6834613673 8.4910584941 8.3094986346 8.1397550266 7.961660268 7.8188238091 7.6431915326 7.4752520121 7.3004475322 7.0933832813 6.8757273456 6.6759433601 6.9353980869 6.3580102905 6.2061753017 6.1407075621 6.1257625289 6.1453383434 6.1989590273 6.2901580886 6.4246017505 6.5876325993 6.7728221942 6.9919713728 7.2482915187 7.5334614444 7.8053965096 8.0818692713 8.4051977031 8.6414760734 8.8469428713 8.9743348373 9.1472212235 9.2812737703 9.3723892319 9.4292261786 9.4621896057 9.4526968422 9.4853262208 9.5888196033 9.2721032542 9.0493836774 8.8718652092 8.7429690368 8.5235255271
9.3088374353 9.3475134395 9.4772291559 9.4062044249 9.2320069756 8.8972923839 8.6788187315 8.4837595571 8.313326594 8.2007937205 8.061277084 7.9060458234 7.6944022141 7.488123278 7.2961899269 7.0770089188 6.8855340098 6.7002406484 6.5780325529 6.4859386884 6.3679547908 6.21043766 6.0718265511 6.0193807576 6.0168817188 6.0692196297 6.1771471185 6.299341798 6.4330797531 6.5809874741 6.7786880562 7.0188458581 7.2772756225 7.550274582 7.8066988525 8.0429614294 8.2430447624 8.4494197604 8.7044260378 8.9104236941 9.0471516986 9.0796019743 9.1028030695 9.1064325067 9.1047500721 9.1863979623 9.5666706341 9.0348321785 8.8193874328 8.7160282966 8.4939719543 8.2469174506
9.0629981959 9.1196011448 9.1973876136 9.5668297571 8.9697375677 8.7250117818 8.5181749795 8.3250066089 8.1702998059 8.1234930781 8.1876551442 7.8206145531 7.5550843394 7.5119292742 7.112991229 6.891862548 6.7260483577 6.5825170712 6.4617081282 6.3850311919 6.7145875419 6.1410885375 5.9687625994 5.8896073078 5.8744683522 5.9229133737 6.0327087716 6.1820857836 6.2624091114 6.3906242142 6.5847835217 6.8108495579 7.0609120332 7.3081812687 7.6045341549 7.7914726638 7.9655485515 8.12774867 8.405540279 8.7711196213 8.8125440679 8.8181069447 8.7941098704 8.7738181467 8.7623177492 8.8176143083 8.9615228058 8.7026915519 8.5896969056 8.5197143113 8.7141650246 7.985934963
8.8210538767 8.8731310522 8.9535819758 8.8839568312 8.7911676 8.5962622187 8.4058441039 8.1885533583 8.026588176 7.991616388 8.3035531268 7.6602471422 7.37064259 7.1298627121 6.9172362061 6.7086698452 6.5848580245 6.4961797835 6.3886307526 6.3235813752 6.124021134 5.9722938284 5.8098698838 5.7308437787 5.7104181187 5.7513406168 5.8501450608 5.962022423 6.0781530345 6.2004784515 6.3838902718 6.6682287295 6.9129474568 7.1580128569 7.3860896373 7.9658473769 7.6801645406 7.8247902658 8.0863922361 8.3722676913 8.5576081419 8.5648282781 8.4867341833 8.4476752025 8.4380274617 8.4313114488 8.390571211 8.3352233116 8.2721784899 8.6155301355 7.9929472343 7.7300746972
8.6008206285 8.6256302101 8.6129291463 8.5811171452 8.5362589319 8.6166142199 8.2722686669 8.0532306038 7.8773039287 7.7808542924 7.6565442357 7.4197289513 7.1288115568 6.8955924007 6.6906481052 6.5326146014 6.4294722621 6.3789066617 6.33382533 6.0879327029 5.9014479043 5.7392538407 5.6284048626 5.5591350153 5.5414448952 5.5745412487 5.6550886799 5.7716926389 5.9027463635 6.039674332 6.1993763671 6.4111746814 6.8550430298 7.3593338594 7.1695011643 7.2944573322 7.4762077483 7.5960984487 7.7875266076 7.978409283 8.3724868076 8.260851305 8.2039586694 8.1260075401 8.0927600214 8.1062777392 8.0658529252 8.0132619352 7.9353379029 7.8078729153 7.6431082528 7.4227885313
8.4314517162 8.3776426282 8.3625403205 8.3454204018 8.3528802197 8.2787703816 8.1839398052 7.9595324875 7.7571616441 7.5392643747 7.3573929767 7.1653953673 6.946412558 6.7348141967 6.5391892995 6.3801593389 6.2669740854 6.1843912073 6.0662528765 5.9331699687 5.7554769525 5.6059741537 5.4701612416 5.4022795698 5.3884075187 5.4610623259 5.5376064723 5.6621719076 5.8107922382 5.9528263333 6.06180863 6.16948104 6.3715231275 6.6165979755 6.9879900566 6.9710653542 7.1742097593 7.8499388748 7.4909305091 7.6103677955 7.8037625642 8.0923013802 7.8890567189 7.823987438 7.7946760721 7.800025818 8.1913111428 7.6952016556 7.5698794113 7.4533055514 7.3111498731 7.1670771872
8.2025150001 8.2236337448 8.2274424577 8.1875109339 8.1674175472 8.1394654491 8.0161695825 8.0212581676 7.6012590152 7.34331315 7.1445886681 6.9802578933 6.8585686077 6.6788427259 6.519882122 6.2868828743 6.1328575159 5.9747873358 5.8612978512 5.8102337043 5.7623428721 5.5297109196 5.345111563 5.2799709969 5.2785770417 5.3502216185 5.849664742 5.5259869713 5.6771046909 6.0356045808 5.9154466836 5.9335411919 6.0033203212 6.2018599369 6.4080001474 6.6101918872 6.8554431433 7.1438217816 7.2110543697 7.2689581914 7.4098440421 7.5293573555 7.5805737573 7.610111952 7.5895579781 7.5811453991 7.4605492311 7.386775879 7.2639876669 7.1603050189 7.0445600042 6.930703495
8.0221484416 8.5335918965 8.1415523527 8.1017772178 8.0477532857 7.9626403247 7.8619813066 7.6629134513 7.436145643 7.1710695705 6.9720327296 6.8198598503 6.7470383752 7.0668685749 6.4332776026 6.3560152948 5.9815922561 5.8010096405 5.6907037659 5.6709286641 5.9980224977 5.413580701 5.2210712918 5.1949134769 5.2303847723 5.2981762635 5.3106403226 5.3608702911 5.4657663331 5.6125210865 5.7925398024 5.6890793721 5.7274242304 5.8591701875 6.0465807751 6.244825289 6.4629603326 6.6786517636 7.0141582409 6.9342987353 7.0283117043 7.1456130067 7.2609025702 7.3609025817 7.6228724012 7.2648131896 7.1282089941 7.0497312296 6.9780075474 6.8931746415 6.8017426851 6.7176053503
7.9478581326 8.0371944294 8.1794283826 8.0508735444 7.9587023733 7.8313412574 7.666520661 7.4675640878 7.2442136754 7.0255321137 6.8287268514 6.6776600451 6.651488652 6.5392421083 6.341077227 6.0290576972 5.8358776325 5.6470257188 5.5230351144 5.4745835565 5.399652089 5.2330677848 5.08121813 5.0704491467 5.1999246672 5.2230458637 5.1240214713 5.1125874384 5.1653139579 5.307678899 5.3907086116 5.4406165025 5.4595664687 5.6235432234 5.8063644151 5.9934941229 6.1461346476 6.3430326782 6.4820710765 6.5955826216 6.6774365259 6.7977066659 6.9256663894 7.1260559375 7.0410679181 6.9609799016 6.8313581378 6.7687353106 6.7165419138 6.657392565 6.5952191056 6.5359649684
7.9398229154 8.0346445054 8.0885512804 8.0768078062 7.9344456314 7.7667600185 7.5731626174 7.3550665819 7.1312722686 6.9574687919 6.7622581271 6.5977772216 6.4622237591 6.7393998403 6.1120506412 5.8571737496 5.7087694397 5.5425251885 5.3980203301 5.2416921934 5.1235906296 5.0127262318 4.9177547294 4.9055537393 4.932139795 4.9516168431 4.9362891059 4.8819498863 4.8971446879 4.9869117809 5.1554458865 5.1408698912 5.2075932273 5.3777811018 5.748657312 5.7456249864 5.882592295 6.0383588664 6.1404303736 6.2350276738 6.3411059797 6.4537187538 6.5756218269 6.6358745276 6.6464202927 6.5943248759 6.5529752689 6.5144869157 6.4861214374 6.4693649191 6.4359057601 6.4385659851
8.1045391283 8.1908276061 8.2643315752 8.2054614932 8.0380336612 7.8263813294 7.5994311443 7.3521284727 7.1181097033 6.9364095659 7.1673004371 6.5093170105 6.3450047157 6.2034130734 6.0115625324 5.7645503314 5.5844365248 5.8450271215 5.2531559098 5.0679685335 4.9389429248 4.8303612992 4.7530310287 4.6915875969 4.6705389852 4.6746233199 4.673677351 4.6499745236 4.648724232 4.7242597906 4.8425327811 4.9273871449 5.0042895629 5.1415042399 5.3209334715 5.4936325111 5.6615989811 5.787466343 5.8858293819 5.9330517897 6.0331886707 6.1341147145 6.217043774 6.2739146432 6.3027325248 6.3113528487 6.3059700686 6.2962868111 6.2935824498 6.3091005089 6.3398245673 6.3187706322
8.3932765215 8.4489297556 8.5775290737 8.8322813415 8.2011103531 7.9587804115 7.86384567 7.3845196953 7.1222684133 7.3567713786 6.7068754373 6.4667795704 6.2898889855 6.1473341646 6.0368008203 5.6929563556 5.4910946383 5.3002384326 5.1399235851 4.9506570235 4.8105659369 4.6848544505 4.5793449283 4.5051739303 4.4621073585 4.4887593443 4.4770122828 4.4637797053 4.4278531249 4.4790692868 4.6038509441 4.8915297938 4.8116357045 4.9263866902 5.0805864347 5.2445786254 5.3856035564 5.9331894658 5.6061964861 5.6749710256 5.7709324806 5.8614284671 5.9260074742 5.9885992173 6.0372709137 6.0799229922 6.1019889689 6.1173277544 6.1715446477 6.2111283048 6.2533469795 6.2332720256
