Models/Synthetic/Density/temp_raster_pop.asc
NCOLS 100
NROWS 100
XLLCORNER 3302900
YLLCORNER 3112000
CELLSIZE 4430
NODATA_VALUE NaN
[rows 0 to 22 of 100, columns 0 to 51 of 100]
2.8158475199 0.1463879661 5.5684565283 0.1100616706 0.9045891205 0.0720874162 0.1082338834 1.0364932782 3.8116163739 0.9783747652 0.1101443516 4.6086943016 0.1936173151 3.7085382963 1.9508140219 0.0996506942 0.1197468343 0.0619811221 0.0952204684 0.0379020169 0.0357152571 0.0010188519 0.0229731004 0.0242115631 0.0962076839 0.1460645754 1.9638269547 1.9640308482 0.2192164598 4.714100422 0.1913347647 0.0849488047 0.0616227853 0.0722034092 0.9285523815 0.1440764454 4.5743625033 2.7923920668 0.0612044964 0.0016666659 0.0484385041 0.0862917813 1.9490843492 2.7819566099 0.9650749757 0.0634474956 1.9275879123 0.2884850849 0.2892124789 0.2058129898 0.9906270548 1.037595205
0.0617500737 0.1443436481 0.0885218893 0.1108960672 0.0731415033 0.9069225313 0.9425237632 1.9015599794 1.8796395929 0.1440044062 0.1109628491 0.1244382016 1.8938466779 0.2033944521 0.2247776023 3.5890428071 0.1414417602 2.5957520029 0.1603216267 1.7602581493 0.0363111595 0.0029994055 0.0257849136 0.8181408069 0.0995261817 4.4921046294 1.9746725715 0.2968739233 3.7215861909 1.0517233919 1.8055724355 1.8004632949 0.1685883668 0.9673461539 0.9339268519 0.1438161214 0.156796267 0.1544894978 0.0615957622 0.0041785903 0.0515561633 2.7011095406 0.2142270227 1.0349759118 0.16390543 0.1196047956 0.1493312609 6.3457957867 8.0378875947 1.9544976878 0.2053029689 2.8053713525
0.0025275414 0.0255985587 0.0614282759 0.1303754086 0.1674466188 1.0250641667 0.9924976438 0.2003842904 0.887686184 0.0965260699 0.1221230855 0.2252366357 0.2364350637 0.9801490396 1.8228020839 0.0999944662 0.1422113033 0.9184005374 1.7408496368 0.0833364994 0.0382104583 0.0750342377 0.1754919189 0.2214775979 0.2547203987 0.1914290391 0.2609186673 6.150943605 0.2505640392 1.9515430586 0.296536791 0.2963097103 1.9517720317 4.5468695311 0.1924551336 0.1584734983 0.1364573863 0.1098207428 0.0285745017 0.1195531606 0.2138106455 0.261848587 2.7589585034 0.1325532031 2.552920361 0.0970209504 0.215691145 0.4110865814 2.1827737533 1.2768290582 1.0634170693 1.9390318594
0.0482488706 0.0707840727 0.8972255638 1.8894659269 3.6171721368 1.2406896955 3.6941019935 0.1890667244 0.0629332146 0.0845621037 1.8692051226 4.5058773785 3.6397726202 1.025843639 0.1665981241 0.1214796111 0.0855204668 0.1286683104 0.0954472288 0.1172720344 0.0737492701 0.14482719 4.5689354302 3.5287447519 1.8131560305 1.7672556449 0.1554320461 0.1243017141 0.2595147993 0.2419956003 5.4670965506 3.7898139708 1.1441952314 1.0733914788 0.2618488861 2.8173121388 4.5647339826 0.2261138482 0.9123889486 0.1451356472 5.4161572817 3.6857109494 0.2143926463 0.1097537521 0.0632002333 0.1309079529 1.8246231897 3.5612431501 1.0213062572 4.4634682799 1.8731337179 0.1697408814
0.0503125254 2.6397599328 0.1085327574 0.2111317451 4.4833155787 1.9864174211 2.7610022653 1.8227810417 0.0858124158 0.1299873938 1.0470720605 2.8479227974 0.2609889617 1.9262462164 2.74756977 0.1909784953 1.799688825 0.9642488647 0.1081321092 0.1514639151 3.4536703695 0.1684026938 0.2263004508 3.6266452075 0.2650351849 0.1195002798 0.1165930618 0.0533640743 0.2131925561 5.2994501046 0.3559795038 1.9774776755 4.4951669124 1.0158456403 1.028504083 3.710113026 1.2241163785 5.4744599445 0.1816715057 0.1805331457 1.1064123172 4.4845755409 0.1909061776 0.1321654535 0.1322568857 0.1989527429 1.8449993873 0.1888774884 0.2692180984 0.2687623219 0.2247514678 0.2114960905
0.1669629405 0.1659759928 0.1198189289 0.0867138214 0.1547592439 0.2005797635 0.1541717883 0.0859415309 0.0859144038 2.663560988 0.9333384796 0.1443319571 0.1360883688 0.236849596 3.5950994283 0.316858409 1.8933040633 1.0120697849 2.5781057476 0.1530022205 0.9218496701 0.2119188632 0.2141060243 0.1813140307 0.133580438 1.7221012815 0.0851023786 1.6883703645 0.2682623578 3.6829734779 0.2385733813 0.1597188181 0.2132695285 0.2133207569 2.7693060055 0.2734928688 2.8571171733 2.8438706886 0.2502349456 0.1436701561 1.8556890983 0.219944951 0.9335056978 0.2125584266 5.2279090702 1.0373059972 0.1233839792 0.1444160444 0.9475257176 3.5135275876 1.7907685725 0.1104409686
2.8275130571 3.5116579748 0.1078253073 0.0391161793 0.0383720736 1.7171915803 0.0725261443 0.0730506374 0.1525003199 0.1416821026 0.1084681144 0.0746843915 2.6427528428 0.1782695037 1.8596813258 2.826731677 2.7490381904 0.3019908268 0.2020016399 0.2119923804 0.113658282 1.8848188833 4.4739131949 0.9842501605 0.1885657086 0.1546101571 0.1972581328 0.1876536532 2.6917148561 0.181988979 0.1808397918 1.8015432684 0.1432363163 1.7899072411 0.1120528648 0.1825362607 2.8415201202 2.0322126414 2.6967522546 0.1450124165 0.8539007523 0.1059623041 0.8437044579 0.2593252632 3.7517681661 0.3168340071 0.9808743791 1.8922911489 1.0711323583 0.268294825 0.1656070046 0.1413129532
0.1207345012 0.1876134697 1.818826218 0.0719212873 0.0369784589 0.0374514732 0.0713214238 1.7509752793 1.7855914264 1.80811383 0.1186522778 0.1308061365 0.1207038962 0.968781623 0.2147121973 0.2377018456 0.9499310146 0.2143941938 6.1046967535 0.192272871 1.1248901233 2.0291035909 1.3042531888 1.9502114085 1.911422496 2.6469916031 1.0264542058 1.9154715956 1.0049204766 0.2008753743 1.9126804324 1.8346743899 0.2313127917 0.897059455 0.1524273899 0.1893427455 1.061511793 2.8851794472 2.0382284716 0.1770286018 0.0618525763 0.0820194835 0.0979870353 0.2838176719 2.8760671096 2.7640577761 0.2247573771 2.7931936505 3.7037674341 1.0044164962 1.8115519922 0.1088251986
0.026966351 0.0958733673 1.7858357324 0.0852391408 0.084464231 0.0734016539 0.1067550254 0.0736836989 0.1074358118 0.1300995104 2.588162311 0.9998099479 0.200498938 1.0469104768 2.7577620108 1.8886606492 0.1327792344 0.2561306121 1.0158336293 1.9156557228 0.2031654769 5.1745034779 2.7491659519 0.960124053 0.2100901239 2.6785749885 0.2688233842 3.6911858012 1.8814374214 0.2118055623 1.8260554217 3.6020103253 0.9551394107 0.0745375522 0.908745362 3.5002208734 1.0270187517 1.052538861 1.9288679434 1.8125703616 0.0858393505 0.0858026322 1.8005924889 1.9165231087 4.5279410982 1.0377317533 0.1671445016 1.8263399439 0.2134859848 1.0029504945 2.7539716306 0.1423019626
0.0823696656 0.9056734921 0.1279987081 0.9743262371 0.1413209242 3.5209925168 0.1761091224 0.1086027314 0.1076286829 0.1180126481 0.1424268061 0.2545635042 6.0472605997 0.2573234843 1.846480302 0.9985246144 1.711407593 0.21059365 2.7468404733 0.1775911086 0.152822493 0.1745179737 0.1953304561 0.0852468751 0.0847140304 0.0988757034 1.8486002109 0.1712792435 0.9960591604 1.0467921381 1.0812497413 0.2432283709 0.1534990727 0.0843179247 0.1508537561 0.1418970291 0.2439822181 2.7910402564 1.9114326057 0.1089062257 0.118381426 2.6863148827 0.1888638747 0.2247982379 1.8915428938 0.1452393527 0.0651284114 0.1323831387 0.1763157089 0.9773942203 0.1312041091 1.808235049
0.0828059023 2.5506870355 0.0944501268 0.0529897733 1.8544289361 0.9900295681 1.8893429935 2.6762046157 0.9186722382 1.7628075442 0.1204563281 1.0125764843 1.0137039731 0.1999699792 0.0651202286 0.1276977485 0.9075953944 0.2087349407 3.5004181712 0.1195375734 0.0054546117 0.0051682148 0.027165127 0.0275955017 0.028435271 0.1662354015 0.1814464547 1.1711138674 0.1945505991 2.8470823694 2.6697598883 0.9214100468 0.0643592617 1.7645603539 0.1079200352 0.8668237025 0.1551462545 2.6360323622 0.1647002645 0.040534281 0.0845239146 1.7985554384 0.1559651772 1.8230661379 0.1567868194 0.1557209927 0.1446807969 0.1887869311 4.3234139545 0.1201401141 0.0622763587 0.0616111056
0.0821054257 0.0818819255 0.0813618149 0.0740199459 0.164861647 1.8790365186 0.1777774089 0.1088607071 0.1279628957 0.8731284423 0.1398786945 1.8202627359 1.0315498618 0.1077325092 0.0515000642 0.0715077805 0.084873201 0.9409674784 0.128906187 0.0707414734 0.0014478188 0.0015187813 0.0590896231 0.8944674128 0.1086655992 0.1799854002 6.986050948 0.2866774379 4.453495132 0.2478553386 0.9663868956 0.1613808444 0.1180227984 0.1203195138 2.6761804335 0.1322098999 0.1975190946 0.9772755709 0.1294261758 0.0173505707 0.0598504267 0.1293647367 1.8428667007 0.1649261753 1.8219508226 2.7439690529 1.8576313983 2.7336786449 0.2326674379 0.1742891151 0.0400991129 0.0275393344
0.0608745415 0.8507255004 0.0481201158 0.0742882569 1.85562476 1.8795188362 0.154184784 0.0509850963 0.0484563496 0.0491440524 0.1051714645 0.920748654 0.943449018 0.1632286401 1.6961018441 0.0934827192 0.0829912087 1.7385345672 0.0590829898 0.002609356 0.0011241365 0.002767603 0.082899352 1.8752902703 1.8255176835 0.3625941379 0.3200029442 1.2424801304 1.9393024445 0.2129769367 0.0529833847 0.8737418632 1.7638002449 0.2100166476 0.1785727647 0.2695668686 2.6471759714 1.8677598606 0.996312877 0.0509911053 0.0609605405 0.9200425656 1.8109863472 0.1659361995 0.9008963848 0.1775526298 1.8581441028 0.1785644187 1.7458744071 1.8205162402 0.0969986753 0.0959312385
1.8632448783 0.0824262897 0.0701074253 0.8648027176 1.1037683257 1.9381843419 1.7915345723 0.0938122752 0.0484265636 0.8383828979 0.0833162842 0.1184222523 1.8198310491 0.9846990208 0.9517636563 0.9281570182 0.0628991269 0.0392908935 0.0373752134 0.0032686471 0.0363112405 0.0386997994 0.1186148847 0.9886375992 3.6256180644 2.8283320999 3.6086779225 1.9096947539 3.6178275395 0.1784941391 0.0507924326 0.1036741385 0.1065530297 0.9760668372 5.1690514843 0.2249662264 3.6131646743 0.1670143252 0.1204135532 1.7648469307 0.1190412663 0.1537892425 1.8546810021 0.2327124749 0.1323171158 0.1765957465 0.1571684808 0.2222179053 0.2102313693 0.9532253817 1.8677288318 0.1892850882
0.0617585574 0.8861189975 0.0849041582 0.156242831 0.2495187572 4.6373572137 0.9905274298 0.0953247887 0.897301191 0.1082847766 0.1420377871 1.7755899749 0.120237813 0.1761015981 1.7446319651 0.1854120586 0.1535211907 0.1300824405 0.1313576129 0.0731764601 0.1062325224 1.8075396666 0.1529949734 0.978057891 0.1894183718 1.0376029677 0.2599256801 2.0177436079 2.804086003 0.1777579434 0.8525857656 0.0836594345 0.8744229178 0.1516154297 0.1535884903 0.26828173 0.1679646537 0.1441751988 0.1089091648 1.9038998564 0.2501860853 1.0397438622 1.8349939368 1.0013086696 4.3553709633 0.1214027692 1.8354334087 4.4255515033 0.9585306673 0.1106876382 0.1792674751 5.3459015182
0.0953084179 0.1634722585 1.8892723061 0.2037979778 4.4741337652 0.9952392112 0.1913934974 0.1200607141 0.175901239 3.5870036221 0.186383164 0.9306384993 0.1196446887 0.1774638464 2.7130776039 0.2112420336 1.7486305392 4.4583656395 0.2267669216 2.7222078613 0.9321330829 0.1313956822 3.5335227257 0.1437237689 0.0977095476 0.0654592198 1.8560832205 0.2366677725 1.8789940738 0.1092241028 0.1290271842 1.8286471534 0.1292537058 0.0623063042 0.0764804643 0.9457053986 4.3673729639 0.0862888556 0.0881613346 1.9634407341 7.2222353913 0.3203442911 1.82486578 0.1999813707 0.1102203445 0.1206695199 0.1895607007 1.9704759743 0.29299008 0.1805301078 1.0142025037 0.1916592477
0.074852925 3.5013091428 1.8714978672 2.793980169 0.2365506092 0.2243230083 0.1890227363 3.467592023 0.1765082397 0.9221743933 0.9773217481 0.9439782741 1.8099656417 0.1671534021 2.7239171169 0.256133441 1.0592509441 1.1691675621 2.8274008132 1.8559532021 0.1674514462 0.1552936478 0.1789435308 2.7086127316 0.0739591181 0.096275322 0.1533918462 3.4452142603 0.1185807719 0.0402973068 0.1064602654 3.4769946544 0.133469183 0.0881458273 1.788102113 1.1080386652 0.1640986471 0.1283813508 0.0547628245 1.174637512 4.6033162613 0.4098020725 0.9918363019 0.2097410347 0.1443516258 0.1215008787 0.1121625382 1.8599142403 4.4827399539 1.8819557931 1.0903147605 2.6149462498
0.121769515 0.2821995323 0.3305355542 0.2732286461 0.9940748748 2.7177879638 1.9387464402 0.1692496628 0.1182899321 0.9083057391 0.1864183325 1.0990645707 1.8202288584 0.1199555138 0.1311381086 2.6555456895 1.8455780171 1.0451315845 0.9235384385 0.1552887849 0.1677415299 3.5892199046 0.1331343663 0.1202112741 0.9097027342 0.1091735959 1.8191725154 0.1408603027 0.1041038641 0.0045072236 0.0707751579 0.1076726968 1.110759647 1.1216508032 1.0018172965 0.1423798155 1.6668736299 0.0743746704 0.1125697428 0.2392211479 1.9881827231 3.6624009599 1.7597563392 0.9788774985 4.3912517702 1.8801203843 0.1580548617 0.2920599794 1.0596294322 1.0499604399 0.2263586191 2.7831893913
0.1356549557 2.8305401907 7.0781215337 0.2296206312 1.8713617022 2.0056728465 3.7283809234 0.1939571912 0.0779019924 0.0888744426 2.6896231824 1.8134134998 0.0875365138 0.0404638016 0.0837242023 0.9080962839 0.1301533987 0.0734367836 0.0397342981 0.0963763563 2.755459206 0.9778182068 0.1203871782 0.1083726748 2.7098316286 0.1775350789 0.1533618082 0.9083933576 0.082161025 0.0041795826 0.0246805239 0.0625012643 0.9680838423 5.2372347938 0.9583242875 0.1648753919 0.1652016967 1.0562280678 0.226230192 3.6278403478 1.9158257784 0.2229903511 1.0438037616 0.2212819169 0.2016583879 0.2913713483 4.4038962032 0.2127398197 3.4797918841 0.1991885528 1.0919529206 1.90552368
0.1569587677 4.5624274291 0.38784909 0.3090529471 1.9086645553 0.2862859269 1.9220619552 2.0071480198 1.1257816543 0.1575619871 0.2469949031 0.2347160729 0.1868931741 0.0609939846 0.0821852381 0.1407148599 0.1069563491 0.0627371493 0.0752171421 0.144327767 0.9903334494 1.8082122318 0.0622036456 0.1533495251 1.867344367 1.8896555477 0.1415501981 2.5741920284 0.1155710164 0.0378160759 0.0582793733 0.8396974924 0.2326751168 0.2355352261 0.2562997937 0.1440511103 3.5692898487 1.0962602654 5.3879978216 0.3171646241 0.9690434146 0.0754721527 0.0997397117 0.1560529646 2.6354284031 0.2004991247 1.823830795 0.2098377658 0.0988241914 0.1753272987 2.5599955522 1.1806375297
0.1099098662 0.9586930153 1.9515959541 3.6396922749 0.27324621 2.8490652625 1.0989661667 4.5774049012 2.8209092586 1.8933855619 0.1696805651 6.9681791725 0.9439458969 0.0614858956 1.7390099647 0.9086466232 3.5411631085 0.108840117 0.1216626441 4.521566025 0.1666493028 0.095699763 0.040415156 0.1077902983 3.4993607707 0.1645832468 0.9292083265 0.1053909795 0.1156226455 1.7167416375 0.0591960216 0.1078221454 0.1897295074 4.4496745536 0.168384808 1.7352743714 0.1905006437 2.9081723447 1.9994458996 2.8393519439 0.0763753097 0.027376508 0.0850360594 4.3869115602 0.1652951165 0.942788771 0.1197702562 0.1176940558 0.840569988 0.1279872873 0.178703935 2.758533939
0.0860336305 0.1780219754 1.0722040281 1.9594202213 3.4953813377 0.2034700545 2.7965122836 1.2289739959 5.3408154683 0.2015852182 0.1670079007 0.1532081079 0.1520773573 0.0600763132 0.0599400232 0.163784536 0.1321576862 0.1561851465 2.6899352339 0.1566029969 1.8224839967 0.1071610617 0.0951205054 0.1293826723 0.0978848845 0.0982647044 0.0525448656 0.8414289297 0.0957993298 0.0732731062 0.0731009889 0.0877004163 4.4143529251 0.2051673746 1.9137316722 0.1554944571 0.1668336078 0.182230508 3.7047303803 0.2019238674 0.1313164869 0.062215686 0.1411567456 0.1190195014 0.1417530832 0.1193209436 1.786055611 0.8966709918 0.0509044684 0.0635494472 1.8576547135 0.292192238
0.0637115159 3.622655967 1.8822997047 0.222855895 0.1428056692 0.174195906 0.1111963458 0.212246485 0.179496426 0.1647438523 0.0404221329 0.0271141612 0.0486960883 0.0488453073 0.0281885007 0.0750778413 2.6987917723 0.1899282802 0.1556095217 0.1331453201 0.1084907189 1.7863466212 1.7746623532 0.9206973729 0.2027257571 0.224862355 0.2009910954 0.1884923636 0.1778491239 1.8116275128 0.084425201 0.1858856924 0.2217096946 0.2936216503 0.2485278071 3.5696254896 0.0981809262 0.1002062736 1.7996287162 0.911609369 0.0863089174 3.5186498485 0.0624986739 0.0395941606 1.7402573315 0.1192792963 1.0346599906 0.2242782996 0.2126778792 0.0881027046 0.1892641172 4.445978524
