Models/Synthetic/Density/temp_raster_dens.asc
NCOLS 101
NROWS 101
XLLCORNER 3302900
YLLCORNER 3112000
CELLSIZE 4386.138614
NODATA_VALUE NaN
[rows 23 to 45 of 101, columns 0 to 51 of 101]
0.0002018568 0.000202947 0.0001991672 0.0001792972 0.0001681708 0.0001658189 0.0001379114 0.0001235682 0.0001090902 0.0000986026 0.0000878025 0.0000703392 0.0000596506 0.0000453655 0.0000394875 0.0000453162 0.0000361098 0.0000362202 0.0000353718 0.0000358131 0.0000389838 0.0000440387 0.0000505304 0.0000584284 0.0000782617 0.0000815732 0.000102892 0.0001376568 0.0001986081 0.0002502891 0.0003426335 0.0004272398 0.0005200894 0.0006349649 0.0006795058 0.0007603881 0.0007359084 0.0006875688 0.0006317987 0.0005602743 0.0004822653 0.0003585102 0.0002852752 0.0002112327 0.000164776 0.0001089436 0.0000769344 0.0000555945 0.0000414348 0.0000322607 0.000026292 0.000022346
0.0001441404 0.0001487291 0.0001682836 0.000141853 0.0001339401 0.0001252974 0.0001165145 0.0001096773 0.0000947559 0.000082265 0.0000721528 0.0000634058 0.000053186 0.0000457026 0.0000482308 0.0000373834 0.0000366592 0.0000476908 0.0000354306 0.0000350119 0.000037312 0.0000413778 0.0000468865 0.0000548251 0.0000746814 0.0000795663 0.000102838 0.000142465 0.0002023581 0.0002713835 0.0003513394 0.0004624821 0.0005732672 0.0006811879 0.0007673062 0.0008125406 0.0007790739 0.0007452016 0.0006664306 0.0005814181 0.000490369 0.0003927366 0.0002899241 0.00023139 0.0001623294 0.000109615 0.0000764367 0.0000541733 0.0000394619 0.000030223 0.0000244098 0.0000206251
0.0001211935 0.0001121749 0.0001226605 0.0001135139 0.0001100659 0.0001055671 0.0001045685 0.0001080692 0.0000856685 0.00007479 0.0000668634 0.0000594316 0.0000525071 0.0000466009 0.000041802 0.0000387186 0.0000375174 0.0000369236 0.0000358382 0.0000354422 0.0000373671 0.0000408629 0.0000464263 0.0000540525 0.0000647733 0.0000784493 0.000103329 0.000144942 0.0002114124 0.0002846114 0.0003810909 0.0004759028 0.0006017337 0.0007192497 0.0007956462 0.0007977537 0.0007976473 0.0007555358 0.0006964781 0.000625264 0.0005076731 0.0003854789 0.0003148703 0.0002134498 0.0001605642 0.000107641 0.0000756542 0.0000523095 0.0000374775 0.0000285357 0.0000224989 0.0000190195
0.0000801514 0.0000892305 0.0000886842 0.0000945376 0.0000907378 0.0000934831 0.0001006497 0.0000959408 0.0000788938 0.0000712469 0.0000655932 0.0000600081 0.0000543226 0.0000487293 0.0000440993 0.0000407717 0.0000386438 0.0000373265 0.0000368316 0.0000376413 0.0000394649 0.000042597 0.0000472951 0.0000561115 0.000064145 0.000078164 0.0001023868 0.0001498301 0.0002016829 0.0002771124 0.0003732081 0.0004665145 0.0005782184 0.0007022301 0.0007497057 0.0007870867 0.000764785 0.0007439374 0.000656521 0.000575988 0.0004987918 0.000387679 0.0002795213 0.0002044963 0.0001427936 0.0001048056 0.0000771088 0.0000514611 0.0000344393 0.0000255339 0.0000204033 0.0000172733
0.000061792 0.0000656178 0.000071777 0.0000732771 0.0000765867 0.0000775298 0.000078969 0.0000770051 0.0000742748 0.000069952 0.0000666299 0.0000633948 0.0000581939 0.0000530648 0.0000484587 0.0000443049 0.000041912 0.0000406421 0.0000403106 0.0000415869 0.0000449053 0.0000461304 0.0000497987 0.000055921 0.0000663593 0.000080565 0.0001012901 0.0001353823 0.0001867056 0.0002632746 0.0003390766 0.0004283978 0.0005317664 0.000610278 0.0006847186 0.0007013584 0.0007095786 0.0006749312 0.0006333325 0.0005371685 0.0004366408 0.0003484715 0.0002586062 0.0001873343 0.0001304337 0.0001012363 0.0000642601 0.0000439057 0.0000309631 0.0000227341 0.0000181095 0.0000156232
0.0000500621 0.0000532851 0.0000567359 0.0000604426 0.0000639467 0.0000711223 0.0000700516 0.000072821 0.0000715871 0.000070482 0.0000692819 0.000066321 0.0000631593 0.0000611832 0.0000539716 0.0000499177 0.0000479831 0.0000469038 0.0000584827 0.0000474131 0.0000497668 0.0000507222 0.0000638236 0.0000580313 0.0000683949 0.0000838506 0.0001012398 0.0001301961 0.0001729596 0.0002298807 0.0002972405 0.0003803055 0.0004607116 0.0005359146 0.0005850445 0.0006188323 0.0006185528 0.0006077545 0.0005684591 0.000482678 0.0004222744 0.0003162474 0.000227727 0.0001727576 0.0001192705 0.0000795361 0.0000550057 0.0000386186 0.0000274214 0.0000203698 0.0000163331 0.0000143513
0.000043725 0.0000456483 0.0000485266 0.0000518071 0.0000564697 0.0000614752 0.0000661092 0.0000691068 0.0000712122 0.0000728757 0.0000721022 0.0000768609 0.000069576 0.0000662308 0.0000622501 0.0000586113 0.0000567866 0.0000580596 0.0000557864 0.0000563944 0.0000567128 0.0000575006 0.0000580393 0.0000616238 0.0000712645 0.0000958912 0.0001084738 0.0001207282 0.0001540998 0.0002005673 0.0002625761 0.0003203645 0.000389028 0.0004679938 0.0005094346 0.0005004893 0.0005033425 0.0005058261 0.0004602729 0.0004269175 0.0003622823 0.0002675477 0.0001937425 0.0001384801 0.0000994933 0.000069863 0.000049064 0.0000346945 0.0000247914 0.0000186018 0.0000153277 0.0000137619
0.0000400572 0.0000423126 0.0000436151 0.00004755 0.0000522898 0.00005821 0.0000673533 0.0000686445 0.0000724455 0.0000752918 0.0000766424 0.0000772248 0.0000918581 0.0000853558 0.0000734268 0.0000714577 0.0000695066 0.0000684843 0.0000760386 0.0000680291 0.0000687539 0.0000666236 0.0000652683 0.0000673159 0.0000752415 0.0000887262 0.0000987668 0.0001122374 0.0001446106 0.0001899761 0.0002433733 0.0002694821 0.0003131692 0.0003815591 0.000392321 0.0004075047 0.000422803 0.0003940594 0.0003790891 0.0003266413 0.0002791047 0.0002119054 0.0001635931 0.0001151065 0.0000840384 0.0000650386 0.0000445354 0.0000313313 0.0000230289 0.0000177584 0.0000150648 0.0000139156
0.0000467334 0.0000385001 0.0000409288 0.0000453336 0.000054295 0.0000570352 0.0000635228 0.0000706655 0.0000785912 0.0000801987 0.0000834076 0.0000854584 0.0000857853 0.0000863911 0.000093792 0.0000877969 0.0000871055 0.0000855993 0.0000839391 0.0000827955 0.0000810961 0.0000797603 0.000075253 0.000075278 0.0000849744 0.0000853196 0.0000924552 0.0001047903 0.0001273238 0.0001481591 0.0001799534 0.0002218206 0.0002509367 0.0002945941 0.0003104663 0.0003370742 0.0003287059 0.0003149852 0.000283262 0.0002553551 0.0002245387 0.0001702948 0.0001288814 0.0000959931 0.0000755821 0.0000572525 0.0000413822 0.0000282688 0.0000210342 0.0000195996 0.0000145499 0.000013105
0.0000339206 0.0000359763 0.0000396517 0.0000449105 0.0000508074 0.0000572326 0.0000646413 0.0000787527 0.000088992 0.0000862817 0.0000941384 0.0000978957 0.0000979939 0.0000998305 0.0001033932 0.0001068624 0.0001151409 0.0001079408 0.0001051228 0.0001035639 0.0000976477 0.0000975973 0.0000907045 0.0000831653 0.0000835188 0.0000879612 0.0000919813 0.0001001661 0.0001171429 0.0001263935 0.000146557 0.0001715822 0.0001983961 0.000222395 0.0002391844 0.0002506434 0.000256638 0.0002616129 0.0002208578 0.0002011476 0.0001677838 0.0001409634 0.0001075493 0.0000814819 0.000063463 0.0000528377 0.0000368633 0.0000254758 0.0000192574 0.0000157328 0.0000138937 0.0000127669
0.000031383 0.0000338668 0.0000385258 0.0000460354 0.0000514882 0.000059294 0.0000687988 0.0000779794 0.000086483 0.0000943876 0.0001018476 0.0001108357 0.0001144886 0.0001184732 0.0001233997 0.0001308014 0.0001401614 0.0001354176 0.0001412267 0.0001253225 0.0001224097 0.0001089128 0.0000997514 0.0000937592 0.0000907799 0.0000915682 0.0000949784 0.0001026735 0.0001107001 0.000114407 0.0001264517 0.0001430784 0.0001625842 0.0001820028 0.0001867483 0.0001944818 0.000198056 0.0001925283 0.0001837191 0.0001575868 0.000140501 0.0001147285 0.0000971231 0.0000700528 0.0000549599 0.0000504417 0.000032413 0.0000228594 0.0000173862 0.0000144266 0.0000130428 0.0000129074
0.0000305042 0.0000330908 0.0000382503 0.0000450468 0.0000538565 0.0000635851 0.0000755138 0.0000872255 0.0000960814 0.0001063258 0.0001152386 0.0001265141 0.0001416913 0.0001401785 0.0001569893 0.0001569812 0.0001696866 0.0001750445 0.0001584755 0.0001499371 0.0001481289 0.0001274506 0.0001221737 0.0001065047 0.0001019587 0.0001002366 0.0001017736 0.0001052682 0.0001068525 0.0001105627 0.000118001 0.0001359656 0.0001429473 0.0001440068 0.000149872 0.0001550557 0.0001631787 0.0001536571 0.0001446228 0.0001321203 0.0001322252 0.0000976836 0.0000782377 0.0000615981 0.0000483275 0.0000374589 0.0000286746 0.000021015 0.0000164779 0.0000140441 0.0000131678 0.000013575
0.0000306003 0.0000338623 0.000039182 0.0000470285 0.0000572724 0.0000710582 0.0000833521 0.0000966573 0.0001136237 0.0001279423 0.0001415827 0.0001552773 0.000153349 0.0001651822 0.0001769246 0.0001944208 0.0001923342 0.000194467 0.0001950777 0.0001747962 0.0001617965 0.0001497471 0.0001339137 0.0001221926 0.0001152865 0.0001140977 0.0001108907 0.0001214232 0.0001124059 0.0001139259 0.0001179899 0.0001260856 0.0001230216 0.0001238358 0.0001270281 0.0001288527 0.0001324239 0.0001287731 0.0001210707 0.0001123522 0.0000997864 0.0000848446 0.0000688571 0.0000548444 0.0000429817 0.0000335099 0.0000257336 0.0000200549 0.0000163461 0.0000144985 0.0000141089 0.0000150283
0.0000315513 0.0000351864 0.000043784 0.0000510703 0.0000634268 0.0000799654 0.0001052839 0.0001138686 0.000129011 0.0001515295 0.0001619645 0.0001664715 0.0001891129 0.0001905408 0.0002029792 0.0002157963 0.0002196355 0.0002358043 0.0002210382 0.000208234 0.0001863819 0.0001707127 0.0001623054 0.0001384139 0.0001299941 0.0001318779 0.0001215138 0.0001214629 0.0001232284 0.0001250502 0.0001241266 0.0001222955 0.0001191773 0.000113445 0.0001116971 0.0001120967 0.0001121179 0.0001104382 0.0001052488 0.000097932 0.0000875336 0.0000748408 0.0000619915 0.0000499982 0.0000396709 0.0000311852 0.0000246263 0.0000198774 0.0000173546 0.0000160739 0.0000164336 0.0000173353
0.0000333403 0.0000380193 0.000045089 0.0000566163 0.0000742313 0.0000904699 0.0001188366 0.0001339637 0.0001512287 0.0001711406 0.0001989029 0.0001899776 0.0002018596 0.0002182468 0.0002383541 0.0002439395 0.0002439502 0.0002622669 0.0002448998 0.0002199802 0.0002127156 0.0001858812 0.0001664582 0.0001542328 0.0001423025 0.0001432833 0.000133988 0.0001318637 0.0001415701 0.0001441076 0.0001303576 0.0001289388 0.0001171319 0.0001115134 0.0001040413 0.0001009872 0.0001025115 0.0001027737 0.0000927153 0.0000864644 0.0000778659 0.0000674315 0.0000565297 0.0000462585 0.0000372152 0.0000298415 0.0000242685 0.0000204589 0.0000186156 0.0000256947 0.0000185543 0.0000212546
0.0000464282 0.0000404062 0.0000541396 0.0000621005 0.0000798319 0.0001023389 0.0001268768 0.0001561462 0.0001793529 0.0002009712 0.0001993732 0.0002112439 0.0002343986 0.0002497844 0.0002713418 0.0002876947 0.0002639563 0.0002715082 0.0002635826 0.0002266811 0.0002090796 0.0002035743 0.0001740441 0.0001581444 0.0001511762 0.0001485505 0.0001531591 0.0001439049 0.0001442302 0.0001446465 0.0001367028 0.0001275117 0.0001133424 0.000108539 0.0000975994 0.0000936144 0.0000919148 0.0000870373 0.000094423 0.0000774972 0.0000704561 0.0000620187 0.0000525338 0.0000435106 0.0000355434 0.0000292311 0.0000246768 0.0000217247 0.000020428 0.0000198983 0.000020719 0.0000226655
0.0000393514 0.0000429154 0.000052849 0.0000683165 0.0000888766 0.0001147668 0.0001399074 0.000179101 0.0001917086 0.0002101202 0.0002212012 0.0002330271 0.0002563497 0.0002548862 0.0002658244 0.0002727236 0.0002752854 0.0002626925 0.000248652 0.0002353865 0.0002057742 0.0002101047 0.0001744853 0.0001600242 0.0001567833 0.0001635467 0.0001594352 0.0001747545 0.0001595415 0.0001594073 0.0001404712 0.0001260706 0.0001125118 0.000100717 0.0000926452 0.0000865616 0.0000815869 0.0000773206 0.0000843153 0.0000702797 0.000066133 0.0000575682 0.0000494134 0.0000412759 0.0000344705 0.0000293228 0.0000260606 0.0000238092 0.0000224764 0.0000216515 0.0000221034 0.0000242897
0.0000388023 0.0000444849 0.0000562462 0.000079739 0.0000974873 0.0001244902 0.000153588 0.0001777301 0.0002137809 0.0002318616 0.0002344298 0.0002416615 0.0002466431 0.0002648196 0.0002636791 0.00027299 0.0002579999 0.0002704066 0.0002453599 0.0002133883 0.0001985583 0.0001884083 0.0001659889 0.0001593905 0.0001639815 0.0001600472 0.0001654107 0.000159115 0.0001560192 0.000151403 0.0001466211 0.0001297929 0.0001146013 0.0000993964 0.0000886454 0.0000811635 0.0000744635 0.0000693115 0.0000662229 0.0000668525 0.0000592261 0.0000526198 0.0000451241 0.0000390134 0.0000341408 0.0000302148 0.000028127 0.0000276469 0.0000249732 0.0000237197 0.0000239097 0.0000253502
0.0000400483 0.0000469467 0.0000602595 0.0000798049 0.0001042058 0.0001349213 0.0001633595 0.0001860134 0.0002104863 0.0002471788 0.0002428375 0.0002457084 0.0002560296 0.000263662 0.0002678088 0.0002407078 0.0002351256 0.0002282134 0.0002148768 0.000204422 0.0001787181 0.0001703348 0.0001567157 0.0001671365 0.0001563415 0.0001670674 0.0001694883 0.0001656271 0.000161074 0.0001661436 0.0001479141 0.0001338037 0.0001184977 0.0000988105 0.0000861732 0.0000774397 0.0000686693 0.0000627404 0.0000592169 0.0000564547 0.0000550142 0.0000468256 0.0000410946 0.0000368618 0.0000339243 0.0000325565 0.0000293145 0.0000356375 0.0000269142 0.000025669 0.0000255809 0.0000263853
0.0000418998 0.0000581973 0.0000666571 0.0000814892 0.000123937 0.0001349781 0.0001637781 0.0001854106 0.0002215487 0.0002321753 0.0002429327 0.0002596891 0.0002527673 0.0002376756 0.0002253097 0.0002193771 0.0002160267 0.0002025478 0.000188111 0.0001729343 0.0001649297 0.0001503877 0.0001470772 0.0001593555 0.0001663609 0.0001656463 0.0001679515 0.0001724848 0.0001752524 0.0001654491 0.000158575 0.0001316659 0.0001124499 0.000099023 0.0000867374 0.0000714569 0.000064086 0.0000571474 0.0000523302 0.000049655 0.0000461278 0.0000420571 0.0000373322 0.0000350482 0.0000346271 0.0000317432 0.0000304258 0.000028992 0.0000287332 0.0000272792 0.0000271561 0.0000277193
0.0000445146 0.0000495594 0.0000611397 0.0000800388 0.0001038042 0.0001318955 0.0001596287 0.000178727 0.0001993371 0.0002212882 0.0002397383 0.000271734 0.0002330699 0.000223598 0.0002065946 0.0001852554 0.000172838 0.000163863 0.0001538625 0.0001456503 0.0001422521 0.0001499355 0.000141054 0.0001458773 0.0001662473 0.000162416 0.0001765321 0.0001790709 0.0001788567 0.0001757546 0.0001526014 0.0001271022 0.0001078823 0.0000921641 0.0000780181 0.000066673 0.0000575298 0.0000514392 0.000046798 0.000043586 0.0000415978 0.0000373775 0.00003445 0.0000331972 0.0000343198 0.0000355704 0.0000299366 0.0000315933 0.0000292219 0.0000288348 0.0000288267 0.0000291554
0.0000449393 0.0000470195 0.0000574449 0.0000755498 0.0000982931 0.0001268075 0.0001445085 0.0001682613 0.0001924583 0.0001992501 0.0002222697 0.0002155544 0.0002229628 0.0001888491 0.0001658749 0.0001506072 0.0001411995 0.0001320612 0.0001264953 0.000134196 0.0001269231 0.0001471287 0.0001414923 0.0001455788 0.0001562352 0.0001664156 0.0001704144 0.000175873 0.0001717804 0.0001721565 0.0001513463 0.0001226517 0.0001043412 0.0000876128 0.0000743907 0.0000610787 0.0000522737 0.0000461774 0.0000420919 0.0000392177 0.0000366077 0.0000344135 0.000043788 0.0000317712 0.0000315143 0.0000307692 0.0000303818 0.0000301229 0.0000305315 0.0000305987 0.0000306091 0.0000306755
0.0000363436 0.0000523773 0.0000553826 0.0000655662 0.0000852807 0.0001099948 0.0001305755 0.0001514054 0.0001694811 0.0001741057 0.0001830525 0.0001842561 0.0001771039 0.0001577971 0.0001465714 0.0001232426 0.000112161 0.0001078009 0.0001203216 0.0001076928 0.0001139834 0.0001380572 0.0001398666 0.0001469618 0.0001651015 0.0001666149 0.0001780108 0.0001694098 0.0001692518 0.0001544128 0.0001381999 0.0001197597 0.0001010775 0.000086167 0.0000688086 0.0000568337 0.0000481056 0.0000421373 0.0000386345 0.0000362876 0.0000344847 0.0000329616 0.0000320782 0.0000317229 0.0000314338 0.0000312324 0.0000311205 0.0000314977 0.0000324581 0.0000322829 0.0000324037 0.0000318754
