Models/Synthetic/Density/temp_raster_pop.asc
NCOLS 101
NROWS 101
XLLCORNER 3302900
YLLCORNER 3112000
CELLSIZE 4386.138614
NODATA_VALUE NaN
[rows 46 to 68 of 101, columns 0 to 51 of 101]
4.4963154639 4.5297164436 4.5662395696 4.5551452565 4.5018330024 4.4089904654 4.2739150125 4.1750747883 3.8649593632 3.6083383893 4.2905513958 3.2228673357 3.035570737 2.8461970466 2.6427178338 2.4474298202 2.2782402965 2.1366192768 2.0112060841 1.8859752991 1.7712583158 1.6735165762 1.5935788615 1.5275707561 1.4739369839 1.4273541045 1.3845794379 1.3383153922 1.2937327909 1.2529908389 1.2212835422 1.200229666 1.1868696897 1.1804545736 1.1756536771 1.1802392958 1.1960978926 1.2263554497 1.2669150991 1.3157070884 1.3698357873 1.4261285961 1.4822877475 1.5376529682 1.5921041031 1.6451031738 1.6952325989 1.7421629882 1.792294484 1.8789972697 1.9377339618 2.0087864728
4.6090483681 4.6505938137 4.6892295762 4.746954843 4.561869371 4.3933135412 4.2425207682 4.0453477153 3.8306750806 3.6038135167 3.4008586328 3.2185618526 3.0574444259 2.853082241 2.6426754656 2.4135599137 2.2457040394 2.107426423 1.9847592262 1.8721148518 1.7709926082 1.6861481548 1.61417198 1.548467286 1.4958992181 1.496021984 1.4608878846 1.4150636946 1.3210464866 1.2710206489 1.2350306018 1.2188948132 1.2481148507 1.2488863824 1.2437210343 1.2124588087 1.2294846362 1.2668538131 1.3170290237 1.3755822929 1.4376687006 1.4984621079 1.5564688782 1.6121162466 1.666597904 1.7198921865 1.7712665725 1.8199680556 1.868273012 1.9143467913 1.9640809326 2.0331087573
4.8674099664 4.9314836138 4.978343488 4.9206522117 4.7598940225 4.5371113261 4.3298549247 4.1198837768 3.900169478 3.6901630886 3.4877287547 3.2933226692 3.1123381321 3.5165558007 2.6586482445 2.4226224494 2.2492766619 2.105495962 1.9833260338 1.8782035834 1.7922558469 1.7271541598 1.6623433514 1.5951709509 1.5348741982 1.5387005793 1.8386766004 1.4796855 1.3786538329 1.3060674507 1.2651469557 1.2523242962 1.2870455472 1.4698831063 1.2883043184 1.2574516893 1.2767297357 1.3221005605 1.3827358631 1.4538323644 1.5269378996 1.5961958269 1.6586124168 1.7170735478 1.7731280944 1.82826795 1.8835166031 1.9368211339 1.9862718095 2.0290632312 2.0697688538 2.1100895013
5.2597380351 5.3197599427 5.4100237259 5.3334803448 5.1542358734 4.9291655466 4.6486548548 4.3629470037 4.1181468395 3.8953739964 3.7307305021 3.5130548844 3.2943695657 2.9848567077 2.7332816995 2.4837372008 2.2977494842 2.1427245438 2.0145546002 1.9109950972 1.8324140036 1.7749595739 1.7283530018 1.6455145278 1.5792838456 1.579703509 1.564548963 1.558820167 1.4224608431 1.3494132766 1.3059184353 1.290005091 1.3221890254 1.3278242616 1.3297346499 1.3081443787 1.3377622467 1.3910007487 1.4608530443 1.5430942976 1.6322431279 1.7156085913 1.791050713 1.8551075103 1.9134194874 1.9698409277 2.0299054074 2.1265998329 2.1829616014 2.2302489184 2.233490605 2.2669762418
5.7911896124 5.8365471971 5.8177699571 5.7617857626 5.9363003591 5.671569208 5.0865405687 4.7553233474 4.4638961237 4.2069376682 4.0522305349 4.0583736475 3.5136954969 3.1284423079 2.8482022102 2.608511917 2.3991355426 2.2233937732 2.0826317973 1.9725836644 1.8897528989 1.8294889202 1.767062373 1.7000070554 1.6320815638 1.5838987157 1.5572610258 1.5120617067 1.4565761128 1.3917389078 1.353912249 1.3362767163 1.3308344819 1.3361761028 1.3476551481 1.3734597487 1.4147224196 1.4745361851 1.5493313665 1.6390095659 1.7409541853 1.8541864968 1.9521349235 2.0316890635 2.0902258042 2.1472674879 2.2105428228 2.3122154105 2.9393295514 2.4345236102 2.4464206877 2.4821005531
6.5163209714 6.5087209023 6.4299030332 6.323520943 6.1856137906 5.9667546702 5.6404575504 5.2726446212 4.9316627829 4.6144128337 4.4098628333 4.4669521484 3.7888876843 3.3824444508 3.0762027677 2.8030081811 2.5510177582 2.347312911 2.1868267388 2.0630595489 1.9694404353 1.8942015547 1.8273583168 1.7611056731 1.7000135779 1.6416768179 1.5857702386 1.5300914112 1.4786243529 1.4377582638 1.4085230011 1.3920977731 1.3866230297 1.394242819 1.4211298729 1.4640612022 1.5198567513 1.5801713756 1.6524319226 1.7405907023 1.8524469139 1.982887241 2.1283180566 2.2420635139 2.3175890178 2.3804178079 2.4124735188 2.5235912264 2.6044925662 2.680448176 2.7008101103 2.7442957291
7.4217142242 7.4125663834 7.2414284133 7.0228409657 6.8121261579 6.564560513 6.2917025792 5.9284058951 5.5251079096 5.1329562366 4.8165415387 4.4766104754 4.0892547315 3.6979030777 3.3760562358 3.0371660534 2.749227328 2.5122895878 2.325863664 2.1825287669 2.0737683036 1.9889417548 1.9140173609 1.8452330467 1.7783735289 1.7143421089 1.6403949356 1.5748466653 1.5247917503 1.4914340481 1.4712441227 1.4609484516 1.461349474 1.4801620032 1.5241858107 1.6092516708 1.6727361237 1.7292221 1.7697824141 1.8544267461 1.9673563369 2.1049130552 2.2453432192 2.4067619572 2.6841127626 2.5858853284 2.6255183184 2.710014218 2.8632565689 2.9580901853 3.0482633467 3.0391454158
8.4384069608 8.4440424764 8.188719438 7.9174427467 7.6465586833 7.3559330104 7.0279363289 7.2379733887 6.1583902204 5.6990277026 5.374066176 4.8928747223 4.4892047956 4.0420283597 3.6543039943 3.3094590677 2.9877717385 2.7174092614 2.4990079878 2.3311708455 2.2046038586 2.105387856 2.0209640542 1.9373448157 1.8606814393 1.7813629205 1.7046031045 1.635690914 1.5864863884 1.5569336209 1.542579282 1.5388984188 1.5468573764 1.577634268 1.6597902013 1.7606715195 1.9198200449 1.8663528865 1.9051659647 1.9885823164 2.0992024201 2.2253996884 2.3680625408 2.5445726165 2.6761211471 2.7795797027 2.8359670342 2.9368334019 3.1011889977 3.5729339162 3.3154641618 3.4089096776
9.5629488825 9.4750533957 9.2725591481 8.9544927231 8.6127690488 8.2303481982 7.8292685312 7.3500542356 6.8310835763 6.3075790076 5.872549579 5.458024543 4.9204482545 4.4107697441 3.9878634069 3.6118646976 3.2686261805 2.9582796501 2.7076216483 2.5133444155 2.3637330538 2.243166318 2.1352862121 2.0366060615 1.9429979956 1.8567611534 1.7761281444 1.7086248132 1.6598549153 1.6322328821 1.6216637446 1.6234553982 1.6377224857 1.679046767 1.7690285834 1.9479702589 1.9534935171 2.0049103124 2.0618328456 2.1590996578 2.2627453507 2.377798041 2.5116439745 2.6610593027 2.8152916933 2.9509191971 3.0710093904 3.1760958348 3.3379734455 3.4463820103 3.5713165635 3.6112448707
10.7722773285 10.7563130462 10.5199430775 10.1440883054 9.6761851171 9.1779383262 8.6583814789 8.1071947264 7.5229950649 6.9253487454 6.4122344365 6.1703980641 5.3704479976 4.820186431 4.3565721506 3.9610089825 3.5709680907 3.2326007988 2.9564930733 2.7408427922 2.5651663365 2.4138257707 2.2767860128 2.154110588 2.0470600647 1.9516754432 1.867199367 1.7959906311 1.7456696139 1.717657796 1.708472313 1.712858142 1.7308935226 1.7730515564 1.8641416502 1.951035537 2.0401170193 2.1207252357 2.2686047462 2.3834568761 2.4834228881 2.5547934949 2.6819558848 2.8299172656 2.9991139343 3.2147874197 3.3668180349 3.5162756422 3.5674256244 3.6749159588 3.7716093881 3.9366981575
12.0916875336 12.1365564739 12.1946649256 11.383527387 10.784428229 10.1877188167 9.5992241689 8.9704986449 8.2958844689 7.5989780402 6.9751861585 6.3864494625 5.8639108699 5.2561802267 4.755533077 4.3051078439 3.896389273 3.5356364114 3.253454584 3.0225152989 2.8252903695 2.6347640616 2.465533273 2.3157185247 2.1901809178 2.0808953529 1.9832587214 1.9027064583 1.8475576201 1.8168658911 1.8060313358 1.8098404418 1.8268242129 1.8668223489 1.9337072193 2.0285471336 2.1295818667 2.2575724059 2.4304152134 2.737022125 2.6588461244 2.745729129 2.8729772196 3.0216656731 3.1892562853 3.4357562297 3.821387594 3.7794077064 4.0800697643 3.9457286066 4.0799617017 4.2957020991
13.5837057338 13.4929381144 13.1116452052 12.6348235692 11.9255686404 11.2591304526 10.6008357189 9.9387650996 9.1206036583 8.316498136 7.5624928713 6.8960620985 6.2898846219 5.726550076 5.1805219584 4.6870897422 4.2478710072 3.8746963685 3.5748647129 3.3529892717 3.1179223485 2.902925131 2.6991623106 2.5466761558 2.3988762092 2.2694888974 2.1250078322 2.0340096292 1.973099935 1.9370146576 1.9214830354 1.9199995825 1.9350275311 1.9699866614 2.0356748509 2.1293056593 2.250809087 2.3779832003 2.54973728 2.6770980934 2.7906429116 2.8905537831 3.0718897296 3.1856309035 3.3529586166 3.6029350271 3.8237434155 4.0096849198 4.0941080722 4.2457847309 4.3979874206 4.6526976752
15.4874773911 14.7479663685 14.5555416554 13.7943474796 13.1415736095 12.4242510036 11.7333284369 10.9092395746 10.0567985721 9.1275454751 8.2404659489 7.4777761914 6.8345217697 6.2319159632 5.6473297376 5.0993837562 4.6405463984 4.2445269684 3.9187130508 3.6437968992 3.4182735766 3.1917867149 2.9416806894 2.7593520284 2.7702218433 2.451113541 2.2954827064 2.1979101822 2.1330081837 2.0893234153 2.0631336975 2.0528000804 2.0618167005 2.1072410286 2.1625787197 2.2472326854 2.3595763129 2.4916090903 2.6180579731 2.7251416262 2.8409484615 2.9935871463 3.1516853331 3.3192198856 3.4888310851 3.688560091 3.8933323644 4.1006447428 4.3608626906 4.4782639007 4.6981479037 4.9806380109
16.0205721187 15.8731025422 15.7586643175 14.8943829641 14.2117380237 14.0478340057 12.7132425818 12.5787621242 11.1348933301 9.9432300405 8.9514072796 8.1161058091 7.4072312595 6.812299096 6.1016781033 5.5123287568 5.0348737032 4.6206987507 4.2435831706 3.9829960816 3.730445149 3.4678559754 3.1605481336 2.9535845976 2.7883716895 2.6437213825 2.4862518971 2.3860456444 2.3276271067 2.2757710959 2.2264933744 2.2167084137 2.219078739 2.2521052 2.3223731005 2.3304061117 2.4320096221 2.6160175847 2.677685208 2.773773154 2.9013507334 3.0560315866 3.2342830325 3.4207113415 3.6112207534 3.8035683927 4.0109983998 4.2922007906 4.5295798302 4.7847801774 5.0149081273 5.3518444665
16.8552116788 16.7164007173 16.3699168776 15.7313359109 15.0466713579 14.2956879487 13.570747435 12.7705475498 11.8169294096 10.6717845383 9.646338006 8.7777115575 8.0004024475 7.2851833484 6.5729201312 5.9367070983 5.3777277733 4.930419022 4.5606468559 4.2784667352 4.2252108997 3.7001629333 3.3671398953 3.1061171352 2.9273800302 2.8165459048 2.6544678439 2.5533531889 2.5158893672 2.4558723067 2.3726673033 2.3498749768 2.4352841713 2.352750419 2.3475918389 2.3920365568 2.4778450467 2.5892602166 2.7073479126 2.8141311045 2.9540049704 3.1246730718 3.3222456465 3.5314751645 3.7405890641 3.9423509593 4.1622838078 4.4488512133 5.1332348144 5.0595489818 5.427846076 5.8165647417
17.6616994531 17.5912096706 17.1617827587 16.5307820626 15.7260125788 14.9610377823 14.2121831135 13.3758183875 12.372986315 11.3165235276 10.2866533386 9.406805172 8.5870516893 7.7494993492 7.2858964375 6.296976494 5.689532146 5.2199175436 4.8302096493 4.580888383 4.2758916133 3.9977233667 3.6092033242 3.331954021 3.0938411352 2.9308680733 2.8005510618 2.688461387 2.6137446891 2.5458373573 2.4820682271 2.4481814591 2.423381806 2.41300547 2.3990938765 2.4341633914 2.5040157371 2.6006372412 2.7161159021 2.8505675355 3.0065101071 3.1913017995 3.4065650225 3.6669964198 3.8945198156 4.1127402072 4.3190738535 4.6355759398 4.9725349845 5.3918459795 5.8377057086 6.5842601466
18.4241524911 18.3151324677 18.161651773 17.3517271833 16.5421193384 15.6934037754 14.8479187245 13.9552414666 13.327764231 11.8965006418 10.9225373651 10.0209526859 9.0760931992 8.1954750169 7.3717929274 6.6572443521 6.0040207949 5.4887950873 5.0816525629 4.7722826764 4.6453729956 4.1617050323 4.1256759131 3.546173327 3.2832921044 3.1177468524 2.9401374257 2.8122682994 2.6947449453 2.6132800221 2.5501953884 2.5021822006 2.4722215497 2.4611817012 2.4707769733 2.5023199233 2.5607272694 2.6446319313 2.7544672467 2.8912323087 3.0569665378 3.254118395 3.4894113583 3.7696129324 4.1543166003 4.2464469516 4.4807707946 4.790600491 5.1845371488 5.6626655952 6.2776343888 6.7679087762
19.0600391519 19.4556669961 18.6460267296 18.3271004308 17.6746429318 16.4064916902 15.4488757436 14.6224762324 13.4458359742 12.4039017542 11.6538410677 10.7380369646 9.4931413568 8.5371958392 7.7690827461 7.0344064519 6.3765907097 5.7603214871 5.312112653 5.0001288863 4.6600502825 4.350622756 3.9650657928 3.7077302274 3.6165395778 3.2640248826 3.119550164 2.9291426459 2.7941077978 2.6956839611 2.6254033773 2.5772847705 2.5506876048 2.5462327465 2.5582608683 2.5884548713 2.6376880294 2.7108734448 2.809631304 2.9380571814 3.1026112144 3.3138523189 3.6003084351 3.9351994546 4.1859267489 4.3992145663 4.6187434079 4.9834374367 5.4103813734 6.0012839411 6.5813626944 7.2021730509
19.7393658014 19.5289230265 19.1512066164 18.5822254954 17.9051576503 17.3777073426 15.9723516235 14.8794942693 13.8319553729 12.8719112247 11.7847363874 10.8675149042 9.7919475128 8.8572417077 8.1147110459 8.0066660109 6.6969563692 6.0327165456 5.5400940361 5.1656375866 4.8818153046 4.4329792578 4.0782771979 3.8116138247 3.5708063715 3.3880995011 3.1949515013 3.0489454443 2.9081410779 2.8013632659 2.720428138 2.6671299029 2.6809463319 2.6779513083 2.6891974467 2.6737463981 2.7156972079 2.7807271481 2.8676103699 2.9837629938 3.1424954252 3.3690394576 3.6813761125 4.1781585872 4.7566820096 4.4763886499 4.7480525558 5.1314605759 5.6166932031 6.243278295 7.7147969193 7.6159725395
20.2793617467 20.0925604261 19.4729113555 18.8312145952 18.2057219121 17.4258145815 16.3539661659 15.4982784337 14.1565022988 13.0649567622 12.0424954811 10.9270856557 9.9706521767 9.1422031916 8.4378669375 7.7340319104 6.9917606472 6.2994902482 5.7631617122 5.3361928665 4.9447542273 4.5869069197 4.2360966433 3.9178062411 3.6548442815 3.4519241563 3.2949098806 3.1592173366 3.0378326038 2.927489771 2.8318393903 2.7658807053 2.7698574258 3.1576196974 2.7649262394 2.7438839025 2.776161816 2.833826719 2.9147811721 3.0176331601 3.1718894099 3.4001680392 3.7255666279 4.0690548176 4.3333560779 4.5845243199 4.8750791182 5.2819548738 5.7906562451 6.4686962672 7.2092957634 8.0447076363
21.3755263912 20.0902707415 19.5928742757 19.4636420383 18.3153473336 17.5997633953 17.690635174 15.3810034732 14.3087808196 13.962700929 12.148264882 11.0293072214 10.1004344427 9.3418392391 9.1066572558 7.9244006934 7.2458444628 6.5999177786 6.0185258678 5.489091719 5.0987391164 4.7365798547 4.4037516141 4.0435115018 3.7664859733 3.5591896921 3.4072365024 3.2856238419 3.1851078016 3.069102129 2.9584408047 2.8616480701 2.8494911992 2.8257345124 2.817387396 2.7852998511 2.8140735052 2.866045096 2.9379575393 3.0391666957 3.1878749845 3.4079123085 3.6897099762 4.0027837805 4.3358628815 4.6666796442 5.0244664387 5.4312803652 5.952023766 6.6058039903 7.3842576227 8.1888901764
20.0989611106 20.0386264562 19.7299017721 18.6429893532 18.2272920046 17.4726934931 16.4485676285 15.5651686379 14.2474089445 13.253039065 12.0972330074 11.0334399767 10.216848321 9.4447534227 8.7554819683 8.0886987559 7.4793546659 7.2910653316 6.2517342596 5.6533765074 5.2330090548 5.0490557394 4.5055541925 4.1624435314 3.8917428668 3.6763074511 3.5162743308 3.4389444395 3.3356827594 3.2514257337 3.0584422875 2.9526600042 2.8870506234 2.8447012891 2.8178185074 2.8165254122 2.8419098697 2.8950969451 2.9659415111 3.0656944719 3.2053634681 3.4060632444 3.6688906764 3.9941728472 4.3689248467 4.7826246315 5.1416199783 5.5588900629 6.0837115499 6.7439844692 7.527034849 8.3679965542
19.091467685 19.2451356882 18.7088353432 18.0142354037 17.524936029 16.6841467512 16.5890857718 15.4242250903 13.9693627088 12.8850102772 11.8617880528 10.9586983328 10.1635888909 9.4504870028 8.7557632754 8.1122711924 7.568816283 7.1638857762 6.425617527 5.8237892278 5.3753909487 4.9560504012 4.6085142583 4.2995662934 4.0417340284 3.8117477535 3.6117588163 3.5079869324 3.8464681223 3.2805923474 3.1291282542 3.0314875427 2.9636410661 2.905498085 2.8576266179 2.8457147963 2.8847136023 2.9420488721 3.0492759829 3.1340359782 3.26409836 3.4174651255 3.6693909169 3.9954818451 4.3882873678 4.7942612113 5.20716158 5.6435008745 6.1777700649 6.8376363756 7.6158242006 8.4934142521
