Models/Synthetic/Density/temp_raster_dens.asc
NCOLS 100
NROWS 100
XLLCORNER 3302900
YLLCORNER 3112000
CELLSIZE 4430
NODATA_VALUE NaN
[rows 0 to 22 of 100, columns 0 to 51 of 100]
0.0000479806 0.0000697217 0.0000870702 0.0000861898 0.0000507809 0.0000383373 0.0000239055 0.00004451 0.0000691344 0.0000387354 0.0000246542 0.0000326372 0.0000598952 0.0000385398 0.0000375658 0.0000291043 0.000036307 0.0000782898 0.0000376727 0.0000357559 0.000034741 0.00007524 0.0000767042 0.0000431694 0.0000530665 0.0000367696 0.0000443262 0.0000850781 0.0001503531 0.0000821133 0.0000537939 0.0000691813 0.0002070613 0.0002167794 0.0004483111 0.0002768932 0.0001848941 0.0001032689 0.0002927154 0.0002381945 0.000205134 0.0001732674 0.0003514688 0.0001616725 0.0001000078 0.0000874735 0.0000670585 0.0000952176 0.0001314861 0.0001474861 0.0000912215 0.0001245793
0.0000507845 0.0001017418 0.0001169483 0.0000701871 0.0000889407 0.0000337075 0.0000380849 0.0000537195 0.000092527 0.0000701854 0.0000571695 0.0000565692 0.0000821848 0.0000680241 0.0000571508 0.0000451973 0.0000742814 0.0000620389 0.0000706666 0.0000414397 0.0000388948 0.0000381399 0.0000419091 0.0000626184 0.000040411 0.0000465331 0.0000677672 0.0000731752 0.0001102693 0.0001095345 0.0000653536 0.0001034267 0.0001198869 0.0002078943 0.0002605649 0.0001753179 0.000103897 0.0001156047 0.0001418953 0.0001133238 0.0000870555 0.0001074781 0.0001225288 0.0001186853 0.0000698985 0.000086603 0.0000610502 0.0000942417 0.0001552117 0.0001541982 0.0001240457 0.0000776176
0.0000376833 0.0000775771 0.0000768707 0.000103388 0.0000635949 0.0000433757 0.0000349066 0.0000746297 0.0000751663 0.0000943899 0.0000923786 0.000086214 0.0000790318 0.0000725863 0.0000740975 0.0000799458 0.0001076016 0.0001017852 0.0000859313 0.0000855942 0.0000547821 0.0000325435 0.0000324449 0.0000515474 0.000043477 0.0000735986 0.0000741914 0.0001134794 0.0000977312 0.0001150797 0.0000893861 0.0000762023 0.0001684117 0.0002224842 0.0002092025 0.0001077328 0.0000781554 0.0000939642 0.0000695151 0.0000600127 0.0000389502 0.0000411003 0.0000524013 0.0000808494 0.0000762792 0.0000661942 0.0000679097 0.0001141202 0.0001448454 0.000144569 0.0001366176 0.000098499
0.0000395649 0.0000434932 0.0000842208 0.0000989324 0.0000627089 0.0000406451 0.0000440741 0.0000570449 0.000092218 0.0000791216 0.0000877976 0.0000621579 0.0000812723 0.0000911349 0.0000996193 0.0001543809 0.0001267584 0.0001391995 0.000143628 0.0001089308 0.0000748175 0.0000663066 0.0000426788 0.0000433617 0.0000759531 0.0000894546 0.0001005766 0.0001363876 0.0001044133 0.0000851573 0.0000776504 0.000085192 0.0001311593 0.0003035216 0.0002053821 0.0001082043 0.0000908665 0.0000648179 0.0000464047 0.0000306944 0.0000238686 0.0000288526 0.0000359675 0.0000479811 0.0000814323 0.0000849872 0.0000991931 0.0001512674 0.000134168 0.0001748285 0.0001448899 0.000119903
0.0000249044 0.0000364847 0.0000580901 0.000117799 0.0000793649 0.0000548138 0.0000707073 0.0000682382 0.0000833236 0.0000633441 0.000048136 0.0000735408 0.0000603464 0.0000808541 0.0000992729 0.0000975637 0.00010725 0.0001357047 0.0001372698 0.0001601451 0.0000800989 0.0000684207 0.0000930545 0.0000844889 0.0000889548 0.0000933768 0.0001116397 0.0001212609 0.0000853879 0.00007237 0.0000663609 0.0000710596 0.000124617 0.000149508 0.0001255042 0.0001035657 0.0000887661 0.0000900097 0.0000432056 0.0000252322 0.0000276741 0.0000264266 0.0000493867 0.0000422783 0.0000562889 0.0000712596 0.0000911477 0.0001076815 0.0001715998 0.0001663253 0.0001614825 0.0001490352
0.0000459129 0.0000353173 0.0000605194 0.0000626199 0.0000994267 0.0000867813 0.0000717302 0.0000747108 0.0000680908 0.0000481382 0.0000663257 0.0000504231 0.0000892674 0.0000725183 0.0000730527 0.0000747276 0.000080614 0.0001222452 0.000143062 0.0001348825 0.0001211101 0.0001122407 0.0001792389 0.0001724496 0.0001219542 0.0001311071 0.0001014518 0.0000892291 0.0000592616 0.0000480326 0.0000757337 0.0000789686 0.0000729758 0.0000979209 0.0001000782 0.0001110743 0.0000972346 0.0000779527 0.0000516164 0.0000385575 0.0000425513 0.0000505893 0.0000393382 0.0000445818 0.0000437165 0.0000649251 0.0000674569 0.0001086273 0.0001652117 0.0001148266 0.0001083709 0.0001499798
0.0000330084 0.0000367393 0.0000522322 0.0001065159 0.0001284667 0.0001476613 0.0001453062 0.000086557 0.0000648887 0.0000454201 0.0000584402 0.000062623 0.0000489928 0.0000752187 0.000088619 0.0001206215 0.0001354222 0.0001502073 0.0002296383 0.0002109433 0.0001987611 0.0001780738 0.0001433068 0.0001635882 0.0001228879 0.0001037916 0.0001250047 0.0001050723 0.0000423496 0.0000366222 0.0000428831 0.0000863588 0.0001022836 0.0000968159 0.0000859391 0.0000986361 0.0000912118 0.000066327 0.0000635024 0.0000945422 0.0000904021 0.0000893802 0.0000629348 0.0000585508 0.0000541605 0.0000842516 0.0000919464 0.0001308404 0.000140857 0.0001090564 0.0000782869 0.0001074243
0.00003313 0.0000441322 0.000067697 0.0001244333 0.0001893214 0.00021565 0.0001376189 0.0000901197 0.0000532057 0.0000432477 0.0000758129 0.0000506248 0.0000582715 0.000065014 0.0001074681 0.0001529791 0.0001968026 0.0002430962 0.0002473672 0.0002868594 0.0001930805 0.0001683504 0.0001774842 0.0001355894 0.0001313268 0.0001037024 0.0001208457 0.0000757037 0.0000376799 0.0000243162 0.0000418491 0.0000720697 0.0000916299 0.0000764105 0.0000617543 0.0000491119 0.000045748 0.0000555308 0.0001070243 0.0001676837 0.0000890209 0.0000752275 0.0000859013 0.0000937664 0.0001054147 0.0001031948 0.0001287737 0.0001489652 0.0001389574 0.0000962368 0.0001290707 0.0000991162
0.0000462035 0.00009122 0.0000935663 0.0001095543 0.0002049403 0.0002264935 0.0001540698 0.0000917832 0.0000706848 0.0000484513 0.0000615081 0.000088271 0.0000603054 0.0000615567 0.0001102993 0.0001758118 0.0002888336 0.0002304495 0.0002140548 0.000223689 0.0002132274 0.0001801803 0.0001644521 0.000120233 0.0000752994 0.0000731084 0.0000686498 0.0000622914 0.0000370224 0.0000340978 0.0000394336 0.0000558251 0.0000818301 0.0000804426 0.0000609447 0.0000353659 0.0000426198 0.0000709051 0.0001077852 0.0001704867 0.000095448 0.000062357 0.0000680275 0.0000869914 0.0002109103 0.0001742148 0.0001584611 0.0001243638 0.0001051203 0.0001047857 0.0001276647 0.0001178152
0.0000599307 0.0000742101 0.0000661191 0.0001191813 0.0001316378 0.0001442961 0.0000956361 0.0000537949 0.0000504052 0.0000580338 0.0000747802 0.0001248859 0.0000936285 0.0000881073 0.0001128866 0.0001653931 0.000211394 0.0001837956 0.0001918009 0.0001682778 0.0001524228 0.0001414731 0.0001422342 0.0001133142 0.0000559885 0.0000552985 0.0000409134 0.0000429743 0.000058859 0.0000670784 0.0000726045 0.000080016 0.0000733348 0.0000558676 0.0000582062 0.0000661329 0.0000569552 0.0001057857 0.0001236976 0.0000815321 0.0000697097 0.000046957 0.0000835845 0.0000954418 0.0001179632 0.0001382837 0.0001503396 0.000120954 0.0000654493 0.0000781802 0.0001560731 0.000124883
0.0000247769 0.0000358926 0.0000581921 0.0000785988 0.0000721414 0.000069793 0.0000558874 0.0000402323 0.0000503671 0.0000433365 0.0000642223 0.0001086233 0.000144013 0.0001372457 0.0001182561 0.0001128688 0.0001405415 0.0001708662 0.0001379782 0.0001183826 0.0001494645 0.0001053456 0.0001040609 0.0000986513 0.0000644924 0.0000331609 0.0000486157 0.000053297 0.0000671371 0.0001030384 0.0001243056 0.000094991 0.0000860448 0.0000768846 0.0000564181 0.0000705827 0.0000678622 0.0000627242 0.0000617895 0.0000584786 0.0000471488 0.0000502825 0.0000534228 0.0001008608 0.0000967445 0.0001275051 0.0000887191 0.000071 0.0000730272 0.000085629 0.0001340102 0.0001841747
0.0000191898 0.0000420454 0.0000566629 0.0000673574 0.0000511421 0.0000398044 0.0000476186 0.000047234 0.0000492226 0.0000606663 0.0000601402 0.0000750802 0.0000792818 0.0001326504 0.000085452 0.0000716959 0.0000934761 0.000134873 0.0001452856 0.0001040139 0.0000970555 0.0001399724 0.0001198014 0.0000999562 0.0000621188 0.0000455469 0.0000405814 0.0001053005 0.0001185545 0.0001359072 0.0001127801 0.0001304155 0.0000919558 0.000081411 0.0000906259 0.000059446 0.0000722853 0.0000604778 0.0000529769 0.0000538927 0.0000483604 0.000055654 0.0000534339 0.0000809611 0.0001297531 0.0000969046 0.000068529 0.0000844887 0.0000884246 0.0001063719 0.0001195028 0.0001495064
0.0000584584 0.0000577088 0.0000807348 0.0000667356 0.000059174 0.000057648 0.0000528177 0.0000634346 0.0000671578 0.0000546476 0.0000449588 0.0000530165 0.0000828662 0.0000829986 0.0001111134 0.0000661771 0.0000894368 0.0001339789 0.0001327848 0.0001006218 0.0000961882 0.0001266773 0.0001008311 0.0000997081 0.000073693 0.0000569221 0.0000671265 0.0000940384 0.0001641748 0.0001129403 0.0001010267 0.0000917728 0.0000791717 0.0000808987 0.000128345 0.0000715202 0.0000736338 0.0001167775 0.0000646745 0.0001137093 0.0000978523 0.0000855468 0.0000719476 0.000077403 0.0001088469 0.000125782 0.0001054578 0.0001010288 0.0000916009 0.0001085494 0.0001321453 0.0001259726
0.0001468998 0.000087421 0.000079407 0.000072027 0.000065016 0.0000488466 0.0001161678 0.0000803396 0.0000561145 0.0000443696 0.0000441005 0.0000415449 0.0000818285 0.0000823699 0.0000712259 0.0001144342 0.0001135451 0.0001621869 0.000147973 0.0001357714 0.0001308695 0.0000851755 0.0000748205 0.0000826535 0.0000806843 0.0000750637 0.0001547381 0.0000883377 0.0001027477 0.0000976238 0.0000896679 0.0000713418 0.0000849665 0.0000821367 0.0000972547 0.0000878926 0.0000779561 0.0000743188 0.0000757704 0.0001262606 0.0002235532 0.0001441572 0.000103845 0.0001413951 0.0000989978 0.000166801 0.0001290448 0.0001038032 0.0000971219 0.0000961739 0.0000917188 0.000108377
0.0001415566 0.0000677278 0.0000630401 0.000080223 0.000043238 0.0000546063 0.0000562242 0.0000673613 0.0000406215 0.0000366553 0.0000448246 0.0000522907 0.000056058 0.0000843507 0.0000751326 0.0000747347 0.0001451183 0.0001768774 0.0001491538 0.0002261715 0.0001313443 0.0001054358 0.0000667198 0.0000585908 0.0000564214 0.0000780027 0.0001020316 0.000091061 0.0000787659 0.0000931644 0.0001296455 0.0000754347 0.0000928204 0.0001081222 0.0001437616 0.0001159843 0.0001091995 0.0000719676 0.0001044645 0.0001225329 0.0001466613 0.0001431163 0.0001601178 0.0001276744 0.0001175966 0.000091074 0.0001211103 0.000134714 0.0001209415 0.0001208945 0.0000993029 0.0000743041
0.0000457163 0.0000570864 0.0000506804 0.000050775 0.0000484537 0.0000478189 0.0000392005 0.0000296517 0.0000271941 0.0000308831 0.0000419896 0.0000517949 0.0000580838 0.0000602873 0.0000803374 0.0000665289 0.0000800563 0.0001455684 0.0001910952 0.0001234489 0.0001612394 0.0000685962 0.0000500893 0.0000481553 0.0000592327 0.0000852663 0.0000648172 0.0000939763 0.0000869321 0.0001033918 0.0000828071 0.0000971937 0.0001030656 0.0001433348 0.0001130527 0.0001381855 0.0000961145 0.0000822854 0.0001128832 0.0001483145 0.000141749 0.0001058544 0.0001126424 0.0001727965 0.0000964789 0.0001075688 0.0001282616 0.0001931439 0.0002006165 0.0001515368 0.0001255061 0.0000720308
0.0000518421 0.0000681391 0.0000721924 0.0000775701 0.0000719324 0.0000843385 0.0000620185 0.0000448092 0.0000345476 0.0000319455 0.0000312807 0.0000463943 0.0000618091 0.0000708645 0.0000698091 0.0000580738 0.0000766647 0.0001307376 0.000094918 0.0000862543 0.0000778471 0.0000585598 0.0000549702 0.0000504152 0.0000476006 0.0000562835 0.0000805476 0.0001096668 0.0001523802 0.0001396469 0.0000992143 0.0001092278 0.0001031519 0.0001449041 0.0001062205 0.0001251661 0.0000716155 0.0000902451 0.0000946015 0.0001588959 0.0001489265 0.0001057026 0.0001144763 0.0001426254 0.0001322213 0.0001549699 0.0002137758 0.000154138 0.0001652073 0.0001772349 0.0000976373 0.0000857779
0.0000551974 0.0000560512 0.0000673543 0.0001075063 0.000112678 0.000081077 0.0001051858 0.000099756 0.0000739513 0.000028873 0.0000244835 0.0000398985 0.0000547601 0.0000769169 0.0000824788 0.0000762629 0.00011978 0.0000863532 0.0000827088 0.0000544449 0.0000571711 0.0000808059 0.0000522993 0.0000472939 0.0000485004 0.0000574975 0.0000915573 0.0001705304 0.0002270397 0.0001557266 0.000141506 0.0001004214 0.0001291881 0.0001461469 0.0001092762 0.0000618064 0.0000742897 0.0001009672 0.0001267978 0.0001416754 0.0001369567 0.0001426952 0.0001460789 0.0001714377 0.000263113 0.0003431443 0.0002327385 0.0001643395 0.000149241 0.0001766207 0.0001433824 0.0001407109
0.0000982877 0.0000925478 0.0000847647 0.0000774508 0.0001049561 0.000102951 0.0000951664 0.0000748552 0.0000551102 0.000048999 0.0000425683 0.0000472379 0.0000609143 0.0000932851 0.0001128012 0.0000804769 0.0001076356 0.0000706974 0.0000858086 0.000064779 0.0000786356 0.0000604216 0.0000410271 0.0000405625 0.0000511304 0.0001018653 0.0001363445 0.0001520208 0.0002033534 0.000255404 0.0001437648 0.0001100065 0.0001097691 0.000137249 0.0000751576 0.0000561508 0.0000704162 0.0001160905 0.0001560338 0.0001684748 0.0001622153 0.0001233728 0.0001284932 0.0001826246 0.0003371395 0.0003262988 0.0003090534 0.0002117492 0.0001082358 0.0001700256 0.0001854992 0.0001397416
0.0001683066 0.0001343303 0.0000746766 0.0000761754 0.0000638826 0.0001069165 0.0000821084 0.0000655678 0.0000494413 0.0000345798 0.00003534 0.0000594791 0.0000893713 0.0000741091 0.0000606741 0.0000906456 0.0000707345 0.0000897408 0.0001072317 0.000088761 0.0001129693 0.000069736 0.0000784331 0.000049542 0.0000932123 0.0001279377 0.0001621217 0.0001274025 0.0001747052 0.0001765932 0.0001102691 0.0000670631 0.0000637344 0.0000703629 0.0000819656 0.0000522762 0.0000559089 0.0000779213 0.0001440578 0.0001497115 0.0001073761 0.000106903 0.0001691912 0.0001731794 0.0002430481 0.0002799721 0.0002927534 0.0001449145 0.00013521 0.0001521019 0.0002690926 0.0001823438
0.0000908038 0.0001533632 0.0000900673 0.0000480306 0.0000601456 0.0000839009 0.0000873398 0.0000623094 0.00004948 0.0000399418 0.0000521396 0.000063501 0.0000903776 0.0000581161 0.0000528504 0.0000725298 0.0000718248 0.0000662572 0.0001218371 0.0000946197 0.0000701398 0.0000689768 0.0000690302 0.0000975597 0.0000949655 0.0001594995 0.0001300997 0.0001274519 0.0001077318 0.0001346397 0.0001155425 0.0000748663 0.0000544824 0.0000431718 0.0000544492 0.0000573617 0.0000546316 0.0000612165 0.0000701655 0.0000921884 0.0000803377 0.0000729485 0.0000740483 0.0000979959 0.0001355094 0.0001838169 0.0001657413 0.0001098855 0.0000979531 0.0001471826 0.0002198326 0.0002069149
0.0000728771 0.000080716 0.0000669983 0.0000637297 0.0000592908 0.0001019201 0.0000566366 0.0000520946 0.0000422351 0.0000494343 0.0000521649 0.0000812634 0.0000440121 0.0000382169 0.0000395132 0.0000656596 0.0000635333 0.0000591382 0.0000583148 0.000081505 0.0000531793 0.0000455802 0.0000777351 0.0000880787 0.0001516805 0.0001589671 0.000138152 0.0000932838 0.0000785571 0.0000850678 0.0001014498 0.0001159202 0.0000734985 0.0000404283 0.0000437533 0.0000579335 0.0000549689 0.0000452309 0.0000820547 0.0000858834 0.0000658007 0.0000397295 0.0000366989 0.0000578842 0.0001066747 0.0000914336 0.0001060738 0.000077565 0.0000824533 0.0001043901 0.000149947 0.0002201887
0.000031242 0.0000368969 0.0000539018 0.0000951791 0.0000909854 0.0000752743 0.0000739712 0.0000366823 0.000030481 0.0000378064 0.0000493311 0.0000365188 0.000037078 0.0000292442 0.0000335032 0.0000567907 0.0000585942 0.0000434277 0.0000549641 0.000043233 0.0000454855 0.0000381174 0.0000634214 0.0000978831 0.0000864563 0.0001112611 0.000080331 0.0000593702 0.0000474073 0.0000634992 0.0001134684 0.0000811497 0.0000615934 0.0000540882 0.0000646024 0.0000855689 0.0000739098 0.0000792712 0.0000512291 0.0000569689 0.0000508465 0.0000351982 0.0000311386 0.0000454801 0.0000608502 0.0000695493 0.0000795413 0.0000745513 0.0000751976 0.0000782333 0.0001565304 0.0001600517
