Models/Synthetic/Density/temp_raster_dens.asc
NCOLS 100
NROWS 100
XLLCORNER 3302900
YLLCORNER 3112000
CELLSIZE 4430
NODATA_VALUE NaN
[rows 0 to 22 of 100, columns 0 to 51 of 100]
0.0000001861 0.0000003331 0.0000005619 0.0000008507 0.000001203 0.000001775 0.0000028314 0.000004502 0.0000062595 0.0000076236 0.0000088822 0.0000118065 0.0000169764 0.0000212915 0.0000151478 0.0000083547 0.0000046377 0.0000040821 0.0000052218 0.0000057482 0.0000048978 0.0000029874 0.0000015334 0.0000008365 0.0000006773 0.0000007833 0.0000009643 0.0000011152 0.0000011867 0.0000011859 0.0000011499 0.0000011926 0.0000014872 0.0000021521 0.0000029002 0.0000032658 0.0000028945 0.0000021009 0.0000014062 0.0000012679 0.0000018093 0.0000032709 0.0000065582 0.0000135867 0.0000257188 0.000038657 0.0000451081 0.0000394544 0.0000264755 0.0000135238 0.000005813 0.0000023698
0.0000003605 0.000000574 0.000000935 0.0000013724 0.0000018718 0.0000025805 0.0000038497 0.0000057497 0.0000078355 0.0000091187 0.000009958 0.0000114693 0.0000142431 0.0000148498 0.0000124175 0.0000078934 0.0000050169 0.0000043731 0.0000049324 0.000005335 0.0000044439 0.0000030041 0.0000017795 0.0000012034 0.000001171 0.0000014334 0.0000017654 0.0000019849 0.0000020396 0.000001952 0.0000018375 0.0000018337 0.0000021769 0.0000029776 0.0000040102 0.0000045115 0.0000041424 0.0000031068 0.000002213 0.0000019839 0.0000027142 0.0000046473 0.0000086817 0.0000166488 0.0000297109 0.0000450028 0.0000517334 0.0000457583 0.0000300855 0.0000160003 0.0000071659 0.0000031097
0.0000007441 0.000001101 0.000001683 0.0000024059 0.0000030681 0.0000038832 0.0000052869 0.0000075277 0.0000097562 0.0000109711 0.000010545 0.0000103052 0.0000104854 0.0000103438 0.0000089065 0.0000068823 0.0000052469 0.0000046707 0.0000047538 0.0000046286 0.0000039304 0.0000028533 0.0000020681 0.0000018449 0.0000021257 0.0000027348 0.0000033493 0.0000036939 0.000003605 0.0000033127 0.0000029876 0.0000029286 0.000003385 0.0000046268 0.0000062866 0.0000074274 0.0000069832 0.0000055155 0.0000039719 0.0000032949 0.0000040502 0.0000065244 0.0000110691 0.0000193349 0.0000328739 0.0000486266 0.0000583826 0.0000491638 0.0000327235 0.0000173609 0.000008129 0.0000038112
0.0000014873 0.0000020489 0.0000029487 0.0000039317 0.0000047761 0.0000054225 0.0000067175 0.0000088457 0.0000108385 0.0000112132 0.0000103104 0.0000090978 0.0000084003 0.0000078732 0.0000073419 0.0000067115 0.0000061528 0.0000055331 0.0000049066 0.0000041745 0.0000034057 0.000002739 0.00000251 0.0000028005 0.0000034968 0.0000044035 0.0000053492 0.0000056895 0.0000053745 0.0000046293 0.0000041771 0.0000041251 0.0000050081 0.0000071906 0.0000102212 0.0000124915 0.0000125019 0.0000102438 0.0000072203 0.0000052574 0.0000054291 0.0000079499 0.0000126867 0.0000199277 0.0000310078 0.0000438581 0.0000492263 0.000044348 0.0000295231 0.0000165996 0.0000083678 0.000004318
0.0000026258 0.0000035287 0.0000049451 0.0000063429 0.0000070728 0.0000073917 0.0000079934 0.0000092737 0.000010373 0.0000101885 0.0000092329 0.0000084039 0.0000077534 0.0000073434 0.0000072037 0.000007578 0.0000075916 0.0000071141 0.0000057375 0.000004421 0.0000032378 0.0000028152 0.0000030698 0.0000039164 0.0000049013 0.0000058772 0.0000066325 0.0000070163 0.0000062511 0.0000053314 0.0000047804 0.0000050863 0.0000067079 0.0000104271 0.000015984 0.0000205831 0.000021522 0.0000177148 0.0000120334 0.0000075891 0.0000063908 0.0000083022 0.0000123733 0.0000179229 0.0000249114 0.0000312833 0.0000340561 0.000030346 0.0000226062 0.0000141201 0.0000081242 0.0000047319
0.0000038851 0.000005277 0.0000078231 0.0000099754 0.0000107599 0.0000101975 0.0000094421 0.0000091646 0.0000089779 0.0000085738 0.0000079775 0.0000076386 0.000007522 0.0000070878 0.0000072148 0.0000079024 0.0000085252 0.0000078319 0.0000072583 0.0000047887 0.0000035021 0.000003119 0.0000036028 0.0000046777 0.0000058375 0.0000063813 0.0000067034 0.0000065413 0.0000059625 0.0000051474 0.0000048515 0.0000054925 0.0000079603 0.0000133466 0.0000214486 0.0000297417 0.0000314056 0.000026057 0.0000165974 0.0000095251 0.0000066652 0.0000074276 0.0000103527 0.0000141649 0.0000172264 0.0000194696 0.0000202018 0.0000189203 0.0000159099 0.0000121011 0.0000082973 0.0000054971
0.0000045816 0.0000068927 0.0000109235 0.0000147172 0.0000157049 0.0000140237 0.000011316 0.0000089318 0.0000076892 0.000007049 0.0000067215 0.0000065801 0.0000063901 0.0000062111 0.0000062823 0.0000069497 0.0000073207 0.0000072226 0.000006169 0.0000050125 0.0000038414 0.0000034452 0.0000038947 0.000004941 0.000005793 0.0000060462 0.000005741 0.0000053401 0.0000049098 0.000004586 0.0000045682 0.0000054451 0.0000082412 0.0000141974 0.0000236583 0.0000327881 0.0000367064 0.0000291757 0.0000184518 0.0000100103 0.0000061644 0.0000058626 0.0000075248 0.0000093399 0.0000107289 0.0000200854 0.0000120043 0.0000127213 0.000013371 0.0000121819 0.0000099017 0.0000072234
0.0000049456 0.0000079156 0.0000135227 0.000019014 0.0000207939 0.0000178927 0.0000127058 0.000008689 0.0000065752 0.0000058463 0.0000054853 0.0000052485 0.0000050001 0.0000047193 0.0000046867 0.0000048878 0.0000051812 0.0000051937 0.0000049708 0.000004442 0.0000037984 0.0000034483 0.0000038336 0.0000047551 0.0000054071 0.0000053396 0.0000047503 0.0000042683 0.0000041145 0.0000040837 0.0000042194 0.0000049635 0.0000072999 0.0000124466 0.0000202179 0.0000282998 0.0000302052 0.0000252367 0.0000159894 0.0000087204 0.0000050482 0.0000042615 0.0000048378 0.0000056925 0.0000064549 0.0000072259 0.000008782 0.0000112662 0.0000138481 0.0000149077 0.0000132243 0.0000104159
0.000005218 0.0000083338 0.0000142449 0.0000273247 0.0000230332 0.000018772 0.00001279 0.0000079849 0.0000055535 0.0000046289 0.0000043403 0.0000041453 0.0000038319 0.0000034438 0.0000031005 0.0000030095 0.0000031235 0.0000033476 0.0000035029 0.0000034329 0.0000031534 0.000003011 0.0000034026 0.0000042328 0.0000049084 0.0000046812 0.0000041399 0.0000037961 0.0000037817 0.0000038818 0.0000038342 0.0000041511 0.0000056044 0.000008847 0.0000138085 0.0000181388 0.0000193841 0.0000162289 0.0000109722 0.0000062605 0.0000037845 0.0000031252 0.0000033683 0.000003867 0.0000045884 0.0000059706 0.0000086284 0.0000126598 0.0000167879 0.0000189703 0.0000180519 0.0000150453
0.0000057339 0.0000084062 0.0000132843 0.0000181285 0.0000192637 0.000016227 0.0000110425 0.0000069466 0.0000046747 0.0000037482 0.0000034567 0.000003333 0.000003105 0.0000025913 0.0000020918 0.000001817 0.000001847 0.0000020793 0.0000023261 0.0000024157 0.0000023519 0.0000023798 0.000002776 0.0000035213 0.0000040754 0.0000042122 0.0000040426 0.0000039704 0.0000040232 0.0000039284 0.0000036878 0.0000035401 0.0000040192 0.0000054722 0.0000075876 0.0000094342 0.0000097924 0.0000083941 0.0000059693 0.0000038484 0.0000027654 0.0000026834 0.000003042 0.0000036121 0.0000046704 0.0000067531 0.0000102991 0.0000151599 0.0000203167 0.0000231564 0.0000229142 0.000019615
0.0000065353 0.0000084325 0.000011258 0.0000133657 0.0000134794 0.0000114568 0.0000085958 0.0000060221 0.0000043697 0.0000035011 0.0000031196 0.0000029619 0.0000026748 0.0000021843 0.0000016341 0.0000013309 0.0000013683 0.0000016443 0.0000019405 0.0000020743 0.0000020503 0.0000020692 0.0000023705 0.0000029523 0.000003642 0.0000042226 0.0000046871 0.00000502 0.0000050707 0.0000048487 0.0000043751 0.0000038667 0.0000035653 0.00000365 0.0000040314 0.0000043681 0.0000042942 0.0000036879 0.0000028333 0.0000021981 0.0000021297 0.0000025831 0.000003247 0.000003989 0.0000054339 0.0000082576 0.0000122362 0.0000171458 0.000021797 0.0000250028 0.0000245089 0.0000216693
0.0000072307 0.0000080711 0.0000092596 0.000009358 0.0000086386 0.0000075539 0.0000065399 0.0000055606 0.0000046454 0.0000038483 0.0000034193 0.0000031369 0.0000027583 0.0000021758 0.000001617 0.0000013558 0.0000015594 0.0000020993 0.0000026344 0.0000028627 0.0000027486 0.0000025635 0.0000026504 0.0000032058 0.0000041783 0.0000054008 0.0000065108 0.0000072093 0.000007378 0.000007109 0.0000065892 0.0000058065 0.0000048593 0.0000038676 0.0000030578 0.0000024764 0.0000020543 0.0000016942 0.0000014312 0.000001405 0.0000017483 0.0000024276 0.0000032304 0.000004167 0.0000058841 0.0000089084 0.000013165 0.0000169659 0.0000203806 0.0000220763 0.0000215395 0.0000185132
0.0000066514 0.0000069633 0.0000069031 0.0000063162 0.000005444 0.0000050167 0.0000050807 0.0000052414 0.0000048127 0.0000043607 0.0000040328 0.0000037819 0.0000032623 0.0000025495 0.0000018805 0.0000016964 0.000002212 0.0000032912 0.0000043836 0.0000048775 0.0000046349 0.0000041291 0.0000039655 0.0000045584 0.0000059724 0.0000078436 0.0000096451 0.0000105139 0.0000106258 0.0000104922 0.0000102644 0.0000095857 0.0000079123 0.0000057393 0.0000037188 0.0000023779 0.0000016158 0.0000012569 0.000001135 0.0000012131 0.0000015342 0.000002104 0.0000028439 0.0000038749 0.0000055417 0.0000083139 0.0000115834 0.000014741 0.0000162863 0.0000164711 0.0000152198 0.0000130112
0.0000049023 0.0000048254 0.0000045675 0.0000039175 0.0000033787 0.0000033257 0.0000037992 0.0000042319 0.0000044211 0.0000043799 0.0000044254 0.0000042387 0.0000037808 0.0000029299 0.0000022155 0.0000021385 0.0000030034 0.0000047346 0.0000066329 0.0000075898 0.000007372 0.0000066033 0.0000063636 0.0000070295 0.0000086391 0.0000109922 0.00001296 0.0000139177 0.000013534 0.0000136292 0.0000144286 0.000014043 0.0000117808 0.000008094 0.0000049978 0.0000029778 0.0000019778 0.0000015903 0.0000014782 0.0000014444 0.000001532 0.0000018389 0.0000024442 0.0000033878 0.0000048627 0.0000068964 0.0000092778 0.0000110234 0.0000115867 0.0000108486 0.0000094541 0.0000079289
0.0000026741 0.0000027585 0.0000025632 0.0000022418 0.0000020185 0.0000021343 0.0000025232 0.0000030031 0.0000034087 0.0000038022 0.0000040489 0.0000041053 0.0000037081 0.0000029797 0.0000023817 0.0000024699 0.0000035871 0.0000057129 0.0000081921 0.0000098196 0.0000097677 0.0000093699 0.0000094425 0.0000102054 0.0000115075 0.0000132561 0.0000150244 0.0000152171 0.0000149887 0.0000153659 0.0000165924 0.0000170294 0.0000139919 0.0000097958 0.0000060852 0.0000037727 0.0000026408 0.0000022901 0.0000021665 0.0000020103 0.0000018277 0.0000019141 0.0000024035 0.0000032792 0.0000044769 0.0000059168 0.0000073007 0.0000081471 0.0000079395 0.0000070151 0.0000058759 0.0000050087
0.0000012293 0.0000013616 0.0000013635 0.000001322 0.0000013459 0.0000014839 0.0000017268 0.0000020381 0.0000024346 0.0000028803 0.0000033034 0.0000034419 0.0000031814 0.0000026475 0.0000022909 0.000002573 0.0000037404 0.0000058385 0.0000083268 0.0000101351 0.0000109739 0.0000112592 0.0000121268 0.0000129517 0.0000133604 0.0000137173 0.0000141519 0.000014471 0.0000144285 0.0000149378 0.0000158655 0.00001569 0.0000137305 0.0000101663 0.0000069387 0.0000046731 0.0000034639 0.0000030393 0.0000030082 0.000002804 0.00000257 0.0000025447 0.0000029526 0.0000037859 0.0000047245 0.0000055933 0.000006222 0.0000063672 0.0000059491 0.0000051264 0.0000043505 0.0000040334
0.0000006537 0.0000007973 0.0000009504 0.0000011599 0.0000014019 0.0000015845 0.000001671 0.0000017375 0.0000019239 0.0000022895 0.0000026995 0.0000029043 0.0000026862 0.0000022875 0.0000020872 0.0000024315 0.0000035303 0.0000052646 0.0000073132 0.0000091988 0.0000104595 0.000011558 0.0000127061 0.0000136607 0.0000129897 0.0000120668 0.0000117383 0.0000118811 0.0000123157 0.0000125561 0.000012643 0.0000124525 0.0000115032 0.0000098646 0.0000077692 0.0000058289 0.0000043661 0.000003795 0.000003829 0.000004031 0.0000040494 0.000004047 0.000004287 0.0000048606 0.0000055231 0.0000057522 0.0000057395 0.0000055465 0.0000050622 0.0000044183 0.0000039131 0.000003979
0.0000006796 0.0000008175 0.0000010891 0.0000015793 0.0000021228 0.0000024429 0.0000023766 0.0000021694 0.0000021455 0.0000024529 0.0000028778 0.000003048 0.0000028131 0.0000023362 0.0000020297 0.0000022415 0.000003077 0.0000044219 0.0000059371 0.0000074992 0.0000089298 0.0000099188 0.0000109714 0.0000112759 0.0000106294 0.00000936 0.0000086654 0.0000087734 0.0000091183 0.0000092803 0.0000092505 0.0000093262 0.0000095635 0.0000095396 0.0000088102 0.0000070321 0.0000053195 0.0000045211 0.0000049486 0.0000059033 0.0000066317 0.0000067978 0.0000068091 0.0000069685 0.0000070457 0.000006766 0.000006136 0.0000054607 0.0000048061 0.0000040509 0.0000036085 0.0000039096
0.0000010382 0.0000011215 0.0000014541 0.0000022026 0.0000031635 0.0000036575 0.0000035297 0.0000031202 0.0000031708 0.0000037449 0.0000043868 0.0000045495 0.0000040302 0.0000031096 0.000002344 0.0000021542 0.0000026336 0.0000035091 0.0000045703 0.0000056508 0.0000065541 0.0000073418 0.0000078775 0.0000080904 0.0000075683 0.000006689 0.000006042 0.0000060028 0.0000063126 0.0000066343 0.0000069577 0.0000075665 0.000008602 0.0000096718 0.0000095484 0.0000080805 0.0000060484 0.0000052213 0.000006127 0.0000082238 0.0000099661 0.0000108424 0.0000110509 0.000011136 0.0000107681 0.0000096651 0.0000080339 0.0000063571 0.0000048721 0.0000037675 0.0000031923 0.0000034398
0.0000014307 0.0000013912 0.0000017658 0.0000026446 0.0000037637 0.0000045507 0.0000043638 0.0000042265 0.0000049223 0.0000063517 0.0000076043 0.0000076943 0.0000064527 0.0000045799 0.0000029987 0.000002288 0.0000023655 0.000002891 0.0000034864 0.0000039789 0.0000043917 0.0000048377 0.0000053436 0.0000056451 0.0000055146 0.0000049322 0.0000044315 0.0000043741 0.000004779 0.0000054068 0.0000061752 0.000007113 0.000008411 0.0000096317 0.0000099551 0.0000083563 0.0000064204 0.000005665 0.000006941 0.0000096992 0.0000128411 0.0000150673 0.0000170823 0.0000181145 0.0000174545 0.0000149172 0.0000116127 0.000008245 0.0000054976 0.000003672 0.0000028604 0.0000028872
0.0000014012 0.0000015265 0.0000019102 0.0000026856 0.0000036918 0.0000043327 0.0000046019 0.0000051101 0.0000068934 0.0000098877 0.000011959 0.0000117947 0.0000092835 0.0000061487 0.000003814 0.0000026706 0.0000024728 0.0000026925 0.0000028907 0.0000028821 0.0000029269 0.0000032908 0.0000039936 0.0000046554 0.0000048221 0.0000044107 0.0000039042 0.0000038518 0.0000043776 0.0000053202 0.0000062951 0.000007353 0.0000083778 0.0000093822 0.0000093633 0.0000081224 0.0000064176 0.0000058357 0.0000070519 0.0000099051 0.0000135196 0.0000178553 0.0000227359 0.0000262103 0.0000245365 0.0000204432 0.0000153971 0.0000104307 0.0000063007 0.000003862 0.0000028539 0.0000026972
0.000001351 0.0000015853 0.000001951 0.0000025 0.0000031452 0.0000037696 0.0000044 0.0000056573 0.0000083613 0.00001234 0.0000159025 0.0000145754 0.0000110724 0.0000073481 0.0000046606 0.0000033484 0.0000029837 0.0000029022 0.0000026829 0.0000023291 0.0000021987 0.000002632 0.0000036297 0.0000047606 0.0000051576 0.0000047458 0.0000040184 0.0000038359 0.0000044208 0.0000053877 0.0000065133 0.0000073655 0.0000083223 0.0000089731 0.0000088364 0.0000077152 0.0000064258 0.0000058777 0.0000067149 0.0000089623 0.0000125847 0.0000178241 0.0000240476 0.0000285931 0.0000268609 0.0000222978 0.0000168721 0.0000110511 0.0000065583 0.0000039879 0.0000031074 0.0000029291
0.0000015424 0.0000017961 0.0000020762 0.0000023191 0.0000027236 0.00000337 0.0000042812 0.0000059046 0.0000088196 0.0000128913 0.0000156213 0.0000150683 0.0000118346 0.0000083218 0.0000058029 0.000004442 0.000003805 0.0000033415 0.0000026843 0.0000021118 0.0000019778 0.0000025382 0.0000037752 0.0000051177 0.0000058058 0.0000051727 0.0000042535 0.0000039004 0.000004373 0.0000053721 0.0000063441 0.0000072835 0.0000081742 0.000008914 0.0000087617 0.0000078067 0.0000066616 0.0000059787 0.0000061278 0.0000075521 0.0000104921 0.0000148139 0.0000201135 0.0000231366 0.0000227015 0.0000188671 0.0000141089 0.0000094729 0.0000057112 0.0000037027 0.0000031531 0.000003256
