Models/Synthetic/Density/temp_raster_dens.asc
NCOLS 100
NROWS 100
XLLCORNER 3302900
YLLCORNER 3112000
CELLSIZE 4430
NODATA_VALUE NaN
[rows 0 to 22 of 100, columns 0 to 51 of 100]
0.000340487 0.0000384212 0.0000254316 0.0001139738 0.0000222035 0.0000386771 0.0001107215 0.0008275809 0.0001111837 0.0000120692 0.000006564 0.0000115305 0.0000522927 0.0000228929 0.0000912714 0.0000579726 0.0000712354 0.0001184722 0.0000409342 0.0000471753 0.0001877842 0.0000339214 0.000084793 0.0002191198 0.0003610833 0.0000812876 0.0000189104 0.0000055344 0.0000126626 0.00010303 0.0000210268 0.0001211542 0.0001031498 0.0001107661 0.0000271744 0.0000073392 0.000038104 0.0001795548 0.0000576763 0.0000304354 0.0000434643 0.0000160085 0.0000153712 0.0000330959 0.0000112689 0.0000176978 0.0000319611 0.000047468 0.0000555537 0.0001568451 0.0000690223 0.0002872565
0.0000964541 0.000095926 0.0001510617 0.0000325731 0.0000276779 0.0001417188 0.0001888929 0.0001415188 0.0001008914 0.0000309332 0.0000367022 0.0000471038 0.0000382895 0.0000335951 0.0001275706 0.0000889951 0.0000819754 0.0001306993 0.0003871445 0.0000473454 0.0000294624 0.0001197694 0.0000991676 0.0000627524 0.0001826793 0.0002131343 0.0000601518 0.0000390803 0.0000170357 0.0000419225 0.0000459923 0.0000322035 0.000079287 0.000235285 0.0000377585 0.0000294036 0.0000233074 0.0000616424 0.0000563643 0.0001417773 0.0000215768 0.0000197844 0.0001138456 0.0000209675 0.0000454156 0.0000591671 0.0001409451 0.0002616378 0.000089504 0.0002035007 0.0001435203 0.0001039679
0.0000862544 0.0000695294 0.0000683739 0.0000630033 0.0000447235 0.0000546784 0.0000852631 0.0000916222 0.000047441 0.0003329149 0.0000655668 0.0000202045 0.0000307877 0.0000309285 0.0000650773 0.0000663001 0.0000555615 0.0005394308 0.0001363548 0.0000881601 0.0000206175 0.0000213784 0.0000314155 0.0001097352 0.0000964213 0.0002161901 0.0003875519 0.0000681961 0.0000676145 0.0000291993 0.0000763276 0.0002084782 0.0000603904 0.0000702854 0.000151372 0.0000392214 0.0000275508 0.0000196438 0.0000712469 0.0000541289 0.0000598604 0.0000458613 0.0000499814 0.000039302 0.000053611 0.0000383973 0.0001407872 0.000048463 0.0002161161 0.0000627292 0.0000857438 0.0003455713
0.000018871 0.0000680285 0.0000507661 0.0002089687 0.000031227 0.0001260487 0.000272592 0.0001506176 0.000090994 0.0001721623 0.0000723942 0.0000401713 0.0000276926 0.0000626663 0.0000694846 0.0000946279 0.0000482896 0.0000999163 0.0000506346 0.0000573943 0.0000274003 0.0000255396 0.000045993 0.000071593 0.0000616384 0.0001252625 0.000174618 0.0004528962 0.0001713811 0.0000308301 0.0000315252 0.0000367774 0.0001936726 0.0000437879 0.0002108301 0.0000745808 0.0000419426 0.0000336086 0.0000584395 0.0003232394 0.0000382155 0.0000535297 0.0001288465 0.0001883448 0.0000635178 0.0001947709 0.0000294159 0.0000280122 0.0000347132 0.0002101458 0.0000409349 0.0000289772
0.0000196224 0.0000471612 0.0001055388 0.0000268199 0.0000386057 0.0000448352 0.0001187527 0.0001964016 0.0000898769 0.0001456376 0.0000499923 0.0000645719 0.000143542 0.0000620777 0.0001468782 0.0000310727 0.0000625173 0.0000252068 0.000056222 0.0000540401 0.0002696023 0.0000633233 0.0000419345 0.0000450948 0.0000381483 0.0000577342 0.0000679918 0.0000669678 0.0001081725 0.0000478785 0.0000559958 0.0000337005 0.0000556268 0.0000367264 0.0000442808 0.000064167 0.0000653409 0.000130182 0.0001573658 0.0000634033 0.0000892751 0.000073983 0.0000379958 0.0000730314 0.0001269526 0.0000774197 0.0000431357 0.0000262084 0.0000616734 0.000061901 0.0000303422 0.0000093447
0.0000206146 0.0001609912 0.0000336691 0.0000458595 0.0000588196 0.0002145752 0.0000793211 0.0002432325 0.0003699211 0.0004472476 0.0000826362 0.0000307626 0.0000623713 0.0000535714 0.0000365063 0.0000766659 0.0000245009 0.0001101091 0.0000869811 0.0001796529 0.0002947971 0.0000996754 0.0000580647 0.0000641094 0.0000505051 0.0001065999 0.0000475716 0.000137492 0.0000701053 0.0000473904 0.0000687246 0.0001387292 0.0000708815 0.0000451538 0.0000635445 0.0000805103 0.0003692193 0.0000627153 0.0000518195 0.0000651911 0.0001543329 0.000053619 0.0001113068 0.0000595438 0.0001225893 0.000127311 0.0000677799 0.0000643778 0.00006739 0.000187224 0.0000276442 0.0000383383
0.0000467596 0.000079658 0.0000822639 0.0001281684 0.0001996584 0.000319385 0.0000877139 0.0000617634 0.0001022679 0.0005966224 0.0001195648 0.0000383951 0.0000356962 0.000168574 0.0000431664 0.0000363424 0.0000640497 0.0000311877 0.0001784101 0.0001151777 0.0001011061 0.0000874817 0.000469358 0.0000710002 0.0002357747 0.0000442156 0.0000530704 0.0003372663 0.0001090112 0.0002477776 0.0000558568 0.0001895155 0.0000808668 0.0003584415 0.0001810751 0.0001629982 0.0000618474 0.0000713584 0.0000974635 0.0000971148 0.0000463786 0.0000663541 0.0000932596 0.0000838364 0.0000857894 0.0000634813 0.0002090826 0.000325605 0.0002391803 0.000151098 0.0000775802 0.0000334252
0.0003573187 0.0002117208 0.000073796 0.0001346212 0.000136718 0.0002756067 0.0000725208 0.000024891 0.0000723117 0.0001108428 0.000240384 0.0001563085 0.0000766034 0.0000637461 0.000070606 0.0000227818 0.0000531272 0.000038386 0.0000229463 0.0000267473 0.0000209984 0.0000758024 0.000107876 0.0000856432 0.0000679549 0.0000541223 0.0002028919 0.0000698557 0.0000447825 0.000038222 0.0000468469 0.000051724 0.0001166811 0.0000762279 0.0000972019 0.0000710045 0.0000380562 0.0000851347 0.0000453693 0.0000393971 0.000035177 0.0000245535 0.0000338169 0.0002328959 0.000082662 0.0003041867 0.0000985373 0.0000772747 0.0003226155 0.0003203123 0.0001172944 0.0000295918
0.0000588906 0.000105059 0.0000632595 0.0001687043 0.0000944385 0.0002248273 0.0000833811 0.0000345501 0.0000884042 0.0002330615 0.0000470904 0.00007377 0.0000321789 0.0000254999 0.0000318095 0.0000357452 0.0000441937 0.0000193402 0.0000242695 0.000058597 0.0000106148 0.0000193331 0.0000963889 0.0001797001 0.0000821659 0.0000515158 0.0000731778 0.0000402056 0.0000220609 0.0000163997 0.0000195225 0.0000431572 0.0000193486 0.000034883 0.0000529759 0.000016127 0.0000148216 0.0000464624 0.0002619489 0.0000726308 0.0000170194 0.0000538315 0.0000287251 0.0000350112 0.0001328973 0.0001417314 0.0000733589 0.0001805222 0.0001337957 0.000149916 0.0000494058 0.0000470962
0.0000176611 0.00009274 0.0001044967 0.0000366947 0.000076271 0.0000520676 0.0000544217 0.0000484199 0.0002782463 0.00007391 0.0000317112 0.000031812 0.0000240237 0.0001058618 0.0000298303 0.000151773 0.0000429133 0.0000404945 0.0000543305 0.0000150035 0.0000325355 0.000022691 0.0000540076 0.0001968115 0.00007208 0.0001517857 0.0000623744 0.0001211014 0.0000203513 0.0001049716 0.000041128 0.0000233673 0.0000185021 0.0000447503 0.0000509944 0.0000197271 0.0000227805 0.0000473952 0.0002419367 0.0001040445 0.0000457118 0.0000164221 0.0000774246 0.0000350205 0.0000308946 0.0000468517 0.0000594772 0.0000465175 0.0000403525 0.0000855254 0.000046837 0.0001008507
0.0000273568 0.000031388 0.0000437636 0.0001549104 0.0001380205 0.0001497899 0.0001009172 0.0000822583 0.0001536236 0.0000916829 0.0000299864 0.0000405938 0.0000812299 0.0000325248 0.0000711236 0.0000470408 0.0000591261 0.0000617919 0.0000274815 0.0000135395 0.0000265141 0.0000307394 0.0000717599 0.0003921626 0.0001233577 0.0001310807 0.0006667091 0.0000583298 0.0000299416 0.0000427414 0.0001431583 0.0000474834 0.0000529795 0.000057316 0.0000264336 0.0000302761 0.0001096977 0.0000472481 0.0001084401 0.0002899843 0.0000481204 0.0000556417 0.0000305815 0.000098819 0.0000277783 0.0000530104 0.0001501464 0.0000415161 0.0000327725 0.0000620654 0.0000864536 0.0000269641
0.0000354592 0.0001144583 0.0001028278 0.0001759549 0.0005392091 0.0014265127 0.0001371083 0.0000768945 0.0000322226 0.0000885567 0.0000787677 0.0001285755 0.0001417301 0.0000459737 0.0000528589 0.00003394 0.000119294 0.0000378335 0.0000126935 0.0000108015 0.0000279284 0.0000615384 0.0000352792 0.0000558912 0.0003062708 0.0001944864 0.0000871427 0.0001926481 0.0000402863 0.0000663854 0.0001328988 0.0000528366 0.0000642434 0.0001144926 0.0000257979 0.0000195503 0.0000359141 0.0001407241 0.0000884812 0.0000371052 0.0000303978 0.000060794 0.000230786 0.0000695475 0.0000602905 0.0001423781 0.0001719357 0.0000786294 0.0001729059 0.0000601087 0.0000776062 0.0000212439
0.0000294707 0.0000972725 0.000122137 0.0000807396 0.0001903402 0.0002291501 0.0001293565 0.0000922378 0.0000401985 0.000040948 0.0001017784 0.000081825 0.0001082473 0.0002004506 0.0001243008 0.0000560965 0.0000511774 0.0000420255 0.0000349037 0.0000289505 0.0000323734 0.0000175468 0.0000121053 0.0000496484 0.0000778532 0.0000604935 0.0000886369 0.0001025948 0.0001805157 0.0001328298 0.0000292035 0.0000453406 0.0001180453 0.0000252739 0.0000288968 0.000033457 0.0000170427 0.0000377383 0.0001169396 0.0000421663 0.0000557721 0.0001178385 0.0004349589 0.0001233843 0.0002039538 0.0002025498 0.0000548505 0.0000313706 0.0000570563 0.0000287848 0.0000574659 0.0000246868
0.0001820039 0.0000443284 0.0000300691 0.0000731145 0.0001116483 0.000379253 0.0000554926 0.0000701253 0.0001072132 0.0002573927 0.0001115918 0.0003269577 0.0001011888 0.0000810366 0.0001667332 0.0000471373 0.0000690576 0.0002361954 0.0001143134 0.000162612 0.0000975871 0.0000207843 0.0000122482 0.000017308 0.0000330518 0.0001054866 0.0000363197 0.0000703382 0.0000728166 0.000025522 0.0000206736 0.0000349344 0.0000375276 0.0000217725 0.0000257431 0.0000130878 0.0000240214 0.0000340653 0.0000552828 0.0000889014 0.0002194271 0.0006002505 0.0004045582 0.0000894497 0.0001369046 0.0004022716 0.0000456044 0.0000193767 0.0000130888 0.0000259657 0.0000305762 0.000035899
0.0000303293 0.0000704359 0.0000497562 0.000045452 0.0002282292 0.0000710511 0.0001254008 0.0000439363 0.0001010843 0.0003952138 0.0001518324 0.0001234266 0.0001317353 0.0001200095 0.0000374363 0.0000427418 0.0000527771 0.0001174422 0.0002955346 0.000098719 0.0000661774 0.0000348004 0.0001015228 0.0000138951 0.000031807 0.0001055169 0.0000884878 0.0000985065 0.0000409524 0.000008811 0.0000106085 0.0000712987 0.0000942433 0.0000325641 0.0000561173 0.0000111534 0.0000117333 0.0000696855 0.0000979732 0.0003696634 0.000535675 0.0002506874 0.0001502617 0.0003155187 0.0000997903 0.0000833603 0.0001459538 0.0000179812 0.0000172746 0.0000533323 0.0000417811 0.0000639146
0.0000199191 0.0000297991 0.0000439816 0.0000931858 0.0001073887 0.0000730105 0.0000394158 0.0000380216 0.0001236066 0.0001895172 0.00007142 0.0000671595 0.000082366 0.0001047357 0.0001042051 0.000043095 0.0001379593 0.0001734054 0.0001233669 0.0001065166 0.0000812485 0.0002098264 0.0000391524 0.0000187634 0.0000289304 0.0001995383 0.0001491645 0.0004356024 0.0000445587 0.0000133939 0.0000220141 0.0000230182 0.0000737817 0.0000334024 0.0000326346 0.0000111408 0.0000129243 0.0000390492 0.0000380805 0.000090551 0.0001411221 0.0001159578 0.0001138523 0.0000797463 0.0003671996 0.0001025334 0.0000380933 0.0000434503 0.0000390819 0.0000255719 0.000031147 0.0002423063
0.0000153986 0.0001324754 0.0000419641 0.0000324471 0.0001161151 0.0003188412 0.0001076885 0.0000445209 0.0000646663 0.0002880326 0.0000943586 0.0000508837 0.0000924626 0.0002436489 0.0000411414 0.0000439551 0.0000941763 0.0002136096 0.0000936947 0.0002143347 0.0003519352 0.0000832999 0.0000416322 0.0000204845 0.0000911535 0.0001006672 0.0003551766 0.0001606197 0.0000853496 0.0000524419 0.0000832481 0.0000360374 0.0000258081 0.0000166599 0.0000223347 0.0000476166 0.0000473246 0.0000508402 0.0000362971 0.000035109 0.0001035354 0.0000872392 0.0002765762 0.0001802112 0.0001190298 0.0000709541 0.0000853505 0.0000441583 0.0001571162 0.0000260106 0.0000248644 0.0000680025
0.0000242155 0.0000194747 0.0000200436 0.0000348434 0.0001479436 0.0002187361 0.0000765932 0.0001012665 0.0001864597 0.0002341947 0.0000808074 0.0000848128 0.0002631472 0.0000825802 0.0000547675 0.0001419248 0.0002207666 0.0000561099 0.0001414442 0.0002462375 0.0002091063 0.000110793 0.0000191146 0.0000495848 0.0000968626 0.0003115975 0.0002053653 0.0001702263 0.0000548644 0.0001731762 0.0003054744 0.000046351 0.0000415408 0.0000132104 0.0000376253 0.0001850807 0.0003010895 0.0002405813 0.0000493493 0.0002182894 0.0000660505 0.0001036091 0.0006145609 0.0001537496 0.0000420907 0.0000964035 0.0001815086 0.0000501208 0.0000332086 0.0000248214 0.0000141045 0.0000184274
0.0000167568 0.0000360157 0.0000210742 0.000045243 0.0002069282 0.0000591707 0.0000416292 0.0000506115 0.0000964418 0.0003882555 0.0002122503 0.0001100029 0.0000910747 0.0004183676 0.0000953918 0.0000868657 0.0000710592 0.0001226533 0.0001158339 0.0003252223 0.000220274 0.0000718795 0.000016527 0.0000136944 0.0000645575 0.0000588596 0.000082359 0.0000761179 0.0000678881 0.0001209443 0.0001543573 0.0001275793 0.0000176931 0.0000371866 0.0000345495 0.0000717994 0.0001001449 0.0001287288 0.0001357676 0.000132379 0.0000943649 0.0002072029 0.0001174696 0.0001677189 0.0000537056 0.0000322974 0.0000342111 0.000043403 0.0001570766 0.0000652856 0.0000174416 0.0000107947
0.0000080257 0.0000309473 0.0000209547 0.0000826226 0.0000406685 0.000031225 0.0000596484 0.0000720746 0.0000923651 0.0001289434 0.0002585771 0.0001320948 0.0001501218 0.0001142843 0.0004604005 0.0000614698 0.0000608544 0.0001467937 0.0001064606 0.0005393323 0.0001133062 0.0000592411 0.0000164483 0.0000067248 0.0000173153 0.0001241312 0.0000335203 0.0000515198 0.0000254607 0.0000431763 0.0000339022 0.0000222883 0.000029223 0.0000444313 0.000072656 0.0000305097 0.000025834 0.0000472184 0.000056784 0.0000958939 0.0005392777 0.0002027767 0.0000504497 0.0000983112 0.0000429599 0.0001424646 0.0000235146 0.0000612516 0.0002808304 0.0000647259 0.0000263041 0.0000261212
0.000015122 0.0000198552 0.0000403737 0.000095142 0.0000355613 0.0000849093 0.0000458057 0.0000463804 0.000058818 0.0000527356 0.0000621247 0.0001991273 0.0001581058 0.0001560162 0.000091797 0.0000885103 0.0001791746 0.0000716673 0.000072548 0.0000864776 0.0003388533 0.0001375255 0.0000226586 0.000009546 0.0000186696 0.0000301707 0.0000696233 0.0000151097 0.0000199209 0.0000967829 0.0000380924 0.0000157153 0.0000251514 0.0002452155 0.0000522407 0.0000233481 0.0000147614 0.0000241716 0.0000477238 0.0001817134 0.0000713145 0.0000749112 0.0000758203 0.000049063 0.0002397645 0.0000486868 0.0000448405 0.0001415269 0.0000903749 0.0000539824 0.0002465891 0.0000420448
0.000023519 0.0001305115 0.0000644523 0.0001004145 0.0001448566 0.0000528877 0.0001810371 0.0000369028 0.0000686785 0.0000466901 0.0000465305 0.0000869026 0.0002459661 0.0000713472 0.0000988295 0.0000794039 0.0003021804 0.0000540639 0.0000780391 0.0000417082 0.0000634401 0.0000416042 0.0000463495 0.0000253525 0.0000531531 0.0000353491 0.0000236625 0.0000132333 0.000060345 0.0000650355 0.0000875165 0.0000281028 0.0000583859 0.0000467499 0.0000889334 0.0000281235 0.0000734823 0.0000269822 0.0000419618 0.0000324127 0.0000412699 0.0000419927 0.0000186166 0.0000292315 0.0000325751 0.0000465888 0.0004047541 0.0000730723 0.0000650343 0.0000434082 0.0000791141 0.0000988526
0.0000375354 0.0000514155 0.000083704 0.0000520779 0.0001101167 0.0002960538 0.0001032832 0.0001150038 0.0000660881 0.0000505685 0.0002729627 0.0001560187 0.0003806176 0.0001967176 0.0000991793 0.0000653969 0.0000415689 0.0000453977 0.0000216795 0.0000198118 0.0000184849 0.0001233104 0.000034129 0.0000372562 0.0001705101 0.0000506474 0.0000397562 0.0000172457 0.0000187818 0.0000734712 0.0000384342 0.0000219072 0.0000226403 0.0000348377 0.0001139384 0.0000382718 0.0000431181 0.0000186695 0.0001060142 0.0000806108 0.0000299749 0.0000158264 0.0000283386 0.0000296359 0.0000599904 0.0000622379 0.0000658046 0.0002785759 0.0001076546 0.0000205012 0.0000226138 0.0001064199
