Models/Synthetic/Density/temp_raster_dens.asc
NCOLS 101
NROWS 101
XLLCORNER 3302900
YLLCORNER 3112000
CELLSIZE 4386.138614
NODATA_VALUE NaN
[rows 46 to 68 of 101, columns 0 to 51 of 101]
0.000026748 0.0000275903 0.0000288456 0.0000304063 0.0000318361 0.000033294 0.0000351098 0.0000369786 0.0000391158 0.000041759 0.0000449267 0.0000483952 0.0000524707 0.0000561741 0.0000600717 0.0000637879 0.0000681888 0.0000716591 0.0000749259 0.0000787493 0.0000823479 0.0000860889 0.0000862674 0.0000866242 0.0000864315 0.0000875108 0.0000843389 0.0000835854 0.0000836175 0.0000789522 0.0000763016 0.0000752981 0.0000746052 0.000073821 0.0000724838 0.0000712767 0.0000781423 0.0000692868 0.0000684313 0.0000680729 0.0000681712 0.0000683692 0.0000694389 0.0000707238 0.0000716818 0.0000675175 0.0000659312 0.0000648675 0.0000629945 0.0000607926 0.0000585961 0.0000568426
0.0000266976 0.000027498 0.0000289135 0.0000300051 0.0000317447 0.0000372919 0.0000356105 0.0000378373 0.000040218 0.0000426461 0.0000453045 0.0000487865 0.0000523248 0.0000645219 0.0000592382 0.0000626413 0.0000672086 0.00007212 0.0000738586 0.0000758648 0.0000785983 0.00008173 0.0000888369 0.0000846929 0.0000846598 0.0000838195 0.0000828919 0.0000813922 0.0000794248 0.0000767435 0.0000742344 0.0000727332 0.0000720344 0.0000700093 0.0000686696 0.00006753 0.0000668154 0.0000656505 0.000065447 0.0000709506 0.0000645854 0.0000644441 0.0000647464 0.0000647067 0.0000635546 0.0000623262 0.0000612295 0.000060532 0.0000595395 0.0000581097 0.0000566009 0.0000553771
0.000026689 0.0000274329 0.0000284952 0.0000297862 0.0000316387 0.0000337492 0.0000362016 0.0000395197 0.0000466842 0.0000434551 0.0000456496 0.0000485053 0.000051927 0.0000554771 0.0000586554 0.0000616721 0.0000655056 0.0000773082 0.000077119 0.0000730388 0.0000750981 0.000078077 0.0000807884 0.0000826198 0.0000822088 0.0000812185 0.0000801193 0.0000787695 0.0000765601 0.0000738129 0.0000713701 0.0000694354 0.0000676427 0.0000659283 0.0000645192 0.0000652993 0.0000627364 0.0000643035 0.0000619211 0.0000628138 0.0000610059 0.0000605132 0.000060802 0.0000596607 0.000058567 0.0000580778 0.0000575737 0.0000571103 0.0000561522 0.0000553644 0.0000546251 0.0000541231
0.0000268144 0.0000274493 0.0000284788 0.0000297454 0.0000313591 0.0000335296 0.0000367275 0.0000392266 0.0000432254 0.0000435624 0.0000540246 0.0000476682 0.0000508063 0.0000540757 0.000059922 0.0000601826 0.0000633157 0.0000663112 0.0000686212 0.0000701012 0.0000718491 0.0000740431 0.0000766013 0.0000840183 0.0000792275 0.0000790763 0.0000773993 0.0000757076 0.0000736304 0.0000712227 0.000068297 0.0000659055 0.0000637936 0.0000619325 0.0000606641 0.0000595235 0.0000596608 0.0000589297 0.0000589852 0.0000578865 0.0000578416 0.0000572279 0.0000568093 0.0000555993 0.0000546533 0.0000544837 0.000060488 0.0000539132 0.0000532767 0.000053031 0.0000530024 0.0000532611
0.0000271791 0.0000278824 0.0000288905 0.0000301225 0.0000315876 0.0000336346 0.0000358509 0.0000385736 0.0000408753 0.0000517583 0.0000444257 0.0000465442 0.0000491428 0.000052567 0.0000557838 0.0000582299 0.0000603471 0.000062827 0.0000648032 0.0000671543 0.0000689921 0.0000707602 0.0000724741 0.0000743443 0.0000768309 0.000075345 0.0000747718 0.000073588 0.0000708567 0.0000678116 0.0000653626 0.0000628868 0.0000607276 0.0000588245 0.0000574655 0.0000563089 0.0000560991 0.0000584821 0.0000553313 0.0000636037 0.0000547205 0.0000591325 0.0000525162 0.000051567 0.0000514772 0.0000520692 0.0000520589 0.0000517778 0.0000511389 0.0000514099 0.0000519804 0.0000528536
0.0000278728 0.0000285526 0.0000296392 0.0000306178 0.0000319336 0.0000335383 0.0000354581 0.0000375661 0.0000400879 0.0000507253 0.0000437054 0.0000455471 0.0000478881 0.000050555 0.0000532218 0.0000557282 0.0000578915 0.0000599054 0.000061905 0.0000641169 0.0000686289 0.0000672637 0.0000682849 0.0000699436 0.0000712122 0.0000716062 0.0000720361 0.0000726826 0.000067734 0.0000646193 0.0000625097 0.0000605509 0.0000586377 0.0000566124 0.0000551964 0.0000600593 0.0000532082 0.0000523963 0.0000524779 0.0000511924 0.0000513625 0.0000496992 0.0000486932 0.0000483901 0.000048773 0.0000505827 0.0000544205 0.0000496114 0.0000497368 0.0000504916 0.0000516256 0.0000529119
0.0000289111 0.000029476 0.0000302045 0.0000311328 0.0000322382 0.0000336454 0.0000352138 0.000037029 0.0000390715 0.0000413505 0.0000438302 0.0000457417 0.0000475084 0.0000491862 0.0000515535 0.0000537773 0.0000557201 0.000057395 0.0000591612 0.000061277 0.00006282 0.0000641029 0.0000649133 0.000066052 0.0000668967 0.0000675854 0.0000681215 0.0000669799 0.0000644638 0.0000617115 0.0000598189 0.0000591905 0.0000571009 0.0000554144 0.000054177 0.0000519996 0.0000502858 0.0000487418 0.0000479154 0.0000472777 0.0000464544 0.0000458781 0.0000453572 0.0000456405 0.0000489431 0.0000469823 0.0000472985 0.0000479763 0.0000488085 0.0000498197 0.0000513449 0.0000619104
0.000030364 0.0000305638 0.0000309976 0.000031628 0.0000326197 0.000033834 0.0000352097 0.0000368374 0.0000386581 0.0000410025 0.0000442774 0.0000482197 0.0000471315 0.0000484403 0.000050394 0.0000525188 0.0000539639 0.0000554182 0.0000569801 0.0000585399 0.0000599773 0.0000612443 0.0000623888 0.000063217 0.0000637452 0.0000640108 0.0000638221 0.0000629159 0.0000612985 0.0000590929 0.0000574234 0.0000559738 0.0000552053 0.0000566116 0.0000527022 0.0000505324 0.0000476754 0.0000456827 0.0000443867 0.0000435494 0.0000430966 0.0000433998 0.000043883 0.000044311 0.0000440421 0.0000441339 0.0000447279 0.0000461315 0.0000479236 0.0000495323 0.0000513134 0.0000528253
0.0000316229 0.0000317463 0.0000318515 0.0000323579 0.0000332239 0.0000343349 0.00003557 0.0000370971 0.0000477025 0.0000410609 0.0000435765 0.0000456341 0.0000471354 0.0000482198 0.0000497907 0.0000512982 0.0000527238 0.0000544347 0.0000558515 0.0000572251 0.0000582377 0.0000597989 0.0000609131 0.000061542 0.0000615416 0.0000613797 0.0000609512 0.0000601513 0.0000587558 0.0000570352 0.0000551902 0.000053705 0.0000529813 0.0000522254 0.0000514992 0.0000483706 0.0000456199 0.0000432775 0.0000417769 0.0000409092 0.0000406605 0.0000412731 0.0000440778 0.000045273 0.0000418295 0.0000419644 0.0000431863 0.0000449247 0.0000471942 0.000056265 0.0000511406 0.0000528154
0.0000323204 0.0000324798 0.0000328649 0.0000334204 0.0000342985 0.0000353554 0.0000365168 0.0000379849 0.0000397469 0.0000416554 0.000043668 0.0000457225 0.0000476269 0.0000488861 0.0000498065 0.0000507569 0.0000520169 0.0000537133 0.0000585313 0.0000563737 0.0000573521 0.0000588563 0.000060521 0.0000601782 0.0000600106 0.0000597855 0.0000594988 0.0000586546 0.0000574152 0.0000556027 0.0000537781 0.0000520591 0.000050703 0.0000497294 0.0000482713 0.0000462136 0.0000436047 0.0000415132 0.0000400517 0.0000392157 0.0000389337 0.0000394712 0.0000401148 0.0000403076 0.0000402317 0.0000406168 0.0000421101 0.0000441811 0.0000469149 0.00004968 0.0000518795 0.0000535674
0.000032931 0.000033597 0.0000342074 0.0000349725 0.0000358337 0.0000369452 0.0000380977 0.0000393739 0.0000414033 0.0000435845 0.0000449775 0.0000470993 0.0000493246 0.0000504788 0.0000500808 0.0000508098 0.0000520167 0.0000535911 0.0000547074 0.0000559375 0.000057143 0.0000580923 0.0000587328 0.0000591247 0.0000590094 0.0000590095 0.0000586951 0.000058414 0.0000566115 0.0000549719 0.0000530079 0.0000510391 0.0000493221 0.0000477433 0.0000460178 0.0000440665 0.0000420914 0.0000403499 0.0000391031 0.0000383217 0.0000379229 0.000037757 0.0000377666 0.0000379458 0.000038477 0.000039603 0.0000413389 0.0000436249 0.000046313 0.0000496047 0.0000545234 0.0000541788
0.0000346852 0.0000353252 0.0000362358 0.0000365467 0.0000375317 0.0000388864 0.0000401935 0.0000414636 0.0000432721 0.0000488102 0.000046392 0.0000479819 0.0000514132 0.0000501492 0.0000504322 0.0000512105 0.0000524619 0.0000536831 0.0000544482 0.0000554004 0.0000565326 0.000057271 0.000057957 0.0000584235 0.0000586571 0.0000585423 0.0000584233 0.0000572887 0.0000560758 0.0000546388 0.0000530552 0.0000510579 0.0000490469 0.0000466541 0.0000446436 0.0000427917 0.0000414723 0.0000401363 0.0000391383 0.0000381168 0.0000375854 0.0000371455 0.0000368542 0.0000368911 0.0000374751 0.0000387499 0.0000407291 0.0000430403 0.000045717 0.0000486626 0.0000512084 0.0000539809
0.0000387451 0.0000370048 0.0000372993 0.0000382771 0.0000393064 0.0000406975 0.0000425012 0.0000443894 0.0000452847 0.0000461566 0.0000506851 0.0000482842 0.0000490492 0.0000500448 0.000050664 0.0000517716 0.000053455 0.0000548535 0.0000556341 0.0000558313 0.0000561607 0.0000572223 0.000058113 0.0000588755 0.0000588111 0.0000586579 0.0000579967 0.0000570416 0.0000560168 0.0000547021 0.0000534309 0.0000544038 0.0000491178 0.0000463899 0.0000442167 0.0000424054 0.0000412741 0.0000464716 0.0000393745 0.0000384415 0.0000378336 0.0000372027 0.0000366643 0.0000365055 0.0000369493 0.0000381697 0.0000400699 0.0000424921 0.0000448478 0.0000472797 0.0000498836 0.000053078
0.000038396 0.0000389247 0.0000391536 0.0000401008 0.0000499115 0.0000424416 0.0000443849 0.0000474689 0.0000471907 0.0000477749 0.0000480552 0.0000488269 0.0000493396 0.0000502788 0.0000513802 0.0000528001 0.0000544178 0.0000608036 0.0000584228 0.0000566859 0.0000568648 0.0000575752 0.0000593583 0.0000594086 0.0000599194 0.000059658 0.0000593326 0.0000579263 0.000057356 0.0000636732 0.0000545805 0.0000520494 0.0000497288 0.000046953 0.0000447259 0.0000428905 0.0000418036 0.0000407549 0.0000399813 0.0000390232 0.0000383666 0.0000375523 0.000036857 0.0000365465 0.0000368295 0.0000378541 0.0000400211 0.0000422202 0.0000445975 0.0000466223 0.0000493025 0.0000523054
0.0000401878 0.0000407672 0.0000492647 0.000042204 0.0000430242 0.0000443554 0.0000461576 0.000048093 0.0000510065 0.0000496552 0.0000497459 0.0000502393 0.0000508213 0.0000517371 0.0000527599 0.0000543808 0.0000636887 0.0000570159 0.0000575293 0.0000592046 0.0000578093 0.0000584547 0.0000594397 0.0000602773 0.0000608883 0.0000665195 0.0000605278 0.0000627099 0.0000586361 0.0000593161 0.0000557816 0.0000534896 0.0000509773 0.0000486303 0.0000461397 0.0000442592 0.0000427665 0.0000416077 0.0000406143 0.0000397671 0.000038906 0.0000380481 0.0000373023 0.0000369434 0.0000371254 0.0000379817 0.0000398899 0.0000454458 0.000044637 0.0000468792 0.0000492178 0.0000522148
0.0000428556 0.0000434678 0.0000439783 0.0000446721 0.0000453681 0.0000465454 0.0000480042 0.0000499595 0.0000514356 0.0000522803 0.0000526627 0.0000527212 0.0000531351 0.0000538386 0.0000635589 0.0000560699 0.0000582634 0.0000575719 0.0000580058 0.0000586826 0.0000593267 0.0000597334 0.0000604552 0.0000612765 0.0000620403 0.0000620363 0.0000619846 0.0000604934 0.0000598082 0.0000585965 0.0000579679 0.0000552768 0.0000544234 0.0000510759 0.0000486 0.0000463322 0.0000449535 0.0000435177 0.0000421518 0.0000407027 0.0000396582 0.0000387416 0.0000380319 0.0000377279 0.0000379298 0.0000386481 0.0000402647 0.0000423622 0.0000470694 0.0000468166 0.0000494566 0.0000520519
0.0000461679 0.0000465613 0.0000470261 0.0000476059 0.0000483929 0.0000493907 0.0000506191 0.0000519909 0.0000534615 0.0000551312 0.000055286 0.0000556642 0.0000560275 0.0000565809 0.0000570932 0.0000580106 0.0000585293 0.0000590586 0.0000593191 0.0000601035 0.0000613737 0.0000618795 0.0000624306 0.0000626943 0.0000630107 0.0000630405 0.0000624352 0.0000615138 0.0000604364 0.0000596217 0.0000588235 0.0000576271 0.0000559803 0.0000551685 0.0000512236 0.0000489806 0.000047394 0.0000465893 0.0000437638 0.000042043 0.0000408047 0.0000398479 0.0000390948 0.0000389064 0.0000393859 0.0000400118 0.0000408848 0.0000423951 0.0000442689 0.0000467317 0.0000490817 0.0000517854
0.0000504143 0.0000507442 0.0000510727 0.0000515048 0.0000521506 0.0000529736 0.0000539071 0.0000549503 0.0000562375 0.0000573236 0.0000582086 0.0000587488 0.0000592982 0.00005965 0.0000599548 0.0000602978 0.0000607194 0.0000611134 0.0000616108 0.000062372 0.0000634481 0.0000653893 0.0000650389 0.0000650763 0.0000648248 0.0000646761 0.0000641531 0.0000632078 0.0000621539 0.0000611228 0.0000604949 0.0000633222 0.0000582963 0.000056178 0.0000542148 0.0000519625 0.0000500972 0.0000478314 0.0000455569 0.0000435745 0.0000424634 0.0000412598 0.0000405643 0.0000405064 0.0000410514 0.0000422064 0.0000424097 0.0000434969 0.0000449933 0.0000466626 0.0000486767 0.000051455
0.0000557318 0.0000561344 0.0000562423 0.0000565562 0.0000568714 0.0000574832 0.0000580939 0.0000587957 0.0000597084 0.0000606483 0.000061765 0.0000624765 0.0000630765 0.000063265 0.0000638505 0.0000639879 0.0000641631 0.0000644354 0.000064887 0.0000654645 0.0000661161 0.0000672099 0.0000697183 0.0000677131 0.0000673751 0.0000671863 0.0000666347 0.0000657325 0.000064654 0.0000636308 0.0000630589 0.0000621402 0.000061226 0.000059651 0.0000576507 0.0000552427 0.0000526551 0.0000498484 0.0000473137 0.000045438 0.0000441137 0.0000432357 0.0000426717 0.0000425443 0.0000429897 0.0000434612 0.0000440593 0.0000518698 0.0000500112 0.000046909 0.0000482853 0.0000503712
0.0000618901 0.0000620334 0.0000700913 0.000062453 0.0000626832 0.0000630579 0.0000632628 0.0000635296 0.0000641999 0.000065083 0.0000658426 0.0000733758 0.0000672238 0.0000675429 0.0000685953 0.0000733834 0.0000684372 0.0000682585 0.0000704187 0.0000691049 0.0000693375 0.0000702171 0.0000706507 0.000070862 0.0000707616 0.0000706259 0.000070097 0.0000690963 0.0000680919 0.0000671313 0.0000662312 0.0000654674 0.0000650056 0.0000644877 0.000062743 0.0000582607 0.0000550529 0.0000522066 0.0000496662 0.0000477576 0.0000465737 0.0000462558 0.0000461264 0.0000457695 0.0000451712 0.0000450447 0.0000464815 0.0000459804 0.000046328 0.0000469807 0.0000480115 0.0000500522
0.0000684107 0.0000688717 0.0000690573 0.0000694508 0.0000694728 0.0000694501 0.0000691886 0.000068971 0.0000692742 0.000078623 0.0000703117 0.0000706158 0.0000714628 0.0000732525 0.0000734137 0.000077139 0.0000733556 0.000073162 0.0000735772 0.0000739013 0.0000739777 0.000074302 0.0000739717 0.0000742968 0.000074675 0.0000750129 0.0000740925 0.000073303 0.0000724061 0.0000715343 0.0000707738 0.000070101 0.000069612 0.0000695 0.0000651483 0.0000614626 0.0000578709 0.0000549643 0.0000526041 0.0000508981 0.0000502166 0.000049989 0.0000510698 0.0000549246 0.0000475968 0.000046998 0.0000468281 0.0000468117 0.0000470157 0.00004754 0.0000485752 0.0000500626
0.0000765408 0.000077094 0.0000772693 0.0000770081 0.0000769978 0.0000759633 0.0000755995 0.000075184 0.0000751468 0.00007464 0.0000748496 0.0000746843 0.0000756262 0.0000769956 0.0000788989 0.00007768 0.0000777551 0.0000799135 0.0000781942 0.0000785626 0.0000826715 0.0000789803 0.0000784089 0.0000781857 0.0000793333 0.000079135 0.0000787271 0.0000777477 0.0000774494 0.0000763772 0.00007555 0.0000754 0.0000739468 0.0000713991 0.0000686304 0.0000648355 0.0000613281 0.0000584046 0.0000561786 0.0000550432 0.0000545016 0.0000555828 0.0000533189 0.0000519026 0.0000504512 0.0000493574 0.000049101 0.0000488675 0.0000490267 0.0000560923 0.0000496425 0.0000506667
0.0000861181 0.0000936376 0.0000869121 0.0000852878 0.0000839835 0.0000827826 0.0000820292 0.0000847217 0.0000805912 0.0000796911 0.0000791756 0.0000793836 0.0000798604 0.0000814536 0.0000825524 0.0000816909 0.0000817064 0.000082217 0.0000824766 0.0000836898 0.0000834828 0.0000847068 0.0000825491 0.0000821063 0.0000826893 0.0000854854 0.0000827378 0.0000824928 0.000082096 0.0000815311 0.0000803117 0.0000789431 0.0000770937 0.0000748674 0.000072316 0.000068829 0.0000654315 0.0000625567 0.0000603877 0.0000592822 0.0000609148 0.0000581552 0.0000568608 0.0000553577 0.0000538697 0.000052935 0.0000524435 0.000052451 0.0000518214 0.0000514305 0.0000515475 0.0000519417
