Models/Synthetic/Density/temp_raster_dens.asc
NCOLS 100
NROWS 100
XLLCORNER 3302900
YLLCORNER 3112000
CELLSIZE 4430
NODATA_VALUE NaN
[rows 0 to 22 of 100, columns 0 to 51 of 100]
0.0001367629 0.0001955325 0.0003021506 0.0004277208 0.0005756116 0.0007020459 0.0006772649 0.0006355188 0.0006157957 0.0003455964 0.0002162937 0.0001308766 0.0000673232 0.0000362012 0.0000186817 0.0000101667 0.0000034342 0.0000018511 0.0000012299 0.0000009121 0.0000007075 0.0000005613 0.0000004576 0.000000378 0.0000003089 0.0000002454 0.0000001952 0.0000001784 0.0000002374 0.0000004626 0.000001021 0.0000021901 0.0000044657 0.0000091942 0.0000220279 0.0000686621 0.0000368485 0.0000359281 0.0000386473 0.0000406933 0.0000458998 0.0000655755 0.0000357322 0.0000218611 0.0000142285 0.000009178 0.0000056097 0.0000032058 0.0000016862 0.0000008073 0.0000003498 0.0000001376
0.0001701993 0.0002439683 0.0004900114 0.0005160251 0.0005994926 0.0006843403 0.0007269683 0.0006787953 0.0004939888 0.0003570369 0.0002498621 0.0001430164 0.0000790334 0.0000433468 0.0000925014 0.0000128993 0.0000055186 0.0000035568 0.000002689 0.0000021021 0.0000015933 0.0000012129 0.000000956 0.0000007864 0.0000006416 0.0000005068 0.0000003955 0.0000003435 0.0000004264 0.0000008103 0.000001832 0.0000040134 0.0000081566 0.000016001 0.0000318337 0.0000452556 0.0000576128 0.0000631312 0.0000694785 0.0000721896 0.0000740288 0.0000670481 0.0000550579 0.0000372923 0.0000247898 0.0000156579 0.0000094544 0.0000053426 0.0000027761 0.0000013099 0.0000005603 0.0000002182
0.0002006819 0.0002683903 0.0003967076 0.0005360227 0.0006467342 0.0007906925 0.0006985275 0.0007001984 0.0005168363 0.0003637311 0.0002428536 0.0001585537 0.0000898889 0.0000523445 0.0000297559 0.0000181532 0.0000103785 0.0000082281 0.0000070811 0.0000055887 0.0000041404 0.000002966 0.0000023506 0.0000019411 0.0000015823 0.0000012405 0.0000009426 0.0000007592 0.0000008348 0.000001489 0.0000034123 0.0000078747 0.0000162579 0.0000305136 0.0000527779 0.000077421 0.0001042351 0.0001275982 0.0001480601 0.0001571092 0.0001493186 0.0001307237 0.0001024575 0.0000752893 0.0000487694 0.0000303942 0.0000181599 0.0000101231 0.0000051096 0.0000023167 0.00000094 0.0000003555
0.000208594 0.000261422 0.0003792815 0.0005591406 0.0006261374 0.0007078193 0.00069539 0.0005687952 0.0005317012 0.0003595076 0.0003065236 0.0001614485 0.000103608 0.0000657066 0.000038412 0.0000265533 0.0000207521 0.0000191189 0.0000167011 0.0000137788 0.0000093358 0.0000070083 0.0000056786 0.0000047256 0.0000038805 0.000003057 0.0000022823 0.0000016969 0.0000016121 0.0000025792 0.0000058292 0.0000137255 0.0000299853 0.0000558937 0.0000955798 0.0001495026 0.0001899491 0.0002466797 0.0002948241 0.0003430091 0.0003337115 0.0002610137 0.0002127985 0.0001487119 0.0000924102 0.0000579071 0.0000352815 0.0000194995 0.0000095585 0.0000038912 0.0000015099 0.0000005561
0.0001932626 0.0002348075 0.0003185796 0.0004990247 0.0006061686 0.0006680149 0.0005691941 0.000508621 0.0004202486 0.0003202037 0.0002249116 0.0001604917 0.0001691564 0.0000815709 0.0000608268 0.0000496618 0.000042208 0.0000351402 0.0000349519 0.0000254011 0.0000196015 0.0000157144 0.0000130267 0.000010988 0.0000093709 0.0000077813 0.0000056454 0.0000038341 0.0000029507 0.0000041514 0.0000089542 0.0000211157 0.0000464096 0.000094782 0.000160042 0.0003077469 0.0003150846 0.0004106053 0.0005588939 0.0005609373 0.000582853 0.0004708626 0.0004468031 0.0002549897 0.0001607871 0.0001061781 0.000066264 0.0000385436 0.0000154172 0.0000060024 0.0000022592 0.0000008183
0.00015602 0.0002189945 0.0002695093 0.0003557245 0.0004672784 0.000446348 0.0004392018 0.000553881 0.0003584837 0.0002871893 0.0002063558 0.0001588794 0.0001265145 0.0001080598 0.000094115 0.000095488 0.0000729223 0.0000600274 0.0000504868 0.0000446018 0.0000382693 0.0000336663 0.0000273375 0.0000229602 0.0000228995 0.0000195244 0.0000149806 0.0000073137 0.0000050641 0.000006254 0.0000126275 0.0000290707 0.0000645127 0.0001301257 0.000274925 0.0004140774 0.000484531 0.0006223465 0.0007674379 0.0009431175 0.0008546968 0.0008326968 0.0005840046 0.0004001285 0.0002537765 0.000162489 0.0001263107 0.0000533042 0.000021928 0.0000083731 0.0000031395 0.000001127
0.0001189473 0.0001500159 0.0002234264 0.0003505436 0.0003067245 0.0003222629 0.0003218996 0.0003616082 0.0002924291 0.0002642149 0.0001994807 0.0001655588 0.0001542387 0.0001501483 0.0001478383 0.0001363055 0.0001176556 0.0000967005 0.0000799089 0.0000709521 0.0000724365 0.0000630442 0.0000539865 0.0000421847 0.0000388356 0.0000535826 0.0000233649 0.0000123469 0.0000080735 0.0000088964 0.0000166742 0.0000374206 0.0000819972 0.0001706535 0.0003118202 0.0005837233 0.0006826562 0.000895552 0.0010652135 0.0012841543 0.0012672449 0.0011397817 0.0008382431 0.0005672217 0.0003594344 0.0002224066 0.0001244603 0.0000653933 0.0000270364 0.0000107285 0.0000040515 0.0000014491
0.0000825483 0.0001018642 0.000139185 0.0001794097 0.0002203847 0.0002120642 0.0002125615 0.0002111214 0.0002147208 0.0002175788 0.0002098742 0.0002093997 0.0002189942 0.0002283757 0.0002290736 0.0002109929 0.0001798331 0.0001506796 0.0001275197 0.0001145169 0.0001075544 0.0001175983 0.0000849768 0.0000695958 0.000060614 0.0000478142 0.0000331352 0.0000183615 0.0000119922 0.00001199 0.0000209282 0.0000458876 0.000100329 0.0002038765 0.0003942592 0.000635741 0.0009065446 0.0011789034 0.0014243998 0.0014877325 0.0016058924 0.0014697807 0.0012173779 0.0007679914 0.0004448998 0.0002584094 0.000139776 0.0000688111 0.0000311962 0.0000127331 0.0000048613 0.0000017365
0.0000492762 0.0000606454 0.0000791157 0.0001033752 0.0001206779 0.0001333232 0.000135015 0.0001422924 0.000159293 0.0001998836 0.000249808 0.0003055498 0.0003162529 0.0003444074 0.0003535246 0.000316337 0.0002666918 0.0002256965 0.0001985735 0.0001725886 0.0002533606 0.0001468099 0.0001270607 0.0001021038 0.0000851698 0.0000615558 0.0000409342 0.0000255324 0.0000165995 0.000015306 0.0000248313 0.0000565006 0.0001190087 0.000241312 0.000432939 0.0008215604 0.0012783954 0.0013635888 0.00163982 0.0017072146 0.0017688784 0.0015209667 0.0011828669 0.0008172161 0.0005062532 0.0002863368 0.0001531797 0.0000756796 0.0000342504 0.0000141612 0.0000054271 0.0000019375
0.0000258578 0.0000324137 0.0000420929 0.0000530973 0.0000640741 0.0000763495 0.0001056104 0.0001007045 0.00012959 0.0002030596 0.0004247673 0.0003691194 0.0004267001 0.000543628 0.0004922586 0.0004320228 0.0003778772 0.0003163589 0.0002772552 0.0002549162 0.0002322846 0.0002657133 0.0001720288 0.0001427941 0.0001084399 0.0000791718 0.000052644 0.0000331339 0.0000213671 0.0000185339 0.0000279166 0.0000606711 0.0001832199 0.0002547193 0.0005109798 0.0007273218 0.0010288646 0.0014693178 0.0017658251 0.0017869733 0.001859403 0.0017512303 0.0013190467 0.0008403324 0.0005203131 0.0003068777 0.0001669333 0.0000836182 0.0000363442 0.0000147821 0.0000056517 0.0000020148
0.0000122938 0.0000157627 0.0000204727 0.0000260871 0.0000328736 0.0000446013 0.0000570665 0.0000824389 0.0001208575 0.0002039763 0.0003719529 0.0004216022 0.000659819 0.0005786594 0.0006244811 0.0006605421 0.000443248 0.000396158 0.0004346795 0.0003314017 0.0003040707 0.0002562408 0.0002598508 0.0001784549 0.0001313823 0.0000943179 0.0000635936 0.0000398363 0.0000255291 0.0000213892 0.0000300895 0.0000614114 0.0001216447 0.0002387066 0.0004923528 0.0006984169 0.0009195393 0.001277874 0.0016931964 0.0016740064 0.0017496336 0.0016556016 0.0012391297 0.0008646524 0.0005218565 0.0003173787 0.0001911583 0.0000898889 0.0000365692 0.0000146349 0.0000055011 0.0000019557
0.0000054288 0.000007109 0.0000094213 0.0000124944 0.0000171264 0.0000245326 0.0000385633 0.0000684031 0.0001549889 0.0001917854 0.0003226537 0.0004675501 0.0006053863 0.0006029445 0.0006127948 0.000567245 0.0005155363 0.0004346584 0.0004690794 0.0004100214 0.000318442 0.0003434078 0.0003411734 0.0001997434 0.0001472359 0.0001048822 0.0000696101 0.0000438937 0.0000282753 0.0000238903 0.0000324129 0.0000582909 0.0001109652 0.0002102884 0.0003547519 0.0005523106 0.0007948731 0.0010646719 0.0014427942 0.0013909139 0.0015071631 0.0013058095 0.0010509368 0.000695481 0.0004731343 0.0002820329 0.0002634002 0.0000873022 0.0000379077 0.0000135395 0.0000050046 0.0000017732
0.0000022727 0.000003062 0.0000042444 0.0000061217 0.000009466 0.0000161115 0.0000300256 0.0000612686 0.0001135291 0.000188426 0.0002744602 0.0003781351 0.000489724 0.0005559399 0.0006622979 0.0007254195 0.0005148136 0.0004208194 0.0003741193 0.0003718496 0.0003217515 0.0002719945 0.0002366287 0.0002038744 0.00014863 0.0001043742 0.0000698128 0.0000439278 0.0000290897 0.0000292028 0.0000390029 0.00006441 0.00010877 0.0001908431 0.0003802522 0.000532572 0.0007262933 0.0009344811 0.0009988194 0.0011511754 0.0011588225 0.0009450277 0.0007519426 0.0006126652 0.0003803286 0.0002897634 0.0001319458 0.0001156891 0.0000325478 0.0000116348 0.0000042319 0.0000014991
0.0000009229 0.0000013023 0.0000019662 0.0000032448 0.0000059469 0.0000118463 0.0000245425 0.0000500136 0.0000987235 0.0002100907 0.0002378566 0.0003118155 0.0003980746 0.0005226594 0.0005030907 0.0005161526 0.0005050567 0.000370164 0.0003199609 0.0003027479 0.0002743667 0.0002379219 0.0002079457 0.0001752212 0.0001362447 0.000096402 0.0000637032 0.0000406305 0.0000279515 0.0000304797 0.0001101617 0.0000737167 0.0001149504 0.0001834911 0.0002947039 0.0004977176 0.0005850083 0.0007285824 0.0007779647 0.0008016089 0.0007832774 0.0007247569 0.0005763984 0.0004322589 0.0002764931 0.0001643209 0.0000948336 0.0000495633 0.0000254167 0.0000089446 0.0000033058 0.0000011784
0.0000003749 0.0000005711 0.0000009846 0.0000019129 0.000004058 0.0000089027 0.0000192511 0.0000399477 0.000080325 0.000132103 0.0001959138 0.000255972 0.0003122203 0.0003477513 0.0003735095 0.0003620534 0.0003969251 0.000377011 0.0002531516 0.0002288055 0.000240184 0.0001884329 0.0001663365 0.0001437765 0.0001161027 0.000082392 0.0000548682 0.0000348109 0.0000253877 0.0000306566 0.0000487782 0.0001133429 0.0001159424 0.0001689932 0.0002524387 0.0003725906 0.0004291935 0.000516199 0.0005061532 0.0004915014 0.0005009424 0.0004164799 0.0003377501 0.0002537565 0.0003499575 0.0001089931 0.0000607904 0.0000313096 0.000014678 0.0000062652 0.0000023777 0.0000008622
0.0000001591 0.00000027 0.000000543 0.0000012102 0.0000028043 0.0000064171 0.000014056 0.0000290433 0.0000545345 0.0000927076 0.0001451792 0.0002190335 0.0002149966 0.0002312948 0.0002461337 0.0003070792 0.000235993 0.0002469549 0.0002253406 0.0001654519 0.0001451742 0.0001332479 0.0001219658 0.0001161105 0.0000881062 0.0000658079 0.0000428728 0.0000279543 0.0000223755 0.0000291849 0.0000502539 0.0000759211 0.0001086789 0.0001483911 0.0002943561 0.0002635135 0.0003628388 0.0003199596 0.0003501104 0.000294197 0.0002693655 0.0002390856 0.000190614 0.0001443614 0.0001036843 0.0000714779 0.0000395111 0.000020334 0.0000094022 0.0000040196 0.0000015997 0.0000005988
0.0000000737 0.0000001403 0.0000003207 0.0000007763 0.0000018677 0.0000043142 0.0000093952 0.0000190153 0.0000354647 0.0000608574 0.0000954777 0.00012199 0.0001397881 0.0001458149 0.0001646996 0.0001626979 0.000156709 0.0001368526 0.0001885116 0.0001148653 0.0000917345 0.0000835452 0.0000839722 0.0000763907 0.0000643279 0.0000435782 0.000030074 0.0000207418 0.0000191533 0.0000298122 0.0001222881 0.0001438194 0.0000984996 0.0001342542 0.0001685154 0.0002043158 0.0002283888 0.0002120369 0.0001861692 0.0001715471 0.0002839244 0.0001552191 0.0001055278 0.0000779043 0.00005679 0.0000389545 0.0000242415 0.0000126073 0.0000059251 0.0000025809 0.0000010697 0.0000004267
0.0000000379 0.0000000789 0.0000001943 0.0000004859 0.000001175 0.0000026893 0.000005762 0.0000114787 0.0000211204 0.0000349823 0.0000528828 0.0001512623 0.0000793211 0.0000855424 0.0000960499 0.0001851906 0.0000901204 0.0000796992 0.0000742438 0.0000666125 0.0000559982 0.0000495522 0.0000502048 0.0000773162 0.0000387827 0.0000261952 0.000018381 0.0000144598 0.0000158901 0.0000272497 0.0000489012 0.0000597757 0.0000844462 0.0002107103 0.0001804255 0.0001395456 0.0001395854 0.0001726516 0.000111025 0.0000977073 0.0000892818 0.0000768619 0.0000585216 0.0000418079 0.000030477 0.0000213025 0.0000136146 0.0000077834 0.0000039222 0.0000018581 0.0000008501 0.0000003803
0.0000000219 0.0000000473 0.000000119 0.0000002964 0.0000007043 0.0000015755 0.0000032951 0.0000064004 0.000011362 0.0000182559 0.0000280287 0.000035972 0.0000423812 0.0000454689 0.000055004 0.00005529 0.0000530391 0.0000432239 0.0000396438 0.0000357431 0.000031063 0.000027752 0.0000293921 0.0000270584 0.0000231483 0.0000147723 0.0000111951 0.0000100214 0.0000124296 0.0000206069 0.0000306659 0.0000442824 0.0000655435 0.0000865432 0.000098506 0.0000961807 0.0000922355 0.000083062 0.0000715811 0.0000569264 0.0000479469 0.0000400846 0.0000323468 0.0000252423 0.0000190489 0.0000139037 0.0000095573 0.0000061035 0.0000036204 0.0000020104 0.0000010484 0.0000005162
0.0000000148 0.0000000317 0.0000000777 0.0000001869 0.0000004268 0.0000009167 0.0000018406 0.0000034227 0.0000058455 0.0000091219 0.0000129567 0.0000167934 0.0000200194 0.0000225783 0.0000240531 0.0000246563 0.0000241355 0.0000233249 0.0000220435 0.0000202761 0.0000179652 0.0000159909 0.0000145303 0.0000133418 0.0000115704 0.0000097086 0.0000082176 0.0000080556 0.0000099629 0.0000142502 0.0000212523 0.0000308569 0.0000425692 0.0000540407 0.0000617481 0.0000635081 0.0000602136 0.0000541572 0.0000469801 0.0000404014 0.0000350445 0.0000308821 0.0000272301 0.0000236189 0.000019766 0.0000157113 0.0000120041 0.0000087817 0.0000062267 0.0000038374 0.0000020823 0.0000009026
0.0000000131 0.0000000267 0.0000000623 0.0000001418 0.0000003056 0.000000618 0.000001167 0.0000020468 0.0000033178 0.0000049553 0.0000068097 0.0000086255 0.0000101342 0.0000111548 0.000011698 0.0000119505 0.0000122407 0.000012795 0.0000135009 0.0000134596 0.0000126357 0.0000114316 0.0000107659 0.0000104856 0.0000101778 0.0000096414 0.0000090606 0.0000088494 0.0000095066 0.0000115467 0.0000153778 0.0000211523 0.0000283613 0.000035625 0.0000408509 0.0000429356 0.0000421962 0.0000402739 0.0000385923 0.000037891 0.0000382415 0.0000387862 0.0000387279 0.0000368502 0.0000330251 0.0000272733 0.0000214208 0.0000198608 0.0000154203 0.0000110639 0.0000038493 0.0000016361
0.0000000153 0.00000003 0.0000000677 0.0000001486 0.000000307 0.0000005928 0.0000010655 0.0000017763 0.0000027388 0.0000038965 0.000005109 0.000006177 0.0000069106 0.0000072184 0.0000071771 0.0000070532 0.0000072605 0.0000081944 0.0000097272 0.000011251 0.0000114447 0.0000117523 0.0000126118 0.0000137298 0.0000144359 0.0000144456 0.0000139026 0.0000131241 0.0000123995 0.0000121829 0.0000130012 0.0000152923 0.0000189179 0.0000230898 0.0000268437 0.0000297279 0.0000323753 0.0000359574 0.0000414824 0.0000488467 0.0000571537 0.0000681862 0.000072127 0.0000715415 0.0000614855 0.0000511527 0.0000393614 0.0000325282 0.0000497815 0.0000160521 0.0000064962 0.0000027965
0.0000000207 0.0000000401 0.0000000901 0.0000001971 0.0000004052 0.0000007775 0.0000013864 0.0000022888 0.000003486 0.0000048814 0.0000062637 0.0000073467 0.0000078692 0.0000077254 0.000007055 0.0000062547 0.000005894 0.0000064831 0.0000081621 0.0000101825 0.0000124958 0.0000152486 0.000018711 0.0000219186 0.0000237787 0.0000241145 0.0000235816 0.0000222424 0.0000201088 0.0000169466 0.0000142216 0.0000128825 0.0000135102 0.000015522 0.0000186064 0.0000231028 0.0000301339 0.0000415951 0.0000576013 0.0000772189 0.0000980232 0.0001183133 0.0001713988 0.0001244377 0.0001097658 0.000089453 0.0000678581 0.0000516514 0.000035252 0.0000223832 0.0000096728 0.0000044945
