Models/Synthetic/Density/temp_raster_dens.asc
NCOLS 100
NROWS 100
XLLCORNER 3302900
YLLCORNER 3112000
CELLSIZE 4430
NODATA_VALUE NaN
[rows 23 to 45 of 100, columns 0 to 51 of 100]
0.0001220329 0.0001014055 0.0001245106 0.0001297057 0.000075776 0.0000646688 0.0000854696 0.0000922923 0.0000592436 0.0000421398 0.0000388233 0.0000736862 0.0000493514 0.0000508658 0.0000583818 0.0000602235 0.0000545435 0.0000400408 0.0000639632 0.0001273028 0.000155135 0.0001370305 0.0000861981 0.0000379291 0.0000190183 0.0000207381 0.0000209818 0.0000364435 0.0000600477 0.000114519 0.0001854371 0.0005179677 0.0001788746 0.0000698047 0.0000314621 0.0000586869 0.0000373197 0.0000388086 0.0000276031 0.0000118077 0.0000131725 0.0000304869 0.0000539421 0.0000610065 0.0000809797 0.0000599981 0.0000519391 0.0000400924 0.0000592263 0.0001068394 0.0002067242 0.0003311296
0.0001138431 0.0001630056 0.0001906565 0.0001555456 0.0000752594 0.0000637606 0.0000748701 0.0000554527 0.0000505178 0.0000310084 0.0000339865 0.000039156 0.0000401029 0.0000316867 0.0000368129 0.0000227428 0.0000225831 0.0000466124 0.0000341481 0.0000523158 0.0000879998 0.0001548155 0.0001525483 0.000081171 0.0000452187 0.0000318563 0.0000400373 0.0000748765 0.0001172281 0.0001338022 0.0001768959 0.0001634213 0.0001520399 0.0000535493 0.0000341644 0.0000420069 0.0000555077 0.0000305341 0.0000194067 0.0000222084 0.0000162615 0.0000323788 0.0001102704 0.000049339 0.0000385845 0.0000513702 0.0000601953 0.0000589798 0.0000414883 0.000063323 0.0001558401 0.0002823358
0.0001420822 0.0002192322 0.000384352 0.0002103896 0.0000711421 0.0000492858 0.0000423897 0.0000504067 0.0000265555 0.0000284374 0.0000220121 0.0000253008 0.0000413001 0.000045394 0.0000217339 0.0000126938 0.0000128467 0.0000158115 0.0000268193 0.0000522107 0.0000897157 0.0001852568 0.0002550454 0.000175931 0.0001166832 0.0000579344 0.0000624867 0.0001256523 0.0001922467 0.0001157866 0.000110843 0.0000630132 0.0000455772 0.000040329 0.0000372018 0.000057491 0.000045382 0.0000374194 0.0000198325 0.0000163811 0.0000214205 0.0000322157 0.0000384552 0.0000383233 0.0000363058 0.0000651657 0.0001326995 0.0000714666 0.0000577161 0.0001003673 0.0000911794 0.000126273
0.0001656021 0.0002188714 0.0002328464 0.000143348 0.0000714454 0.0000316495 0.0000202073 0.0000156398 0.0000273296 0.0000147367 0.0000205431 0.0000183024 0.0000220522 0.0000333009 0.0000177317 0.0000109544 0.0000102091 0.0000144155 0.0000262565 0.0000718683 0.0001095553 0.0001577662 0.0002401076 0.0003452969 0.0001691495 0.0000758461 0.0001035478 0.0001157636 0.0001492309 0.0000961322 0.0000493453 0.0000346477 0.0000189359 0.0000314944 0.0000385333 0.0000691466 0.0000783193 0.0000472736 0.0000334885 0.0000205043 0.0000211956 0.00003392 0.0000482267 0.000039564 0.000035573 0.0001102576 0.0001128671 0.000128469 0.0000836122 0.000063546 0.0000709995 0.0000672888
0.0001314779 0.0001029804 0.0001019522 0.0000799068 0.0000622216 0.0000288625 0.000015402 0.000009892 0.000008989 0.0000113899 0.0000126157 0.0000130666 0.0000223379 0.0000133661 0.0000121366 0.0000116755 0.0000192718 0.000025149 0.0000355204 0.0000618265 0.0000803861 0.000085917 0.0001662875 0.0001616667 0.0001335525 0.0000985214 0.0000716366 0.0000708995 0.0000852875 0.0000438883 0.0000256421 0.0000141547 0.0000116618 0.0000181717 0.0000609479 0.0000874604 0.0001040966 0.0001117399 0.0000633017 0.0000367512 0.0000328236 0.0000464302 0.0000775882 0.0000409493 0.0000413745 0.0000431512 0.0000639447 0.000073415 0.0000848587 0.000095539 0.0000940878 0.0000596138
0.0000395318 0.0000552458 0.0000628851 0.0000521435 0.0000443037 0.0000638826 0.0000277405 0.0000145662 0.0000096556 0.0000266978 0.0000137008 0.0000134493 0.0000105912 0.0000110485 0.0000110507 0.0000165507 0.0000286136 0.0000573739 0.0000618142 0.0000390574 0.0000490353 0.0000632864 0.000076261 0.0000934957 0.0001147636 0.0000836176 0.0000760063 0.0000479016 0.0000442369 0.0000243785 0.000013894 0.0000109617 0.0000107596 0.0000181448 0.000044588 0.0000739179 0.0001817672 0.0001430821 0.0001365306 0.000087996 0.0000720343 0.0000650472 0.0000584274 0.0000524075 0.0000363652 0.000038881 0.0000520276 0.0000497774 0.0000598822 0.0000708305 0.0000639511 0.0000894447
0.0000234484 0.0000420292 0.0000472915 0.0000395856 0.0000535617 0.0000774513 0.0000577079 0.0000294213 0.0000132387 0.0000139314 0.0000322512 0.0000173086 0.0000138598 0.0000134764 0.0000163132 0.0000206749 0.0000607042 0.000070863 0.0000840534 0.0000554502 0.0000542298 0.000051242 0.0000626247 0.000065429 0.0000768759 0.0001335885 0.0000561258 0.000033014 0.0000249846 0.0000193849 0.0000108808 0.0000112936 0.000019717 0.0000154923 0.0000264691 0.0000602302 0.0001211026 0.0002240497 0.0003105871 0.0001783468 0.000157724 0.0000848048 0.0000668276 0.000058703 0.000070143 0.0000775521 0.0000861088 0.0000676393 0.0000580995 0.0000440941 0.0000552149 0.0000755055
0.0000628279 0.0000756765 0.0000659424 0.0000533088 0.0000772447 0.0001314904 0.0000675787 0.0000369539 0.0000173545 0.0000192427 0.0000254837 0.0000329847 0.0000296081 0.0000275382 0.0000217857 0.0000246726 0.0000425885 0.000087184 0.0001088962 0.0001003746 0.0001272869 0.0000841221 0.0000802022 0.0000759533 0.0000943057 0.0000626127 0.0000544648 0.000022785 0.0000146182 0.0000120307 0.000011213 0.0000158939 0.0000170554 0.0000176767 0.0000184016 0.0000387013 0.000108685 0.0003030498 0.0002810813 0.0003845967 0.0001582473 0.0001084636 0.0000747024 0.000077926 0.0001761505 0.000205977 0.0002348389 0.0001590174 0.0000658574 0.0000573085 0.0000455582 0.0000466344
0.0002473553 0.0002301601 0.0001982444 0.000087976 0.0000679718 0.0000837481 0.0000601092 0.0000334348 0.0000252997 0.0000305829 0.0000581665 0.000072879 0.0000852358 0.0000528428 0.0000363328 0.0000222644 0.000033829 0.0000856135 0.0001264368 0.0002156487 0.0001228178 0.0001136789 0.0000994528 0.0000856153 0.0000616877 0.000037234 0.0000258482 0.0000210989 0.0000174109 0.0000150871 0.0000149651 0.0000158729 0.0000265652 0.0000175988 0.0000174854 0.0000332337 0.0000948955 0.000133176 0.0001890552 0.0001294336 0.000127568 0.0001238135 0.0000891019 0.0000927342 0.0001621475 0.0004738315 0.0001866785 0.0001264749 0.0001287416 0.000061868 0.0000356571 0.0000549362
0.0002684478 0.0005600754 0.0002616965 0.0001070271 0.0000541002 0.0000470645 0.0000322391 0.0000271213 0.0000396482 0.0000684642 0.0000879199 0.0002096782 0.0001369222 0.0000738975 0.0000299983 0.0000196648 0.0000227088 0.0000585679 0.0001215923 0.0001154137 0.0001175021 0.0000964072 0.0000922355 0.0000649404 0.0000525451 0.000026685 0.0000217732 0.0000397087 0.0000310336 0.0000253758 0.0000163023 0.0000168107 0.000017536 0.0000214562 0.0000233645 0.0000344936 0.0000675391 0.000099375 0.000094115 0.000072993 0.0000734389 0.0000713552 0.0001295547 0.0000949036 0.0001423259 0.0001585505 0.000182838 0.0000928626 0.0000676576 0.0000530977 0.0000367588 0.0000272589
0.0002775696 0.0002889144 0.0002894386 0.000173167 0.0000802217 0.0000516547 0.0000258734 0.0000254412 0.0000378559 0.0000575585 0.0001228077 0.0001382083 0.0002064376 0.0000785203 0.0000276801 0.0000129042 0.0000150286 0.0000293449 0.0000461029 0.0000590924 0.0000725724 0.0000674352 0.0000525795 0.0000619866 0.0000494532 0.000035959 0.0000348128 0.0000443161 0.000051652 0.0000336038 0.0000199655 0.000014819 0.0000180616 0.0000193147 0.000039931 0.0000353185 0.000070104 0.0001829286 0.0001321809 0.0001156317 0.0000572753 0.0000625209 0.0000740828 0.0000536862 0.0000493158 0.0000795338 0.000061415 0.0000536054 0.0000574852 0.0000687639 0.0000345398 0.0000237877
0.0000761551 0.0001047931 0.0001461626 0.00023743 0.0001582815 0.0000731615 0.0000335038 0.0000269466 0.0000491875 0.0000483177 0.0000575514 0.0000981901 0.0000870512 0.0000626062 0.000022235 0.0000105334 0.0000114451 0.0000172562 0.0000254094 0.0000319174 0.0000344983 0.0000382748 0.0000381255 0.0000623577 0.0000859852 0.0000350535 0.0000349838 0.000061483 0.0000724878 0.0000564733 0.0000268462 0.000017294 0.0000167678 0.0000180317 0.0000212721 0.0000341171 0.0000801676 0.0001576283 0.0002673345 0.000101303 0.0000586923 0.000030632 0.0000267322 0.0000214588 0.0000204593 0.0000213318 0.0000232191 0.0000266465 0.0000532043 0.0000484967 0.0000429917 0.0000271481
0.0000393385 0.0000717961 0.0000864819 0.0001235872 0.0001922597 0.0000732691 0.000041761 0.0000349083 0.0000267986 0.0000303765 0.000063911 0.0000491373 0.0000459365 0.0000390713 0.000018462 0.0000136106 0.0000155998 0.0000211719 0.0000257404 0.000042661 0.0000397956 0.000034886 0.0000401178 0.0000471852 0.0000391976 0.0000373954 0.0000393493 0.0000718765 0.0000969003 0.0000874658 0.0000358293 0.0000277624 0.0000200618 0.0000187011 0.0000216445 0.0000304317 0.0000460311 0.0000873688 0.0000952877 0.0001066739 0.0000367822 0.0000222164 0.0000131382 0.0000115184 0.0000121396 0.000015762 0.00001206 0.0000182312 0.0000345599 0.0000587132 0.0000732521 0.0000395599
0.0000490716 0.0000371977 0.0000675743 0.0000654565 0.0000727406 0.0000988532 0.000048278 0.0000516735 0.0000245854 0.0000324434 0.0000638287 0.0000473072 0.0000328926 0.0000239865 0.0000242353 0.0000287446 0.0000482754 0.0000374331 0.0000458635 0.0000384039 0.0000514034 0.0000524488 0.0000354504 0.0000288747 0.0000326838 0.000034603 0.0000437705 0.0000788517 0.000160433 0.000080443 0.0000530327 0.000045888 0.0000609422 0.0000358691 0.0000333167 0.0000315912 0.0000385107 0.0000454625 0.0000632646 0.0000429018 0.0000272987 0.0000132059 0.0000105241 0.0000152295 0.0000151807 0.0000184342 0.0000149942 0.0000206376 0.0000383317 0.0001001997 0.0001409685 0.0000600119
0.0000207839 0.0000277038 0.0000464216 0.0000391965 0.000037272 0.0000482158 0.000088637 0.0000375844 0.0000254881 0.0000377969 0.0000782594 0.0000800911 0.0000502978 0.0000314504 0.0000565352 0.0000861129 0.0000780298 0.0000844474 0.0000590976 0.0000601046 0.0000530933 0.0000700923 0.0000365124 0.0000250632 0.0000347005 0.000057622 0.0000594395 0.0000915008 0.0001465452 0.0000932348 0.0000717909 0.0001086211 0.0001317155 0.0000830132 0.0000582026 0.0000705779 0.0000595623 0.0000830888 0.0000712198 0.0000552588 0.0000195053 0.0000164874 0.0000090703 0.0000131806 0.0000194308 0.0000291209 0.0000324815 0.0000363459 0.0000577307 0.000092503 0.000067871 0.0000503885
0.0000129292 0.0000169549 0.0000199532 0.0000224044 0.0000362988 0.0000454643 0.0000425973 0.0000316775 0.0000291965 0.000039443 0.0000748557 0.0000843903 0.0000655349 0.0000459409 0.0000614838 0.0001020709 0.0001726093 0.0000859147 0.0000540049 0.0000534568 0.0001029845 0.0000678301 0.0000362222 0.0000376873 0.0000476118 0.0000828212 0.0000836803 0.0001197124 0.0000933548 0.0001051527 0.0000811255 0.0001511002 0.0003130983 0.0001280598 0.0000726782 0.0001209217 0.000068589 0.0001181383 0.0001202207 0.0000463292 0.0000209458 0.0000116678 0.0000110019 0.0000153319 0.0000304889 0.0000432254 0.0000457573 0.0000524777 0.0000652792 0.0000598992 0.0000773285 0.0000672854
0.0000121269 0.0000291519 0.000024535 0.0000289381 0.0000348654 0.0000327612 0.000024109 0.0000205546 0.0000210944 0.0000412296 0.00011216 0.0001632952 0.0001306989 0.0000744467 0.0000506097 0.0000805823 0.0001086527 0.0001050618 0.0000511707 0.0000461175 0.0000441931 0.0000520392 0.0000322741 0.000027172 0.0000469233 0.0000588621 0.0000931031 0.000112132 0.0000693093 0.0000644199 0.0000775621 0.0001182035 0.0001338614 0.0001032614 0.0000810544 0.0000663536 0.0000744786 0.0000697405 0.0000926107 0.0000504818 0.0000279481 0.0000174409 0.0000185691 0.0000216872 0.0000342388 0.000079123 0.0000701032 0.0000594597 0.0000453436 0.000058742 0.0000927198 0.0001606173
0.0000203234 0.0000189605 0.0000382622 0.0000549842 0.0000419657 0.0000313728 0.0000289802 0.0000263542 0.0000255969 0.0000390585 0.0001355302 0.0002028771 0.0001031884 0.0000587081 0.0000503618 0.0001032318 0.0001278636 0.0001223599 0.0000958442 0.0000605153 0.0000301481 0.0000257623 0.000031622 0.0000258671 0.0000273027 0.0000421155 0.0000614181 0.0000488475 0.000043043 0.0000338686 0.0000412401 0.000074436 0.0000921322 0.0000716463 0.0000896733 0.0000956308 0.0000457377 0.0000442599 0.0000576659 0.0000574826 0.0000349625 0.0000419727 0.0000252034 0.0000250432 0.0000477999 0.0000731152 0.0000917974 0.000080169 0.0000382053 0.0000331754 0.0000635549 0.0000791492
0.0000107807 0.0000206939 0.0000305296 0.0000454292 0.0000352578 0.0000415505 0.0000760841 0.0000498438 0.0000288203 0.0000347207 0.0000710682 0.0001186155 0.0000922952 0.0000497646 0.0000911792 0.0001707034 0.0003456131 0.0003507742 0.000272799 0.0000807945 0.0000232048 0.0000172387 0.000019372 0.0000176133 0.0000203534 0.0000346492 0.0000320174 0.0000327396 0.0000271202 0.0000492072 0.000036624 0.0000579351 0.0000542509 0.000076885 0.000086476 0.0000563312 0.0000361227 0.0000321862 0.0000391462 0.0000434409 0.0000558916 0.0000474745 0.00005212 0.0000412738 0.0000373469 0.0000539779 0.0000727052 0.0000683255 0.0000523232 0.0000322104 0.0000392419 0.0000807968
0.0000098896 0.0000141462 0.0000243803 0.000025357 0.0000341692 0.000044811 0.0000458422 0.0000573711 0.000032207 0.0000295382 0.0000408696 0.0000380273 0.0000389303 0.0000582721 0.0001740804 0.0002736279 0.0004141754 0.0011610256 0.0003067039 0.0000913081 0.000024487 0.0000115587 0.0000114796 0.0000128017 0.0000167053 0.0000215301 0.0000418468 0.0000268246 0.0000325007 0.000041611 0.0000746214 0.0000606657 0.0000808486 0.0000955052 0.0001242912 0.000087005 0.0000395515 0.0000312712 0.0000455542 0.0000550425 0.0000549479 0.000066468 0.0001024297 0.0000739242 0.0000618593 0.0000555662 0.0000677989 0.0001148694 0.0000608678 0.0000517373 0.0000583584 0.0000777049
0.000009312 0.0000151239 0.0000135593 0.0000174253 0.0000329427 0.0000538008 0.0000462922 0.0000325265 0.0000404172 0.0000195442 0.0000187721 0.0000192022 0.0000370974 0.0000781339 0.0002075224 0.0002833971 0.0004892736 0.000391976 0.0002852419 0.000079641 0.0000264092 0.000014847 0.0000156624 0.000018884 0.0000176143 0.0000212946 0.0000257821 0.0000333681 0.0000493428 0.0000659227 0.0000651499 0.0000704486 0.0000886533 0.0001141791 0.000148143 0.0001017649 0.000063442 0.0000427119 0.0000431387 0.0000401023 0.0000503494 0.0000807042 0.0001018433 0.0001241254 0.0000942106 0.0001073053 0.0001461799 0.0001310697 0.0001154531 0.0000808723 0.0000406521 0.0000504615
0.0000155186 0.0000164125 0.0000133289 0.000015114 0.0000215938 0.0000277624 0.0000265808 0.0000216963 0.0000177991 0.0000137503 0.0000130851 0.0000196663 0.0000479605 0.0001823749 0.0002573238 0.0003713594 0.0002769301 0.0002154379 0.0001469943 0.0000934469 0.0000376458 0.0000356521 0.0000443896 0.0000424313 0.0000351614 0.0000271757 0.0000320471 0.0000378666 0.0000780502 0.0000713029 0.0000747426 0.0001367466 0.0001284076 0.0001283931 0.0001136598 0.0001214336 0.0001082186 0.0000754041 0.0000587049 0.0000305414 0.0000340304 0.0000581695 0.000064748 0.0000843493 0.0001277093 0.0001589266 0.0001803891 0.0002212752 0.0001212319 0.0000648734 0.0000365395 0.0000382458
0.0000462848 0.0000272762 0.0000272154 0.000017397 0.000021319 0.0000222494 0.0000243644 0.0000127334 0.0000084826 0.0000087146 0.000013787 0.0000253357 0.0000675076 0.0001805819 0.0005513171 0.0003104217 0.0002793547 0.0002361143 0.0001976017 0.000076993 0.0000659751 0.000094803 0.0001224211 0.0001299366 0.0000573662 0.0000616505 0.0000342648 0.0000383938 0.0000697987 0.0000981082 0.0000792564 0.00007222 0.0000777503 0.0000774649 0.0001133356 0.0001003956 0.0001505994 0.0001085386 0.0000655276 0.000040388 0.0000253787 0.0000297907 0.0000411683 0.0000577993 0.0000899006 0.0001307227 0.0002019818 0.0001810895 0.0000916891 0.0000570712 0.0000349117 0.0000425397
