Models/Synthetic/Density/temp_raster_pop.asc
NCOLS 101
NROWS 101
XLLCORNER 3302900
YLLCORNER 3112000
CELLSIZE 4386.138614
NODATA_VALUE NaN
[rows 69 to 91 of 101, columns 0 to 51 of 101]
18.3657910572 17.8927750418 17.6310227429 17.9097301865 16.7026324779 16.0924679352 15.376811298 14.544121303 14.0347264605 12.5982938017 11.6819153712 10.8570626439 10.1659659715 9.4574844897 8.7681694355 8.0852143385 7.5199468981 7.0277450305 6.550173583 6.0420202278 5.4970098896 5.0416976398 4.6975598782 4.4487480442 4.2508039038 3.9459831789 3.6958430191 3.5630419899 3.4288805798 3.3094741961 3.1684882369 3.0933761865 3.0344849874 2.9602328957 2.9001235021 2.8797785522 2.9156021637 3.0210797286 3.0867115498 3.3510208421 3.3004276807 3.4478492096 3.689592873 4.006466693 4.3814143749 4.7968602026 5.2246492078 5.6942361249 6.237957967 6.8878830059 7.65251912 8.5007565848
16.8940249041 16.9793488113 16.6820831659 16.4294491318 16.0067097919 15.7121731741 14.8544887795 14.0504610921 13.1800726329 12.3170602256 11.4622905285 10.9591363264 10.0661330781 9.5718561336 8.7080717097 8.0058595823 7.4226523364 6.9665826366 6.8956090967 6.2068565477 5.614291108 5.1856734435 4.8457606126 4.5912287912 4.3843159653 4.061590675 3.7963153781 3.6015930166 3.4510304578 3.3239047149 3.2237458017 3.147773545 3.0784353938 3.0084306264 2.9453862407 2.918690057 2.9464937854 2.9988278099 3.1087557005 3.2019962752 3.3405311007 3.4937086512 3.7326007294 4.0326029486 4.3912109431 4.79970797 5.251044873 5.7382667257 6.2814246307 6.9375824746 7.7063962695 8.5364952433
15.9855363383 15.9998492626 16.2451002869 15.5887868722 15.4029407017 14.8763145151 14.3163955044 13.4871987257 12.67744274 11.921321812 11.1695743263 10.5237169585 9.9905297704 9.2944728887 8.5898690435 7.8950956531 7.3380388792 6.9129201853 6.5209411925 6.1330804145 5.7218011569 5.346277856 5.0318340421 4.7243195786 4.4411298691 4.2167518149 3.9665509684 3.7634378328 3.5596711672 3.4201073914 3.3075347607 3.2181054204 3.1424420922 3.0744736065 3.0156677291 2.983559164 2.9840448231 3.0236888232 3.0952895321 3.210947625 3.3676557521 3.5686380541 3.8053682609 4.0879741471 4.424422057 4.8253288759 5.3120623774 5.8131963228 6.3362595628 6.9350537028 8.3814046462 9.051085495
15.6302821852 15.1602895878 15.201356396 14.7351723828 14.7104847398 14.2020267097 13.5059460877 12.8311392732 12.1541132221 11.4357641563 10.7839638886 10.2093917287 10.6815630555 9.6428214684 8.4136563627 7.7814390755 7.2982711035 6.8688964757 6.5205624389 6.1593927163 5.8481610565 5.5295260993 5.1967349971 4.8887472375 4.607651037 4.3852983129 4.7151574824 3.9418476179 3.7216442368 3.5639976649 3.4332459162 3.3302749674 3.2881732907 3.2232280114 3.1675625233 3.092268195 3.0818592572 3.1028154458 3.1664882006 3.28345567 3.4653443116 3.6818360591 3.9144194448 4.1693231812 4.4790583331 4.8686102902 5.3517690964 5.9960869884 6.3504193054 6.913972307 7.6131460942 8.3848095731
14.6501071348 14.1157718087 13.777001136 14.3276836441 13.4678071093 13.1587692972 12.6886372159 12.3257817505 11.5431462138 10.9837889055 10.4170417485 9.9052974243 9.437989929 8.9246985387 8.3094425416 7.737105806 7.3022022571 6.9989057394 6.6045485919 6.4472986485 6.0368568825 5.6892243484 5.3886717243 5.12044525 4.8540243456 4.6397226866 4.3956889977 4.1698326037 3.9341270095 3.7598710499 3.6112443589 3.4957181993 3.448020131 3.6653805648 3.3325582122 3.2636636664 3.2423913404 3.2449473551 3.2847856337 3.4246916489 3.6055559665 3.870722595 4.0641027903 4.272550387 4.5242211468 4.9006337129 5.4105399351 5.8996600765 6.3924483036 6.8547914159 7.4573099194 8.176971718
13.2686501018 12.9369781647 12.6315272958 12.4946118566 12.490946991 12.3134069526 12.156449155 11.3580766471 10.9018459628 10.761191493 9.9696943744 9.5794838182 9.2043998654 8.6254957647 8.1425049154 8.1309723462 7.3076076886 6.905537965 6.675476238 6.8626321675 6.2542211588 5.8981919031 5.6359908296 5.3971085182 5.1760298859 4.9287393462 4.6543584331 4.4205519282 4.2130941885 4.0233187742 3.8535208648 3.717787799 3.6578777244 3.5935906123 3.55000413 3.4841050328 3.4674684452 3.4293013714 3.4453633172 3.5604552563 3.8709299311 3.9750898108 4.5326998664 4.3465887706 4.5371084412 4.8984072502 5.3711434698 6.3591265616 6.3586839268 6.7820318412 7.3750991487 8.0131120354
12.1708055561 11.7597571136 11.5498811057 11.5000845778 11.4900199218 11.8649193248 11.0807936799 10.6614464326 10.3491165319 9.9695026283 9.5871378413 9.1576006862 8.9570267434 8.3849080391 8.0145580191 7.6911434203 7.3135931631 6.9556941064 6.7274487319 6.5245609282 6.355637582 6.30806847 5.8869657893 5.6834206337 5.604563368 5.2625145109 5.0004606917 4.8084958104 4.6053219741 4.3982060856 4.1713486877 4.009509312 3.9010886088 3.8366664923 3.801165034 3.7721273458 3.7124920624 3.6517925918 3.645181503 3.7253808202 3.823702275 4.017703378 4.5589976251 4.4092014981 4.5906258245 4.8752177845 5.3301152978 5.7750394607 6.2281812478 6.6719776585 7.2247275511 8.054059799
10.8213926829 10.735868305 10.6287391115 10.6096029142 10.7607499474 10.5016702314 10.3048302616 10.1247480506 9.7725763782 10.0108068776 9.340689622 8.7531761388 8.4501037951 8.2612026803 7.9794620756 7.6944386074 7.377998644 7.1112303869 6.8781029625 6.6930486188 6.5532145007 6.4250312243 6.226571054 6.0495447094 5.8367145339 5.6440482505 5.4069865139 5.2320826255 5.5753830975 4.8161599215 4.5546341441 4.3779616733 4.2772288274 4.2377208782 4.1855613019 4.1224792561 3.9993728375 3.8824831925 3.8544259743 3.9154738749 3.9135335434 4.0264273086 4.2206995837 5.6601934809 4.6210708193 4.8766169573 5.2368423446 5.6385490483 6.0675329205 6.5335891251 7.0705731149 7.5937337269
9.8641372491 9.9075482461 9.9251163585 9.8902549979 9.8434362141 9.7678305996 9.6054766009 9.4146501355 9.2835309882 9.0355484373 8.7587375568 8.434169066 8.2746766675 8.1815897215 8.7593174169 7.8378180184 7.5645735061 7.3815733617 7.1397717098 6.9816337093 7.5386050323 6.7378588053 7.0231281126 6.440584059 6.2565079814 6.093328652 5.9071658814 5.7133382532 5.4885275171 5.2620802798 5.0214602157 4.8374678824 4.7179084449 4.7088655091 4.7519557521 4.4281431534 4.2688482199 4.1538797675 4.0966765882 4.0713541092 4.0810919515 4.1245723247 4.3039169903 4.4858173583 4.712811116 4.9276321063 5.2400851665 5.5884556797 5.9805706858 6.4479725822 6.9369618179 7.425500034
10.0884128172 9.5245380083 9.2929359642 9.2933113827 9.4838357326 9.1429971895 9.0302433977 8.9133319732 8.8018025203 8.7316564454 8.4612046629 8.3116368057 8.2175154156 8.2134698228 8.2103021341 8.2150207095 7.7989428565 7.6211236928 7.4867170838 7.3649111686 7.2422518789 7.1903544153 7.1006209734 6.9988072401 6.8502357983 6.7140643761 6.5316896475 6.2934017812 6.0045558435 5.7938229784 5.6269457617 5.4295103892 5.2553615111 5.092368658 4.9446787392 4.8260642633 4.6608013515 4.5412910789 4.4058639973 4.3413998652 4.3175773521 4.3743753004 4.4770717421 4.647115369 4.8203122442 5.0694389426 5.3425762506 5.6315746424 5.9527325843 6.3731577756 6.9400154297 7.3616957767
8.6722684249 8.7678561931 9.1415118837 8.7839455469 9.5899241071 8.6419577743 8.5618793683 9.1311219813 8.467216712 8.3861520919 8.4055974723 8.5832050096 8.4161210378 8.2277368916 8.2708533496 8.1798791361 8.0929435835 7.9973127059 7.918948321 7.8250191435 7.7261833811 7.6595795599 7.6682283248 8.1140378188 7.4940609959 7.3926619491 7.4217870068 6.9759894344 6.708350658 6.5374007087 6.3974442802 6.8551544455 5.827754671 5.5569479376 5.3731127717 5.2685566706 5.453060488 5.0475382521 4.8792210205 4.7430430434 4.6830078028 4.7068571682 5.5725873617 4.9027873308 5.0584415818 5.2983051123 5.6252651303 5.8383582815 6.0525358698 6.3063968871 6.7136219147 7.0866898943
8.264593344 8.3609426072 8.3749615594 8.3481877244 8.264532101 8.2176332544 8.2086099933 8.1910742386 8.181375365 8.1419513772 8.3062844912 9.0872896565 8.3962111261 8.4188803401 8.3375013703 8.39473661 8.4538950012 8.475844628 8.5113633164 8.4583270041 8.3868456208 8.2902228292 8.2711334876 8.2104821309 8.155679239 8.165444419 7.9198999993 8.0537413553 7.4042742124 7.3039310054 7.6166621739 7.7083732754 6.4636679029 6.1588575982 5.9742506347 5.8707244408 5.7979701218 6.4577925263 5.4656889794 5.287389599 5.1816281779 5.1720611315 5.2064147743 5.2942389795 5.4052226886 5.6031221666 5.9446821656 6.6396721623 6.1514437092 6.2805063406 6.528491123 6.8797636269
8.0494250468 8.0679114555 8.0416195799 7.9935355935 7.9423380226 7.9204215336 7.9212570243 7.9246476399 7.9315826832 7.9670869426 8.1593417434 8.6997796868 8.385302633 8.386160288 8.5498895129 8.7468666334 8.9370102777 9.0610381761 9.1782807839 9.55690739 9.2131762989 9.1155355564 8.9972000148 8.9502024455 8.8238187049 8.6747930946 8.5399536424 8.3161526329 8.0998936909 7.9627512344 7.7600280848 7.493064407 7.1305630036 6.8341794951 6.6487862412 6.641775384 6.421381055 6.3165767465 6.1547287604 5.9433407796 5.8130645974 5.7545998175 5.7877298811 5.8950612357 5.9900861149 6.1053711443 6.2244244114 6.3030106286 6.380486421 6.4113661497 6.5595886416 6.771530338
7.9300047029 7.8869265187 7.8604341809 7.8041364422 7.7418015359 7.7459120397 7.7659409909 7.787381342 7.8133097532 7.881352887 8.0337474388 8.1987222842 8.3891273023 8.5816366272 8.8865012668 9.203046142 9.6013198466 9.7134722099 9.8300484998 10.3659614041 11.0363019239 9.9807610041 10.452804714 9.8066873006 9.5657338565 9.3840201939 9.1968033199 8.9961705594 8.7745665341 8.6257141115 8.841979745 8.1264933785 7.8434137822 7.6511904555 7.4932699998 7.2965173703 7.1572298265 7.0192424924 6.883978808 6.7157618648 6.5703611047 6.4833748611 6.4964185834 6.7303109844 7.4516231061 6.7257650661 7.3401864877 6.6460417572 6.6459554036 6.8681809978 6.7081879822 6.8170831392
7.6723596908 7.7194209238 7.8752715279 7.6752019403 7.6550584744 7.6876797347 7.7696804835 7.7940676958 7.8418613458 7.8996724346 8.0937095612 8.325533008 8.600527667 8.9321739164 9.3179575754 9.9241209839 9.9962158729 10.2586892877 10.5105407737 10.7183461244 10.7527193936 10.7955437471 11.5093186448 10.6761910738 10.3716264939 10.1906640674 10.7921365513 9.7932053129 9.5632956741 9.4134262182 9.2969867272 8.8672874638 8.6117346619 8.918265709 9.0370578395 8.2605641298 8.0279055894 7.9946382946 7.8487352372 7.6756112729 7.4448902228 7.3671706004 7.3341341366 7.348328043 7.2989517615 7.362859464 7.9394247979 7.2676301706 7.1697995577 7.0382280849 6.9735039098 6.9717217373
7.5271470562 7.6354493485 7.6579979563 7.6312717722 7.5959181765 7.7358991067 7.7971659521 8.1353002841 7.9244088494 8.0131669713 8.2470236623 8.7042517568 8.8701178125 9.2513894432 9.9261261756 10.131997257 10.4816930442 10.8040691546 11.3866072612 11.4788000716 11.4803436979 11.4544435803 11.4254761035 11.3621421353 11.2333785995 11.1278929077 10.9444572257 10.7248869839 10.4357187456 10.2125414859 9.9532552431 9.6918084451 9.5382790656 9.4943533411 10.1231505975 9.2394872305 9.1550801026 9.0360002659 9.5336918596 8.7684553363 8.47891886 8.3664573883 8.5747988965 8.19762693 8.0317311921 8.0025230542 8.2393278605 8.2842783782 7.7228814327 7.4849110337 7.3238171548 7.2238455781
7.402659073 7.6439735856 8.1708650202 7.5083009116 7.5444430531 7.6614961029 7.8501180227 7.9590462313 8.0752866223 8.196388164 8.4313631472 8.7284235118 9.0913784515 9.5128569604 9.9945417241 10.8824848223 10.8831848324 11.3833446823 11.880699801 12.3641634979 12.1787338807 12.1402796107 12.1213110947 12.0330844166 12.0188680036 12.451500845 12.2214402248 11.5467570815 11.4076714131 11.0339963826 10.7926426241 10.7858150711 10.4802307764 10.5649176915 10.4267621904 10.3280618386 10.0950551839 10.1615133596 10.2028673922 10.2647129115 9.6209516616 9.4775624618 9.8410978395 10.1615598413 9.0009358031 8.8728233784 8.7824218275 8.7341661091 8.3823502862 8.13534402 7.9060562106 7.6980781158
7.343056148 7.4034646328 7.4300496251 7.3971309773 7.4713402582 7.6672102316 7.8273009422 7.9915195433 8.3124330031 8.3457376016 8.5466451833 8.8883793954 9.2706474749 9.715233085 10.2283354725 10.7146029976 11.2501930557 12.0237702384 12.3743841368 12.5996504141 12.8069185447 13.3298642377 12.9014458372 12.855218091 12.8118262905 12.725765017 12.5774416018 12.3443241045 12.0679090716 11.8549002086 11.7169225016 11.5688432577 11.5853917092 11.4825605263 12.3010744488 11.3444468796 12.1320450753 11.2577376422 11.3367820706 11.1479149042 11.2080983661 10.6553865879 10.4521013469 10.3297515404 10.3036909072 9.8614183024 9.6314297743 9.4145476936 9.1366979738 8.9023411302 9.7441559665 8.2716333659
7.2196605747 7.4597643939 7.2323529727 7.2456880542 7.3835170933 7.6703097758 8.0531982324 7.9690008123 8.1375898871 8.3812933738 8.6706624337 9.0828890172 9.5732545927 10.0610452152 10.5776700515 11.0531766354 11.6188603006 12.0871876263 12.5869869581 13.468182599 13.2996595782 13.3875488031 13.737112667 14.091661193 13.5705402333 13.4457125548 13.3164462885 13.095530669 12.8517420552 12.6540054932 12.6443145371 12.6370471232 12.6102304155 12.5613236937 12.5402526153 13.2678320847 12.485783542 12.492804059 13.1534586307 12.3717351623 12.6083224124 11.9172706716 11.6832655622 11.5717560477 11.3649787529 11.083823199 10.7046608019 10.3741694889 10.1927076808 9.7013853135 9.4643609103 8.991207961
7.2511791269 7.1766507041 7.1434949447 7.1382883207 7.3217820327 7.5354262257 7.7356222561 7.9277531806 8.1431043326 8.4553342936 8.8494443636 9.37555683 10.0656110122 11.0514386491 10.924445667 11.5752986963 11.9026451504 12.9782821256 12.8193743613 13.1908919708 13.4705645511 13.7401204175 14.0476113967 14.3358225794 14.4192707972 14.3659061993 14.1962486736 14.5605657395 13.6270854375 13.4660399774 13.5512348511 14.8423546228 13.7910631354 13.7768440583 13.8822751203 13.8763536682 13.8149562889 13.8099953569 13.8440052927 13.6750061587 13.4829311084 13.338769831 13.2161008271 13.0788322018 12.9140555245 12.5170143558 12.075746741 11.6023080164 11.0392375607 10.5310991445 10.0385627387 9.5721162953
7.2062971657 7.1902258489 7.0674484048 7.0996557369 7.2166125246 7.8334437284 7.6032653157 7.8838461838 8.4425522096 8.6317981577 9.1660978484 9.9094791692 10.9532979553 10.6437794499 11.1997564147 11.6377355241 12.1285431956 12.5822956504 13.6632517611 13.3706022423 13.6674795532 13.9937481335 14.351513483 14.9756887779 14.9637477782 15.6762056246 14.8991974791 14.5974526153 14.3619059711 14.2298574578 14.4160565118 14.7759135752 14.7852937694 15.2265894595 15.8735586123 15.2541900454 15.156076535 15.2902217412 15.151825544 15.074239202 14.9911619118 14.9963273099 14.9653842569 15.5440153747 14.6125591676 14.2133932793 13.8497959049 12.9778560008 12.2070757169 11.5061550289 10.8595728361 10.2119606638
7.3944420301 7.061235822 7.4784658759 7.0159731776 7.1562328251 7.3033425082 7.5399280049 7.8940055997 8.3818411411 9.1144324226 9.4137285773 10.3083608482 10.3907895661 10.6613732716 11.1071230428 11.6574207801 12.1489752142 12.7555977421 13.9096563429 13.6327862306 13.9189809046 14.2949560394 14.6494266525 14.9298318893 15.3485005492 15.5436369768 15.4353987332 15.0516845028 14.9337750268 15.3234825882 15.0394072355 15.3081367049 15.9717648397 16.1566998375 16.5855260134 16.6909008891 16.6030789159 16.6436454062 16.6827071467 16.726178692 16.7088852168 16.8172030514 17.9297520898 16.7415394554 16.671575405 16.0077713224 15.2818042019 14.4597519442 13.5746080871 12.7587331126 11.9162309418 11.0709191635
6.9523944039 6.9182288041 6.867440127 6.9349206404 7.0240079007 7.2045168099 7.4576238742 7.8402199512 8.4017681887 8.9133502196 9.5914711197 10.3116093096 10.2942067138 10.5752611288 11.0347687164 11.6299394665 12.8866158759 12.8390373931 13.8507675493 13.7955877619 14.095737053 14.6038793508 14.9324653469 15.2324339829 15.3648627536 16.8364582666 15.523801486 15.5336620225 15.4630393441 15.5605687089 15.7007338068 16.0679661858 16.4415050578 17.0579046629 19.1560236881 18.029819375 18.0913043678 18.2217996223 18.6053555002 18.4332408291 20.0121968172 18.6682278038 18.793407215 18.619930996 18.3282560681 17.9482165767 17.0127028979 16.0091199876 15.6594095511 14.145981415 13.8677780561 12.185680201
