Models/Synthetic/Density/temp_raster_pop.asc
NCOLS 100 
NROWS 100 
XLLCORNER 0 
YLLCORNER 0 
CELLSIZE 0.01 
NODATA_value -9999 
[rows 20 to 39 of 100, columns 44 to 87 of 100]
0.132515280631241 0.0306942218051056 0.0869609680065915 1.08352724656978 0.851614147101243 0.925981851530351 1.32247820244499 0.165373709687454 0.0256123499426882 0.00459385617981414 0.00168307325200881 0.0011701502072282 0.00232833295229683 0.0138823163509768 0.0815110481636626 0.440587447959402 1.20181912541699 0.439095106445596 0.0975780374626276 0.0843745234629183 0.105407878438123 0.213461248148248 0.610905044043379 0.665038439265569 0.536654699147526 0.0918940956216298 0.0173368416871031 0.0108334893990008 0.0528551866176749 0.272322937107079 0.945944343092914 1.68100525872199 3.60920608049708 11.0064524927072 3.82484415747247 7.23689780888794 1.77716168251382 2.33935192940389 2.75000427839086 2.1346403525204 0.567894949927498 0.438830132752133 0.770528492669942 3.30117443761137
0.202241805285332 0.0412027874799479 0.0855719880173295 0.346334364854936 1.87361087354475 2.85432963881392 0.58177820584263 0.149771533748293 0.0209946521509885 0.00318256890840207 0.000832116085899269 0.000632003423547355 0.0021498818839536 0.0153024480655342 0.103862609641321 0.487261714035014 2.25954166031957 0.46178474991973 0.107637512559071 0.0298775078046645 0.0501407892858872 0.205061132438826 0.889083079635896 4.42041546279359 0.626812368718694 0.134562554284952 0.0267895608595129 0.0176420716287972 0.0490240480510108 0.216284787005524 1.0143990073914 5.23885098908112 5.15002969860097 2.93010557865512 3.059196944265 2.1107165639872 1.75251892952722 1.38294130203589 0.688679957401947 1.59848643862441 0.535173062152878 0.324358415143767 0.963829232108381 2.2458113921971
0.281489809711386 0.0804794004680894 0.0531184516019251 0.243687403108985 0.618898526128183 0.665874168774612 0.459066961346587 0.0886312910471677 0.0193887566486519 0.00720813773018643 0.00527992864332785 0.004304406156624 0.00451367624498269 0.0149882237778243 0.078138554791673 0.375604746041618 0.437356027850721 0.371100561631014 0.0764854241213298 0.0194722997417672 0.0355369177202773 0.170566243518884 0.650202350897811 0.890519782021991 0.641310561895051 0.180784365539509 0.0698457065204019 0.0399637793954643 0.088787456621123 0.214873548006519 0.877636213329793 2.87580989360115 1.56824183795771 4.75164823802611 0.986559546850339 0.925229887452022 1.65158473551843 0.596918995535705 0.390372721861939 0.356425403581435 0.301864719738082 0.268046047661946 0.362173552683936 1.07677114459206
0.587274774659779 0.174660172426448 0.0596921677766976 0.0740907701039052 0.116903297268058 0.143480981768582 0.116574040420375 0.0777460866103153 0.0538323657263919 0.0543868747018787 0.0538220590933264 0.0418825133945611 0.0299855566404559 0.0280029577358781 0.0563525868868996 0.0892248688370174 0.108287949721557 0.0787051209062474 0.039974885006424 0.0116041894490784 0.0244197924299419 0.104821007885186 0.294030950180133 0.64865897399023 0.788312791182376 0.681359474733725 0.32893271365662 0.132278010719696 0.103926106702495 0.302425019211689 0.335293304214688 0.393911900300231 0.557085216962981 0.513716147327385 0.995841750273246 2.33224488531445 2.39808188206108 0.91140519976966 0.937644490264294 0.786952999228903 0.688536815657501 0.268834120641873 0.145839366601138 0.457210265390715
0.92809149702903 0.310366365467552 0.100480435736621 0.0314512860126094 0.0517597476150898 0.158508398408784 0.240649150478741 0.288527826321853 0.300271138068068 0.41332036046718 0.410155458854776 0.344967561643801 0.211551859760353 0.201947042263754 0.192629093000931 0.1501211746332 0.0850538248376191 0.0329427134753848 0.0105168307009665 0.00603787426326191 0.0163726213294619 0.076771618246301 0.356832103762107 1.03008536311793 5.05122713460977 3.0966214498773 1.40880425757359 0.321463299999046 0.108358879797589 0.10538366172748 0.156328713870316 0.151864324924238 0.156568831082445 0.222890760877781 0.878704719637906 4.33563577619045 2.27987535927607 4.1541600510076 1.00496360796589 4.07967928570078 2.12649650519712 0.252307870458212 0.0700257010239582 0.162041044053153
1.81394002443158 0.461161891442243 0.109592500059017 0.0328157890263814 0.0535335388174501 1.06576791653913 2.75726180686655 1.27886874978375 1.26650618875498 1.64650587545545 2.69607385666551 1.36303646714328 1.88781872008462 1.44626062571182 1.53034221159178 1.05013448090706 0.390982110656298 0.0496484493902112 0.00681612489839724 0.00366872394108814 0.0186479370851231 0.0899168363075303 0.384877331771708 1.92726049992955 3.35658611097703 10.9559728768502 3.05283426318044 0.495837154487372 0.0848600433048881 0.0509842392443477 0.0996044349840808 0.296459907712714 0.18942920417529 0.299163883011384 0.769192896016998 2.08668205964922 6.38062556443201 0.978924104561949 0.84986672932286 0.703150297568737 0.597647827871216 0.201619072219302 0.0351279498824276 0.0293898402855527
1.05846876904326 0.300619042842549 0.141601494609784 0.0575140347985531 0.0651166789924831 0.330872694592238 1.35518996839137 7.98900493677791 2.31959674921832 1.54659108762207 8.08508203505354 3.15857289513176 4.08550961747139 9.65199382142944 8.77317363550737 4.9562405101816 0.631935426699335 0.0835139703714456 0.00996547470064839 0.00432237899532681 0.0262966790453076 0.177522325095482 0.605498186182302 1.13168101433703 3.76908646090014 11.72926759478 2.71278432602087 0.501989669360258 0.0807807290245675 0.041125759568361 0.0949297550178416 0.174416766479272 0.651046729244617 0.533906314485648 1.07258717439589 1.02136580067693 0.768880155879098 0.53685754980348 0.194206796437658 0.145016897428224 0.0958754420183918 0.0510335103035825 0.0155502444015599 0.0122063527839276
0.574740223857332 0.574761936766617 0.457630949767136 0.141189713453298 0.136800561645143 0.303339058511899 1.75245830146429 2.52383308761935 2.84252800505041 1.8546243638548 1.31935603161586 1.83343759726555 5.86232892874385 33.3008875166797 15.240265913844 3.92319208329456 0.839337157889891 0.156174577696866 0.0173930522039321 0.00589364892471873 0.0383364876231437 0.25158557877285 1.51800203993469 3.49466472790948 3.17090566845571 3.37730137360621 1.67039525515537 0.395254611641841 0.0827889303465748 0.0527468318860269 0.157694037840834 0.246204818839655 0.343049310315408 1.51257323732754 1.92695893685292 1.29836959785305 0.428726237847124 0.229508402457565 0.0717584728073182 0.0281596599556763 0.0160879403245127 0.00855774897754035 0.00542168313451369 0.0183037267213094
1.82895660024282 3.53474514714763 0.991436194893632 0.675114383699589 0.549812710965359 1.18535135648331 0.510832484796862 0.667024852228742 0.721281545220012 0.861540545156378 1.00671241882305 1.52250250977726 5.83116694997131 13.0402059552356 7.66437294862866 3.56849688860956 2.37658336164 0.245564800272988 0.0317356564983547 0.00828498979395373 0.0429325878543244 0.414561842292418 1.88360970715349 9.05023397966731 8.29796494191268 3.83916916493371 1.36801108693939 0.416787647603031 0.123463995172588 0.148636484918663 0.262769721933155 0.729236822635415 0.426473220321994 0.731390260885237 2.52387735820778 1.19992909998771 1.64375796435641 0.234144330175398 0.0563267654418719 0.0151402586752226 0.00650502567629679 0.00395830872188375 0.00498662141677574 0.0304764873350589
3.35642180813351 3.10751339753972 3.27149699389882 4.50386683049024 2.33414886200405 1.00376647341005 1.43723516146717 0.6831507548181 1.50791051099192 1.1457537235393 2.86101497364102 1.67938965339611 4.07671134322064 3.42319912433243 3.01504672307037 3.51208985683342 2.54889515656751 0.41007182720488 0.0586181242185787 0.0121083902527116 0.0429443289340167 0.375300328565193 4.60363533385179 10.2509626193402 10.875881292366 7.72211592044133 2.16842340122823 1.3172227997066 0.136187979446846 0.150892519349556 1.12867855815133 0.289070710279285 0.383649337734842 1.14831285862391 1.0176398204664 3.9696930713563 0.827654574737004 0.313573732855829 0.0850935563381445 0.0439957998731433 0.0321841933596787 0.0262389444100415 0.0180531564432096 0.0382723671816714
11.6198375857352 2.80212285493162 1.79874903201845 7.84995184941193 4.37424682667215 3.40562501701432 2.00078982035534 1.84142712444336 1.74092791101755 0.708062841970269 0.561226544683654 0.762887958337672 0.796722944822545 1.02767403874814 1.96249382032352 10.8372768347305 2.8770201710573 0.596287160288285 0.0947979968339469 0.0232037166235358 0.0343440010138768 0.300058209276872 1.39551194088616 5.67077597180929 19.7496296676474 7.76654770779059 5.0834020701124 0.586119841011595 0.126831933865519 0.122120598900627 0.139911635795802 0.166692907601225 0.233980663524399 0.339141161967884 0.75292777853483 0.767013522803472 0.887599160916498 0.334074136056749 0.256464522965933 0.21637613339156 0.283174416335521 0.218462235728254 0.129381903218341 0.0449439605591469
3.98978848419488 1.89012952553439 1.3593968739992 1.31253446707272 1.54268239999603 2.13669351235745 13.1673377115277 1.79989572873404 0.700773425523783 0.466215695082742 0.317268830009975 0.352177099019245 0.462484976512551 0.71890687484253 2.45124195759582 2.89587464399609 3.0216361099452 0.625707181281533 0.176447391694233 0.0499112016286788 0.031888824125678 0.129995605074632 0.754031534746987 4.52543278480175 4.05384026499462 3.21232416882968 1.09498368289737 0.416702779549337 0.0857714574716792 0.0517981976837675 0.0578987221205354 0.0634114466670027 0.0824359323823502 0.166215541195022 0.223333397674943 0.293706799598664 0.320727489010172 0.776443935778462 0.494218962671858 1.35877996416011 1.57088303703333 1.8426954222032 0.293161572330079 0.0622689223205381
0.845876848651341 1.3262183982486 0.490163018560234 0.345840486195222 0.439583803701433 1.49427145239695 1.63576064676453 1.43720070891216 0.38672245636273 0.600679934955061 0.756502455050535 1.30028531664512 2.11781662155493 1.58142210000477 2.08960015948471 3.26667763719851 1.07333784288327 0.768199779867307 0.312781776262512 0.114788136025704 0.0336995329738326 0.0765688809734396 0.437035375889217 0.945716889972403 1.36363342200472 1.1148053771361 0.645121401295083 0.200686816762411 0.150086508437051 0.249835604915796 0.278538992608248 0.226620785724041 0.103940794255194 0.107449696423221 0.256269236428081 0.128192432442357 0.183290216437763 0.242495690807724 0.619885379648439 3.57533668536538 10.5819939632566 2.75459294108577 0.488639773297152 0.131354495272044
0.289176036099862 0.268037228134097 0.219569911844724 0.0962209112844919 0.158412517862276 0.307723425407669 0.794502905034357 0.43000999419091 0.369863322832733 0.33230856931588 1.14689820370306 8.37596706613009 5.48142614247485 2.06947969858668 1.56629682797475 1.08987839345306 0.704001754246128 0.848268717395559 0.519261812081758 0.146372125607904 0.0506757747791521 0.0567552798734777 0.204214522791227 0.914290277322951 2.33361559150152 2.38570043629672 0.634890308177968 0.488606844435334 0.477141535595948 1.12863225356159 1.85960658620123 0.984753675205312 0.299910223746638 0.159549968807897 0.0918874832567337 0.0890003119640435 0.100222820493607 0.403938613009456 0.936863762972004 2.91211150101184 2.15333559730344 2.35724654833351 0.487215951082331 0.518034195643219
0.0585335284505245 0.0611865502328783 0.0439621285160591 0.0317550135402819 0.0361249563194994 0.107640866489628 0.23790955036237 1.16417666273956 0.819995221898542 0.97245800746529 1.52567142082787 6.04729547246684 2.6274079646798 1.41736075519672 0.694690407201054 0.352547145491937 0.342413459525366 0.374504990448368 0.369630548593198 0.220387890761595 0.092629629587639 0.0534460539688756 0.194425765563104 0.909087565613588 3.74791512410784 1.22746704507592 2.05520918254824 0.59364295279781 1.96676688395768 2.68991446975684 8.05562696675108 2.97687460000366 1.38786386270468 0.259934336193528 0.0956018401572076 0.126353132416329 0.297396496014897 0.810838059646321 4.23508599541003 3.96785983972197 4.75620281686325 1.32041018586488 0.488247070125977 0.571204209679418
0.0474900973926178 0.0346138691528074 0.0209635050295458 0.0120988913980267 0.0121816358571155 0.0313384923382852 0.173916500069078 0.715176444370714 4.28208471328541 2.58887491192322 3.81631369986635 3.91518373827545 3.85928407920288 4.26501519386304 0.89976167363774 0.190499481898437 0.143924347344545 0.777938398673477 0.469466890108434 0.312577809820413 0.0957664854788997 0.0580606523436159 0.185310549816318 0.690420638877206 1.50366021328936 0.798730881256043 0.37422450156433 0.527631695677547 1.00969790954475 1.20350533773004 2.13958109708029 10.8061132953175 2.25549772874154 0.892492283348215 0.0985494657523988 0.228719759984234 2.84719458369609 2.64727783821293 4.52958826305517 17.1001056516102 7.23169270068332 2.20932150447028 0.420854987326513 0.478097401742291
0.290171939334019 0.171847085682034 0.107721413292538 0.0536298763570222 0.00892660030904635 0.0176000710141289 0.0949237521146797 0.591261648140519 2.21761873991159 6.83889141467416 10.6103541876157 7.71161426932901 10.6788881873188 1.59765619747029 0.65703272173252 0.262315536255512 0.13333561333383 0.144186426305719 0.181533706508394 0.144569373020943 0.088608288844164 0.0608629447019509 0.144198931121747 0.374781160813021 0.281930488814242 0.223167788597977 0.171916204585905 0.221304731740448 0.273845084077549 0.409406570893421 1.275360858886 1.40730991387549 1.23802463694695 0.270098971046615 0.116282695354795 0.385613157236415 2.42552074221193 12.0524316053341 10.4532628921421 8.4175900063624 11.8940541726907 2.02762403279256 0.40431645828157 0.125914152979654
1.03668527181623 0.845609717614127 0.979022495655725 0.0928273601629311 0.014750471720314 0.0117933833780049 0.0540311989724327 0.188588839591691 0.812653713155367 2.2112926195866 5.99775165306017 4.24561899823575 1.97442626343429 1.66338130030386 1.49353385398887 0.756739904324078 0.246637082580738 0.129888669543022 0.118012003725197 0.164605354378975 0.149901360868696 0.142052579290533 0.154399988491443 0.194015449148211 0.266372637559119 0.365004463834799 0.400020503613045 0.315241507932748 0.163691589763124 0.152670963539014 0.239436846929903 0.474582763294605 0.444293017306911 0.335379637805272 0.129604292082985 0.406577778704483 2.83268880755178 6.17041896105911 12.6708875660261 6.75071136517273 2.52725778863718 1.44090335885464 0.301539703813446 0.0852971619123845
5.40249207247453 2.15042125219753 0.58898730783526 0.145279569234031 0.0295443509727806 0.0207918974645548 0.0489206389312934 0.121105496248409 0.280011758713914 0.662936960909073 1.8027110396726 1.54341695745366 0.842953330628769 2.04985912379983 4.73061948923083 2.13757277675217 0.777257504075081 0.350171086937224 0.435192612208646 0.489165759905621 1.02685639529203 0.317836728592889 0.344939050159293 0.577912569914283 0.693515044494507 2.12870408361306 2.84862236827882 1.82156769620568 0.303945427708342 0.151292600048575 0.109146944278249 0.326022276217703 1.64429523229736 0.417463446416432 0.278420854681552 0.755906905084725 1.37719062906289 3.46592786918015 3.54101636628424 2.28855794011789 0.870331611120802 0.595830604914282 0.441614315245757 0.305146711594992
3.08812634851262 2.53765704960427 0.766009707776639 0.289823271933873 0.0577823856122602 0.051003233437918 0.22342446683422 0.496507343449063 0.650035915242865 0.549223450308839 0.358694798191538 0.278859040131476 1.26735573337534 1.59816704061659 3.56392428816385 3.18808776318221 2.50878564359803 0.763482463469199 0.754849133600951 2.2760975783297 0.514854706594423 0.384663641599758 1.25533981983439 0.91624368486441 2.99789430632347 2.39369708654347 7.54699562121246 1.8382176089387 1.47471393289319 0.457894439843143 0.222745700998279 0.281554446974933 1.23709158592389 0.501440371574312 1.29116527402184 0.791129542748483 4.3515363040329 1.8765442595329 2.71705726860152 0.799735344847982 0.426277777007976 0.496023722567243 3.19158005408312 0.378885259521491
