Models/Synthetic/Density/temp_raster_pop.asc
NCOLS 100
NROWS 100
XLLCORNER 3302900
YLLCORNER 3112000
CELLSIZE 4430
NODATA_VALUE NaN
[rows 69 to 91 of 100, columns 0 to 51 of 100]
4.4653447203 6.2047057698 5.3967789327 3.9900061696 6.5083806647 4.9133532714 8.549586383 9.4790862558 17.2788112613 26.0799492124 11.1133831562 3.7742947724 2.3088190337 2.3041852501 2.2674071121 1.9507334152 2.1555111737 4.3677098017 7.3019955142 3.4910277728 1.4914820227 0.8994602514 0.8567516485 1.331274539 2.0484120442 3.1827480843 4.7429962776 6.2119018403 6.5064863307 4.346848294 3.5640612719 2.6628883587 2.3252785467 3.4574285628 1.4393587136 1.3950222522 2.6000946541 3.144448602 2.6906119142 2.3688542184 3.1245959807 5.4246787401 5.207501731 8.5274753524 17.2110342173 10.1939193604 8.1093153834 6.9807372279 8.1592393401 7.9965330841 11.7580898062 6.514437915
8.9088257807 12.3644803511 8.1856040373 6.7358749375 5.2258593245 5.8522838929 5.6272431825 7.4417869707 12.7552624874 13.4486861799 7.9730687658 3.6254984955 1.85865103 3.1392511023 2.6432164551 1.8173716748 2.4496019039 5.3850295135 6.276117244 3.8064975706 1.9878056177 1.8429185083 2.0696993402 1.7988055659 3.283220374 4.4784846172 6.2724419089 8.1824312078 5.6084060578 5.9357003907 5.796448163 5.2654503993 5.0011222881 5.0507881179 3.7435778505 2.7302252762 2.189427981 2.0389948242 1.5875448013 1.3113504224 1.7791613544 2.5007816394 3.5657544835 8.2533019046 13.0591826245 12.1879119891 10.7193126693 7.8662808198 11.0206470505 7.4707539648 4.6750125033 3.5602277208
9.6815483784 8.6014373525 13.3486728363 9.6496746341 7.5316301251 5.8013014251 3.943947472 4.0957620299 5.4595231732 5.7760911615 5.7147656314 2.5637792853 1.5256497988 1.6242537044 1.7294907519 1.9305727595 2.0951087764 3.31878594 5.2011257759 5.3083434636 3.3648403461 1.6151240506 1.7030310239 2.3969216674 4.3156197305 5.6268447963 9.9189322725 8.1429420177 5.3615369454 4.6575083067 5.3559428198 8.313779299 17.7346615561 16.235813166 14.4649941108 6.6805589315 4.668024725 2.2007850237 1.522044995 1.0885053191 1.1135752 1.5288201461 2.7853075736 4.8998080408 7.4886172807 10.34830349 8.965575382 7.7089286873 6.6589213994 4.0622081675 2.4735949206 1.9448329627
6.0069639412 10.6267483803 12.9321670326 15.5190499464 8.2162527565 5.7753822237 5.1932754671 2.8862449633 2.8545556284 3.3851708855 4.2254024961 1.9328635521 1.8266525722 0.9044360411 1.9443415578 2.0927691516 1.9950587837 3.0288820703 5.6559554538 9.4681130573 3.5702398365 2.2802349589 1.8630263139 3.7162826311 2.9883098862 4.5316059803 5.3998720259 5.4506290297 4.1121953558 3.0565655586 4.3301434287 8.3118331987 19.9331910166 52.3793929285 18.8157150169 9.9587059282 6.3411853142 4.6778579097 2.6185852048 1.6088942971 1.2919946847 2.2143597023 4.1170599225 7.8643049628 10.1099768708 8.4749553145 5.9122137021 3.9771349453 2.915577204 2.4260975716 3.0105768096 3.8965071887
3.4683139826 7.445353746 13.6322407066 9.5715786705 6.2814817093 4.3178059153 3.2628437087 3.2914754399 2.6234895474 3.6123165923 2.5098539119 1.3909573202 0.8530574138 0.8929696091 1.3763023754 1.88496545 2.4934679061 3.2545305513 4.1990127306 3.9778505238 3.418766741 1.5188448893 1.7095908427 3.0611793525 2.6105391042 2.7181327459 3.3473114572 2.4389063464 2.1377802065 2.2259846952 3.1833702062 8.9184162202 25.7024546239 27.7789598146 21.032012377 14.1969462653 11.8862388943 6.3600708292 5.0263064491 3.2541032375 2.3416273359 2.9822322793 6.4524937918 15.4102411094 17.9646923906 15.9144052871 6.8626160009 3.406532983 2.2942824562 2.3117908859 3.374058428 5.2196892787
3.9435070064 6.9780254161 7.8476829223 5.6526146474 3.885380832 4.5537885153 2.474915041 1.8348689221 1.6111140038 1.7578496396 1.5918805427 1.1368913764 1.7680975389 1.35922041 1.6427037081 3.5900600385 1.9965379224 2.0580371636 2.3710454034 2.9113592808 1.6542400344 1.133844264 1.2910858271 2.0786070889 4.4000674525 3.1281808043 2.4854952622 2.6215752971 3.4228055411 2.649077183 3.1484689345 5.3978027369 8.4259710867 10.2132129851 11.9346006014 8.4298004247 7.9643090562 6.8643787342 6.9900529678 6.3008566203 5.0509322855 3.6312764494 8.4016362189 12.3755676282 31.8446356874 13.5710086286 10.7010699129 5.2193644902 3.9710412299 3.3377067781 4.2518082881 7.7394233263
7.3679735202 8.2831519167 4.6579337138 3.2314219687 2.7876115508 1.9959215523 2.817467627 1.8773892238 1.0291925238 1.0604839772 1.1646946277 1.265288278 2.1017041459 1.7699713173 2.5598292718 2.3247738968 3.4859706709 2.0746012098 2.474540365 2.2241121195 1.6071793377 0.9465681011 1.0423544536 2.8742289728 3.2702452264 3.3205637723 3.3762276339 5.8302247378 6.329502941 5.8428557531 3.7047921354 4.5034370786 4.1240616264 5.6889386074 5.62831557 4.5459937531 3.7088796095 3.9067760574 5.6773875488 8.8265241036 6.4583997805 4.4593552911 5.3807234181 10.3489026906 12.5127567706 12.6602625073 7.1416771881 11.615120073 4.9764736092 6.7965543671 4.3344683084 7.196838447
27.5905571081 7.851990069 5.1741932459 2.6232570489 1.5632740189 1.0889034955 1.0087867958 0.959506132 1.0338935373 1.3454410353 1.6040455418 1.9499771205 2.2865255535 3.35470111 3.5477242483 3.2922659767 2.9934693683 3.4944840264 4.8995254946 5.7932066321 2.433405044 1.2844714902 1.4851517397 1.5612418136 2.372536737 2.6011592493 3.0412342486 6.0027922544 13.3887729152 6.4193498792 3.7524303776 3.3801920357 4.9568228467 7.3447342372 5.2528131399 3.3130361127 2.0186590811 2.8998969967 3.8471276428 6.2198626419 8.9380113105 5.3288485546 5.5218384789 5.0265814841 7.6825291975 5.2610305216 6.6921083152 8.3612338485 7.3583626347 4.4496513437 5.3938575244 7.6473306343
14.6927664336 11.6576126865 7.8422919524 5.6888715964 1.6459183262 0.7371869061 0.7340360834 1.0331083002 1.4598601391 2.4784470788 3.4052463864 2.3907002139 2.3332806478 4.1714141677 4.4338129555 6.6571119798 3.6775490755 5.4066758882 10.7397866043 7.263679142 3.7297456064 2.5371174972 1.9698894371 1.2673701387 1.2609584487 1.545962679 2.3263200238 4.9018009002 7.2299152488 5.6654803276 3.8591820973 4.1146143418 10.9230761497 9.8713110364 5.9816598672 2.9265236578 1.9185277961 1.6962067556 3.6007994891 2.8348603051 4.5674779677 8.4044666802 9.7735697184 5.9463490758 4.4021930965 3.2311678382 4.4083563806 4.7346524425 5.4799239428 7.3594633359 5.8067697273 7.9749540373
10.4139887437 14.5653681317 16.992353029 7.4211761514 2.0215937623 0.7949168352 1.2877986216 2.4589841721 2.685209635 3.9899478237 4.5499233325 2.3689996492 2.4088828947 5.0597116996 5.8982802559 4.1452211453 3.844672009 7.2919507167 11.5606630356 7.4474593994 5.3629857254 4.1472898125 2.7579704005 1.6396906041 1.3254581991 1.5961416395 2.0688433782 2.4103861108 3.7770845679 4.2945309014 3.381927116 4.1530608154 6.7540118689 10.8824681982 6.0836255534 2.8157441771 1.9354905382 2.832947145 1.3918342534 1.7567325324 3.763392696 9.3353715819 13.9278636777 10.4460173392 5.4246865512 3.2809270402 2.8299200326 3.1126114431 4.8827655859 4.8866444542 4.9738595326 8.5812457944
15.2016441847 16.988437317 16.0253834225 6.4469450029 2.119741976 1.0399977938 1.6584801554 3.8745366955 6.2994714503 5.7857506389 3.6954491773 2.1052984108 1.8496206069 2.7335674322 3.6094713464 2.9159675431 3.5932594268 6.1198992129 5.3586034149 5.212857515 5.9806642318 6.8612069721 4.2158704426 2.8914491367 2.2641358954 2.8156054325 1.8902183628 2.1171353893 2.2987104093 2.9022789746 3.8633585328 4.7907975384 7.5919743903 5.9603379964 6.0504976884 3.8878644563 2.5522806958 1.9293606082 1.3989814164 1.3272131602 3.6914332091 9.6929547214 9.5482237532 12.3879414179 10.5644392055 7.9827553525 2.8076757969 2.7598168028 3.406806102 3.2740950062 3.3741091549 9.5692563094
25.6621979135 17.5161790487 9.3864761146 5.2890811883 2.0070906456 1.4587530504 2.620505593 5.5512632651 10.9528475235 6.9571790116 3.0860305202 3.3115480576 2.9906120399 3.5492395135 2.2234404259 2.1238288871 4.0558767265 4.2522303592 5.0705935832 4.7588134472 5.5596271777 5.6114038019 5.977854579 4.4408271521 5.289127084 3.8601911053 3.8817012856 3.9776273081 5.6079951239 5.9197984986 8.2592940365 11.4354321061 10.8721268765 8.6903493733 4.855252886 3.7348753755 3.0582170037 1.8470995167 1.0841142454 1.2367401384 2.898621118 3.6011032355 5.5498966789 8.7717276249 18.2357490214 5.6256484712 3.9632038763 3.1841366602 1.9640385687 1.7610218774 3.2565802751 7.6022174866
10.1997886691 9.1830088103 6.9980437719 3.795296387 2.2212448446 2.3072902445 3.7361945542 6.9184617835 6.0987808502 5.3012862089 3.6327309385 6.7606831282 8.6527960679 7.932808285 2.7112072357 2.3413435948 4.1227134049 5.0131693973 5.127326811 4.7895940428 6.8738566649 10.0390444935 10.8094221979 9.3837993389 7.6867997554 9.241668666 8.6135145347 9.6599961745 11.1926058737 16.5145450356 15.7297308925 22.7214745534 23.1613207076 10.7566610962 5.3124852636 3.5124356971 2.1634688361 1.4160521167 1.9174910084 1.437846264 2.1432303366 2.6606043159 3.6625831746 7.0150353707 6.0494076937 5.2777630643 2.5086902555 2.043585281 1.8907181251 1.6053301577 2.6828520829 8.1812749737
4.2764887919 9.0540358138 9.6768647809 5.4862126825 3.6989146164 2.5941017547 4.8239792071 6.8796037801 5.1600937128 3.3928349232 4.6457504927 9.3349987888 20.6472883278 7.8923960556 4.4260570975 3.1670728903 5.5488012341 4.1179277573 3.2609372964 4.4231884954 5.7519619842 14.4537167129 22.0789915799 15.2003852723 13.9301715564 15.0878195988 13.0769736274 11.3255545044 20.9755514634 14.5016681457 19.1105642362 22.1457695848 16.9437661809 9.1653878686 6.3029009892 2.8979609153 1.6745347992 1.1587382998 1.4031633041 2.3609914414 3.4870391085 5.1798648172 2.8762273264 2.6822459769 2.6616028753 2.2553393986 2.4216286098 3.3431465974 2.8425676384 3.0375255124 3.8371486465 12.0020445506
5.9495975861 8.9951592069 14.2802819844 5.3732584724 2.773337387 3.1909175888 4.5008472618 6.614471882 4.6145547545 3.0204018742 3.8573076531 10.0798239002 14.4479340089 9.1612637163 4.0121532607 4.3483656244 6.4866195323 3.5149486179 3.2122697897 2.7227912067 4.210585611 8.8351860033 11.6458077533 15.5616942408 18.38046792 13.4377072773 14.4253456659 11.8543088061 10.6347535362 10.1157734141 13.2308480884 13.5693438763 9.3891674752 5.8608285356 5.0466753894 3.4349151432 2.2672130793 1.9303060933 2.1122560791 5.4481744741 6.2144108084 4.1512751181 4.1007744433 3.5532389702 3.4489446936 2.6186632709 2.3989417548 2.6360529645 6.7210311496 6.9431894314 7.7404973615 9.6613259682
5.3675665765 12.1076758759 7.6633840749 5.0840434106 3.8584373816 3.648132868 4.868963601 4.3993683716 3.1453836953 2.4099144897 3.7103596853 4.4069124831 6.9721950467 6.1442754681 4.2809255303 3.1971036622 4.3073137668 3.3262911417 1.7086424088 1.5241571501 2.489551689 4.3741518153 5.7574392576 9.3975527812 9.1863880715 8.7622971721 14.2547694979 19.2605250522 10.1189207299 6.6018504547 5.6165989692 4.710449616 3.3359238845 2.5975223928 2.8140652042 4.7177918198 5.4441727634 4.6297902616 3.5939046182 3.5630190553 3.7486697836 3.7570012059 7.1557412958 9.0975200503 12.2665564565 5.3742830952 3.1895813264 2.6904572943 5.4132512096 14.0016877888 7.6286146931 7.4969925329
4.2161017398 6.1742428398 4.232707792 4.8023820435 4.7553511251 5.8673726676 7.7077769243 5.2216751173 2.7947570091 2.3928948335 2.3061886644 2.0596315613 2.9078958749 2.7080116663 2.6430020648 1.9209860562 1.7388951728 1.4323656818 1.0125153272 1.2773067154 1.4553177167 2.3977786547 3.1405920822 3.5656004822 3.4220076203 4.8159190768 8.1424287832 13.5544835733 11.898101298 5.3485078787 3.9347433172 2.5328346553 1.2816040906 1.2427205134 2.2074384776 5.4118132632 10.9232938526 7.1482720761 5.5493978031 2.7081124241 3.8648169454 3.8776483183 7.6488511635 28.5311274823 10.5605615553 4.8706731871 2.7334144543 2.7732026759 4.9697479315 6.9163496939 8.4469720432 4.4426625159
1.7351175681 2.3745776492 3.5091237497 4.3624915633 9.4556562017 10.3658016668 10.7468850027 5.4268458154 3.4953948945 2.0615234908 1.5341730379 1.4128441055 1.4103725913 1.3197836652 1.3744809022 0.9739389247 0.7132105625 0.5898576409 0.546352871 0.6953406723 1.2658560851 2.6458512502 3.1359908774 1.6992222999 1.5468924187 2.783316767 8.476132991 10.4753239658 9.3859179339 10.0085680929 3.9296647577 1.8435511433 1.1597886309 1.3538108365 2.1807803242 4.930326299 4.9409927149 5.9054338795 3.6379470621 2.7118212461 3.2081582869 3.3965756645 7.5514172354 11.5050497793 10.1489618368 6.512557868 3.3023077839 2.804671106 3.5477425184 4.7484723045 4.1371448523 2.7598534646
1.0717027042 2.4050922593 2.8535177074 6.0709927484 8.2102008389 12.7785445532 9.7390459443 7.7804515683 5.4692327618 2.7035218475 1.8580814526 2.3316016565 1.1954520635 1.075109236 0.9325955407 0.8267122574 0.6652336847 0.5690759296 0.4839723546 0.6724054176 1.2624908947 2.2907803996 1.922406882 1.2501787493 1.1444910632 2.7142488414 5.765497615 13.9674752207 9.274928781 7.0864842984 4.2522066656 2.1618364062 2.2789549271 3.2405886386 4.4275229497 4.5061027025 3.6092466958 2.9745930447 3.4816337753 4.0547631849 4.8243039802 3.7104063193 4.1199073546 5.680669755 5.0700121109 4.6872433156 5.5543292 3.1982732689 2.992434363 2.8507260396 2.0247594515 1.6113538865
1.2168342361 1.9381942693 3.5739967799 8.1622113639 10.250886593 8.3538161945 7.1503320059 6.6278884626 4.664327155 2.8994502858 1.5682005208 1.2579756473 1.4712401677 1.537362081 1.4297019795 1.3927342836 1.5730985408 0.7943567488 0.7218257133 0.8258550527 1.2639724763 1.5448864948 1.4878401685 1.1489394846 1.4445989967 2.7604903221 5.9891019793 7.0143651295 9.4105682883 5.0205377256 3.6038638575 2.5924779402 3.217793376 9.1260505664 15.4367415639 10.2595697881 4.1702281997 3.5977619703 4.4231881995 7.542857771 6.002474974 3.8529589018 3.9222187584 5.6013515478 4.0087601429 3.5092372447 3.473473627 4.0820326474 2.6928844533 2.5403744857 1.7262656048 1.7216850516
2.4684329916 3.1885785934 4.8999190607 10.0945152786 16.1256434035 6.7499544176 4.4935019981 4.1709771387 3.3627963142 2.4757852426 1.182281012 1.2243405617 1.4025328394 2.1350168995 1.7170727532 2.7968883096 1.5917474253 0.9280373546 1.162930225 1.6571526699 2.3174480915 2.7189821276 2.5179227834 1.9942065124 1.8118029388 3.8799139622 6.1719218489 5.3533493827 4.5368730095 4.8752106373 3.300246959 2.2872330546 3.8043684896 11.3569396805 39.5459867345 12.8855147203 4.9723740937 4.5602536861 8.2460073533 8.6679763886 7.0604834168 4.476527283 4.2761700555 4.211453598 4.3776544532 2.3156599735 2.5865585292 3.9367767655 3.739827372 3.0675922162 4.1491399652 2.8576650322
2.6520432649 2.7805264618 5.8907618059 7.7901393767 6.1690713472 6.5432647426 4.0442992025 2.6292031725 2.9228553352 1.4678200208 1.2126435384 1.3913885623 2.3124734164 1.6022001181 2.5520259878 1.4926871558 1.175952725 0.7986176455 1.4462622019 6.7355023524 5.2736131117 7.361812838 6.3759632633 2.8100057589 2.3066149192 3.9360613472 6.063102002 8.7887695728 8.7707181252 4.682112528 3.3936591925 2.3635033152 3.6586325547 10.3220784076 11.5420749364 11.0563609325 6.0379301928 9.0223943963 14.4627233748 14.435157552 11.4258411877 6.204613137 5.9686099944 10.214315517 5.1062802251 1.989668589 2.4953327773 6.4600696899 7.690321282 6.8928187147 5.5057455265 5.117639235
4.7440977895 4.4293899077 2.8514040918 2.7089124559 2.9212826017 3.5618204523 4.5351362741 4.0582760297 2.5332428934 1.9439612671 2.0789262185 2.3319696917 2.3295301561 2.0584218058 1.3628013865 0.8606057001 0.5865467674 0.641913376 1.7012368124 4.3675762528 14.3926308436 7.40287918 4.1408327772 3.5677033398 2.8282056232 6.1970009397 13.2366932741 16.1012253878 12.5468373462 10.311200141 4.8836355285 3.4780646739 4.0093247137 5.9776492352 6.4359284288 5.2474255645 4.7190414893 11.103704358 19.5054294331 28.9028663285 14.5535156657 8.0200960413 6.2353225194 5.1771736047 3.0840957151 2.5649738357 2.8252154905 7.2446817943 13.7939515115 10.2024027026 5.9882678638 5.6851592076
