Models/Synthetic/Density/temp_raster_dens.asc
NCOLS 100
NROWS 100
XLLCORNER 3302900
YLLCORNER 3112000
CELLSIZE 4430
NODATA_VALUE NaN
[rows 0 to 22 of 100, columns 0 to 51 of 100]
0.0002645479 0.0000137531 0.0005231545 0.0000103403 0.0000849858 0.0000067726 0.0000101685 0.0000973782 0.0003581 0.000091918 0.000010348 0.0004329852 0.0000181903 0.0003484158 0.0001832783 0.0000093621 0.0000112502 0.0000058231 0.0000089459 0.0000035609 0.0000033554 0.0000000957 0.0000021583 0.0000022747 0.0000090387 0.0000137227 0.0001845008 0.00018452 0.0000205953 0.0004428881 0.0000179758 0.0000079809 0.0000057894 0.0000067835 0.0000872372 0.0000135359 0.0004297597 0.0002623442 0.0000057501 0.0000001566 0.0000045508 0.0000081071 0.0001831158 0.0002613638 0.0000906684 0.0000059609 0.0001810962 0.0000271031 0.0000271714 0.0000193361 0.0000930691 0.0000974817
0.0000058014 0.000013561 0.0000083166 0.0000104186 0.0000068716 0.000085205 0.0000885498 0.0001786509 0.0001765915 0.0000135292 0.0000104249 0.0000116909 0.0001779262 0.0000191088 0.0000211178 0.0003371893 0.0000132884 0.00024387 0.0000150622 0.0001653756 0.0000034114 0.0000002818 0.0000024225 0.000076864 0.0000093504 0.0004220316 0.0001855198 0.0000278912 0.0003496417 0.000098809 0.0001696329 0.0001691529 0.0000158388 0.0000908818 0.0000877421 0.0000135115 0.000014731 0.0000145142 0.0000057869 0.0000003926 0.0000048437 0.0002537683 0.0000201266 0.0000972356 0.0000153989 0.0000112368 0.0000140296 0.0005961852 0.0007551567 0.0001836244 0.0000192881 0.0002635636
0.0000002375 0.000002405 0.0000057712 0.0000122487 0.0000157316 0.0000963044 0.0000932448 0.000018826 0.0000833978 0.0000090686 0.0000114734 0.0000211609 0.000022213 0.0000920847 0.0001712516 0.0000093944 0.0000133607 0.0000862834 0.0001635522 0.0000078294 0.0000035899 0.0000070494 0.0000164874 0.0000208077 0.0000239309 0.0000179847 0.0000245132 0.000577879 0.0000235404 0.0001833468 0.0000278595 0.0000278382 0.0001833683 0.0004271768 0.0000180811 0.0000148885 0.0000128201 0.0000103176 0.0000026846 0.000011232 0.0000200874 0.0000246006 0.0002592032 0.0000124533 0.000239846 0.0000091151 0.0000202641 0.0000386214 0.0002050708 0.0001199576 0.0000999077 0.0001821714
0.000004533 0.0000066501 0.000084294 0.0001775146 0.000339832 0.0001165624 0.0003470596 0.0000177628 0.0000059126 0.0000079446 0.0001756112 0.0004233256 0.0003419553 0.0000963776 0.0000156518 0.000011413 0.0000080346 0.0000120883 0.0000089672 0.0000110177 0.0000069287 0.0000136065 0.0004292499 0.0003315243 0.0001703454 0.000166033 0.0000146028 0.0000116781 0.0000243813 0.0000227354 0.0005136318 0.0003560517 0.0001074967 0.0001008447 0.0000246006 0.0002646855 0.0004288551 0.0000212433 0.0000857186 0.0000136354 0.000508846 0.0003462712 0.0000201421 0.0000103113 0.0000059376 0.0000122988 0.0001714227 0.0003345775 0.0000959514 0.0004193413 0.0001759802 0.0000159471
0.0000047268 0.0002480045 0.0000101966 0.0000198358 0.0004212059 0.0001866232 0.0002593952 0.0001712496 0.000008062 0.0000122123 0.000098372 0.0002675613 0.0000245198 0.0001809701 0.0002581332 0.0000179424 0.0001690801 0.0000905908 0.000010159 0.00001423 0.0003244711 0.0000158214 0.0000212608 0.000340722 0.0000249 0.000011227 0.0000109539 0.0000050135 0.0000200294 0.0004978814 0.0000334441 0.0001857833 0.0004223193 0.0000954383 0.0000966276 0.0003485638 0.0001150053 0.0005143236 0.000017068 0.000016961 0.000103947 0.0004213243 0.0000179356 0.0000124169 0.0000124255 0.0000186915 0.000173337 0.000017745 0.0000252929 0.0000252501 0.0000211153 0.00001987
0.0000156861 0.0000155934 0.0000112569 0.0000081467 0.0000145396 0.0000188444 0.0000144844 0.0000080742 0.0000080716 0.0002502406 0.0000876868 0.0000135599 0.0000127855 0.0000222519 0.0003377583 0.0000297687 0.0001778752 0.0000950836 0.0002422121 0.0000143745 0.0000866074 0.0000199097 0.0000201152 0.0000170344 0.0000125498 0.0001617908 0.0000079953 0.0001586218 0.0000252032 0.000346014 0.0000224139 0.0000150055 0.0000200366 0.0000200414 0.0002601753 0.0000256946 0.0002684251 0.0002671806 0.0000235095 0.0000134978 0.0001743413 0.0000206637 0.0000877025 0.0000199698 0.0004911602 0.0000974545 0.0000115919 0.0000135678 0.0000890197 0.0003300947 0.0001682421 0.0000103759
0.0002656438 0.000329919 0.0000101301 0.000003675 0.000003605 0.0001613295 0.0000068138 0.0000068631 0.0000143274 0.000013311 0.0000101905 0.0000070166 0.0002482857 0.0000167484 0.0001747164 0.0002655704 0.0002582712 0.0000283719 0.000018978 0.0000199166 0.0000106782 0.0001770781 0.0004203225 0.00009247 0.0000177157 0.0000145256 0.0000185323 0.00001763 0.0002528856 0.0000170978 0.0000169898 0.0001692543 0.000013457 0.0001681611 0.0000105273 0.0000171492 0.0002669598 0.0001909257 0.0002533589 0.0000136239 0.0000802237 0.0000099551 0.0000792657 0.0000243635 0.0003524773 0.0000297664 0.0000921528 0.0001777801 0.0001006325 0.0000252062 0.0000155587 0.0000132763
0.000011343 0.0000176262 0.0001708781 0.000006757 0.0000034741 0.0000035186 0.0000067006 0.0001645035 0.0001677557 0.0001698716 0.0000111473 0.0000122892 0.0000113401 0.0000910167 0.0000201721 0.000022332 0.0000892457 0.0000201423 0.0005735341 0.000018064 0.000105683 0.0001906336 0.0001225341 0.0001832217 0.0001795775 0.0002486839 0.000096435 0.0001799579 0.0000944119 0.0000188722 0.0001796956 0.000172367 0.0000217318 0.0000842784 0.0000143205 0.0000177887 0.0000997287 0.0002710616 0.0001914908 0.0000166318 0.000005811 0.0000077057 0.0000092058 0.0000266646 0.0002702055 0.0002596822 0.0000211159 0.0002624195 0.0003479676 0.0000943646 0.0001701947 0.0000102241
0.0000025335 0.0000090073 0.0001677786 0.0000080082 0.0000079354 0.0000068961 0.0000100296 0.0000069226 0.0000100936 0.0000122228 0.0002431569 0.0000939318 0.0000188368 0.0000983569 0.0002590908 0.000177439 0.0000124746 0.0000240634 0.0000954372 0.0001799752 0.0000190873 0.0004861428 0.0002582832 0.0000902033 0.0000197379 0.0002516512 0.0000252559 0.0003467856 0.0001767604 0.0000198991 0.0001715573 0.0003384076 0.000089735 0.0000070028 0.0000853763 0.0003288445 0.000096488 0.0000988857 0.0001812165 0.0001702903 0.0000080646 0.0000080611 0.000169165 0.0001800567 0.0004253984 0.0000974945 0.0000157032 0.000171584 0.0000200569 0.0000942268 0.0002587347 0.0000133692
0.0000077386 0.0000850877 0.0000120254 0.0000915376 0.0000132771 0.000330796 0.0000165454 0.0000102032 0.0000101117 0.0000110872 0.0000133809 0.0000239162 0.000568138 0.0000241754 0.0001734762 0.000093811 0.0001607861 0.0000197852 0.0002580647 0.0000166846 0.0000143576 0.0000163959 0.0000183512 0.0000080089 0.0000079589 0.0000092893 0.0001736753 0.0000160916 0.0000935794 0.0000983457 0.000101583 0.0000228512 0.0000144212 0.0000079216 0.0000141727 0.0000133312 0.000022922 0.0002622172 0.0001795784 0.0000102317 0.0000111219 0.0002523783 0.0000177437 0.0000211197 0.0001777098 0.0000136452 0.0000061188 0.0000124373 0.0000165648 0.0000918258 0.0000123266 0.000169883
0.0000077796 0.0002396361 0.0000088736 0.0000049784 0.0001742229 0.0000930129 0.0001775031 0.0002514285 0.0000863089 0.0001656151 0.0000113168 0.0000951312 0.0000952371 0.0000187871 0.000006118 0.0000119972 0.0000852683 0.0000196106 0.000328863 0.0000112305 0.0000005125 0.0000004856 0.0000025522 0.0000025926 0.0000026715 0.0000156178 0.0000170468 0.0001100257 0.000018278 0.0002674824 0.000250823 0.0000865661 0.0000060465 0.0001657798 0.000010139 0.0000814378 0.0000145759 0.0002476543 0.0000154735 0.0000038082 0.000007941 0.0001689736 0.0000146529 0.0001712764 0.0000147301 0.0000146299 0.0000135927 0.0000177365 0.0004061832 0.0000112871 0.0000058508 0.0000057883
0.0000077138 0.0000076928 0.0000076439 0.0000069541 0.0000154887 0.0001765348 0.0000167021 0.0000102274 0.0000120221 0.0000820301 0.0000131416 0.000171013 0.0000969137 0.0000101214 0.0000048384 0.0000067181 0.0000079738 0.0000884036 0.0000121107 0.0000066461 0.000000136 0.0000001427 0.0000055514 0.0000840349 0.0000102091 0.0000169096 0.000656337 0.0000269332 0.0004184043 0.0000232859 0.0000907917 0.0000151617 0.0000110882 0.000011304 0.0002514262 0.0000124211 0.0000185568 0.0000918147 0.0000121595 0.0000016301 0.0000056229 0.0000121538 0.0001731367 0.0000154948 0.0001711716 0.0002577949 0.0001745238 0.0002568281 0.000021859 0.0000163744 0.0000037673 0.0000025873
0.0000057191 0.0000799254 0.0000045209 0.0000069794 0.0001743353 0.0001765801 0.0000144856 0.00000479 0.0000045525 0.0000046171 0.0000098808 0.000086504 0.0000886367 0.0000153353 0.0001593482 0.0000087827 0.000007797 0.0001633347 0.0000055508 0.0000002451 0.0000001056 0.00000026 0.0000077884 0.0001761829 0.0001715067 0.0000340656 0.0000300642 0.0001167306 0.0001821968 0.0000200091 0.0000049778 0.0000820877 0.0001657084 0.000019731 0.0000167768 0.0000253257 0.0002487012 0.0001754754 0.0000936032 0.0000047906 0.0000057272 0.0000864377 0.0001701415 0.0000155896 0.0000846389 0.000016681 0.000174572 0.0000167761 0.0001640243 0.0001710369 0.000009113 0.0000090127
0.0001750512 0.0000077439 0.0000065866 0.0000812479 0.0001036986 0.0001820917 0.000168314 0.0000088136 0.0000045497 0.0000787658 0.0000078275 0.0000111257 0.0001709725 0.0000925121 0.0000894179 0.0000872 0.0000059094 0.0000036914 0.0000035114 0.0000003071 0.0000034114 0.0000036358 0.0000111438 0.0000928821 0.0003406255 0.0002657208 0.000339034 0.0001794151 0.0003398936 0.0000167695 0.0000047719 0.0000097401 0.0000100106 0.0000917011 0.0004856305 0.0000211355 0.0003394555 0.0000156909 0.0000113128 0.0001658067 0.0000111839 0.0000144484 0.0001742466 0.0000218633 0.0000124311 0.0000165911 0.0000147659 0.0000208773 0.0000197512 0.0000895552 0.0001754725 0.0000177833
0.0000058022 0.0000832506 0.0000079767 0.000014679 0.0000234422 0.0004356781 0.0000930597 0.0000089557 0.0000843011 0.0000101733 0.0000133444 0.000166816 0.0000112963 0.0000165447 0.0001639076 0.0000174194 0.0000144233 0.0000122212 0.000012341 0.0000068749 0.0000099805 0.0001698177 0.0000143738 0.0000918882 0.0000177958 0.0000974824 0.0000244199 0.0001895663 0.0002634429 0.0000167003 0.0000801001 0.0000078598 0.0000821517 0.0000142442 0.0000144296 0.000025205 0.0000157802 0.0000135452 0.000010232 0.0001788707 0.0000235049 0.0000976836 0.000172397 0.0000940726 0.0004091855 0.0000114057 0.0001724383 0.000415779 0.0000900536 0.0000103991 0.0000168421 0.0005022455
0.0000089542 0.0000153582 0.0001774965 0.0000191467 0.0004203433 0.0000935024 0.0000179814 0.0000112797 0.0000165259 0.0003369977 0.0000175106 0.0000874332 0.0000112406 0.0000166727 0.0002548927 0.0000198461 0.0001642832 0.0004188619 0.0000213047 0.0002557505 0.0000875736 0.0000123446 0.0003319732 0.0000135028 0.0000091798 0.0000061499 0.0001743784 0.0000222349 0.0001765308 0.0000102616 0.0000121221 0.0001718007 0.0000121433 0.0000058537 0.0000071853 0.0000888487 0.0004103131 0.0000081068 0.0000082827 0.0001844646 0.0006785264 0.0000300962 0.0001714455 0.0000187882 0.0000103552 0.0000113369 0.0000178092 0.0001851255 0.0000275263 0.0000169607 0.000095284 0.0000180063
0.0000070324 0.0003289467 0.0001758266 0.0002624934 0.0000222238 0.0000210751 0.0000177586 0.000325779 0.0000165829 0.000086638 0.000091819 0.0000886864 0.0001700456 0.000015704 0.000255911 0.0000240636 0.0000995162 0.0001098429 0.0002656333 0.0001743661 0.000015732 0.0000145898 0.0000168117 0.0002544732 0.0000069484 0.000009045 0.0000144111 0.0003236766 0.0000111406 0.0000037859 0.0000100019 0.0003266624 0.0000125394 0.0000082813 0.0001679916 0.0001040998 0.000015417 0.0000120614 0.0000051449 0.0001103568 0.0004324799 0.0000385008 0.0000931827 0.0000197051 0.0000135618 0.000011415 0.0000105376 0.0001747383 0.0004211518 0.0001768091 0.0001024347 0.0002456733
0.0000114402 0.0000265125 0.0000310537 0.0000256697 0.000093393 0.0002553352 0.0001821445 0.0000159009 0.0000111133 0.000085335 0.0000175139 0.0001032567 0.0001710099 0.0000112698 0.0000123204 0.0002494876 0.0001733914 0.0000981897 0.0000867661 0.0000145893 0.0000157593 0.0003372059 0.0000125079 0.0000112938 0.0000854662 0.0000102568 0.0001709106 0.0000132338 0.0000097805 0.0000004235 0.0000066493 0.0000101158 0.0001043555 0.0001053787 0.0000941204 0.0000133765 0.0001566022 0.0000069875 0.0000105759 0.0000224747 0.0001867891 0.0003440813 0.0001653285 0.0000919652 0.0004125565 0.0001766366 0.0000148492 0.0000274389 0.0000995518 0.0000986434 0.0000212663 0.0002614796
0.0000127447 0.0002659282 0.000664987 0.0000215728 0.0001758138 0.0001884322 0.0003502801 0.0000182222 0.0000073189 0.0000083497 0.0002526891 0.0001703696 0.000008224 0.0000038016 0.0000078659 0.0000853153 0.0000122279 0.0000068994 0.000003733 0.0000090545 0.0002588744 0.0000918657 0.0000113103 0.0000101816 0.0002545877 0.0000166794 0.0000144083 0.0000853432 0.000007719 0.0000003927 0.0000023187 0.000005872 0.0000909511 0.0004920363 0.0000900342 0.00001549 0.0000155206 0.0000992322 0.0000212542 0.0003408343 0.0001799911 0.0000209499 0.000098065 0.0000207894 0.0000189457 0.0000273742 0.0004137445 0.0000199868 0.0003269252 0.0000187137 0.0001025886 0.0001790233
0.0000147462 0.0004286384 0.0000364383 0.0000290354 0.0001793184 0.0000268965 0.000180577 0.0001885708 0.0001057668 0.0000148029 0.0000232051 0.0000220515 0.0000175585 0.0000057304 0.0000077213 0.0000132201 0.0000100485 0.0000058941 0.0000070666 0.0000135595 0.0000930415 0.0001698809 0.000005844 0.0000144071 0.0001754363 0.0001775325 0.0000132986 0.0002418444 0.0000108579 0.0000035528 0.0000054753 0.0000788893 0.0000218597 0.0000221285 0.0000240793 0.0000135336 0.0003353335 0.0001029933 0.0005062005 0.0000297975 0.0000910413 0.0000070906 0.0000093705 0.0000146611 0.0002475976 0.0000188368 0.0001713483 0.0000197142 0.0000092845 0.0000164719 0.0002405107 0.0001109205
0.000010326 0.0000900689 0.0001833517 0.0003419478 0.0000256714 0.0002676687 0.0001032475 0.0004300456 0.0002650234 0.0001778829 0.0000159414 0.0006546579 0.0000886834 0.0000057766 0.0001633794 0.000085367 0.000332691 0.0000102255 0.0000114302 0.0004247995 0.0000156566 0.000008991 0.000003797 0.0000101269 0.0003287637 0.0000154625 0.0000872988 0.0000099014 0.0000108627 0.0001612873 0.0000055614 0.0000101299 0.000017825 0.0004180453 0.0000158197 0.0001630284 0.0000178975 0.0002732218 0.0001878472 0.0002667561 0.0000071754 0.000002572 0.0000079891 0.0004121488 0.0000155294 0.0000885747 0.0000112524 0.0000110573 0.0000789713 0.0000120244 0.0000167892 0.0002591633
0.0000080828 0.0000167251 0.0001007332 0.0001840868 0.0003283898 0.0000191159 0.0002627313 0.0001154617 0.0005017677 0.0000189389 0.0000156903 0.0000143938 0.0000142876 0.0000056441 0.0000056313 0.0000153875 0.0000124162 0.0000146735 0.0002527185 0.0000147128 0.0001712217 0.0000100677 0.0000089365 0.0000121555 0.0000091962 0.0000092319 0.0000049366 0.0000790519 0.0000090003 0.000006884 0.0000068678 0.0000082394 0.0004147269 0.0000192754 0.0001797944 0.0000146086 0.000015674 0.0000171205 0.0003480581 0.0000189707 0.0000123371 0.0000058451 0.0000132616 0.0000111818 0.0000133177 0.0000112102 0.0001677993 0.0000842419 0.0000047825 0.0000059704 0.000174526 0.0000274514
0.0000059857 0.0003403472 0.0001768414 0.0000209372 0.0000134165 0.0000163656 0.0000104469 0.0000199405 0.0000168636 0.0000154776 0.0000037976 0.0000025474 0.000004575 0.000004589 0.0000026483 0.0000070535 0.0002535505 0.0000178437 0.0000146195 0.000012509 0.0000101927 0.0001678266 0.0001667289 0.0000864992 0.000019046 0.0000211257 0.000018883 0.0000177088 0.0000167089 0.0001702018 0.0000079317 0.0000174639 0.0000208295 0.0000275856 0.0000233491 0.000335365 0.0000092241 0.0000094143 0.0001690745 0.0000856454 0.0000081087 0.0003305759 0.0000058717 0.0000037199 0.0001634966 0.0000112062 0.0000972059 0.0000210709 0.000019981 0.0000082772 0.0000177813 0.0004176981
