Models/Synthetic/Density/temp_raster_pop.asc
NCOLS 100
NROWS 100
XLLCORNER 3302900
YLLCORNER 3112000
CELLSIZE 4430
NODATA_VALUE NaN
[rows 0 to 22 of 100, columns 0 to 51 of 100]
21.7080871148 2.4495791575 1.6214153576 7.2665165518 1.4156036558 2.4658957702 7.0591573783 52.7632500034 7.088625732 0.7694864221 0.4184948415 0.7351379978 3.3339705057 1.4595625736 5.8191024238 3.6961033147 4.5416829626 7.5533154756 2.6098014761 3.0077069907 11.9723678586 2.1626939139 5.4060653909 13.9702045061 23.0212259235 5.1825730992 1.2056494866 0.3528490956 0.8073139365 6.5687780816 1.3405838077 7.724304908 6.5764193406 7.0620059792 1.7325315146 0.4679148533 2.4293560791 11.4476941232 3.6772101628 1.9404364392 2.7711104321 1.0206409981 0.9800041417 2.1100643481 0.7184629041 1.1283386999 2.0377132047 3.0263667057 3.5418825499 9.9998164889 4.4005836794 18.3143273535
6.1495270423 6.1158608805 9.6310894988 2.0767301197 1.7646291043 9.0354233715 12.0430579179 9.0226726608 6.4324302017 1.9721791752 2.3399835782 3.0031467444 2.4411823044 2.1418898454 8.1333919132 5.673969443 5.2264251649 8.3328623774 24.6827843132 3.0185538086 1.8784024119 7.6360187612 6.322529961 4.0008435501 11.6469014154 13.5885927066 3.835038264 2.4916043688 1.0861272297 2.6728109554 2.9322866193 2.0531671806 5.0550251332 15.0008311359 2.4073294164 1.874655111 1.4859841265 3.9300730937 3.5935621456 9.0391564987 1.3756520639 1.2613753538 7.2583382512 1.3368018654 2.8955178012 3.772255906 8.9860943117 16.680978978 5.7064183691 12.9743914751 9.1502813684 6.6285766499
5.4992350038 4.4329194224 4.3592473318 4.0168354319 2.8513892238 3.4860752029 5.4360329601 5.8414624344 3.0246459334 21.2253253003 4.1802746066 1.2881552754 1.9628974365 1.9718760184 4.1490705163 4.2270303854 3.5423781793 34.3919523588 8.6934341428 5.6207342445 1.3144908834 1.3630007003 2.0029289926 6.9962745581 6.1474363259 13.7834155265 24.7087582549 4.3479107355 4.3108332346 1.8616274743 4.8663399543 13.2917338817 3.8502513583 4.4811162478 9.6508725588 2.5005990608 1.7565315447 1.2524070921 4.542419432 3.4510431212 3.8164601674 2.9239341875 3.1866164717 2.505736114 3.4180205062 2.44805885 8.9760274579 3.0898059156 13.7787008804 3.9993612181 5.4666800054 22.0322456338
1.203138018 4.3372221602 3.2366437924 13.3230085656 1.9909060146 8.0363624422 17.3793746601 9.6027767853 5.8014151407 10.9763770262 4.6155671613 2.5611588978 1.7655715421 3.9953518098 4.4300602515 6.0330986305 3.0787508363 6.3702620309 3.2282603319 3.6592296958 1.7469347408 1.6283024581 2.9323300275 4.5644837817 3.9298198126 7.9862331631 11.1329482846 28.8748489278 10.9265711287 1.9656068737 2.009920224 2.3447811907 12.3477898214 2.7917423625 13.4416843545 4.7549754806 2.6740933064 2.1427473249 3.7258685318 20.6084515949 2.4364705924 3.4128385928 8.2147366373 12.0081135337 4.0496424527 12.417812211 1.8754428841 1.7859460249 2.2131721853 13.3980567646 2.6098481919 1.8474685743
1.2510479429 3.0068116541 6.7287330567 1.7099268034 2.4613435456 2.8585157271 7.5711956924 12.5217780293 5.7301917922 9.2852692208 3.187307533 4.1168441599 9.1516661804 3.9578243057 9.3643635105 1.9810726247 3.9858504544 1.607084533 3.5844868078 3.4453838017 17.1887630936 4.0372377226 2.6735771651 2.8750624313 2.4321850625 3.6809032339 4.3348841311 4.2695972138 6.8966479618 3.0525397288 3.570067646 2.1486117324 3.5465452834 2.3415254561 2.8231670062 4.0910334074 4.1658769888 8.299883546 10.0330158044 4.0423383481 5.6918249569 4.7168607479 2.4224598629 4.6561869241 8.0939912466 4.9359729637 2.7501579126 1.6709417902 3.932046432 3.9465586927 1.9344947194 0.595782479
1.3143019726 10.2641557606 2.1466059717 2.9238195476 3.7501025958 13.6804583142 5.0571950376 15.5075330317 23.5846912758 28.5147187879 5.2685558969 1.9612973726 3.9765429015 3.4154951336 2.3274964934 4.8879140695 1.5620799779 7.0201188338 5.5455656166 11.4539514697 18.7950825575 6.3549077209 3.7019705712 4.0873577469 3.2200006139 6.7963802436 3.032977517 8.7659388981 4.4696313628 3.0214228974 4.3816054127 8.8448200328 4.5191225191 2.8788234723 4.0513426299 5.1330129898 23.5399480542 3.9984738481 3.3038034197 4.1563230665 9.8396466814 3.418533526 7.0964778878 3.7962761843 7.8158051385 8.1168401477 4.3213739774 4.1044709267 4.2965154841 11.9366509951 1.7624865213 2.4442948125
2.9812045779 5.0786727674 5.2448148661 8.1715061541 12.7294230024 20.3627076304 5.5922901383 3.9377904653 6.5201907028 38.0382585854 7.6229760843 2.4479183558 2.2758474612 10.747606448 2.7521169144 2.3170489752 4.0835517451 1.988400968 11.3747139554 7.3432677125 6.4461180097 5.5774827272 29.924386643 4.5266878478 15.0320486975 2.819008619 3.3835574584 21.5027478731 6.9501157029 15.797311257 3.5612039019 12.0827506325 5.1557424354 22.8527950089 11.5446230215 10.392110245 3.9431429267 4.5495275572 6.2138826571 6.1916532812 2.9569145516 4.2304727482 5.9458558984 5.345074115 5.469591682 4.0473143487 13.3302690427 20.7592742919 15.2491809555 9.6334031539 4.9462011245 2.1310545083
22.7812080942 13.4984714699 4.7049357033 8.5829102798 8.7165919312 17.5715788856 4.6236335388 1.5869492842 4.6103056284 7.0668962823 15.3259243717 9.9656025304 4.8839266992 4.0641932899 4.501558094 1.4524790652 3.387179456 2.4473354165 1.4629662392 1.7052991857 1.3387758426 4.832858706 6.8777395077 5.4602649211 4.3325326648 3.4506188171 12.9355783375 4.4537209421 2.8551557441 2.4368842861 2.9867738798 3.2977144806 7.4391226044 4.8599885806 6.1972024997 4.5269636449 2.426312872 5.4278490093 2.8925641753 2.5118023319 2.2427458313 1.5654317425 2.1560328096 14.8485106005 5.2701966979 19.3937285775 6.2823445525 4.9267240024 20.5686756067 20.4218326191 7.4782215821 1.8866576781
3.7546272795 6.6981387141 4.0331757188 10.7559116305 6.0210200826 14.3340875421 5.3160433541 2.2027779528 5.6363002349 14.8590720323 3.0022963089 4.7032789685 2.0515954456 1.625771829 2.0280482246 2.2789703173 2.8176126019 1.233050804 1.5473256306 3.7359085097 0.6767577543 1.2326018999 6.1453713247 11.4569577792 5.2385668654 3.284440616 4.6655219788 2.5633506564 1.4065148347 1.045576549 1.24467489 2.7515276499 1.2335915327 2.2240010252 3.3775346038 1.0281898452 0.944967997 2.9622561286 16.7008141475 4.6306492965 1.0850918971 3.4320796237 1.8313971714 2.2321709379 8.4730000466 9.0362266955 4.6770697304 11.5093756424 8.5302812229 9.5580442532 3.1499168384 3.0026646488
1.1259979179 5.9127301235 6.662294486 2.3395047734 4.8627310808 3.319620377 3.4697126058 3.0870585136 17.7398738167 4.712207213 2.0217782316 2.028205786 1.5316537495 6.7493245921 1.9018590406 9.6764425067 2.7359830255 2.5817703913 3.4638932499 0.9565604217 2.0743324596 1.4466848325 3.4433063669 12.5479136309 4.5955325751 9.6772495856 3.9767402265 7.7209434851 1.2975155414 6.6925667075 2.6221577009 1.4898070709 1.1796182771 2.8530977188 3.2511972678 1.257719854 1.4523927179 3.0217274493 15.4249161686 6.6334637057 2.9144016225 1.047009483 4.936285601 2.2327683526 1.969718727 2.9870764117 3.7920292342 2.9657666013 2.5727119593 5.4527549816 2.986139312 6.4298356657
1.7441582796 2.0011745609 2.790189869 9.8764675898 8.799634809 9.5500041717 6.4340750772 5.2444606373 9.7944290687 5.8453318672 1.9118141992 2.5880989506 5.178893148 2.0736490286 4.5345558376 2.9991311115 3.7696461608 3.9396021295 1.7521112377 0.8632251912 1.6904317151 1.9598240519 4.5751265181 25.0027173167 7.8647947759 8.3571811336 42.5067047378 3.7188761598 1.9089594303 2.7250221533 9.1272018317 3.0273516628 3.3777632356 3.6542419639 1.6852976677 1.930284123 6.9938862895 3.0123506798 6.9137040069 18.4882421811 3.0679620915 3.5474917567 1.9497536623 6.3003013759 1.7710358549 3.3797314232 9.5727324745 2.6469013375 2.0894457257 3.9570414084 5.5119365343 1.7191236571
2.2607369398 7.2974035825 6.55588711 11.2181835491 34.3778153124 90.9487460603 8.7414776024 4.902484945 2.0543810347 5.6460208596 5.0219144886 8.1974577451 9.0361458493 2.9311010299 3.3700704386 2.1638792714 7.6057111497 2.4121098741 0.8092862937 0.6886596448 1.7806006071 3.9234435418 2.2492633527 3.5633963358 19.5266031751 12.3996768612 5.5558727893 12.2824753525 2.5684929931 4.232467408 8.4730964865 3.3686475864 4.0959048787 7.2995931761 1.6447736669 1.246448377 2.2897389905 8.9720062255 5.6412105739 2.3656774088 1.9380402725 3.8759800663 14.7139902757 4.4340703028 3.8438783054 9.0774607257 10.9619307952 5.0130961461 11.0237861441 3.8322924252 4.9478595463 1.3544268742
1.8789318246 6.2017069603 7.7869651675 5.1476364406 12.1353274577 14.6096935273 8.2472500362 5.8807135278 2.5628971446 2.6106777032 6.4889845435 5.2168335969 6.9014166922 12.7799307257 7.924920564 3.5764875388 3.2628631544 2.6793750183 2.2253218031 1.8457656648 2.0639960348 1.1187110057 0.7717845204 3.1653834335 4.963611789 3.8568217995 5.6511328204 6.5410335571 11.5089583836 8.4686975024 1.8619014683 2.8907364773 7.5260958193 1.6113599566 1.8423440912 2.1330837529 1.0865772178 2.4060407484 7.4556021229 2.688352704 3.5558057173 7.5129088108 27.7312400061 7.8664925495 13.0032810486 12.9137681224 3.4970470791 2.0000648128 3.637681944 1.8352018277 3.6637975201 1.5739309428
11.6038384459 2.8262044658 1.9170850221 4.6614850376 7.1182489764 24.1796571032 3.5379865444 4.4709057628 6.8354866276 16.4103311687 7.1146450505 20.845515627 6.4513923601 5.1665704505 10.6302430557 3.005284318 4.4028381057 15.0588741842 7.288163674 10.3674934908 6.2217604671 1.3251231837 0.780897356 1.1034904722 2.1072525707 6.7254014006 2.3156010693 4.4844826037 4.6424944596 1.6271785012 1.3180654034 2.2272745586 2.3926114414 1.3881247685 1.6412790429 0.8344273062 1.5315067668 2.1718673601 3.5246107464 5.6679977905 13.9897936621 38.2695708121 25.7930114069 5.702952662 8.7284899604 25.6472305999 2.9075557532 1.235381857 0.8344910132 1.6554690666 1.9494159965 2.2887768341
1.9336728586 4.4907123089 3.1722579267 2.8978396179 14.5509796595 4.5299336474 7.9950544198 2.8012008406 6.4447330113 25.1972485831 9.6802266483 7.869187107 8.3989168682 7.6513257564 2.3867879736 2.7250445378 3.3648541082 7.4876475441 18.8421043544 6.2939260886 4.2192055232 2.2187341772 6.4726880278 0.885896392 2.0278860553 6.7273338032 5.64162589 6.280378182 2.610961913 0.561754406 0.6763548439 4.5457179308 6.0085774803 2.0761568867 3.5778149547 0.7110945723 0.7480672026 4.4428712861 6.2463779599 23.5682591648 34.1524958892 15.9828281098 9.5800875258 20.1162083024 6.3622335473 5.3147205174 9.3054326383 1.1464069086 1.1013619001 3.400253935 2.6637939228 4.074940655
1.2699600779 1.8998728242 2.8040918687 5.9411545769 6.846672502 4.6548570594 2.5129938736 2.4241022057 7.8806621782 12.0828601507 4.553452354 4.2818239409 5.2513280036 6.6775267917 6.6436998978 2.7475647133 8.7957325675 11.0556374777 7.8653771115 6.7910725542 5.1800783167 13.3776897704 2.4962000663 1.1962770436 1.8444848618 12.721763649 9.5101292545 27.7722645578 2.8408863833 0.853940409 1.4035337723 1.4675465617 4.7040260009 2.1296053864 2.0806522694 0.7102954841 0.8240046307 2.4896185655 2.4278593793 5.7731698825 8.9973836832 7.3930072755 7.2587701746 5.0843029815 23.4111759716 6.537122375 2.4286792312 2.7702149578 2.4917033707 1.6303637534 1.9858058429 15.4484801895
0.9817517977 8.4461003275 2.6754636576 2.0686951517 7.403032665 20.3280367786 6.8657864784 2.8384746764 4.1228618186 18.3638090008 6.0159274395 3.244143978 5.895045856 15.5340791787 2.623008002 2.8024009975 6.004306522 13.6188916304 5.9735981066 13.6651214797 22.4379796342 5.3108678733 2.6543009168 1.3060073394 5.8115813888 6.4181363692 22.6446382245 10.2404665922 5.441547178 3.3434827621 5.3075675815 2.2975993014 1.6454211292 1.0621675602 1.4239722736 3.0358451889 3.0172245317 3.2413654861 2.3141556501 2.2384109944 6.6010039071 5.5620237666 17.6333909655 11.4895461674 7.5888634677 4.5237520269 5.4416041027 2.8153535324 10.017101044 1.6583315553 1.5852565987 4.3355672363
1.543886598 1.2416301166 1.2779011582 2.2214732159 9.4322935501 13.9457377078 4.8832769409 6.4563467622 11.8879241195 14.9313197686 5.1519584254 5.4073221502 16.777211974 5.2649832054 3.4917591495 9.0485579809 14.0751951606 3.5773406799 9.0179147675 15.6991171868 13.3317840274 7.0637161926 1.2186673643 3.1613289909 6.1755720369 19.8662089478 13.0932686471 10.8529503122 3.4979368056 11.0410208707 19.475824801 2.9551548951 2.6484753364 0.8422418716 2.3988402346 11.8000071675 19.1962596395 15.3385033669 3.1463148138 13.9172582879 4.2111157449 6.6056988009 39.1819439358 9.8024625769 2.6835321877 6.1463042728 11.5722624102 3.1955023321 2.1172478547 1.582514284 0.8992453379 1.1748545444
1.0683489245 2.2962167704 1.3436040783 2.8845114333 13.192913489 3.7724850425 2.6541095093 3.2267864216 6.1487442788 24.7536195481 13.5322296858 7.0133475729 5.8065615362 26.6734475599 6.081797929 5.5382123518 4.5304477543 7.8198828743 7.3851084278 20.7348699419 14.0437889 4.5827499865 1.0536956509 0.8731019716 4.1159266724 3.7526540753 5.2508797244 4.8529704599 4.3282739325 7.7109255628 9.8412042203 8.133946039 1.1280394847 2.3708676668 2.2027393574 4.577643043 6.3848413539 8.2072303952 8.6560010313 8.4399542762 6.0163269635 13.2104294079 7.489391226 10.6930876533 3.4240519551 2.0591557037 2.1811646923 2.7672010508 10.0145739245 4.1623507646 1.1120065039 0.6882237388
0.5116896528 1.9730760316 1.3359877263 5.2676849378 2.5928623004 1.9907831028 3.8029405062 4.5951888299 5.8888298069 8.220918153 16.4858443672 8.4218328878 9.5711648612 7.2863088589 29.3532923338 3.9190694985 3.8798358045 9.3589781719 6.7875049383 34.3856677144 7.2239488773 3.7769727903 1.0486792365 0.4287446291 1.1039528204 7.9141077675 2.1371172038 3.2846993048 1.6232729277 2.7527504235 2.161466862 1.4210132329 1.8631386248 2.8327608086 4.6322530534 1.9451760126 1.6470695906 3.0104588811 3.6203236017 6.1138124737 34.3821873398 12.9282332795 3.2164724379 6.2679306828 2.7389485999 9.0829699772 1.499197103 3.9051589448 17.9046201741 4.1266632982 1.6770462556 1.6653845701
0.9641179376 1.2658860592 2.5740661133 6.0658746408 2.2672470207 5.4134778362 2.9203903846 2.9570276882 3.7499998619 3.3622091624 3.9608251975 12.6955610837 10.0801939887 9.9469702516 5.8526078582 5.6430613056 11.4234574607 4.5692208033 4.6253692679 5.5134646987 21.6039284544 8.7680759536 1.4446242568 0.6086170268 1.1902960876 1.9235605432 4.4389048345 0.9633369603 1.2700794244 6.170493397 2.4286211987 1.0019419655 1.6035508666 15.6339610311 3.3306568765 1.4885820597 0.9411266404 1.5410868887 3.0426760308 11.5853192424 4.5467248735 4.776040499 4.833999594 3.1280575699 15.286426823 3.1040732493 2.8588504668 9.0231903417 5.7619395054 3.4417007929 15.7215330429 2.680606031
1.4994801881 8.3208915136 4.1092228604 6.402028969 9.2354802644 3.3719083748 11.5421981928 2.3527775409 4.3786640576 2.9767766594 2.9665973001 5.5405630173 15.6818127993 4.5488115051 6.3009753604 5.0624775388 19.2658148787 3.4469005512 4.9754630278 2.6591478836 4.0446889847 2.6525178606 2.9550611359 1.6163734261 3.3888305577 2.2537165261 1.5086270731 0.8437045026 3.8473531865 4.1464016289 5.5797028294 1.791721355 3.722451475 2.9805897852 5.6700375749 1.793043878 4.6849362599 1.7202753236 2.6753161044 2.0665021642 2.6312032967 2.6772888554 1.1869168929 1.8636834567 2.0768565032 2.9703143979 25.8055025773 4.6588002283 4.146328274 2.7675358425 5.0439968719 6.3024455101
2.3931090505 3.2780487766 5.336633084 3.3202785982 7.0205982538 18.8752035693 6.5849217367 7.3321798222 4.2135127309 3.2240475435 17.4030099137 9.9471275723 24.2666535376 12.5419256099 6.3232782053 4.1694447017 2.6502656716 2.8943728044 1.3821984418 1.2631184043 1.1785261677 7.8617752374 2.1759275176 2.3753048819 10.8710426485 3.2290741291 2.5346960623 1.0995189581 1.1974543424 4.6842302354 2.4504126713 1.3967135115 1.4434551023 2.2211146758 7.2642546663 2.4400574613 2.7490399643 1.1902955049 6.7590423308 5.1394240612 1.9110796165 1.0090267235 1.8067553371 1.8894688648 3.8247480391 3.9680414757 4.1954378359 17.7608855116 6.8636265216 1.3070770698 1.4417641931 6.7849078024
