Models/Synthetic/Density/temp_raster_dens.asc
NCOLS 100 
NROWS 100 
XLLCORNER 0 
YLLCORNER 0 
CELLSIZE 0.01 
NODATA_value -9999 
[rows 19 to 37 of 100, columns 0 to 43 of 100]
0.182031927425202 0.167723625567885 0.106575024714765 0.100095243152354 1.05044080009261 0.992426214726671 1.08584853295089 0.874083449639295 0.29612684316926 0.178144778887369 0.124686316996139 0.155691246858947 0.220509664229844 0.228824455471537 0.307966614202265 0.693609971693834 1.06795828854208 1.44514133279532 1.85355762325103 4.09103269932826 5.69935232993 7.24539539888852 6.33375958170598 2.64135867959455 0.733031184524346 1.63139149073032 11.4528308821968 3.31156207281025 1.39993509247401 4.08046684888595 8.02601783034527 4.34977514999158 3.33878960368017 2.56123760737273 2.94531126246905 1.17795971917365 1.29259816439699 0.931607983886437 1.5898771146358 0.121678957551768 0.0199147459422169 0.0313869377891089 0.183322367723363 2.40090264533554
0.450694159482734 0.13314249534201 0.0608085150146728 0.100079895819475 0.299212799493905 1.17254691151961 1.91407016567654 0.448779446787584 0.228867558542214 0.150643645118762 0.133046430850515 0.133168524410238 0.994896228964092 0.148654190416685 0.259485475536565 1.56863220154725 2.41679787041204 6.53597536637259 9.61530410006531 11.4987885888626 10.8240548884987 36.2811487407676 10.9243931419911 3.67686870453475 1.67544088428917 4.06426886604181 5.15783114783624 5.6686837786242 1.77975632418226 1.97754110478263 2.90621321061591 2.44698057408687 1.54327165058106 0.696090042249136 0.507128038528498 0.462422759241154 0.442114650370593 1.91996722155284 0.25678242882133 0.0988189920363795 0.0174227307829953 0.0330246400923763 0.199322281162501 0.592048629817238
0.348064428570752 0.292958068545997 0.126820515689434 0.162945182756642 0.426736463629137 0.820522522079548 1.10989597340285 0.51096820759391 0.189558807814199 0.994418881504742 0.118472665685149 0.113111329369022 0.124616345423206 0.229575925447435 0.507708285278858 1.79500971702961 4.22589316437196 15.3555575966515 60.9741790488364 13.5093112735161 13.9414380662822 22.4609231353446 25.4622144968268 11.4619604509297 8.00144712964997 3.68576978642126 1.5209234395123 1.11883312530196 0.896424060535427 1.0700762650598 3.10466303430222 7.25282414774882 1.51324687846814 0.41669912407484 0.127200238293513 0.0944799749145647 0.128343550250961 0.120355893701233 0.0976231239492804 0.0385094085458684 0.0302187949629038 0.0718954495284039 0.187839384122146 1.32536268412682
0.977875139165363 0.592684150815193 0.149317318285032 0.482913197408696 1.76587717064817 2.80669720596712 2.73149323037712 0.503749108569338 0.223485549878173 0.117214812481428 0.106342712809605 0.0694480874220172 0.109482311614078 0.299384371036376 1.97550412250053 3.57670310661894 3.7637772347167 19.1076385781194 10.3768922440173 14.4660444359704 6.0661679645835 5.14090670398566 10.8206380009755 43.5153342639489 10.6393116286589 5.70965223113829 0.89917235143066 0.295131321090257 0.321168697388159 0.944117283802896 2.4715153531187 6.7408750460981 2.72265664383021 0.40223298230167 0.0693039473759488 0.0209271096875177 0.0177683460287411 0.0264769561427503 0.0693099636423473 0.0773162436017555 0.0827149735684609 0.198042106294336 0.7042342824728 0.920913838822264
0.245177799897602 0.210368741856197 0.137851555607866 0.561983550170657 5.34172708971102 11.6339734804801 2.02401528832142 2.28055563532478 0.196659513926159 0.0447358136657147 0.0656560587032388 0.179169464201927 0.425360812548562 0.654138588920587 1.57863919640493 7.01394178036238 8.25333994151777 5.56714460104266 7.0967665413915 4.18905155384806 1.81235869840305 1.94404910822791 7.0164490777721 16.0494657994276 35.6378849427383 5.92907067399193 1.10719692397556 0.164077526653632 0.16606517876841 0.606324922360413 2.8282900144562 8.46801029816966 1.77738532358852 0.445071788701679 0.0642403026038696 0.010009283947821 0.00565722869457838 0.0193817893100346 0.071742079342722 0.277657488867607 0.126544061295279 0.273775941798023 1.74515969769596 4.43404234073591
0.039793948142206 0.043274968083733 0.0676611236861722 0.440597105453295 1.58776220149074 2.00689387242572 3.78660007906447 0.994077490062042 0.180447013415353 0.0328786103491001 0.0893347881255148 0.545513082537702 1.17290777643087 2.11864590710402 1.35859613687187 1.60448471814436 2.97210082316336 2.67486484731672 2.06940605600392 3.06351014084284 1.3054267321322 1.52154033221611 4.39248625905462 9.41827120817385 8.51545605683013 6.98708914915843 0.870257124854144 0.13028616721838 0.089386365938748 0.424545211419754 2.54959030245563 2.11100316548824 1.78770441121417 0.406814541161547 0.0757835672736731 0.0160526288232245 0.00584957902452826 0.0143486113773173 0.0589304916509641 0.103681476443944 0.811836087481196 0.251614923182042 0.740280941958797 0.914689177519685
0.00528341344175576 0.00843587040584838 0.0293063104434987 0.125686850762723 0.2604691292125 0.536146509707755 0.532657559246394 0.397249250623853 0.100665566183415 0.0264510534136952 0.105768921839287 0.575913272581914 3.76824070960256 1.28135928770486 0.646528557702793 1.36292755770817 1.03925875949114 4.67274976832041 4.26975641175873 3.76837157028182 2.30596502185909 7.76375779603103 3.94902497138058 4.23165560107316 3.62330989324534 1.49806927518868 0.576270551631794 0.0896396416390386 0.0616440816561177 0.273445550900773 0.564466558778442 3.22057804013552 1.59236534406638 0.50320254883861 0.182238028381312 0.0423220598348873 0.0149688284082812 0.00924906012472852 0.0168351481444827 0.0602645878627881 0.0847298395495511 0.162579201003055 1.1019563611562 1.04918400890169
0.001433979046922 0.00313719767472141 0.010414484058068 0.0261764666931139 0.0574311604941631 0.0825022196308027 0.0896251774387541 0.0626058628281897 0.0317936638141553 0.0181237704794638 0.0755911346811066 0.428448778073746 0.604504610945968 0.823819880945467 0.576758477045346 0.511137343366733 0.989813746888444 4.56549679752364 19.5143121723579 4.34555037705843 4.2983307704244 10.6065529086987 3.70597615289598 1.60575518797811 5.26096092227693 0.791962527055185 0.240126941694738 0.0977599078075411 0.128674232048532 0.186033429718934 0.378666686852473 0.995467032487146 1.63825637532414 1.4349350950309 0.360363885548586 0.147936208144756 0.0257171553356512 0.00610806612232232 0.00800256338342528 0.0314473100560744 0.15778971642948 0.23712394741539 0.323862746569719 0.225956351504427
0.0100526948174711 0.013637926653398 0.0167683616859264 0.0437435490639407 0.0790948590396005 0.107417755803375 0.0863619249330022 0.0520382993287036 0.0200519713205155 0.0155792098666573 0.0408076992166731 0.0848131829374725 0.176997930759622 0.44331675850894 1.74577027088208 0.543329321200766 0.792161864434217 4.80758083488741 3.99207053418614 4.64853776476916 6.81186790160321 2.87270854159225 3.14460956675356 1.60534665191114 1.47125828746145 1.73228134076885 0.480013746471292 0.291820543202613 0.438808230155344 1.1206204408968 0.811992040461428 1.30442613185554 4.41259073848661 1.77535930701284 0.883902368202826 0.162164132000457 0.0363642772050039 0.0106385439452047 0.0117535562784576 0.0422940014370905 0.197467971397331 1.04440592226785 0.638282657751733 0.490528440467505
0.110666813076613 0.137097455144547 0.105844823655372 0.146072576505047 0.49756192050367 0.596658453904242 0.526553926977812 0.169071372034897 0.0872306170416955 0.0574905965576064 0.0344375270173627 0.0242546981468114 0.070164882919298 0.313709398176436 0.458134077573351 1.1104347332916 0.499984752299366 0.797098780407872 1.88652002329974 2.06873535001832 1.13397151041026 0.8684371115858 0.563894340926028 1.44809190075158 2.54629250767758 2.45160778277016 0.603550290880006 1.5957679588433 1.97576188528404 2.6106859903115 4.46684346146863 2.79981573383078 1.98347671387322 1.40222277409518 0.338902074162967 0.154707846877804 0.0609831421603903 0.0670637487112606 0.0772012769794624 0.0915389746657269 0.221908191307227 0.628124901045644 3.54903606769767 0.491288868546739
1.03187611558493 1.05581598640677 0.812572267594485 0.350983175008573 1.32735645988495 3.19732062895396 1.07337402780585 0.51349993124658 0.439293564057734 0.37005152717747 0.0554405159967157 0.015077403938429 0.0337968228625713 0.0767677597094061 0.183932420466513 0.202398609200457 0.21412628809699 0.290823118014398 0.417985720446082 0.821349719579349 0.271830145765556 0.156579246578125 0.247208712402028 0.484850245189871 0.774392027604504 0.702236626688957 0.722929794599987 2.68546519902996 13.6497560342922 3.73775514283184 9.93133783773622 8.02114727018245 1.88104403978612 0.445711670894705 0.205482981252712 0.117913599139018 0.320261885580313 0.576375503173324 0.780997538701871 0.580427040173115 0.355962216181259 0.467403943353461 0.487605742325602 0.432763913324001
4.35854462358612 8.37300678291706 2.30396073345256 1.85752364975933 0.702750543840647 0.654365778748145 0.615815981224884 0.601415916297182 3.00307351272942 0.399242850100798 0.0807604134915706 0.0198249989299091 0.0245232414888098 0.0570080211965627 0.134302345530786 0.159481981232213 0.156426427738415 0.113561115154506 0.146403109176055 0.136900081717304 0.116930795600406 0.0900811768893855 0.329308369191855 2.07657186208609 2.60080396064328 2.05364528995489 0.56551076491159 2.45852489264054 2.37902143463315 3.84198397845311 10.2151725609201 2.98670900737709 2.1169930453882 0.460045409551384 0.362666132958536 0.475145400342024 0.82388738777419 4.67737086709189 6.04514634051301 4.49351713555832 0.564314586302944 0.134061566946 0.0922018419811457 0.0894834455870239
3.43705919330214 9.83063697899127 10.7382644596201 3.57665888175883 0.440027916785361 0.21859643681764 1.48917376426115 0.464231684912997 0.470620141718893 0.41907315454754 0.129079799987119 0.0517771354516212 0.0984655368230142 0.258061772896938 0.449237545976675 1.02129849182607 0.522007673860671 0.387458006061131 0.321205367340769 0.220351908399914 0.219412199028125 0.259837443948594 0.585968929292106 2.95385432466101 22.7577630123834 2.05347873353952 0.483298345182262 1.26952787018048 1.22301505405749 2.24468865452852 3.88021247132676 7.85046731862812 1.24755740330925 0.469638684204224 1.1644248445232 2.47399477416507 3.25164418481276 5.41159718883245 35.247710319553 4.18993255394413 0.869414476334221 0.106402967833237 0.0231624151673726 0.0390656870951782
11.6827361989772 14.7163901048704 13.9582243523351 2.45859515383297 0.403433127008498 0.124631894127465 0.118605248978716 0.14715390622999 0.200209424469823 0.719249081631612 0.246592218854209 0.202358561813468 0.345107481399815 1.22739996945559 1.83785116066698 1.62240224811747 1.93718038953474 1.94609283044058 1.54487495156761 1.29971170694552 0.804364822053529 1.21060230318054 0.951747759813206 3.66691396413462 2.11683923354837 1.77145698938229 0.280203569588859 0.16737133170308 0.286262921527537 1.32401354292527 1.19375919254492 1.20417999442347 0.966264926996777 0.324596883865025 0.342504522100188 1.34125943762227 1.16165482023527 7.21226244841196 5.16293567630097 6.16933658884176 0.803055953676743 0.116672626738335 0.0159162960263065 0.0259542819394786
12.7607315611166 17.0201630692909 7.93194920987011 1.862997739827 0.282932932229518 0.0484008647629558 0.0240235633214362 0.0398669868203835 0.142459815901091 0.464851215850207 1.01892251735569 1.06824265566654 1.09138761220725 1.36990173335868 1.94438817292217 4.69717306276031 1.03422969891871 0.695689635996691 0.957061189417312 3.8119822163536 2.62254776447362 0.680581454223125 0.525145271041841 0.494327968686925 0.407225111799905 0.26016773160187 0.15713950511235 0.140984193732872 0.276562734973341 0.441641478841697 0.457110661602549 0.364703201623613 0.198464416645203 0.117717330680478 0.0979484926890269 0.186367100794054 0.95316266719852 2.40383675434842 7.33770495053999 2.89219330112702 0.959369833739858 0.127623877629133 0.0148766676393183 0.0162701836170037
4.61843617890886 16.6800247587466 3.63080389383792 0.927214889631102 0.206227374247258 0.0699531153533285 0.0402292239038151 0.0360729635611273 0.0887677382849059 0.308679385357384 2.51705650571232 7.57961519894586 1.14994851332335 0.530288070751309 0.804626374929752 1.13428927240926 1.41755031797943 1.43797816467091 5.35168602906904 1.43401259686913 1.62729021944254 0.908171904561343 1.38101446845253 0.33346272951123 0.228073485431863 0.146232041100181 0.255881281853449 0.507452217381205 1.53575170918739 2.47970030000022 1.94896274129656 0.524776351457141 0.128589033725752 0.0547407282575524 0.0415962148322893 0.167170387629879 0.653661355808486 4.8641288779326 9.26469876676006 7.17711326339528 1.51183751174411 0.115862883887353 0.0133034210071836 0.009592756254128
3.38284136154919 6.01323721732797 2.08916632463271 0.514612386120099 0.30364985486458 0.243441244509022 0.179539887172104 0.0570941918392665 0.0537062567279082 0.301969811613165 1.88122006074308 1.38453223170429 2.57199433900806 0.461864932604833 0.261103429746396 1.17554809650231 7.11106674391973 6.64822471864308 6.65748767479458 3.24259202568875 2.31833973512903 0.581408199144325 0.820605136274606 1.01717386971267 0.89833964987957 0.396732327926667 0.310312964364391 2.86470288349466 2.91486123408551 11.3619577605368 4.85022953254695 1.01743326349224 0.413918654432756 0.0910434230705399 0.0956577214886727 0.234208626206268 1.28469181018874 2.30941625264977 3.64014151143131 1.50266113808905 0.555001412626838 0.0910954063997142 0.0139845614396169 0.0073616758301547
1.19442522601056 1.87454757581469 0.989373291474306 0.705458536709183 0.802439342519875 1.10531430571118 0.405062112651954 0.146517321996065 0.0634016075722193 0.286510417052923 1.53638384819724 1.42411721356208 3.68114231769093 0.447724242244711 0.217503374819027 1.33782082426648 10.8738902584723 26.5435103986667 6.50370925159156 12.2682566402361 1.86365977669795 0.55427120211616 1.10922493807876 4.68423209915392 2.44213381961355 0.78544060341858 0.421712859107077 0.535092400145459 2.21483674143228 2.69628621557309 3.35294319274469 3.5879584023334 0.598793812619973 0.276406178724217 0.243572193654542 0.812921542284423 1.32113986379955 2.78427845646531 2.81007626635856 1.17019183121305 0.308933620939035 0.0905209688820145 0.0309653551877464 0.0106923833450181
4.39231171270514 6.05620241646831 0.851952457797827 1.37914906243392 2.94251410928161 1.99452992649249 1.03560891977425 0.27720285427248 0.0895785091744849 0.276369650185884 2.75781238864137 7.06132183285026 1.33640965574673 0.381826025281219 0.184735367271567 1.80664390809548 5.03101905765191 5.36361709305343 7.49452262377574 5.65745808601215 1.73807322263884 0.473167836267406 1.78800189591517 5.71221420131261 4.68258021194427 2.79544016371122 0.318758349820707 0.191196625882884 0.350570181745146 0.818485872335751 2.79891195844427 1.53653195634018 2.83695563596744 0.834660487825618 0.571321347755669 1.12229076336215 5.27154318175906 7.10638153144149 8.71101162883074 2.09742985094816 0.460620732344324 0.247636859830596 0.0718316502182168 0.0253863356760668
