Models/Synthetic/Density/temp_raster_pop.asc
NCOLS 100
NROWS 100
XLLCORNER 3302900
YLLCORNER 3112000
CELLSIZE 4430
NODATA_VALUE NaN
[rows 23 to 45 of 100, columns 0 to 51 of 100]
23.683487754 3.6775825734 6.809133544 5.1251377174 9.542158255 6.2996085368 12.0078444758 6.8171478783 6.1317824552 4.1277112909 17.4095754251 7.68443596 3.3398729138 4.4014448772 2.0403498535 3.3694831997 2.296194349 3.7486714881 4.3785150615 1.6398048616 1.7389747348 1.0163764583 1.2868273592 5.8368465536 15.2213870773 15.9419781077 6.6723745031 4.647746949 2.8357292261 1.9854447153 1.5437618906 4.5003534737 3.0154797329 6.6471356366 7.9948765682 1.6299857368 0.5904563316 1.0874979472 1.7310053127 3.13297397 2.6796892893 1.301702052 3.3750719713 3.8553099942 6.8913447472 4.5922210106 3.6824845587 3.1971428095 2.2585178843 1.3379720515 1.2732721626 1.1631805668
7.2977634099 7.4835759118 2.6143354427 7.2821906616 3.4860777734 2.6676144247 11.08879889 3.0354436924 3.7888957957 3.6146703069 19.2884013559 4.4658869418 1.6186177452 2.1059818632 3.6239238282 1.9491632897 3.7392758297 5.7416842315 3.8100847272 8.343374784 2.3061937174 1.7381020052 2.0081910056 3.4883955412 6.2242898448 9.1271565904 8.6210121172 3.4485064755 20.9441074 2.1795622789 3.6171176259 2.2240796063 2.1417668482 3.6640707004 7.081426553 1.2210942161 1.3824342959 2.2853519892 4.7826537226 1.8721298504 2.2016791969 6.5400699259 3.8723896239 9.8771745916 14.4698523264 8.2087731909 4.62357123 4.5394082002 3.8513744875 8.6038708524 2.890472979 2.920806848
1.5161180549 2.4945622931 3.9693081641 2.4451650514 2.1342547438 4.7051155721 1.3172015408 1.1481522799 0.6056391941 1.9351615407 5.3077551625 3.7666996512 1.3228519474 4.9468807355 2.2524574596 11.5839430419 6.9484360479 2.5534721815 2.3647189877 7.5242490222 3.3735551784 5.6099504703 3.601065065 13.730298093 4.4061089202 2.9300880211 12.2616109841 7.8245614264 2.9119660483 7.5775963375 1.868553018 6.6603994917 3.1389692314 5.3147074505 1.9602899534 3.3457983614 4.8203522971 15.3821662497 12.3857422833 5.1980258593 2.44998688 3.6087025001 14.8261889184 16.2093123917 6.0538697211 10.8562637899 3.2801935624 5.3859815167 43.5477678962 11.5614913716 14.2927697243 3.4604373264
3.0729523912 1.270614398 1.8567446465 2.1344707451 0.8501946659 0.6189556803 0.5546061742 0.2912054763 0.3680454793 0.8125575754 1.9447613802 1.2975537192 1.3658319797 3.9957221548 4.8332326431 8.0771678812 6.7607755495 6.6973164273 3.597215752 4.0806991131 2.7954933138 1.6205517302 2.1524019306 2.481358482 2.4543709561 2.8861133851 6.7071231268 7.5315308249 1.965439274 2.7696618139 1.4342715636 1.6165252904 10.0292366669 4.5465431874 3.2025991326 9.4737892341 7.3508513921 4.2456748781 6.269550678 6.6005581518 1.7158043993 1.9710617499 7.0116385789 5.4456286747 18.7547302779 5.6174621377 3.0879267377 8.1776680721 4.1390619153 5.8827257618 3.4079599521 3.3502467759
3.7452105371 3.5989772681 1.3163266064 1.9774675709 0.6882624163 1.0578450819 0.6985822768 0.9442109857 1.9265102206 2.4355001899 4.3713258772 2.6428825251 4.6255710391 1.1114652265 1.7624064598 10.5365702489 11.4161705474 14.6635364885 6.9107849851 8.9316144029 5.0932349467 7.3441263694 2.7773710971 2.5495664513 14.2252099142 3.2424599137 3.5856327778 2.8724440098 2.9753578025 2.5342729098 1.3087662286 1.609575096 4.0196100335 12.9940143324 17.8484593207 4.6751416827 8.1439071566 7.7741095272 6.1185165575 4.9749670562 4.3206951805 1.2137670468 3.7753806863 4.5733269558 4.0526549138 5.230139034 4.1383979076 3.7919961739 1.7635411856 4.060640346 2.489103468 6.7862465465
2.4673042911 1.5572511565 2.2859841818 2.0302818331 1.5774554521 3.0384649778 3.7830985263 0.6981357454 2.4078586408 28.5068681398 8.5537072115 26.3513546757 4.5225773762 0.987308572 1.1685266616 2.0461575527 8.2474812394 66.4706158123 19.7704251075 19.3348827065 13.0520735443 13.1244508548 3.9928508978 12.7915661488 2.894358264 6.0586407301 1.5112022515 5.8137472031 5.7943187387 3.1750680318 0.7734999628 2.2757047653 3.7706871918 35.0498809721 8.3402588872 8.7873266422 2.5318211193 8.6274255656 3.4520020802 4.2652096313 1.4691034878 1.0534369678 2.2130202845 8.3051084334 6.7576355313 7.3891094017 12.974676695 3.2921903984 4.6417202167 4.4852506156 5.6730863577 2.5585279238
0.9067797092 2.6004947192 4.7493742069 2.2948936506 1.114772884 4.6185974024 1.1032821273 0.801827394 2.1309800368 2.8381858 5.8812005602 3.869455133 4.2409641255 2.3505250182 1.0152611294 1.2808677012 4.7978550109 14.4112685389 114.9560119612 11.7736254402 4.4658846717 2.4962536405 6.4879925647 5.8091920195 6.7045436481 1.6605148428 2.8080155994 4.7001418851 4.5122168997 1.1374961536 0.5495371006 0.918888224 2.9187889178 3.4882489654 9.8175588222 3.2519776675 2.7671988498 3.3088035839 3.2828702575 2.8462850584 4.1571886891 1.8759963055 1.7689893496 4.6050467719 6.4199183427 11.4500247833 17.1442699964 16.5398864662 2.3375860691 1.5435907499 2.557405361 6.8285661477
3.7553286173 7.644852499 26.2004940565 3.9071722046 1.1429389697 3.8861594913 2.7870104685 1.6704624965 2.2215557247 2.4943321537 3.5258666712 1.7191335294 3.1664183013 8.1565162548 1.346904962 1.0728740433 2.0822896603 11.5351764356 13.7202241208 7.2949241366 0.9603877148 2.0923965996 6.2939552137 9.3766054889 9.0732556749 2.7622621975 4.8374252753 5.0654171875 5.0016320639 0.8202954883 0.3154630091 0.3963945297 0.8859645136 3.2391536131 4.7578450057 7.4638071502 2.7074869998 7.7318462464 3.5615619698 3.5085132228 15.2275371025 7.530924455 2.7357693671 5.0153770511 4.9184201712 5.777639525 19.7343951272 7.1465491108 2.8504604837 4.2994218207 3.4981861341 2.5459324422
25.0659010574 17.8875978938 8.7412792733 4.735387823 1.4205295489 2.6429477247 10.1799965789 8.7888300389 2.1326597095 2.5251916545 1.1880054666 3.898486591 2.1975286592 1.6976534005 6.2047786251 1.283174708 3.409732516 3.1839305878 10.7876247097 2.8779944655 0.6060607785 1.7245880695 19.3731160871 6.0860465389 2.6938438471 2.8380311338 19.6592222179 38.6195294601 4.2952325872 1.311260241 1.0540801637 0.8155145257 1.089911436 4.546831739 3.5128951317 3.2774847759 7.7813967843 1.8344363972 6.075738565 23.8069281203 7.7708991535 4.1842497465 10.4770539122 3.5251699072 3.8957334456 10.2875766953 15.2205877901 9.9034799531 9.7088035542 6.0615815828 2.4646282957 10.1504786778
7.9514057752 4.8957202405 21.9360089015 5.3758229893 5.145490018 5.8457674147 5.1931952973 4.9345665533 6.4805571744 1.037072005 2.0569469529 4.0719065452 2.8002062323 1.4892314368 2.8400719347 3.6646130353 2.8824717607 11.9660209562 11.7708915005 3.14347793 0.6656545741 1.567662099 2.3894282591 3.2917690793 2.3696471361 9.080520879 9.0738569996 20.0518339377 9.3200400661 2.1913472016 4.3175748448 3.4965518478 4.3052812173 3.7226433651 11.2771513722 3.1674596807 3.2907474291 3.6258241025 3.5616441208 3.0406598598 4.1138518529 3.7668518593 2.8334100464 4.2780278742 3.1571866495 14.5956325023 32.7822145167 11.8933853727 24.4003528906 13.6746504959 5.2727903847 4.5429067184
2.8320876592 6.3102718502 5.5319562965 20.4343884602 9.401646929 15.6822265855 5.5477268866 2.5556936448 1.2156512651 2.6133243985 3.8530327237 6.203959283 5.3706720659 1.3928838398 3.7887070777 6.1853870017 5.6030968804 6.9457814604 28.7930864472 4.5733427071 1.3753832405 1.8976318433 2.3835513119 6.0935575619 3.0204929744 11.6035766303 6.7687157971 8.467952409 8.6624852978 2.3522550201 7.8515905776 11.2012422558 9.4820806545 30.5522009583 7.9887589559 5.4113310694 2.7135117197 4.5817844618 2.5767945221 1.3188968445 1.2246800181 1.0078874255 2.7174520634 6.8792158994 3.7863009271 3.2025995662 6.0907699766 10.3239785877 6.1182006422 8.5309849575 5.4592456492 13.9978417807
1.4719069494 2.3444267148 21.5129882007 15.6712335375 11.3201898605 5.2222043924 7.4512257847 1.8166782258 1.1231567549 3.6067501353 32.0056460765 23.8634512821 5.661707623 2.7831440124 1.9444871262 5.1443843945 3.8524509406 21.6826980556 9.7355195421 3.9607402641 4.2776689157 3.5197166855 4.7045393512 5.3152576015 5.3144118209 3.1810866725 8.1042180689 2.7109197708 3.2921674452 2.3290822184 4.5486615489 24.8719725109 6.0235384081 7.7451744509 19.5657105692 7.4528879744 11.2079176574 14.4660744352 2.4480898654 0.987101561 1.2176504587 1.3622259822 1.8654598872 4.92652797 1.7230836391 1.2309568517 2.7209661422 4.1012308393 2.5985091281 6.5109106584 4.8960657485 4.2162023543
0.6862684517 3.6964065407 7.1849268315 42.988791911 18.3014310175 3.4690353443 10.1899835674 4.3160639297 5.1529417256 7.1543139023 6.3295039513 15.4306568202 5.3726169836 3.7048544695 5.2371271455 6.8823744435 10.9481700012 3.063430208 3.3190141285 4.1416672921 20.0069179503 5.7977996568 7.9716640042 2.8633543234 2.3768040799 3.1596754945 6.1781473679 3.8065152362 2.7555860911 1.8447069821 10.8329844857 6.7820718447 3.3002565866 4.1887306099 10.3542708209 5.7851763822 3.9286962329 8.3216389645 3.2562304172 2.3242333829 4.4200480742 9.5520573996 2.8685236964 1.8363540084 0.9413719898 1.0163443627 5.6352098928 2.4524575025 2.0446903237 6.2812896903 5.2726804464 8.8796333042
4.2888805479 1.5362844531 4.429246055 9.5079540256 6.7277543128 5.2582884465 4.5097697332 53.0330542025 5.0029834179 2.247249724 17.0968579046 7.7220466413 8.6816103194 4.7787742877 4.0977067069 7.0401656824 6.3241620808 2.2247773359 1.5286931678 5.5537168246 18.7259374339 10.8162847299 12.8224114956 10.7937558465 5.0178970696 12.0294487792 14.1879974713 2.7343424325 1.9868191771 2.5678413898 4.8746623734 2.2426051169 1.578631095 3.2950764446 11.0584307064 5.1812063036 2.6980889316 2.7192830389 12.8702660421 9.0486280772 7.9356802396 4.2911446184 2.4684021044 1.5272142077 2.2418435469 1.7184752326 2.7982399123 9.491529226 2.1988303851 2.7810560579 17.0651063107 4.0591357342
5.6810064224 3.5449645183 4.4646113498 5.277669333 11.8337396568 2.7675728234 8.6635046394 4.4290047154 3.2554025715 1.665365847 5.2214675308 19.7286059335 7.0116581409 1.7415239371 1.9097389854 11.1477403716 6.9183674043 3.1748574267 1.961400203 6.2016955926 15.5256467358 6.534820812 2.3593560297 2.0829588541 2.439334896 8.7046705922 5.7858319717 2.4143843477 1.5661241363 2.7833786501 2.2170344958 4.4707357262 1.4321132144 6.7820082285 3.1652008602 9.1667607618 2.1729375165 6.4113016776 9.8976806603 4.3375384035 2.5208755516 2.2628793335 4.8902617365 1.9888438275 3.0404357962 2.0869692505 6.8361596081 3.4345820191 6.5726021619 8.0319358365 5.9944680982 4.8836610642
2.0683318587 5.0819636532 14.8273687749 2.7460694375 1.3746087898 1.3633216957 0.9119753643 0.9960620298 0.6303149454 1.4207439422 3.1799909947 18.0990851823 2.9920602673 1.5265668106 2.246448042 3.1654409114 5.5602114593 1.1927282693 1.1488469748 2.6581021567 3.272022884 2.1671065594 1.7007040309 1.040212216 3.1651700746 3.4483366363 11.1803634784 2.5807757267 4.4637457492 10.6440058181 6.3717790518 1.820508926 2.5107812606 2.4026272617 6.5984849244 3.1416499982 5.0704911 7.1233572445 2.8570327836 4.4902672464 15.9382703979 2.3833788174 3.5270755425 15.2712374345 6.2777257112 9.7451376088 4.3641934076 2.0026808204 4.1451551858 16.3445788012 3.0196732121 4.4922750242
9.1653891466 11.700641414 7.5087409739 2.6114441098 0.5159185289 1.3531532381 2.1827821405 2.1695029535 3.0485242632 1.8987125276 13.8324942937 3.1181552276 2.0929893783 1.3094510142 11.5978625065 2.3924333007 1.9944895243 2.0090365999 1.8453854381 1.8839212207 8.3643548144 1.5769124257 0.6385654153 1.0652044088 6.8934805708 2.1197594049 4.1985971591 1.6265990505 3.5191413542 8.3318150787 2.5709426913 1.3401497807 2.4591435322 3.6868555817 1.9642157863 6.3337778752 17.3722930236 17.2459683926 3.7281370913 3.5451005602 4.4971019264 7.0787557029 5.9127775754 21.8542514596 4.7846697532 5.2818932403 2.3205960064 3.3605080235 4.0194607585 2.6160243256 3.0801110284 12.0978424462
12.5157259585 3.2775112274 2.5331728852 1.6413756479 1.3026007207 1.4049794089 4.9557004806 12.9458854092 4.2568948928 5.708208478 3.8134179703 1.9728286267 1.2721336014 3.2172806638 2.9688143089 5.0971368159 10.4156348537 6.7496003485 7.5052803494 2.5658775977 6.7601046774 3.1097921876 3.7654005575 1.7726000031 1.2591901344 4.5289626127 1.3320578676 1.4682866055 1.2690162049 1.5703072825 1.5926944155 3.4842502835 4.9067523173 4.9238881341 3.5460838167 7.6464639971 10.365724354 12.7982063063 4.3962707957 2.3259825974 8.8289471027 4.7581593163 9.5976145155 9.5284148022 4.6218797798 2.9077402536 6.4719095248 4.918408803 5.5388909741 2.7450240439 4.4606300897 6.1075983272
9.5635643543 5.6434563693 7.9464597526 3.8574228969 4.6605720772 11.080761731 5.8509894515 7.2817791576 7.8845334337 3.6886144457 2.4508930494 1.4628266596 7.9014718186 7.0678550797 11.5622965756 18.021223073 4.6039163771 6.8520650508 7.6359757421 3.3222409334 10.4148371569 15.6441975233 14.4742621028 3.0130223125 3.527976482 1.2589903016 8.1544546814 1.34343529 3.4620086056 0.9741023734 5.1084305071 6.3400957572 9.3343200033 2.7809106182 4.9003748302 20.6044210212 3.816777833 6.3054018933 12.8785147869 6.309041181 4.6925819377 3.3900294403 7.303737352 27.0622973637 4.7436255754 2.7546310813 5.4243294459 6.8600211199 1.8057317503 5.5163942707 4.2080661693 2.487018815
30.2428400599 10.0269534685 6.0754659474 12.6415464453 6.9610809456 13.2183815242 3.2660110045 9.2092144428 11.4528946094 5.1804503508 3.3216348014 2.2248239704 8.0092633658 13.657165196 35.9207533129 15.9435321181 5.395887232 18.9923311758 3.9957247137 3.9638634072 7.715187167 28.4154326923 13.4859744608 2.7551276233 2.1294675197 1.3422448876 1.3382564432 5.1706984172 1.748408035 2.6231665297 2.0248226441 5.5471189593 6.6552209063 10.2910620649 4.6399495195 6.7558711096 4.1507580923 5.3728246531 7.7909548824 30.1980776283 7.02148828 2.6005317377 4.9506384089 4.089704664 8.1817127769 5.7558783581 7.0298188422 1.9179514949 3.3671788557 2.9216692284 4.1537901844 1.6996184946
12.4288108237 7.4153927169 11.071201381 7.8782206933 11.636727399 13.4352362092 3.1911022426 3.8651513803 6.9872789096 32.6297286276 3.7812447132 14.9482672805 4.5437448408 36.1186734401 17.1950776948 6.422837691 3.176125269 10.4148313117 2.5555320389 2.3375625538 2.789403932 5.7986892338 6.5977974319 7.4177351217 3.4340497148 3.9506281483 2.125511187 1.1457370422 1.8037961013 11.8604379687 2.2873264052 4.1951072523 51.8742402143 6.9820032325 4.1766960392 10.1521941945 4.5155931847 3.9447758346 7.9324054733 4.7413337967 5.8898754887 8.1244944108 15.019408555 10.6777136355 10.065536433 19.0948878179 3.00441753 2.2429657803 2.982483492 4.103282987 1.1486753856 1.8334667766
3.9106940322 16.4714243414 3.5857678843 6.2500389319 10.2759752858 16.791958979 3.8251736339 2.5462942139 7.261568814 6.611692009 5.5832970103 5.8941676242 8.8562632604 4.7873433555 3.5767365953 2.8217647134 1.568731344 1.29619279 1.8946953533 3.8093463805 5.9425361625 5.7315383549 34.8892459271 22.9157524862 9.4250674091 16.4864822518 7.8197214678 2.6326053605 3.5523653098 3.1157337407 7.8413448088 7.3094359278 6.2673106769 24.4102032461 7.8461630362 12.7887712758 2.8493961013 3.4924183744 4.0433588329 4.3782754788 5.8105581555 6.5752395459 27.452977794 38.0298525629 27.3195408186 13.2621411355 4.2123970277 6.7390559664 18.7036159289 7.3391283259 1.7547767417 0.7686313794
15.8684389763 4.7871017063 3.9163273782 6.0366803567 14.3445317324 6.3026987104 2.5890185789 1.6026038064 5.4048035836 2.3973735363 6.7056158622 18.9882112869 10.5238931313 2.4621036269 2.5865193083 2.7792090566 1.0970215304 1.9343174532 1.4789388045 9.0381101141 6.8971819818 7.3217613186 4.4479265065 6.127514871 5.3666204698 7.7480295676 4.4167428815 16.3067474116 2.3182191769 7.5831648377 4.4465275448 3.3980473127 5.4772076087 9.8976480878 21.2101337446 6.9473142523 2.711080826 10.5752996076 7.3644405007 2.3601491157 1.9965711323 9.1968897147 18.9973814075 23.0853949781 15.4496142322 6.8718929219 5.1079657951 24.5417440527 21.1256553203 5.6134816034 2.6359189251 2.0961212039
