Models/Synthetic/Density/temp_raster_pop.asc
NCOLS 100
NROWS 100
XLLCORNER 3302900
YLLCORNER 3112000
CELLSIZE 4430
NODATA_VALUE NaN
[rows 0 to 22 of 100, columns 0 to 51 of 100]
1.3740566277 1.9645147933 3.0357075664 4.2973105134 5.7831698761 7.0534552915 6.8044807665 6.3850578007 6.1868989076 3.4722070074 2.1731026241 1.3149174941 0.6763957835 0.3637132955 0.1876946382 0.1021444374 0.0345038667 0.0185981371 0.0123571759 0.009164306 0.0071078708 0.0056395089 0.0045975425 0.0037980353 0.0031036781 0.0024656273 0.0019615677 0.0017922565 0.0023854336 0.0046477477 0.0102576248 0.022004416 0.0448670817 0.0923741173 0.2213144798 0.6898480623 0.3702167437 0.3609699519 0.3882896225 0.4088452344 0.4611547906 0.6588373786 0.3590010559 0.2196380904 0.1429534581 0.0922109788 0.056360998 0.0322087147 0.0169414455 0.0081106054 0.003514773 0.0013826857
1.7099918966 2.4511497134 4.9231446538 5.1845038102 6.0231017132 6.875567194 7.3038502172 6.8198565617 4.9631056241 3.5871501847 2.5103647592 1.4368861453 0.7940482322 0.4355052354 0.9293612647 0.1295992215 0.0554455806 0.0357350529 0.0270165141 0.0211199469 0.016007426 0.0121863306 0.0096049109 0.0079012193 0.0064459008 0.005091881 0.0039737928 0.0034510363 0.0042842914 0.0081407177 0.0184058218 0.0403230379 0.0819493047 0.1607623433 0.3198335279 0.454683326 0.5788361793 0.6342792794 0.6980506146 0.7252884591 0.7437668773 0.6736325588 0.553166453 0.3746757449 0.2490628247 0.1573149802 0.0949879262 0.053677287 0.0278914199 0.0131604443 0.0056296948 0.0021922351
2.0162512276 2.6965170328 3.9857215422 5.3854203275 6.4977387712 7.9440872663 7.0181059813 7.0348931106 5.1926543043 3.6544063044 2.4399496287 1.5929893892 0.9031140723 0.5259048102 0.2989570585 0.1823850937 0.1042726047 0.0826680446 0.0711434927 0.056149471 0.0415986351 0.0297989628 0.0236163764 0.0195019672 0.0158969421 0.0124637317 0.0094700836 0.0076276054 0.0083873501 0.0149603064 0.0342836455 0.0791169318 0.1633430222 0.3065697193 0.5302596761 0.7778487947 1.0472499162 1.2819794787 1.4875597783 1.5784758747 1.5002036663 1.313380579 1.029390362 0.7564320439 0.4899864065 0.3053702041 0.1824526893 0.1017070195 0.0513359807 0.0232757156 0.0094444497 0.0035721926
2.095743685 2.6265064293 3.8106407565 5.6176851794 6.2908020384 7.1114607356 6.9865834563 5.7146850351 5.3420022625 3.6119723929 3.0796427891 1.62207319 1.0409492 0.6601546515 0.3859253883 0.26678053 0.2084963861 0.1920872194 0.1677960674 0.1384354855 0.093797151 0.0704128852 0.0570533567 0.0474779969 0.0389871082 0.0307138518 0.0229304058 0.0170484547 0.016196816 0.0259129369 0.058565716 0.1378999109 0.3012622645 0.5615636818 0.960289914 1.502053019 1.9084189089 2.4783914065 2.962097987 3.4462127783 3.3527996177 2.6224041801 2.1379863772 1.4941079852 0.9284452038 0.5817930193 0.3544736519 0.1959112447 0.096033896 0.0390953879 0.0151695257 0.0055874533
1.9417092608 2.3591105733 3.2007688067 5.0137007829 6.0901762865 6.7115459732 5.7186933508 5.110115288 4.2222375171 3.2170863082 2.2596866399 1.612460221 1.6995140055 0.8195431005 0.6111269171 0.4989516151 0.4240638302 0.3530531253 0.3511616209 0.2552052443 0.1969362799 0.1578830083 0.1308793432 0.1103965062 0.0941491584 0.0781791113 0.0567195283 0.03852111 0.0296453892 0.0417090163 0.0899633468 0.212149662 0.4662771652 0.9522748718 1.6079422099 3.0919328387 3.1656548939 4.1253513074 5.6152067048 5.6357370261 5.8559236162 4.7307561756 4.4890304072 2.5618814886 1.6154275727 1.0667710758 0.6657546483 0.3872474173 0.1548964735 0.060306421 0.0226982703 0.0082217005
1.5675331028 2.2002373705 2.7077597833 3.5739636866 4.6947456416 4.4844579215 4.4126609321 5.5648419951 3.6016856495 2.8853909659 2.07325657 1.596261177 1.2710915471 1.0856764505 0.9455736357 0.9593678598 0.7326499185 0.6030950996 0.507241366 0.4481138558 0.3844915668 0.338245554 0.2746594459 0.2306807665 0.2300712636 0.1961619833 0.1505098864 0.0734806763 0.0508794241 0.0628342228 0.126868325 0.2920733633 0.6481592987 1.3073727867 2.7621715716 4.1602361208 4.8680829145 6.2527151307 7.7104482327 9.4755011541 8.5871390505 8.3661051342 5.8674940567 4.0200907981 2.5496921789 1.6325268199 1.2690432966 0.5355472581 0.2203107576 0.0841241181 0.0315425748 0.0113225997
1.1950639377 1.5072098262 2.2447651434 3.5219117188 3.0816612041 3.2377757758 3.2341256253 3.6330771639 2.9380353619 2.6545675122 2.0041828028 1.6633691818 1.5496357537 1.5085398333 1.4853309482 1.3694609725 1.1820856458 0.9715497705 0.8028445507 0.7128552673 0.727770016 0.6334046481 0.542402425 0.4238296606 0.3901815441 0.5383438971 0.234747147 0.1240491923 0.0811142898 0.0893819131 0.167525238 0.3759643327 0.8238260887 1.7145558046 3.1328579167 5.8646680298 6.8586464364 8.9976114183 10.702199538 12.9018980151 12.7320098735 11.4513865533 8.4218286308 5.6988760224 3.6112376313 2.2345193123 1.2504528566 0.6570062908 0.2716348118 0.1077891626 0.0407052761 0.0145595982
0.8293624454 1.023430091 1.3983921107 1.8025288079 2.2142055296 2.1306087239 2.1356057363 2.1211363211 2.1573001873 2.1860141838 2.1086063588 2.1038392203 2.200234371 2.2944904167 2.3015020213 2.1198453667 1.8067831322 1.5138784362 1.2811907997 1.1505510705 1.0805986157 1.1815098347 0.8537617909 0.6992295043 0.6089891579 0.4803888513 0.3329089645 0.1844780283 0.1204854388 0.1204637764 0.2102653053 0.4610329617 1.0080051283 2.0483470358 3.9611219275 6.3872902642 9.1080531058 11.844442946 14.3109447022 14.9472481156 16.1344012243 14.766886782 12.2309953353 7.7160092856 4.4699080223 2.5962390569 1.4043298269 0.6913449372 0.3134286694 0.1279294609 0.0488412152 0.0174466538
0.495078279 0.6093039259 0.794875248 1.0386103476 1.2124513054 1.3394982019 1.3564959687 1.4296119152 1.6004163204 2.0082301315 2.5098211526 3.0698587723 3.1773927694 3.4602609491 3.5518620314 3.1782375493 2.6794523385 2.2675728943 1.9950675564 1.7339976644 2.5455139363 1.4749987596 1.2765784523 1.0258367599 0.8557012303 0.6184510029 0.411265602 0.2565242379 0.1667752216 0.1537793644 0.2494797796 0.5676610703 1.1956808314 2.4244620073 4.3497385117 8.2542173945 12.8440386106 13.6999767162 16.4752716598 17.1523852258 17.7719216951 15.2811528296 11.8842634447 8.2105701685 5.0863254949 2.8768257685 1.5389959681 0.7603528979 0.3441141977 0.1422777104 0.0545257417 0.0194661937
0.2597928445 0.3256609279 0.4229070558 0.5334683909 0.6437523154 0.7670838637 1.0610681404 1.0117778163 1.3019905352 2.0401398755 4.2676367025 3.7085423947 4.2870557664 5.4618304727 4.9457220309 4.3405334328 3.7965325835 3.178458175 2.7855827372 2.561142965 2.3337628917 2.6696211831 1.7283736992 1.4346525327 1.0894953676 0.7954393197 0.5289143525 0.3328959683 0.2146754165 0.1862103379 0.2804777259 0.6095626556 1.8408103597 2.5591644793 5.1338143967 7.3074021141 10.3370021931 14.7622359343 17.7412451152 17.9537207895 18.6814215551 17.5946113147 13.2524626669 8.4428200321 5.2275853799 3.083200124 1.6771789715 0.84011211 0.3651498083 0.1485160262 0.0567828353 0.0202422061
0.1235153187 0.1583682751 0.2056895452 0.2620973633 0.3302806099 0.4481090912 0.5733467055 0.8282638743 1.2142552182 2.0493502311 3.7370111594 4.2358375272 6.6292018778 5.8137906088 6.2741616379 6.6364662803 4.4533130035 3.9801990927 4.3672250943 3.3295927121 3.0549978608 2.5744510555 2.6107212533 1.7929368259 1.3199978217 0.9476119733 0.6389249363 0.4002351152 0.2564905791 0.2148976755 0.3023088767 0.6170007801 1.2221646625 2.3982853414 4.9466684072 7.0169941259 9.2386109148 12.8388003426 17.0115440231 16.8187425682 17.5785684901 16.6338297591 12.4495360562 8.6871624638 5.2430926782 3.188703998 1.9205671094 0.9031138204 0.3674102691 0.1470364071 0.0552691838 0.0196486325
0.0545427286 0.0714239623 0.0946562619 0.1255313357 0.1720690788 0.2464791762 0.3874453487 0.6872457478 1.5571739788 1.9268683401 3.2417019573 4.6974760197 6.0823166348 6.0577829566 6.1567491392 5.6991104077 5.1795934177 4.3670131094 4.7128409631 4.1194849917 3.1993869128 3.4502181316 3.4277692665 2.0068223862 1.4792789415 1.0537513087 0.6993722221 0.4409999412 0.2840817642 0.2400258053 0.3256520586 0.585648711 1.1148675256 2.1127678164 3.5641919417 5.5490642076 7.9860903735 10.6967584446 14.4957529879 13.974512009 15.1424677917 13.1194677039 10.5587618341 6.9874977063 4.753580433 2.8335842074 2.6463816203 0.877124729 0.3808585928 0.1360318392 0.0502807276 0.0178150048
0.0228341624 0.0307641256 0.0426435517 0.0615045636 0.0951045696 0.1618718346 0.3016667124 0.6155652185 1.1406264752 1.8931160257 2.7575017587 3.7991237792 4.9202570256 5.5855279386 6.6541071193 7.2882893812 5.1723321442 4.2279725078 3.7587769258 3.7359731271 3.2326373722 2.7327287543 2.3774084832 2.0483257292 1.4932858961 1.0486471979 0.7014087187 0.4413422659 0.2922646258 0.2934009756 0.3918616465 0.6471274118 1.0928120116 1.9174008109 3.8203941164 5.3507504997 7.2970687448 9.3887320304 10.035138474 11.5658590026 11.642689239 9.4946930187 7.5547672548 6.1554472482 3.8211616406 2.9112533184 1.3256591284 1.1623280817 0.3270081656 0.1168945576 0.0425183658 0.0150609875
0.0092719016 0.0130842489 0.0197547291 0.0326007782 0.0597488738 0.119020082 0.246578341 0.5024868577 0.9918745653 2.1107809918 2.3897456502 3.1328106406 3.999455831 5.2511588735 5.0545520683 5.1857848315 5.074304461 3.7190377262 3.2146469528 3.0417084772 2.7565624892 2.3904015635 2.08923093 1.7604478964 1.368850074 0.9685511625 0.6400260742 0.4082141884 0.2808285105 0.3062293589 1.1067950792 0.740631865 1.1549062183 1.8435350101 2.9608903652 5.0005689309 5.8775783425 7.3200673087 7.8162114679 8.0537642661 7.8695878253 7.2816322368 5.7910748131 4.3429047365 2.7779257025 1.6509321188 0.9527927091 0.4979623721 0.2553612411 0.0898665426 0.033213103 0.0118392064
0.0037668263 0.0057382748 0.0098918403 0.0192191894 0.0407711651 0.0894454504 0.1934161916 0.4013550388 0.8070251136 1.3272385911 1.9683454699 2.5717502309 3.1368777346 3.4938578123 3.7526502038 3.6375507034 3.9879067176 3.7878299388 2.5434143651 2.2988085039 2.4131281834 1.8931853159 1.6711826096 1.4445228334 1.1664837129 0.8277923149 0.5512608084 0.3497451331 0.2550701608 0.3080067751 0.4900743383 1.1387562324 1.1648733408 1.697874703 2.5362514424 3.7434179914 4.3121075826 5.1862517747 5.0853207213 4.9381143139 5.0329683086 4.1843736129 3.3933756547 2.5494917181 3.5160234266 1.0950532102 0.6107609967 0.3145673383 0.1474700234 0.0629459636 0.023888773 0.0086622692
0.0015986694 0.0027125774 0.0054554479 0.0121590307 0.0281746791 0.0644725361 0.1412209572 0.2917984708 0.5479079497 0.9314331239 1.4586157386 2.2006294737 2.1600713351 2.3238188337 2.4729055736 3.0852249757 2.371022061 2.4811556324 2.263997236 1.6622952192 1.4585655404 1.3387415045 1.2253901101 1.1665623285 0.8852034451 0.6611717154 0.4307429812 0.2808568711 0.2248070662 0.2932207249 0.504900434 0.7627796513 1.0918967533 1.4908855009 2.9573959884 2.6475206287 3.6454410644 3.2146343865 3.5175587554 2.9557968864 2.7063154651 2.402092811 1.9150987717 1.4503985909 1.0417157514 0.7181385382 0.3969683841 0.2042952409 0.0944639327 0.0403845619 0.0160725289 0.0060157652
0.0007400338 0.001409328 0.0032219828 0.0077990727 0.0187650428 0.0433446837 0.0943932898 0.1910471184 0.3563141335 0.6114339484 0.9592647631 1.2256335634 1.4044508579 1.4650025918 1.6547368821 1.6346256999 1.5744548282 1.3749581055 1.8939762077 1.1540513376 0.9216562197 0.8393782766 0.8436689197 0.7674977047 0.6463029069 0.4378305399 0.3021539008 0.208392522 0.1924333219 0.2995228014 1.2286280385 1.4449534581 0.9896255273 1.348852224 1.6930745011 2.0527613166 2.2946227539 2.1303345024 1.8704419552 1.7235340149 2.8525887911 1.5594858658 1.0602382009 0.7827045298 0.5705687178 0.3913758401 0.243553929 0.1266657759 0.0595291391 0.0259304736 0.0107472155 0.004287163
0.0003812716 0.0007923488 0.001951792 0.0048820604 0.0118047851 0.0270189568 0.0578904342 0.115326068 0.2121961999 0.3514671729 0.5313139681 1.519731965 0.7969387555 0.8594445696 0.9650132484 1.8606098311 0.9054401289 0.8007382398 0.7459271922 0.6692552928 0.5626138509 0.4978510185 0.5044072143 0.7767959028 0.3896501992 0.2631828163 0.1846744004 0.1452779816 0.159648271 0.2737773595 0.4913099707 0.6005665226 0.8484311625 2.1170064273 1.8127349371 1.4020141432 1.4024146997 1.734630805 1.1154683436 0.9816656545 0.8970145948 0.7722315284 0.5879665903 0.4200444637 0.3062026372 0.2140257873 0.1367862474 0.0781995869 0.039406109 0.0186683573 0.0085411075 0.0038211273
0.0002199517 0.0004751019 0.0011952665 0.002977732 0.0070758617 0.0158293506 0.033105669 0.0643051581 0.114153673 0.1834171147 0.2816039272 0.3614105504 0.4258040084 0.4568256165 0.5526248451 0.5554984855 0.5328840804 0.4342709038 0.3983012591 0.3591111863 0.312089749 0.2788239351 0.2953021761 0.2718555146 0.2325706329 0.1484175252 0.1124772462 0.1006845998 0.124879715 0.2070378186 0.3081004196 0.4449048774 0.6585160203 0.8694999494 0.9896896844 0.9663276958 0.9266897881 0.8345236584 0.7191749083 0.5719397828 0.4817220223 0.4027303334 0.3249882061 0.2536095682 0.191384269 0.1396902485 0.0960223536 0.0613217449 0.0363740496 0.020198755 0.0105334604 0.0051858385
0.0001491342 0.0003180129 0.0007806787 0.0018777236 0.0042878393 0.0092099832 0.0184924509 0.0343877209 0.0587300878 0.0916481318 0.130176063 0.1687227963 0.201134879 0.2268441395 0.2416615385 0.2477215731 0.2424892813 0.2343451571 0.2214712327 0.2037137413 0.1804967224 0.1606601031 0.1459864193 0.1340452061 0.1162474755 0.0975427269 0.0825624619 0.0809347043 0.1000975782 0.1431713546 0.2135222093 0.3100191053 0.4276927335 0.5429469513 0.6203836161 0.6380661224 0.6049662113 0.5441173313 0.4720091518 0.4059133647 0.3520918359 0.3102728681 0.2735803719 0.2372989791 0.1985888247 0.1578513625 0.120605322 0.0882299053 0.0625598924 0.0385543306 0.0209210615 0.0090679449
0.0001317289 0.0002681837 0.0006259345 0.0014250721 0.0030699636 0.0062090791 0.0117250506 0.0205639083 0.0333342134 0.049785802 0.0684173847 0.0866600305 0.1018187242 0.1120725624 0.117530225 0.1200665617 0.1229820638 0.1285515566 0.1356435667 0.1352288485 0.1269511484 0.1148530701 0.1081650925 0.1053490906 0.1022559179 0.0968673502 0.0910318551 0.0889095843 0.0955130805 0.1160096138 0.1545009231 0.2125168906 0.2849455957 0.3579242085 0.4104287102 0.4313740793 0.4239449312 0.4046315685 0.3877363416 0.3806909601 0.384211923 0.3896850139 0.3890988594 0.3702340639 0.3318034295 0.2740150099 0.2152142937 0.1995411253 0.1549282279 0.1111593481 0.0386734276 0.0164381765
0.0001537914 0.0003016157 0.000680361 0.0014926942 0.0030843077 0.0059559498 0.0107048533 0.0178463288 0.0275163238 0.0391476992 0.0513304838 0.0620601863 0.0694304626 0.0725233582 0.0721086431 0.0708634935 0.0729465759 0.0823293589 0.0977294147 0.1130387695 0.1149844064 0.1180748987 0.1267109441 0.1379434814 0.1450372321 0.1451352738 0.139679512 0.1318576438 0.1245779549 0.1224017828 0.1306234046 0.1536416686 0.1900685684 0.2319828827 0.2696990027 0.2986759169 0.3252741855 0.3612640867 0.4167739365 0.4907623108 0.5742228175 0.6850670016 0.7246604298 0.7187773004 0.6177443981 0.5139309753 0.3954641498 0.326810578 0.5001545148 0.1612759361 0.0652669336 0.0280966424
0.0002078403 0.0004028303 0.0009055479 0.0019799833 0.0040713978 0.0078118738 0.0139289371 0.022995509 0.0350238227 0.0490436401 0.0629318734 0.0738124925 0.0790617458 0.0776175793 0.0708816495 0.0628406021 0.0592166285 0.0651352642 0.0820048652 0.1023040253 0.1255453539 0.153202587 0.1879896915 0.2202160399 0.2389045296 0.2422779161 0.2369243698 0.2234694902 0.2020329432 0.170262268 0.142884192 0.1294302745 0.135737004 0.1559494003 0.1869385446 0.2321137975 0.302755066 0.4179057688 0.5787203835 0.7758181487 0.9848390733 1.1886941313 1.7220433685 1.2502254478 1.1028170146 0.8987347932 0.6817708066 0.5189412199 0.3541766997 0.2248844899 0.0971826828 0.0451564369
