Models/Synthetic/Density/temp_raster_pop.asc
NCOLS 100
NROWS 100
XLLCORNER 3302900
YLLCORNER 3112000
CELLSIZE 4430
NODATA_VALUE NaN
[rows 0 to 22 of 100, columns 0 to 51 of 100]
5.3397539263 3.9522302269 4.0689048335 9.7862099212 9.9899072163 8.2393176432 9.8044862726 8.4934877366 10.676379927 6.896420186 6.3432236415 3.3689908387 2.3438044104 2.3852215192 2.7283339874 3.6592143889 5.5649068725 6.189219996 5.7684386647 7.4289168791 8.2641697325 6.6658125117 4.164141477 4.5977926542 6.4510315534 13.4184491117 4.9976568337 1.4958313049 1.1253248839 1.1773655879 2.1847294041 1.581425706 2.3797906686 3.7110784852 5.2558164456 6.6549313316 12.8194229211 8.8385506683 8.7121015832 15.2924359445 19.79897542 15.1208238374 9.6037216718 12.1090297994 13.9331008312 8.0479090119 7.6473637713 4.3483599924 8.2473829209 11.1908710771 10.0218847543 4.8659653739
3.4138114424 4.7011198678 6.1045051696 6.106066139 7.0251070825 7.4167282033 7.5099827789 9.3738897711 8.0812395613 6.9724825638 6.8246422335 5.0913509084 3.6139821688 3.8811651901 4.4813835284 4.5433230417 6.872146786 6.5341192919 7.4566549363 10.5123120576 7.6951083413 5.051194102 4.353010364 6.7118307343 6.5710343903 5.655176712 4.0992903376 3.2066858609 2.1622227767 2.6731120116 2.0617981282 2.1137144692 3.4625924059 4.8329354491 7.3687236692 8.7367046247 9.1762176447 12.0927895238 13.3435318376 14.4426267238 15.6431204943 12.5453367293 14.916502047 20.7789398506 14.1138325718 7.9954836512 5.3914690691 4.6080733071 8.1459897487 12.6903617589 7.6181624368 5.2144973708
4.1213831155 4.9825576763 4.6425433178 5.3144203233 6.4149518105 5.0726507501 6.6036139653 5.7639945693 6.3969720185 5.7899929913 6.0755524759 4.866467726 5.3445705457 6.5658651681 5.7926233929 5.6848681042 6.6737796874 7.0610503501 8.8866618016 11.2103310595 9.3825800188 7.4972066054 6.5824079875 8.0887338044 8.7151501486 7.4778808094 3.9971631774 3.9390003627 4.2144077794 4.9848892168 3.9617648391 3.4620664167 3.0813072343 5.0759589864 8.8757423463 10.9966403267 8.6879150636 7.6115449658 9.9412716816 10.2674990812 9.9346266089 10.1359464098 15.5232583184 12.6491390118 10.7901821817 5.9577989715 4.6849099896 6.0577513545 7.0319623254 9.9121977876 8.7032701832 6.9229014297
5.4960846128 7.7023369968 7.2805567305 7.7296705072 6.495913773 5.7424949677 7.9798959105 5.8999736074 4.3217727343 6.1443844307 6.8743710333 7.8427310534 9.0373347448 6.6708100027 5.3656184921 5.3020692606 5.7826444462 7.7939405319 10.7495381977 12.4599494432 15.3603209639 16.3100178352 14.5678858841 10.9118314028 11.9949362256 6.4269045193 5.9940735348 5.0622864101 4.8156710727 5.1262006879 5.7769753729 3.9118185318 3.6104395583 5.5338302814 8.1345046816 9.8911904771 5.8456907876 5.6170733475 7.0628934895 7.0586720283 6.2368739681 10.2919475895 8.65276701 9.4006934443 6.7089721029 5.0282653518 5.0177190663 5.3546950158 6.5682654004 9.1396014973 9.3775938991 6.1145894588
9.1262251913 12.942647392 15.1404850224 11.6799717291 10.2100139311 12.016875313 8.1653266445 5.6880265478 4.9080535342 6.4695521938 10.6726753819 9.5487128625 9.6772680305 8.8281723986 5.934390188 6.2262156975 8.6614532601 6.7426418407 8.7283210354 13.5690972074 22.9055465293 21.9271126707 16.6269290027 15.5174161287 10.5692725925 7.8276438487 6.0464786245 5.1010152679 5.1960423352 6.8186985571 6.1162773903 4.5356168102 5.2759490843 5.3257497221 8.3561323227 5.7537359052 4.8170988268 4.593189562 6.2360308545 6.2878157513 5.7727005801 6.6560543014 5.8659739118 6.4445479051 7.6571962214 6.9307973319 6.2346205472 6.3696150806 9.6381184854 8.5326470246 6.855965089 6.7088014672
14.6807106123 15.9513135566 13.6792081323 13.7017235782 16.026870425 13.3687069987 9.0693179034 5.4057156741 6.5410380858 8.6587758746 8.1090225049 11.3688578156 9.2499678357 6.3612798056 8.1945749343 9.3229006051 8.9508881111 9.745316679 7.6306319504 10.6751518999 20.3619302653 22.9151931695 19.9446129949 14.8711226497 12.764173731 6.696890615 6.3706320518 5.4614170087 6.5771014063 4.7341250217 4.361922038 7.70786068 5.5183744327 6.1787319883 7.5238069706 5.8388926927 4.7472266189 4.6264903029 7.2045318743 6.7905996236 8.3242102531 9.0777264817 7.3184676455 7.3322992082 8.0475519661 7.106219892 6.747288568 7.3242016467 10.6851306699 7.0776412934 5.795528781 7.7878845079
22.2264160412 13.1439454531 10.4202286338 10.6310289893 12.0023179579 15.2626782276 9.0295007124 6.2307517784 6.119172388 7.407105307 11.5252893954 10.5247386624 8.9365574751 6.3810391945 6.0146953155 8.6749345228 13.0368352347 10.1543492889 7.2853626976 8.5952574248 17.5259290948 23.4653738317 21.5079611647 15.9857998271 12.9243583409 9.4830904048 7.2548203192 5.4474825581 5.0042039245 4.8105820149 4.6679728996 7.4894533972 7.8645844593 8.1925626378 6.7789300203 6.1468246856 5.8093762937 4.3337848478 6.0202662929 8.2395821947 17.213281216 12.5410055785 9.0509551351 8.0922089424 6.6283160761 7.17388794 8.2855639758 9.0982171236 6.2336296736 5.8152688278 7.0067396866 5.196600209
14.6711989868 14.2384730928 9.0386454354 9.837143003 8.5394569203 8.1801682207 6.9692699254 6.8104622834 11.4774831464 11.792043262 12.5907186103 9.9024896596 9.4489301699 7.5906617321 5.0455419723 6.3368306776 10.2983173478 9.7135207832 6.9701410454 7.8967495952 11.5933265635 21.6338819493 20.541238697 20.3925656476 17.3713329979 10.9294177352 6.6161168035 5.465119963 4.8774927625 8.2390138923 7.6025211294 7.4618459376 11.5695581506 8.805727703 6.2726954476 6.1812286181 5.3893124388 4.939843113 5.1583101262 10.6576857161 11.8080835077 13.2115077792 9.5975714969 9.9888769158 10.3163735668 9.0053958301 9.0799821874 10.3043634153 10.4464641965 7.7279820482 7.3464404777 5.3577314958
14.6168257756 11.0690816195 10.3067879201 9.6267187205 7.4967018055 5.2390937659 7.4066269214 7.6536332974 15.2956517573 16.2711879252 11.7981749338 11.0005689716 7.3415289879 8.1205881048 4.8402572066 5.3847051465 6.6215785362 5.6579294516 5.8950077049 7.9487265072 11.7843517844 14.1117995793 19.0851032116 20.5875197358 22.4544162583 13.682185553 11.6278106738 6.8354672731 7.999247686 7.222281068 10.3210909921 12.8134440454 13.5834738633 9.7255351836 7.3689276459 6.5789445414 6.250365533 5.1476993723 7.7729768913 9.9307303294 10.2647517615 15.8603070715 14.212662848 13.2784530467 15.3882481907 15.2865747993 14.2935587421 12.3698432948 10.5005709107 13.390903918 11.4496537736 8.2671123575
13.8346329187 12.6514568761 10.2150981021 8.2839209245 6.2397816917 5.365530928 4.6757152153 9.3168252649 9.9109256707 11.4525642283 9.7123108168 8.4922579669 7.3535964775 6.1148727772 5.8785533905 4.0050710542 3.8112560242 4.4619209167 6.8120011863 8.5359902454 14.9979168408 14.3416484574 12.5813831736 16.1470581775 16.5484209988 16.5031291801 10.3106661366 8.2832769869 7.2813141339 9.9698486799 11.3980812262 13.7571747222 10.7553628682 8.0906149219 8.9165948444 9.5838886263 7.9276242708 7.6229132352 9.5123582669 12.1842436029 17.1395238388 13.9884371235 17.7456415105 22.8660772752 24.3102335614 23.2082888396 14.7766782014 14.7367227195 14.8392143577 11.898878816 12.3665368345 9.1012401348
10.9207027425 13.1625892522 13.8888657614 8.5947940989 8.8948446368 6.063781748 6.6981058763 6.6284240812 7.9780832105 10.132178456 9.7605221647 7.3987164537 6.1397628672 5.4791962951 5.2963626601 4.7870333015 3.7405669548 4.191747015 7.1357890063 11.9196235668 15.3478291755 14.3485538965 11.7085905651 11.2185931808 12.9651330778 15.7080346024 9.8677201372 10.0016753237 10.4810588468 11.4325939721 9.4798129716 12.0897351468 9.8721200722 8.6479146149 8.2459259569 8.4704474033 8.6382536972 9.8100724213 10.9803430736 17.7079754809 19.6309473495 19.5077463738 16.9728891402 28.1659769998 28.8815517505 26.5137542941 18.3002476606 11.8525869233 11.4782568732 13.3126338598 12.7265713118 13.7659628644
17.6544604522 12.2060602771 10.1037831889 13.0702716508 9.6965406117 8.8531752546 8.2225305023 8.9062981778 13.2850630802 10.2144099282 8.5390893426 6.972917199 8.22912413 4.6964689929 7.0720192197 8.3336721013 6.6176533275 5.3709793679 8.1487020209 15.2508027704 15.5697994173 19.5504848951 11.6229951519 8.5602391527 8.343997842 10.1774127985 9.9726777137 9.6603145053 8.6702275207 9.0048423306 9.956822746 6.8282486569 6.8439811452 6.2314656521 6.4340456483 6.9362099028 7.4306974325 7.7251185336 11.6470456814 19.7466713023 28.6779665507 23.9106407901 20.6578509479 18.686488369 26.9752448364 26.78822359 16.7965533957 9.2494373788 10.6073948443 13.9700359232 11.4032547346 12.2097166761
14.3891679518 8.776436459 10.0725611369 11.8860906198 14.5757958528 10.3037071868 8.8544760041 8.712957382 11.5555954346 10.5754598265 11.8014811001 8.1255909732 5.5801229649 5.7363764851 7.5166769851 10.8620038202 8.4385615659 8.1002758457 8.0098597259 13.6241858436 19.8104263061 16.2481643144 10.886183192 7.407352915 7.1910908299 8.3693861352 7.1806686851 7.6261199464 7.5010603844 8.0658912983 7.8069766415 6.3900196073 5.4632318406 4.3691272546 5.8800965558 4.0134310747 4.9407491532 8.2427170761 9.8679182868 14.914730547 18.4758779669 20.3417114821 17.2681154149 17.4381786076 17.0438798679 12.903213171 9.4582275553 7.9174148029 7.9821553823 13.1353101309 13.1941410336 14.3038722593
7.8488503341 8.4493645386 9.0838213479 12.7893611394 12.9413906793 10.0458562068 7.7702879181 8.8290408077 12.4426196387 12.012868957 15.0015726765 13.5085673971 7.0380064876 5.6013390933 8.0777458239 10.0082818969 9.6980499029 9.7007232668 8.6531305481 11.6181115894 18.3710970557 13.2288768888 7.5191102775 5.6355758107 6.0996129331 5.9512255083 8.7127998607 7.2207488095 8.622555138 8.2206028885 7.9915756979 8.6369705738 8.8862210538 5.4148369637 4.8867825672 4.3547355692 4.5927857041 6.683556559 9.6474877601 9.8515156918 12.6763205044 12.629705073 13.5449305016 12.8131794272 10.5106236023 6.8075223158 5.5358853815 5.5671174112 8.3895497713 12.8030288133 18.8470660458 21.4604061243
5.9615481626 7.0979803983 8.1320390512 9.4741880448 8.2680610755 7.8060867131 9.3878035256 10.9703667778 12.1164887375 20.9825049666 13.2051443113 11.895095096 10.4204589221 7.212980829 8.2883668018 7.8754426137 9.112671452 9.0541888827 11.2150767842 13.3924040393 12.3786274737 10.8543139845 7.6113967365 4.858544421 6.3783415738 10.4066971986 7.1076881096 8.8840632482 12.2221966005 13.3078516742 12.7490377425 12.1735739469 10.6245509949 9.2805238649 7.3487548523 6.7385117902 6.8534461778 6.5213874301 7.5223359225 8.6393666468 9.3803536159 8.443537921 8.054812648 6.6399321096 6.102826689 4.2391034525 4.3433597842 8.0032480785 11.5375094755 17.7714972968 26.1664941482 37.4825630244
7.8424346205 6.9246963011 7.0774710001 7.0241325463 7.875737927 7.6922505039 8.4484308964 12.143226029 12.3801323838 16.0651523199 18.0151131638 17.1006098847 10.6552866633 9.4532467437 8.7218401583 9.0930961089 7.6919069168 8.13076326 8.9616995155 7.0710316211 7.4715459837 5.6099575418 6.3662992685 5.1257725653 6.9456827058 6.3243905147 7.8426415815 11.1034647317 13.6767301657 17.777815059 17.4015594078 14.236386815 13.1980666513 13.134497602 10.4146403386 10.1649920516 7.28189431 7.7436107323 8.4029866612 10.0227169424 12.3641644077 9.2186760976 6.2693795001 6.4639601675 4.3765487198 4.5253377299 4.9119106484 7.8676659645 13.2546068766 17.7701735205 29.0900965291 29.5698348205
4.1102571264 5.287435819 6.5256215993 7.6699882796 8.1138617618 6.7730633629 9.8111999744 11.3794179388 15.3107674709 16.262432557 20.2236855778 14.6634618513 9.7871565897 10.5753181177 11.1096463929 8.6844715347 8.5966268436 6.1619042072 5.6213233866 5.0960941992 3.8684991386 4.0306384131 4.710976682 5.2722613753 6.4844881417 8.3960453382 7.8357101974 10.9796244042 13.3395876668 15.050771785 18.6218920755 15.128206563 12.9804019392 14.4932614858 15.3086854646 11.0878758357 8.7210068508 8.4233686303 8.5857474719 12.7586875849 18.2920633839 11.084122759 8.1914162402 5.9656000062 5.1801572648 5.1048265405 6.0952423695 9.3564441019 14.4396700128 20.4705526149 23.7091504145 31.716140051
2.9140396721 4.5239117398 6.555127348 6.6476945208 6.8130896552 8.3807948638 7.599155505 10.5173801474 11.5081028041 11.3630568556 13.2203800303 11.3836438873 9.2527535685 10.7875366043 10.1229493069 9.7198838617 8.6380053665 6.688396174 4.2132227704 2.9587625035 4.4253853372 5.6073240437 7.4831553325 8.0420896037 7.6338003294 6.7021448875 9.344243122 9.0880863108 9.5440296286 13.3135864573 10.592944075 10.7223834856 12.596438097 18.5896222977 12.2079589554 14.2284026586 11.6087066625 9.6399570596 8.26930164 10.8096458171 11.5418778677 13.3678794313 7.0997111464 5.8984442197 5.3593827478 6.7913435104 10.9993184416 9.7411427123 14.4577118637 17.0716720913 28.0712139654 23.4492344133
2.500344179 5.6401340704 5.6243475072 6.6915481498 7.4713023959 7.7120475617 7.1271195993 7.028840922 9.4056678826 7.3208929067 6.5538587699 8.8187450082 9.304284818 9.0752259375 10.3020052281 15.6499161397 13.9023089398 7.4494773199 4.6436353081 3.60561219 5.2096315697 8.9538556115 14.9227110472 10.0306550638 7.2374575753 6.0459308279 6.8794940285 9.172389475 13.6860830518 12.9531913833 8.5742720021 8.7956992953 11.552122936 11.9937798107 11.4531174686 11.5955248612 9.9042095755 9.9067537457 8.4996925335 10.6724202813 10.2024222725 10.5933609334 7.6617795189 5.6781567998 5.2459890582 8.6044459802 11.4684563298 18.4379265574 13.8322252138 17.2081710362 15.4068517346 21.4540496626
4.9821643333 6.246993865 7.3005629549 8.4564389351 9.226280486 7.215726053 7.9734169492 6.7460538086 4.969000628 3.870890347 3.7479366676 5.4499930808 8.0927021699 11.6110492944 13.8338066053 14.2351796448 14.0186577726 7.7339499517 7.3920249269 7.5685365243 6.5939570479 11.5618998785 13.2049430491 12.2840314282 9.0772622868 6.4038999445 5.8031533266 10.6865951609 22.6261234897 17.2964125214 12.6488393764 8.4193249742 6.7659997955 7.4419211102 10.8578820759 7.2119825921 8.1305981931 6.5483678401 8.1340428398 7.9304164395 8.3575680493 6.8698690143 7.7751081226 7.249285953 9.1577422793 12.8438361855 18.6610829226 16.8676863036 17.0374064001 14.5854155311 13.9045605384 17.3346235182
7.4052125397 10.6584058464 7.5061620877 8.2476439219 10.5549700115 8.5644625162 7.1140275353 8.4922457096 6.1790547703 4.7510632176 5.0519185814 5.9584300856 8.8318807313 17.2176626284 14.9879195483 14.7235078885 10.2598301991 10.2352641148 8.5535226415 12.2385097328 10.6344424784 10.5690947884 14.1416752943 11.9451165907 9.6845175352 6.0414577571 6.0741755283 9.6078248358 15.0859340052 23.3161120125 14.2948957649 8.0815865895 7.880450426 6.2517216338 5.8621283968 7.7272062868 6.5004140743 7.058969872 5.805097828 7.4321690819 6.5842716965 5.7240574367 6.062678655 8.1925230361 15.5835884378 21.0223925827 28.0042597017 29.0852730372 21.3166646546 19.846356988 15.1572544366 18.3830257537
13.1405035373 10.335190095 9.636091044 8.3749171466 8.8282426305 9.1063805766 8.9825782584 9.6656617019 8.4902119405 8.0525879077 8.1434894587 8.9213993641 11.5289557051 15.8357302269 19.2829598722 17.1442844658 15.113670552 10.9436614343 10.2515180834 9.4827026366 12.4584134788 13.6542097109 13.2221256023 11.991491314 8.3959543631 8.8927285704 5.164578962 7.662475315 12.5556603426 12.6120867003 11.4074772878 7.014132189 6.6642213323 6.0849756689 6.9021791078 8.3832969017 10.7180941355 6.2201507835 5.6722203461 7.5112209497 7.57024389 7.7457823271 7.2094843744 11.3551761638 13.7831513378 25.7571790102 39.9884742926 33.4469552973 33.8543553444 28.5034614444 20.9284995844 17.3586731786
7.4124290167 10.3040712218 10.1191489405 7.441534739 7.0450624234 8.2608632115 9.2004036596 12.9653820163 12.3208664903 8.8233287721 8.8118516315 8.5157260706 17.478114771 20.4814732647 24.030032701 17.8947496104 14.3412710416 12.7800733218 13.0584454649 13.2260331316 14.8234162597 18.6387158518 15.213280416 9.3231398947 8.347446376 6.0003556321 5.6279531683 6.7184814799 6.8098319416 8.4235376394 5.6625049653 6.6834398335 5.3633385138 6.4242901439 9.4608639939 13.1879093843 11.9101780675 7.7451267378 7.7112121545 7.2876629398 9.5042611252 9.539155984 8.9551068917 8.3452306903 13.7359139492 21.1711977822 29.582484175 41.210316303 34.6691859219 26.2571296891 15.6331131308 15.5069628412
