Models/Synthetic/Density/temp_raster_dens.asc
NCOLS 100
NROWS 100
XLLCORNER 3302900
YLLCORNER 3112000
CELLSIZE 4430
NODATA_VALUE NaN
[rows 69 to 91 of 100, columns 0 to 51 of 100]
0.0002426762 0.0001271198 0.0000962851 0.0000709925 0.0000900283 0.0000807803 0.0001265351 0.0001908712 0.0001365408 0.0001641478 0.0001334284 0.000122897 0.0001225432 0.0001839106 0.0001458446 0.0001654753 0.0001201223 0.0000752611 0.0000899433 0.000126181 0.0001344626 0.0001464475 0.0001082321 0.0000593302 0.0000627086 0.0000526098 0.0000578413 0.0000954554 0.0001314737 0.0000916724 0.0000832401 0.0000763455 0.0000719291 0.000091223 0.000089307 0.0001359961 0.0001325268 0.0001054809 0.000165486 0.0001381775 0.0001649147 0.00018413 0.0001837042 0.0001179422 0.0001038346 0.0000990356 0.0001108098 0.0001170025 0.0001372246 0.0001048825 0.0000819262 0.0001068387
0.0001720301 0.0001524246 0.0001013508 0.0000866932 0.0000778158 0.0000823625 0.0000910627 0.0001016932 0.0001181429 0.0001345037 0.000123461 0.0001161001 0.0001590681 0.0001801086 0.0001266169 0.0001013494 0.0001166831 0.0000961431 0.0000894019 0.0001479531 0.0001810944 0.0001798599 0.000112005 0.0000591638 0.0000488561 0.0000670452 0.000084964 0.0001053503 0.0000903301 0.0001024334 0.0000907161 0.0001016319 0.0000831503 0.0000710052 0.0000743546 0.0001076192 0.0001060559 0.0001178517 0.0001172075 0.0001411504 0.0001458183 0.0001499668 0.0001434005 0.0001021064 0.0000908781 0.0000797231 0.0001110343 0.0001281135 0.0001066884 0.0000968001 0.0000728459 0.000096017
0.0000732827 0.0001010697 0.0001488154 0.0001088942 0.0000722219 0.0000775847 0.0000915059 0.0000808906 0.0001388479 0.0001085196 0.0001122638 0.0001179918 0.0001171165 0.0001455776 0.0000855157 0.0000665891 0.0000871697 0.0000932211 0.0000996801 0.0001325599 0.0002029755 0.0001283063 0.0001037282 0.0000565372 0.0000851027 0.0000945375 0.0000909257 0.000108358 0.0000992515 0.0001208214 0.0001386159 0.0001819205 0.0001007779 0.0000820459 0.000098429 0.000113854 0.0001136454 0.0000834463 0.0000795759 0.0001339014 0.0002068013 0.0001305199 0.0001214275 0.0001196687 0.0001107931 0.0001008685 0.00008274 0.0000983717 0.0001154507 0.000119336 0.0000816794 0.0001129867
0.0001041144 0.0001473959 0.0001242007 0.0001756599 0.000077978 0.0000725929 0.0000930324 0.000074868 0.0000766415 0.0000861256 0.0000845013 0.0000969028 0.0001277605 0.0000920295 0.0000776 0.0000566651 0.0000729598 0.0000738294 0.0000701405 0.0001228789 0.0001315269 0.0000971607 0.0000851149 0.0000756151 0.000079197 0.0000900246 0.0001268901 0.0001304269 0.0001047229 0.0001424386 0.0001682043 0.0001474065 0.0001090497 0.0000626926 0.0000910316 0.000125482 0.0000669977 0.0000951844 0.000085353 0.0001191609 0.0001063486 0.0001833767 0.0001214048 0.0001422659 0.0001679867 0.0001022049 0.0000921117 0.0001454429 0.0001951977 0.0001427129 0.0001030998 0.0001628024
0.0001986687 0.0002126674 0.0001729919 0.0001372459 0.0000925585 0.0000793558 0.0000993767 0.0000699583 0.0000450931 0.0000599394 0.0000533224 0.0000784134 0.0001186549 0.0000918273 0.0001102581 0.0000697135 0.000039696 0.0000596805 0.0000664834 0.0000816835 0.0000808958 0.0001456295 0.0000891804 0.0000803931 0.0000601043 0.0001366514 0.0001065208 0.0001059893 0.0001187341 0.000172606 0.0001569377 0.0000892043 0.0000700993 0.0000593895 0.0000674792 0.0000494806 0.0000555082 0.0000461408 0.0000716584 0.0000774633 0.0000757502 0.0001231618 0.0001363346 0.0000932038 0.0001074767 0.0001381758 0.0001016133 0.0001586318 0.0002137343 0.0001534816 0.0001473872 0.0001947086
0.0003390636 0.0002053327 0.000121865 0.0001061024 0.0000840329 0.0000813188 0.0000805897 0.0000751797 0.0000431384 0.0000349675 0.0000392292 0.0000587324 0.0001098829 0.0001249229 0.0000978761 0.0000594447 0.0000387032 0.000041147 0.0000677971 0.0000848689 0.000158668 0.000109381 0.0001079194 0.0000534797 0.0000766735 0.0000742341 0.0000977596 0.0001046765 0.0001473002 0.0001377632 0.0001247699 0.0000884537 0.0000688339 0.0000779324 0.0000504975 0.0000368331 0.0000312261 0.000071268 0.000072178 0.0000696231 0.0000676892 0.0000682147 0.0000897599 0.0001105517 0.0001046165 0.0000920183 0.0000886136 0.0001261393 0.0001039105 0.0001311927 0.0001088979 0.0001114246
0.000147725 0.0001582478 0.00009305 0.0000875196 0.0000845116 0.0000867456 0.0000867674 0.0000930289 0.0000619162 0.0000609734 0.0000629448 0.0000601314 0.0001080764 0.0001280159 0.0000774012 0.0000813279 0.0000590124 0.0000713588 0.0000785423 0.0001271415 0.0001710011 0.0001850738 0.000090732 0.0000770456 0.0000680422 0.0000712333 0.0000563771 0.0000803963 0.0001271703 0.0001300863 0.0000762949 0.0000734723 0.0000831237 0.0001450833 0.000092372 0.0000424658 0.0000568193 0.0000567175 0.0000634138 0.0000778482 0.0000497735 0.0000451456 0.000090161 0.0001044608 0.0001116538 0.0000894097 0.0000891839 0.0000680813 0.0000701985 0.0000889334 0.0000943164 0.0000801009
0.0001209555 0.0001136472 0.000083994 0.0000890396 0.000115389 0.0001082251 0.0001499058 0.00013468 0.0001201802 0.000108177 0.0000904312 0.0000987758 0.0000848059 0.0000986765 0.0001049318 0.0000742869 0.0001041893 0.0000906081 0.0001177883 0.0001359702 0.0002152515 0.0001559246 0.0001531916 0.000094553 0.0001114381 0.0000540546 0.0000585822 0.0000666461 0.0001061182 0.0001062566 0.0000842496 0.0000843291 0.0001810806 0.0001447073 0.0000878735 0.0000736631 0.0000702986 0.0000645021 0.0000677546 0.0000497865 0.0000392915 0.0000498516 0.0000831889 0.0001176051 0.0001759759 0.0001195662 0.0000842997 0.0000955525 0.0000642152 0.0000907386 0.0000800051 0.0000883919
0.0002221327 0.0001166067 0.0001340025 0.0001360045 0.0001600235 0.0001180245 0.0001750494 0.0003456029 0.0002410779 0.0001433362 0.0001110694 0.0001140429 0.0000849645 0.000081462 0.0000849325 0.0000980856 0.0000946841 0.0000836554 0.0000948682 0.000213881 0.0001312423 0.0001614407 0.0001386097 0.0001376739 0.0000756157 0.0000836684 0.0000570336 0.0000737431 0.0000724222 0.0000883976 0.0001145132 0.0000918152 0.00011976 0.0001855851 0.0001169063 0.0000908717 0.0000720688 0.0000932297 0.0000731238 0.0000483671 0.0000460861 0.0000770187 0.0001058728 0.0001290744 0.0001247452 0.0001371486 0.0000941055 0.000067194 0.0001219087 0.0000850669 0.0000988484 0.000114787
0.0000769306 0.0000958124 0.0000880705 0.0000792617 0.0000770867 0.0001125198 0.0001981847 0.0003013952 0.0002923954 0.0001778486 0.0000791216 0.0000761047 0.0000717822 0.0000551297 0.0000502853 0.0000633278 0.0000587235 0.0000693758 0.0001114527 0.0001488109 0.0001256066 0.000110995 0.0000931022 0.0000868202 0.0001150712 0.0000996028 0.0000696276 0.0000782447 0.0001176404 0.0001030503 0.0000972261 0.0001083268 0.0001202943 0.0001191236 0.000108775 0.000097186 0.0000695403 0.0000897038 0.0000866029 0.0000522275 0.0000711337 0.0000824332 0.0000947919 0.0001117585 0.0001361714 0.000128813 0.0000794764 0.0000877098 0.000094162 0.0001445086 0.0000863733 0.0000750561
0.0000477232 0.0000592709 0.0000709745 0.0000732651 0.0000897272 0.0000838828 0.0001649368 0.0002064122 0.0001743542 0.0001485461 0.0000904788 0.0000642615 0.0000982727 0.0000586884 0.000054905 0.0000484973 0.000074471 0.0001190235 0.0001124931 0.0001540033 0.0001140126 0.0000849508 0.0000729075 0.0001165838 0.0001293299 0.0001200106 0.0000587269 0.0000773864 0.0000767168 0.0001549343 0.000151817 0.0001292982 0.0000909035 0.0001198036 0.0001436288 0.0000785557 0.000084303 0.0001081117 0.0001015215 0.0000899769 0.0000670902 0.0000676971 0.0000990076 0.0001379772 0.0001422624 0.0001010642 0.0000652356 0.0000598928 0.0001047656 0.0000829314 0.0000673252 0.0000974172
0.0000571824 0.0000664559 0.0000700799 0.0001002489 0.0001063316 0.0001342331 0.0000993202 0.0001028166 0.0001356575 0.0001710194 0.0000972966 0.0000833536 0.0000927847 0.0000980414 0.0000955363 0.0000697785 0.0000769104 0.0001022374 0.0001556254 0.0001256524 0.0001178581 0.0000933523 0.0000887446 0.000123174 0.000220808 0.0000942033 0.000060146 0.000049616 0.0000583989 0.0001020945 0.0001536305 0.0001190472 0.0001040836 0.000113235 0.0001148737 0.0000923011 0.0000724085 0.0000863109 0.0000911682 0.0000737915 0.0000790144 0.0000584025 0.0000671157 0.0001369466 0.0001384015 0.0001350242 0.0000762787 0.0000718205 0.0000538859 0.000063127 0.0000728532 0.0000799978
0.0000948314 0.0001152857 0.0001533722 0.0001261571 0.0001334379 0.0001020973 0.0001072682 0.0000856113 0.0001604634 0.0001750821 0.0001263522 0.0000715447 0.0000904612 0.0001046399 0.0001238604 0.0001186538 0.0000683344 0.0000887059 0.0001102799 0.0000964979 0.0000798461 0.000094286 0.0001296158 0.0001585917 0.0001315606 0.0001657433 0.0000894629 0.0000661745 0.0000524263 0.0000779643 0.0001585387 0.0001135602 0.0000717545 0.0000842993 0.0000949391 0.0001017481 0.000084503 0.000083931 0.0000780106 0.0000749452 0.0000785121 0.0000532572 0.0000656265 0.0001038802 0.0001287407 0.0001124736 0.0001136761 0.0000564362 0.0000795899 0.0000511732 0.0000597439 0.0000992506
0.0001371945 0.0001495837 0.0001342687 0.0001244334 0.0000936329 0.0000935544 0.000068946 0.0000819577 0.0001061622 0.0001296752 0.0001088399 0.000106893 0.000137898 0.0001915472 0.0001187284 0.0000889564 0.0001059649 0.000110988 0.0000916456 0.0000952295 0.0000838857 0.0001034404 0.0001376324 0.0001384457 0.0001631798 0.0002241427 0.0001797342 0.0001175293 0.0001037673 0.0001222406 0.0001247128 0.0001144791 0.0001073572 0.0000664002 0.0000965037 0.0001336355 0.0001380117 0.0000789775 0.0000794688 0.0000794099 0.0000725254 0.0000529675 0.0000679314 0.0000961587 0.0001591167 0.0001589336 0.0000948379 0.0000826282 0.0000599233 0.0000482267 0.0000528456 0.000081698
0.0000706353 0.0001167396 0.0000899506 0.0001007576 0.0000810666 0.0000626179 0.0000499181 0.0000690718 0.0000916508 0.0001510682 0.0001705517 0.0001581923 0.0002018541 0.0001667472 0.0000979151 0.0000714236 0.0000913054 0.000158704 0.0001191334 0.0000959759 0.0000997825 0.0001119476 0.0001162976 0.0001278646 0.0001704276 0.0002278817 0.0002432792 0.0001713004 0.00023425 0.0001436062 0.0001261716 0.0000977801 0.0001086171 0.000099511 0.0000969448 0.0001454037 0.0001119385 0.000082115 0.0000760493 0.0000814164 0.0000764871 0.0000766098 0.000067734 0.0001216446 0.0001923371 0.0001939139 0.0001180311 0.000076946 0.0000524695 0.0000372152 0.0000752918 0.0001138077
0.0000759602 0.0000965616 0.0000859565 0.0000932084 0.000117647 0.0000719154 0.0000483252 0.0000657921 0.0001150438 0.0001714338 0.0002868383 0.0003340274 0.0001570093 0.0001361927 0.0001016804 0.0000807958 0.000077532 0.0001079101 0.000104242 0.0000965765 0.0001538362 0.0001350308 0.0001379374 0.000215569 0.0002277807 0.000205796 0.0001657965 0.0002171955 0.0002075644 0.0001943808 0.0001564335 0.000156713 0.0001453267 0.0001383088 0.0001218006 0.0001178371 0.0001132032 0.0001077065 0.0000764071 0.0000954371 0.0001194341 0.0000926676 0.0000880293 0.0001327414 0.0001700642 0.0002115744 0.0001151858 0.0000826464 0.0000599749 0.000038317 0.0000705215 0.0000732208
0.0001114077 0.0000908882 0.0001259681 0.0000921964 0.0001122474 0.0000885297 0.0000613834 0.0000787762 0.0001170056 0.0001236639 0.0001819931 0.0002312361 0.0001491095 0.0001075152 0.0000957905 0.0000581704 0.0000560947 0.0000640119 0.000075755 0.0001076313 0.0001415625 0.0001403378 0.0002071497 0.0002803392 0.000275085 0.0001858569 0.0001377519 0.0001397401 0.0001710792 0.0001510382 0.0001658859 0.0001653473 0.0002104448 0.0001279248 0.0001016044 0.0001355164 0.0001572801 0.0001597467 0.0001189408 0.0001270919 0.0001241981 0.0001038865 0.0001613899 0.0001574813 0.000181819 0.0002037562 0.000091101 0.0000550921 0.0000440428 0.0000623628 0.0000599158 0.0000840659
0.0001124446 0.0001537553 0.0001625553 0.0001342635 0.0000774372 0.0000624946 0.0000643423 0.0000813585 0.0000630292 0.0001054284 0.0001077039 0.0001199712 0.0001211713 0.0001140774 0.0001066889 0.0001254098 0.0000596158 0.00006814 0.0000624285 0.0001192474 0.000129093 0.000124082 0.0001918393 0.0002286918 0.0002162506 0.000142257 0.0001324557 0.0001100846 0.0000988604 0.0000922409 0.0001172073 0.0001851087 0.000181359 0.000119362 0.0001108804 0.0001354512 0.0002037142 0.000170624 0.0001568243 0.0001401101 0.0001332655 0.0001290853 0.0001333527 0.0001743799 0.0001422074 0.000099394 0.0000832404 0.0000727717 0.0000869786 0.0000503713 0.0000544192 0.0000580274
0.0001628525 0.0003947638 0.0002873717 0.000123419 0.000083584 0.0000642102 0.0000696937 0.0000534889 0.0000815189 0.0000933561 0.0000870222 0.0000805168 0.000140451 0.0002004721 0.0001737936 0.0001191885 0.0001295647 0.0001070857 0.0001344116 0.0000976188 0.0001329649 0.0001177901 0.000145503 0.0001606968 0.0001383302 0.0001177848 0.0000830422 0.0000849178 0.0000756264 0.000079597 0.0000949049 0.0001117244 0.0002162356 0.000155592 0.0001389532 0.000120061 0.0001104735 0.0001900016 0.0001794086 0.0001381669 0.000120321 0.0001090158 0.0001315907 0.0001339942 0.0001103176 0.0000917609 0.0000940481 0.0000830144 0.0001052638 0.0000692011 0.0000571582 0.0000946734
0.0002717712 0.0001952684 0.000282919 0.0001454947 0.0000989484 0.0000895712 0.000061187 0.0000524798 0.0000583279 0.0001260032 0.0000593295 0.0000694563 0.0000956102 0.000180515 0.0002148988 0.0001629187 0.0001679212 0.0002198049 0.000164114 0.0001035087 0.0001028956 0.0001290325 0.0001521745 0.0001632941 0.0000957427 0.0000637712 0.000054477 0.0000860255 0.0000730653 0.0000731409 0.0000875874 0.0000995361 0.0001127376 0.0001154221 0.0001604399 0.0001134811 0.0000998532 0.0001199024 0.0001132164 0.0001212663 0.0000773759 0.0000989043 0.0001227728 0.0001180939 0.0001201051 0.000092252 0.0000967194 0.0001196282 0.000114972 0.0000732952 0.0000913053 0.0000644662
0.0001247313 0.0001651728 0.0001746946 0.0001329493 0.0000945391 0.0000965864 0.0001107722 0.0000798729 0.0000668977 0.0000449839 0.0000497637 0.0000483358 0.0001153391 0.0001304211 0.0001502222 0.0001524638 0.0001267188 0.0001194461 0.0001266237 0.000126744 0.0000868493 0.0001575085 0.0002351833 0.0001929764 0.0000861651 0.0000429953 0.0000442028 0.0000731743 0.0000650449 0.0000671746 0.0000514463 0.0000709831 0.0000674228 0.0001125608 0.0001338203 0.0001415756 0.0001227621 0.0001154772 0.0001453974 0.0000873607 0.0000686433 0.000079099 0.0000856381 0.0000833881 0.0000920953 0.0001141259 0.0001168508 0.0000900324 0.0000943517 0.0000939144 0.0000608985 0.0000801941
0.0000738707 0.0000994544 0.0001002654 0.0000811245 0.0001105368 0.000109099 0.0001338275 0.0000919241 0.0000709659 0.0000474064 0.0000326641 0.0000632942 0.0000690912 0.0000830645 0.0000924312 0.0000803955 0.0000807717 0.0000652312 0.0000709122 0.0001207625 0.000090435 0.0001393202 0.0002186234 0.0002061965 0.000089463 0.000063474 0.0000371579 0.0000500269 0.000079683 0.0000552021 0.0000459353 0.0000431994 0.0000690012 0.000065476 0.0001018241 0.0001129581 0.0001281943 0.0001268136 0.000091588 0.0000910662 0.0000505152 0.0000455152 0.0000724218 0.0000721517 0.0001216831 0.0002009158 0.0001820472 0.0001155383 0.0000742733 0.0000627833 0.0001007789 0.0000516113
0.0000674526 0.0000588761 0.000076235 0.0000817445 0.0000932802 0.0001360508 0.0001593298 0.0000906 0.000070992 0.0000596058 0.0000576483 0.0000386601 0.00004368 0.0000496654 0.0000576853 0.0000690642 0.0000432612 0.0000448259 0.0000764659 0.0000908995 0.0001128354 0.0000859868 0.0001073113 0.0001389718 0.0000907463 0.0000640967 0.0000552116 0.0000636969 0.0000738044 0.0000682688 0.0000825488 0.0000484453 0.0000495982 0.0000705026 0.0000925279 0.0001393522 0.0001832285 0.0001294991 0.0001038312 0.0000486097 0.000033607 0.0000425602 0.0000456767 0.000077042 0.0000959883 0.0001451705 0.0001921308 0.0001371906 0.0000838196 0.0000767882 0.0000551067 0.0000558007
