Models/Synthetic/Density/temp_raster_pop.asc
NCOLS 100 
NROWS 100 
XLLCORNER 0 
YLLCORNER 0 
CELLSIZE 0.01 
NODATA_value -9999 
[rows 20 to 39 of 100, columns 0 to 43 of 100]
1.55548308347936 0.732495310841373 0.494689631155345 0.151899324772815 0.131903782858099 0.418294924859981 2.45964881085284 5.32405843122516 18.3723814816652 5.70205513276674 3.82222235499161 0.848795537213197 0.438448970924855 0.284979548983765 0.19829782360208 0.0478687220012037 0.033340875996924 0.0702051132488183 0.264268569549769 0.435102476745741 1.02211686241359 1.38011512658157 2.00428475019379 5.11008784567001 25.3089418216667 3.79852450744254 0.776747156176658 0.761612026376153 0.739828772847498 0.644039149640012 0.119890035831897 0.188168882305052 0.863253461654465 6.23191399892116 5.89935202220151 6.34727042817603 2.33862089704383 0.481599685068042 0.64350272285567 2.45512870327503 2.49717073823902 1.99296402374959 1.73414903424622 0.457330412590265
1.23123724160832 1.91632259497173 0.526138996620022 0.167120180077491 0.128252370768736 0.625117663634145 2.31982962100171 11.0806880491092 9.92260182707364 8.29368471659406 2.45501477664084 0.778291992605986 0.415267663766134 1.5121770380225 0.216050618127887 0.0608261965147797 0.0350884149392649 0.0344013587704126 0.0684856934740925 0.148712852768805 0.305163055337889 1.1254319598033 0.771245017456124 2.96741518021791 4.61090990770915 3.46734808298755 1.34853975716138 1.65287012014264 7.49377934698954 0.665693220079782 0.1301246837245 0.0935396114224317 0.388783186141775 0.936293225867732 4.15776980457732 1.10674479763566 0.992025333312361 0.993361132946286 1.9653043123886 1.12493363265992 1.3496504079372 4.86885842478909 2.35707136407999 0.941494956431179
2.00432366338326 1.50053592209828 0.93927687043391 0.305307637304901 0.215252809772072 0.948727291057336 5.60610971053367 8.26556457383039 6.86620725408639 10.1791823033899 3.34124509948095 0.664060616566084 0.720840260843337 0.337100159311903 0.256571713060261 0.953070243262856 0.0916262471637088 0.0483669445093143 0.0329318927449764 0.0385045859700798 0.0874535420721232 0.129025846437365 0.29271177215756 0.515419039128694 0.68515476573336 0.56690507644675 0.376485553115765 0.670821205897999 0.689263788755484 0.597307867878788 0.140578502882119 0.103884957728116 0.133094907075662 0.308148493776575 0.362611553176286 0.542842690153128 1.05260612671988 6.75516336971887 4.82181282828524 4.43871611317235 1.65563957898785 1.57424233947446 5.49138656716415 1.29821897800367
1.35609894116693 3.3579441247773 2.31140281808191 0.618778237363426 0.432695260287093 2.01017575538311 7.07316343042547 30.0147983748122 8.08123128175025 3.99603377424728 2.2325468727707 0.559459060209781 0.326145587135836 0.450305758476851 0.610258858035751 0.836479104394413 0.649185577415334 0.373143918567229 0.0557720711301549 0.014257602989302 0.0138015880468207 0.0256207581597784 0.047014349768716 0.0744250876901247 0.0873741464810641 0.0811899971979841 0.0844287916111734 0.0982467586434535 0.115717638286108 0.101089018171319 0.114798637142586 0.270772143158366 0.129533615806146 0.0967350902936897 0.128679492925313 0.390190665242404 2.84420032540335 5.7622893109371 30.313810888727 6.93710841713038 4.65868387942394 1.12521985574561 1.1998267432098 1.11295547931931
0.766458405350419 1.27675650039482 1.90350934044846 1.40170016841621 1.03890848390574 0.943983259794339 4.6876235224527 8.71985432955433 6.7129767416082 2.40099116703528 0.751386820058461 1.22297230299028 0.472295983738907 1.78913537690311 4.25372388732337 4.80299520869498 4.89311279670061 0.728038363504879 0.105289638332514 0.016240610020851 0.00673139467275952 0.00683874603818013 0.00886200965941037 0.0141651658534758 0.0221781141937127 0.0315791225570159 0.0381568339376788 0.0432827114024319 0.0473470108723054 0.0580726204970706 0.0957369308074636 0.139560293649136 0.704903206013684 0.0843594403926449 0.119705422182422 0.991214898514484 2.15183631778051 4.94809756866749 5.88733989541256 8.95341266574527 1.59211543718158 2.20079065724417 0.704976923535334 2.18282829725701
0.237960069188611 0.459644988910051 1.21794267837764 0.628890473579948 0.460800688475084 0.571733327316165 0.984776009225421 1.45237487519725 2.4511919973453 1.53133034690137 1.42127884229956 1.65473598992662 1.96503645179887 1.92597884287451 6.39281589881041 19.9581637993925 5.30283087431006 0.966767747049918 0.139857684519723 0.031616915757401 0.0217701911902026 0.0157475899458862 0.0108214250657196 0.0206199862360615 0.0820720895839084 0.152544617715126 0.199871354057985 0.185097557704009 0.190445817689234 0.210330173588455 0.225262198280456 0.214884220155464 0.201030589980237 0.157068727014928 0.18364475144372 0.531284390310345 3.1447073873329 5.31428059425819 4.87665098953679 4.05213688212284 2.33554081628106 0.695621094555662 0.596464875158158 1.26384444952169
0.0643549823401911 0.177180534842264 0.239134948791427 0.326676089457383 0.589592829416019 0.2450833825744 0.276176051217616 1.45250846573645 1.12823774554401 4.79172972434503 3.8797297314837 4.49674485362159 9.87223423400387 1.90417390894734 4.65355687511394 5.88596204111281 3.36171401940439 0.749768036987149 0.160630165363877 0.0797096376055648 0.0722455272024026 0.059744427929757 0.0201600854825575 0.0418060806893088 0.251853043925415 0.939178106160466 1.0524405019771 0.912305793422189 0.597447164653769 0.969052824815091 0.989822900910173 0.798558769646031 0.426066714820127 0.687499815691815 0.230665867653443 0.589487933543327 3.67630577943157 12.6767203507264 12.007323154191 7.97074449892348 5.3448118529092 1.36218739816129 1.05735065361744 0.357430249835852
0.0505363884667535 0.0825913435773318 0.152877096403867 0.226070172446693 0.236516716366462 0.172386842026444 0.164694368293215 0.295686553670934 1.2139067333058 2.62820615784104 7.3367396978878 6.48965417671167 2.80709789639281 1.49324115567039 1.03357520925846 1.15835022156754 1.01855759075855 1.33484034181908 0.200391064395817 0.0897375043190477 0.218736749711104 0.0668616018911801 0.0289004876578191 0.0806692508599143 0.368697800627906 1.85294666592934 6.43676392809428 1.16287105541536 0.873311727999033 2.36073697746823 3.80688929992796 1.24286777517588 2.06742195627303 1.13988533792764 0.858332443603621 0.849553503334781 3.01454680988019 6.0810854283175 10.8541446969337 40.3129614037305 13.5080315198963 2.56799592097627 0.38699842678295 0.303232496855359
0.307050676400964 0.3697070432216 0.35238348899619 0.479362071210492 0.135898354206189 0.913390002420709 0.0927938074788584 0.196150718848713 0.488386394880249 1.81586012322444 2.735005364401 2.163926242097 2.37220590148397 0.640267661428906 0.426635588243536 0.431223217828578 0.42696631957057 1.32099504740963 0.161933168954523 0.0750940855314877 0.0679775655089599 0.0569326688151672 0.0293618258619887 0.107120543566803 0.658689073909723 1.38621500975259 2.23034885579327 1.98219635258087 0.772381416361845 1.37006040384636 2.37594625009144 1.27853199715184 6.6226125744929 4.87584035144196 4.86525589387103 2.66612991260422 1.62314431763486 5.22029989258291 12.8697991956761 20.871281446185 7.13928245143934 1.64831825072767 0.526199087410419 0.75269787344934
1.38598192940249 2.24197092096603 1.19099623596139 0.25347485694702 0.107418806383411 0.0648810016687034 0.175421846673209 0.348749209381145 0.521599125640115 0.668447333524933 0.748577229507209 0.749447307373488 0.552844400834506 0.573217106646311 1.37979337136369 1.4704813068752 1.22926712035722 0.252987911931812 0.116406741127685 0.0285642661867434 0.0211333935357097 0.0172718644379747 0.0292858947475902 0.130633791999593 0.591363458207099 4.48786474329292 0.806313369569748 0.474422126671484 1.09735417775947 0.39056920060745 0.411780345303837 0.862741190194795 2.88108686677276 15.1754744961501 21.2129330273982 4.12951619542536 2.71892979500092 5.59218497625605 28.0833994170448 6.69994471978831 3.23378509346637 1.07888446158831 1.41203783989215 2.66612476124332
1.85616056493451 7.27356345652961 1.34362434899286 0.268376435730583 0.0499074848423855 0.0638224889419583 0.366752069965594 1.40587287629019 1.88473311529359 0.948171551743356 0.396767022797586 0.64784945621478 0.25602685342597 0.501622905179489 3.41075275224204 11.6788912385923 1.20062335922689 0.224005979242922 0.0534675819276516 0.0251376713059141 0.0126523079801925 0.0090353544849944 0.0330236410000884 0.222786645636156 0.709629486166186 0.873252934058666 0.737633703134889 0.342865464922773 0.233985809275398 0.215263846968777 0.250220574351416 0.532325668732739 2.62527661872329 7.88167290708145 8.61579472444265 3.82839908458908 2.48288097649833 6.66257089441038 10.2370705564593 6.02624925156257 1.40004279362683 2.19623553833687 1.01804505684504 4.685573416234
3.09402530228908 2.63660401191532 1.27620591302047 0.219950293355892 0.041537811706712 0.0743078976101946 0.523459655937524 2.40731707346404 6.44958155417696 1.56460883615953 0.382357379351907 0.229412714488202 0.172523219331033 0.383229670595993 1.84601070892174 1.37789119889714 1.08229918742472 0.296582268906691 0.206965376562549 0.154936691125554 0.0434763711421716 0.0124347984322863 0.0453922910819993 0.337499098686186 2.35665353355516 2.49450927035748 1.75902639116074 0.888920465445726 0.887439636980116 0.955756470313006 0.670617395146644 0.917592649054027 0.961767371667025 2.30730028556442 2.14667135137676 3.23409855088347 4.89936128275365 5.59417824440604 9.33776935717199 4.26324069479152 0.928014442068544 0.361965354454061 0.846707334355448 4.53257197552312
8.01340896933605 3.0463543422801 0.660872696030129 0.160777836971365 0.033282910485807 0.0671446788574467 0.42743649494723 3.41861285690609 1.15104551979453 0.876111641087709 1.8599372010371 0.184633741503426 0.109490247677488 0.153733460736733 0.222356963073281 0.266470180194431 0.236578964271888 0.614470802952597 1.80080176185936 0.531764169341532 0.0808231839628771 0.0233267491026564 0.0610999446996624 0.436801908096684 2.64037348769021 11.2779165797291 2.18044302539794 3.00891921734238 5.78809099593627 3.52666536139141 3.86560122228355 1.73315078282362 0.476327996931008 1.22590828046944 6.12932938572143 5.44127801768666 8.53245280040382 17.9927206812961 10.5674443740153 2.62139567322741 0.51540589454327 0.162860035128616 0.436169009489606 0.781090722217429
22.9778155573522 2.94017317646219 0.658652487399574 0.124928137334109 0.0366313593993032 0.0443661097418298 0.218194902759727 0.365391679903565 0.671248016244913 0.59164037254618 0.53536087208261 1.09615610130977 0.129573751874012 0.0722460042139722 0.060176491370295 0.0587031375367446 0.13331159504215 0.602842219264579 3.0310287284739 0.555595332290131 0.105010234088383 0.0317689789808271 0.0993763564138615 0.376235409311935 2.33284297084071 3.51496885306227 2.55771164148351 3.1111954499176 5.30422945722924 18.799558882476 5.55497513971378 1.04497800491984 0.366779553694622 1.32780787694427 6.66886437565388 29.0499327304072 8.89262650026505 9.47658295564217 11.0895772548565 2.04885537331558 0.406088629414428 0.0927203986321966 0.111186958473231 0.165790358527514
5.18088241087699 3.32005967262016 0.698926530204947 0.291315164048099 0.0518344765978765 0.0328179761569804 0.0581719740307771 0.160447132977871 0.367146697984402 0.868538802395718 2.73831425203192 0.613835565910454 0.543408888334084 0.380581019651338 0.261648457334747 0.0727674269073798 0.121508575470206 0.458874717593335 0.509657605347392 0.425929225755734 0.0773702572519872 0.0331408251550779 0.0926606270428525 0.374031912045994 0.46247415910817 0.603112572065377 0.754313341512243 1.21391914800865 3.6381661702577 5.59220211114365 3.57859773821723 0.893396395804964 0.314534797158171 1.03008300240083 5.21123946559778 6.85924220840898 4.93497258663585 5.90311618092789 3.74357085747656 1.53402749649837 0.269157128461599 0.0570781635756266 0.031800978462592 0.0471551508451283
0.605254083926186 0.777208702441642 1.99993008539492 0.328686328156876 0.118691689671061 0.0790441462281322 0.0812366351293089 0.138047226504141 0.603814055482423 1.86945372909622 1.16602545243841 2.79649990059613 1.96845036568164 3.31096352788111 0.399704055407652 0.238536679000711 0.24739427624253 0.246784214968871 0.128397074830534 0.0785770864404279 0.0410933116041381 0.0231325591835313 0.0666577503289243 0.0969364170199147 0.127964775998735 0.203191227696909 0.411406284028833 0.734684686888382 2.36078019097234 2.27576959820533 2.10736258572624 1.21849341264575 0.238583231444546 0.565041645310052 2.53225521851749 2.94366398235019 1.31058809322344 0.911295480236759 0.683339832366162 0.37456636588133 0.189583363236292 0.0551848321366248 0.0492024171666217 0.0539220682278728
0.102737643368181 0.309471035534895 0.541574860823772 0.570993544340037 0.396873246149077 0.316614064474815 0.27540875820539 0.311550644806563 0.640216468648597 4.05482940918457 1.88740145715917 2.89457355357176 11.5387227203265 1.87779595581911 0.544969227989356 0.326301620747327 1.1523373919364 0.215113224971202 0.0652001278347269 0.0269916976664835 0.0188348950912528 0.0224672556138829 0.0301806652556429 0.0386350376670246 0.0550750332206349 0.153620388284615 0.62184567836551 1.20584799361457 1.15182453468877 4.89618238518835 0.979779853687727 0.371259427267508 0.239168483379822 0.576161663905294 0.744401710994917 1.41849344669815 0.339459057585115 0.21768444204688 0.197977379206373 0.85186933444621 0.125533713215172 0.177611115187964 0.325909832286164 0.34912311762716
0.0889018394177854 0.167272623363268 0.449162471789864 2.65844504349347 0.663877605555348 0.4411240148672 1.65069392422478 0.31026381515839 0.684966647683135 1.5751069330763 7.40002090480953 3.02911020045824 3.40047422286321 1.63432303032156 0.456979312530335 0.555581504451664 0.350110108644985 0.280196898232003 0.125183830475554 0.092618872228757 0.0807249886439976 0.130537986087153 0.151084213275663 0.130905633051906 0.135189399267142 0.18271402219384 0.363846413408878 0.771474901601808 0.926015932012803 1.43669897526309 1.22015128898216 0.7252019651987 0.5301392131821 0.564614298906286 2.55506934902303 0.490977783840185 0.164354292824335 0.104751164929098 0.261378417961946 0.119735843525998 0.183704878294505 0.65775784761274 1.24911044080488 2.37706532606387
0.139832998004804 0.89039766142131 0.686220521311079 0.89971938622496 1.19478185568393 0.545587961774668 0.295754776746647 0.260352572228326 0.405448371208653 3.63685075521946 1.36630859893413 1.30290373408715 0.720933595247383 0.716218350883284 0.341636910843981 0.834005511994152 0.450855292204216 0.414049514943255 1.04481387820967 0.178137002941694 0.568608525570788 1.05777090895822 1.33593551940508 0.936696105712202 0.498366212870916 0.654882027702765 0.171961552590017 0.183674269027577 0.320812779389238 1.10607992546133 1.83191550630195 2.65151148582272 0.747265459799304 0.661793283970955 0.479337622767505 0.382287757454687 0.0881702421445146 0.0738517971038385 0.0748240136082423 0.0778549906568885 0.180222467825104 1.41832746189039 3.48125241122567 1.66463905308111
0.630403518744795 1.0437521180539 1.9813400245102 2.07393990042331 1.84127628958583 0.569056079914582 0.176522985378839 0.123424215350766 0.273762945376682 1.18436235453579 0.399454309817992 0.240475573075586 0.216426697009359 0.166021675783027 0.201181235037003 1.04460003792217 0.436158083597153 1.64871674292626 0.376820828633663 0.321950599316538 1.48731169227095 8.01790916045882 7.79267330164104 5.56614113169713 1.04401883199459 0.247300452877369 0.0863000071719928 0.0436619651151766 0.10818177237224 0.30590108915724 0.661393281503827 1.53974472730994 2.00872043405701 0.369298763939807 0.157337373971052 0.0879640603545856 0.0584239711677935 0.0407975050202168 0.0362442900053091 0.0377924034284633 0.135914544800593 0.605485421060788 0.925057330282133 1.73348512177919
