Models/Synthetic/Density/temp_raster_pop.asc
NCOLS 101
NROWS 101
XLLCORNER 3302900
YLLCORNER 3112000
CELLSIZE 4386.138614
NODATA_VALUE NaN
[rows 46 to 68 of 101, columns 0 to 51 of 101]
2.6747782407 2.7590019526 2.8845276438 3.0405949897 3.183580383 3.3293652508 3.5109464999 3.697826156 3.9115416102 4.1758532784 4.4926269438 4.8394732066 5.2470189016 5.6173580156 6.0071093947 6.3787233393 6.8188126025 7.1658384195 7.4925162028 7.8748510233 8.2347084975 8.6088018043 8.6266569245 8.662333363 8.6430617479 8.7509895819 8.4338075492 8.358456387 8.3616709287 7.8951413849 7.6300855072 7.5297391785 7.4604430546 7.3820253027 7.2483115785 7.1275969877 7.8141539016 6.9286114439 6.8430585227 6.8072183844 6.8170478451 6.8368530792 6.9438246289 7.0723109646 7.1681096015 6.7516796943 6.5930500252 6.486686913 6.2993843571 6.079201642 5.8595558295 5.6842047755
2.6697381419 2.7497708972 2.8913167078 3.0004838235 3.1744340078 3.7291530182 3.5610106818 3.7836953701 4.0217558911 4.2645662112 4.5304023868 4.8785996047 5.2324238992 6.4521277432 5.923764525 6.2640702478 6.7207951031 7.2119314847 7.3857832573 7.5863999803 7.8597541624 8.1729225022 8.8836011985 8.4692067705 8.4658919609 8.3818694424 8.2891089525 8.1391388666 7.942405282 7.6742782122 7.4233703998 7.2732474917 7.2033670297 7.0008578608 6.8668931576 6.7529299568 6.681473388 6.5649851859 6.5446327553 7.094984441 6.4584762361 6.4443451164 6.4745755539 6.4706039475 6.3554004684 6.2325565702 6.1228843836 6.0531414438 5.9538936452 5.810912533 5.6600329933 5.5376550425
2.6688712118 2.7432610643 2.8494930661 2.9785884512 3.1638345675 3.3748817169 3.6201266817 3.9519347148 4.6683697864 4.3454656886 4.5649160004 4.8504855263 5.1926435493 5.5476562706 5.865481213 6.1671469449 6.5504989238 7.7307380992 7.7118218257 7.303804747 7.5097366402 7.807619421 8.0787550266 8.2619020563 8.2207936868 8.1217733091 8.0118522454 7.8768685971 7.6559350793 7.3812132923 7.1369352991 6.9434685951 6.7642027373 6.5927608743 6.4518515697 6.5298634803 6.2735727808 6.4302859224 6.1920516735 6.2813166175 6.100527946 6.051258075 6.0801382583 5.9660148094 5.8566425874 5.8077193379 5.7573157906 5.7109709787 5.6151632054 5.5363809934 5.4624523515 5.4122552259
2.6814089729 2.7449009509 2.8478520898 2.9745144739 3.1358793048 3.3529287974 3.6727152971 3.9226158366 4.3224931937 4.3561989587 5.40240245 4.7667702648 5.0805768693 5.4075177781 5.9921369341 6.0181991175 6.3315093393 6.6310511485 6.8620549375 7.0100546939 7.1848350539 7.4042391052 7.6600554783 8.401750559 7.9226708497 7.9075471122 7.7398556254 7.5706863285 7.3629699603 7.1221943195 6.8296324743 6.5904883488 6.3792980825 6.1931880519 6.066351982 5.9522866363 5.9660164768 5.8929120232 5.8984638879 5.7885924403 5.784099971 5.7227331596 5.6808689804 5.5598695715 5.4652711283 5.4483107902 6.0487427906 5.3912614761 5.3276197866 5.3030442875 5.3001917596 5.3260519307
2.7178815487 2.788211706 2.8890247293 3.0122152934 3.1587249441 3.3634298666 3.5850509123 3.8573166706 4.0874850933 5.1757757679 4.4425295038 4.6543699695 4.9142309539 5.2566475596 5.5783272225 5.8229315091 6.0346490235 6.2826387951 6.4802551196 6.7153644397 6.89914284 7.0759464368 7.2473420437 7.4343602351 7.6830170791 7.5344243961 7.4771073373 7.3587273093 7.0855983807 6.7810898594 6.5361956859 6.2886123311 6.0727002639 5.8823862594 5.7464920931 5.6308316687 5.6098506626 5.8481478402 5.5330762179 6.3603070064 5.4719961513 5.9131877002 5.2515641241 5.1566461821 5.1476660074 5.2068717256 5.2058369534 5.177731588 5.1138351698 5.1409425786 5.1979872058 5.2853065548
2.7872500441 2.8552346469 2.9638919246 3.0617458268 3.1933249009 3.3537972058 3.5457768122 3.7565725427 4.0087511719 5.072482149 4.3704947346 4.5546649009 4.78876042 5.0554486083 5.3221252825 5.5727614783 5.789088619 5.9904771121 6.1904372865 6.4116226648 6.8628191272 6.726303879 6.8284209086 6.9942941331 7.1211501715 7.1605528251 7.2035409696 7.2681888962 6.7733332404 6.4618649764 6.2509113343 6.05502579 5.8637071375 5.6611857756 5.5195825989 6.0058685244 5.3207692126 5.2395780662 5.2477382454 5.1191931902 5.1361938223 4.9698683827 4.8692679833 4.8389634987 4.8772503118 5.0582179996 5.4419936938 4.96109125 4.9736302639 5.049114465 5.1625089454 5.2911370539
2.8910817771 2.9475722235 3.0204197252 3.1132494263 3.2237922203 3.3645111783 3.5213412283 3.7028649557 3.9071124054 4.1350098935 4.3829739103 4.5741213885 4.750789934 4.9185737959 5.1552941898 5.3776720247 5.5719548192 5.7394457287 5.9160628414 6.1276374661 6.2819404095 6.4102236274 6.4912652809 6.6051301306 6.689604595 6.7584757014 6.8120850485 6.6979203039 6.4463177351 6.1710834148 5.9818332156 5.9189907649 5.7100319089 5.5413796385 5.4176410559 5.1999033965 5.0285287643 4.8741283854 4.7914925411 4.7277238771 4.6453965867 4.5877647992 4.5356780296 4.5640019708 4.8942631905 4.6981803027 4.7298058073 4.7975786219 4.8808024115 4.9819167286 5.1344414357 6.1909766209
3.0363671586 3.0563460419 3.0997241059 3.1627671227 3.2619369228 3.3833690789 3.52093161 3.6837050223 3.8657697281 4.1002051274 4.4277002663 4.8219230297 4.7130991657 4.843985148 5.0393526131 5.2518294949 5.3963362126 5.5417666508 5.6979493498 5.8539337321 5.9976658055 6.124368444 6.2388183325 6.321641487 6.3744554933 6.4010148422 6.382142749 6.2915295043 6.1297858665 5.9092332079 5.7422801405 5.5973206376 5.5204778061 5.6611076255 5.2701714108 5.0531873282 4.7674963774 4.5682216405 4.4386288873 4.3548994175 4.3096163903 4.3399373407 4.3882522128 4.4310562077 4.4041687493 4.4133454186 4.4727487803 4.6131083215 4.7923118235 4.9531837314 5.1312933027 5.2824760557
3.1622604404 3.1745991228 3.1851229782 3.2357537833 3.3223585203 3.4334524143 3.5569623307 3.7096701868 4.7702018725 4.1060521534 4.3576081885 4.5633680544 4.7134879385 4.8219365313 4.9790224963 5.1297711455 5.2723250127 5.4434150587 5.585095631 5.7224505133 5.8237156183 5.979826178 6.0912530504 6.1541403564 6.154095689 6.1379073931 6.0950588773 6.015074078 5.8755260037 5.7034586942 5.5189603919 5.370445014 5.2980766841 5.2224880477 5.1498714012 4.8370083502 4.5619481561 4.3277111639 4.1776473835 4.0908785198 4.0660061871 4.1272649616 4.4077376867 4.5272549005 4.1829082858 4.1964008336 4.3185846429 4.4924248121 4.719375051 5.6264479706 5.1140127258 5.2814912177
3.232012596 3.2479428798 3.286452477 3.3420088583 3.4298116428 3.5355015476 3.6516402784 3.798454274 3.9746462188 4.1654981013 4.3667564774 4.5722004983 4.762639106 4.8885635225 4.9806028885 5.0756387029 5.2016382938 5.3712794323 5.8530732268 5.6373175222 5.7351501657 5.8855717647 6.0520352858 6.0177633861 6.0010012815 5.9784925912 5.9498157739 5.8654046739 5.7414674642 5.5602188436 5.3777595477 5.2058588875 5.0702443398 4.9728876459 4.827086389 4.6213138514 4.3604297007 4.1512774679 4.005129336 3.9215313894 3.8933285084 3.9470796484 4.0114428392 4.0307154662 4.0231306288 4.0616438536 4.21096432 4.4180609884 4.6914424229 4.9679532936 5.1879026891 5.3566852552
3.2930655421 3.3596643249 3.4207013829 3.4972156423 3.5833346564 3.6944862343 3.809735689 3.9373520429 4.1402928411 4.3584054754 4.4977097503 4.7098866207 4.9324136362 5.0478275794 5.0080301154 5.0809257925 5.2016209856 5.3590567902 5.470688741 5.5936974831 5.7142477633 5.8091719047 5.8732244374 5.9124111467 5.90088498 5.9008930966 5.8694486732 5.841346196 5.6610902293 5.4971310123 5.3007359803 5.1038618508 4.9321574261 4.774286531 4.6017297194 4.4066105666 4.2090990858 4.034953305 3.9102682177 3.8321301752 3.7922515072 3.7756660268 3.7766221727 3.7945425206 3.8476625301 3.9602558646 4.1338528799 4.3624443209 4.6312523372 4.9604192358 5.452280611 5.417829341
3.4684804413 3.5324871508 3.6235434343 3.6546321578 3.7531343408 3.8885987811 4.0193131131 4.1463181671 4.3271708996 4.8809757197 4.6391488908 4.7981409078 5.1412717275 5.0148651033 5.04316486 5.1210015389 5.2461388227 5.3682545668 5.4447689935 5.5399837918 5.6532043519 5.7270446786 5.7956406484 5.8422945957 5.8656544238 5.8541713693 5.8422710309 5.7288080141 5.6075277542 5.4638209354 5.3054647445 5.1057413344 4.9046418393 4.6653595875 4.4643164492 4.2791242162 4.1471895523 4.0135915711 3.9137941069 3.8116406339 3.758505016 3.7145166301 3.685378532 3.6890756 3.7474753877 3.8749533311 4.0728717163 4.3039885488 4.5716539329 4.8662156306 5.1207881065 5.3980322948
3.8744679647 3.7004451795 3.729890566 3.8276747583 3.9306032917 4.0697072906 4.2500792178 4.4388960048 4.5284275312 4.6156138114 5.0684591447 4.8283755458 4.9048759291 5.0044252424 5.0663523141 5.1771071333 5.3454511794 5.4852967766 5.5633579126 5.5830717451 5.6160090733 5.7221720792 5.8112380613 5.8874914933 5.881048426 5.8657293935 5.7996150381 5.7041014015 5.6016261181 5.470152245 5.3430356403 5.440326944 4.9117269432 4.6389406767 4.4216249448 4.2404927873 4.1273676652 4.6471108599 3.9374072777 3.8441138571 3.783327006 3.7202305637 3.6663887104 3.6505177976 3.6948884411 3.8169345475 4.0069469828 4.2491668607 4.4847371397 4.7279185414 4.9883120549 5.3077504927
3.8395567473 3.8924278997 3.9153257124 4.0100419593 4.9910988217 4.2441147364 4.4384420839 4.7468452918 4.7190236581 4.7774397861 4.805472059 4.8826397625 4.9339076991 5.0278292076 5.1379694403 5.2799546285 5.4417280699 6.0802991214 5.8422196028 5.6685373166 5.6864182329 5.7574652478 5.9357667281 5.9407972121 5.9918802796 5.9657374763 5.9332037482 5.7925715943 5.735540826 6.3672602346 5.457992394 5.2048899452 4.972827082 4.6952552244 4.4725412683 4.2890111603 4.1803162962 4.0754494062 3.9980866634 3.9022858057 3.8366242682 3.755190279 3.6856656147 3.6546163649 3.6829099108 3.785374469 4.0020723467 4.2219798178 4.4597092125 4.6621860972 4.9302005344 5.2304876076
4.0187421722 4.0766812261 4.9264195807 4.2203616006 4.3023775382 4.4354961614 4.6157120416 4.809254391 5.1005961335 4.9654715281 4.9745395841 5.0238841669 5.0820815416 5.1736565534 5.2759329279 5.438027394 6.3688087007 5.7015311021 5.7528748576 5.9203999042 5.7808699043 5.8454116728 5.9439080078 6.0276739129 6.0887684685 6.6518879513 6.0527204725 6.2709321871 5.8635504781 5.9315499176 5.5781044062 5.3489093746 5.0976766859 4.8629849728 4.613927735 4.4258772231 4.27660461 4.1607319036 4.0613911917 3.9766687319 3.8905634024 3.804770928 3.7301908507 3.6943024064 3.7125010008 3.7981361628 3.9889471912 4.5445352574 4.463657163 4.687876118 4.9217345335 5.2214323827
4.285518497 4.3467329359 4.3977891282 4.467162152 4.5367667597 4.654492559 4.800371427 4.9959007106 5.143504466 5.2279807609 5.2662162845 5.2720671495 5.3134531457 5.3838029501 6.3558226373 5.6069377463 5.8262775305 5.7571326406 5.8005183222 5.8682010356 5.932610036 5.9732833026 6.0454615442 6.1275874771 6.2039642808 6.2035724478 6.1983940628 6.0492809737 5.9807553341 5.8595872946 5.7967304941 5.5276250241 5.4422840531 5.1075387477 4.8599513653 4.6331748295 4.4953046991 4.3517271533 4.2151369074 4.0702251597 3.9657818891 3.8741168783 3.8031533942 3.7727504113 3.7929434493 3.8647719296 4.0264347127 4.2361810984 4.706891588 4.681608871 4.9456125295 5.2051406489
4.6167462847 4.6560830726 4.7025620924 4.7605438499 4.839236662 4.9390247261 5.0618570709 5.1990343807 5.3460954443 5.5130600296 5.5285463975 5.5663679018 5.6026978056 5.6580349155 5.7092673256 5.8009992653 5.8528717599 5.90579788 5.9318512496 6.0102888614 6.1373089198 6.1878884855 6.2429984368 6.2693627413 6.3010057205 6.3039875761 6.2434621606 6.1513167348 6.0435835968 5.9621107224 5.8822952278 5.7626561336 5.5979737579 5.5167925604 5.1223076175 4.8980063139 4.7393544006 4.6588883849 4.3763387433 4.2042531126 4.0804282428 3.9847492256 3.9094378283 3.8906007643 3.9385549221 4.0011408141 4.0884420281 4.2394716958 4.426841639 4.6731269991 4.9081173919 5.1784857745
5.041383787 5.0743732725 5.1072225291 5.1504259849 5.2150094889 5.2973021606 5.3906542284 5.4949748024 5.623691478 5.7323028179 5.8207997741 5.8748232393 5.9297619146 5.9649453404 5.9954205223 6.0297202684 6.0718800466 6.111281365 6.1610178728 6.2371391551 6.3447475423 6.5388645361 6.5038232397 6.5075616664 6.4824154002 6.4675451822 6.4152412569 6.3207131194 6.2153264767 6.1122213251 6.0494319971 6.3321519061 5.8295692787 5.6177414197 5.4214269594 5.1962016771 5.0096738095 4.7830903909 4.555639898 4.3574033566 4.2463004953 4.1259420624 4.0563878895 4.0505946401 4.105098331 4.2206012552 4.2409238737 4.3496508538 4.4992873438 4.6662097886 4.8676260862 5.1454508077
5.5731206895 5.6133820403 5.6241689583 5.6555616083 5.6870807936 5.7482672815 5.8093333313 5.8795089563 5.9707837816 6.0647695441 6.1764429479 6.2475879843 6.3075831396 6.326433692 6.3849904147 6.3987281045 6.4162504359 6.4434745019 6.4886340152 6.5463846947 6.6115439244 6.7209275099 6.9717599725 6.7712376794 6.737442667 6.718566325 6.6634010974 6.5731834767 6.465332402 6.363016764 6.3058253249 6.2139620258 6.1225404952 5.9650429254 5.765012136 5.524215261 5.2654548614 4.984790432 4.7313177138 4.5437551862 4.4113239775 4.3235248238 4.2671277367 4.2543909265 4.2989231992 4.3460732644 4.4058859086 5.1869294471 5.0010671849 4.6908491819 4.8284823774 5.0370737604
6.188951612 6.2032786268 7.0090600185 6.2452400055 6.2682575532 6.3057226612 6.3262212515 6.3528932004 6.4199244871 6.5082367576 6.5841936937 7.3375107656 6.7223114665 6.7542247302 6.8594597818 7.3382695785 6.843651182 6.8257843776 7.0417948427 6.9104230596 6.9336769501 7.0216366374 7.0649959355 7.0861241813 7.0760939804 7.0625209605 7.0096314485 6.9095645177 6.809119269 6.7130651557 6.6230583247 6.5466740529 6.5004966563 6.4487086269 6.2742393917 5.8260115183 5.5052312856 5.2206097582 4.9665699479 4.7757095782 4.6573202339 4.6255374546 4.6125906627 4.5769088892 4.517078804 4.5044201331 4.6481081654 4.5979902035 4.6327537707 4.698021164 4.8011044078 5.0051709883
6.8409987284 6.8871059051 6.9056613537 6.9450066109 6.947210544 6.9449368991 6.9187929913 6.8970294941 6.9273536121 7.8622187993 7.031095558 7.0615123879 7.1462113718 7.3251723163 7.341298756 7.7138178762 7.3354901948 7.3161289785 7.3576494525 7.3900518808 7.3976951037 7.4301256728 7.3970954093 7.4296043913 7.4674273005 7.5012127522 7.4091730992 7.3302267505 7.2405331614 7.153361667 7.0773088557 7.0100274316 6.9611296669 6.9499336205 6.5147620153 6.1461943017 5.7870291019 5.4963749696 5.2603604087 5.0897575621 5.021605673 4.9988508924 5.1069266655 5.4924017833 4.7596345852 4.6997524041 4.6827641966 4.6811249741 4.7015240966 4.7539554081 4.8574669231 5.0062080987
7.6539987471 7.7093257358 7.7268538666 7.7007318204 7.6997028209 7.5962563214 7.5598777004 7.5183238433 7.5146035453 7.4639275695 7.4848847962 7.4683590609 7.5625473766 7.6994811335 7.8898142057 7.7679239942 7.7754334776 7.9912736111 7.8193382347 7.8561785724 8.2670714415 7.8979492196 7.8408141598 7.8184896777 7.9332510474 7.913418005 7.872634729 7.7746932345 7.7448576667 7.6376416285 7.5549252888 7.5399231819 7.3946012108 7.1398385132 6.8629704095 6.4834890112 6.1327453905 5.8403998151 5.6177996214 5.5042652063 5.4501058864 5.5582221777 5.3318322543 5.1902053921 5.0450729678 4.9356936865 4.9100503271 4.886697688 4.9026180285 5.6091738501 4.9642052349 5.0666186931
8.6117257126 9.3636624536 8.6911213384 8.5286918827 8.3982643981 8.278173756 8.2028380535 8.4720896605 8.0590429567 7.9690262584 7.9174794053 7.9382841168 7.9859581425 8.1452762991 8.2551546478 8.1690051025 8.1705584159 8.2216150917 8.2475755234 8.3688942438 8.348191972 8.4705963441 8.2548324225 8.21055119 8.2688515255 8.548453629 8.2736937847 8.2491983364 8.2095166397 8.1530305073 8.0310853022 7.8942343067 7.709289853 7.4866678281 7.2315264052 6.8828307738 6.543081391 6.2556103059 6.0387114008 5.9281627659 6.0914223896 5.8154654092 5.6860242273 5.5357184638 5.3869152251 5.2934512073 5.2442936295 5.2450479723 5.182087803 5.1429937892 5.1547006516 5.1941159253
