Models/Synthetic/Density/temp_raster_dens.asc
NCOLS 101
NROWS 101
XLLCORNER 3302900
YLLCORNER 3112000
CELLSIZE 4386.138614
NODATA_VALUE NaN
[rows 69 to 91 of 101, columns 0 to 51 of 101]
0.0001036983 0.0001048376 0.0001065428 0.0001101229 0.0001105107 0.000112958 0.0001152502 0.0001174713 0.0001198389 0.0001224705 0.0001254481 0.0001283612 0.0001312811 0.0001292875 0.0001283261 0.0001287912 0.0001272921 0.0001270608 0.0001229298 0.0001217515 0.0001212969 0.0001145337 0.0001094661 0.0001056298 0.0000995751 0.0000943883 0.0000894587 0.0000850335 0.0000815155 0.000079876 0.0000744905 0.0000710023 0.0000683961 0.0000664643 0.000065206 0.0000636486 0.0000622849 0.0000610985 0.0000608156 0.0000610758 0.000062118 0.0000618963 0.0000629957 0.0000659258 0.0000650842 0.000065883 0.0000673459 0.0000688475 0.0000704209 0.0000723701 0.0000748266 0.0000769053
0.000105919 0.0001069949 0.0001083156 0.0001099168 0.0001122239 0.0001146658 0.0001176666 0.0001198438 0.0001223162 0.0001251531 0.0001272948 0.0001291853 0.0001297097 0.0001303998 0.0001325524 0.0001324701 0.0001315425 0.0001279243 0.0001257924 0.0001233209 0.0001202096 0.0001169729 0.0001142948 0.0001082062 0.0001033404 0.0000980816 0.0000934533 0.0000891321 0.0000856632 0.0000811026 0.0000773562 0.0000736483 0.0000710266 0.0000690543 0.0000674445 0.0000659785 0.000064501 0.0000636535 0.0000628168 0.0000629518 0.0000631057 0.0000638671 0.0000651249 0.0000663622 0.0000677081 0.0000689856 0.0000707101 0.0000724892 0.000074356 0.000076365 0.0000790617 0.0000819587
0.0001095412 0.0001099417 0.0001105535 0.0001119809 0.0001144865 0.0001174558 0.0001203913 0.0001228168 0.0001252062 0.0001277152 0.000133301 0.0001299705 0.0001303202 0.0001311375 0.0001318314 0.000132363 0.0001313813 0.0001301763 0.00013205 0.0001255238 0.000122135 0.0001188178 0.0001146824 0.0001107868 0.0001077796 0.0001007164 0.0000963683 0.0000987674 0.000089079 0.0000848867 0.0000803594 0.0000767465 0.0000741466 0.0000719218 0.0000698856 0.0000682779 0.000068595 0.0000657899 0.0000656716 0.000064669 0.0000648746 0.0000658077 0.0000670772 0.0000685235 0.0000705278 0.0000724279 0.0000744514 0.0000757848 0.0000779794 0.0000847071 0.0000833292 0.0000855125
0.0001142744 0.0001129963 0.0001135688 0.0001153004 0.0001176837 0.0001218721 0.0001244175 0.0001269997 0.0001281846 0.0001297713 0.0001307579 0.0001314927 0.0001315176 0.0001319597 0.0001324516 0.0001328853 0.0001334 0.0001318034 0.0001298111 0.0001275209 0.0001282768 0.0001202497 0.0001161634 0.0001131579 0.0001077342 0.0001025948 0.0000983928 0.0000948453 0.0000935265 0.0000881628 0.0000835115 0.0000800245 0.0000773225 0.0000749948 0.0000721072 0.0000702434 0.0000686894 0.0000678279 0.0000668629 0.0000667271 0.0000670125 0.0000681259 0.0000696523 0.0000712337 0.0000734694 0.0000799083 0.0000776509 0.0000792128 0.000081681 0.0000843626 0.0000877228 0.0000899299
0.0001142584 0.0001152284 0.0001171926 0.0001182485 0.0001220221 0.0001251236 0.0001322892 0.0001310811 0.0001312528 0.000131588 0.000132978 0.0001330066 0.0001332902 0.0001336071 0.000134021 0.0001345547 0.0001344531 0.0001333077 0.0001311009 0.0001293301 0.0001253358 0.0001218289 0.0001179578 0.0001137368 0.000108975 0.0001039942 0.0000995315 0.0000960017 0.0000927353 0.0000895822 0.0000859354 0.0000830042 0.000080236 0.0000771101 0.0000742232 0.0000719172 0.0000707512 0.0000697646 0.0000691956 0.0000687969 0.0000694251 0.0000707207 0.0000724188 0.0000742848 0.0000767335 0.0000791127 0.0000814472 0.0000832641 0.0000854144 0.0000881728 0.0000912266 0.0000946771
0.0001155469 0.0001168729 0.0001184745 0.0001207716 0.0001241836 0.0001343039 0.0001293563 0.0001300988 0.0001318031 0.0001377527 0.0001352042 0.0001360029 0.0001362121 0.0001359818 0.0001358573 0.0001361399 0.0001360246 0.0001351363 0.0001324962 0.0001293798 0.0001267376 0.000123547 0.0001201802 0.0001154295 0.0001110114 0.0001063714 0.0001022447 0.0000979831 0.000094362 0.0000907838 0.0000877961 0.0000850381 0.000082275 0.0000790806 0.0000764488 0.0000744189 0.0000733801 0.0000741976 0.0000717921 0.0000714483 0.0000721162 0.0000735552 0.0000755086 0.000077749 0.0000800206 0.0000827137 0.0000858986 0.0000881232 0.0000904462 0.0000929016 0.0000959417 0.0000995527
0.000118043 0.0001189324 0.0001204388 0.0001225813 0.0001261388 0.0001283851 0.0001299609 0.0001302939 0.0001327961 0.0001356639 0.0001378176 0.0001406444 0.0001406351 0.0001381696 0.0001376188 0.0001374308 0.0001376066 0.0001359542 0.0001337096 0.0001310878 0.0001288822 0.0001302766 0.000122255 0.0001177668 0.0001133842 0.0001107858 0.0001052022 0.000101709 0.0000970184 0.0000929551 0.0000897949 0.0000868827 0.000083872 0.0000810123 0.0000787681 0.0000778034 0.0000761552 0.0000753925 0.0000749612 0.0000745996 0.0000751067 0.0000766964 0.0000790996 0.0000816587 0.0000844024 0.0000873595 0.0000906206 0.0000939911 0.0000962561 0.0000988286 0.0001018348 0.000105367
0.0001212948 0.0001218776 0.0001230626 0.0001247177 0.0001268262 0.0001305222 0.0001304108 0.0001324247 0.0001349712 0.0001377523 0.0001440613 0.0001407362 0.0001404957 0.0001406737 0.0001390645 0.0001384956 0.00013776 0.000136594 0.0001345929 0.0001343007 0.0001348897 0.0001278855 0.0001245774 0.0001206961 0.0001166899 0.0001121134 0.0001081998 0.0001057581 0.0000999146 0.0000963161 0.0000929044 0.0000895668 0.0000857724 0.0000832789 0.0000814466 0.0000798259 0.0000785236 0.0000779761 0.0000783836 0.0000776941 0.0000783639 0.0000801885 0.0000829187 0.0000863896 0.0000893011 0.000092742 0.0000963311 0.0000997445 0.0001028907 0.0001061536 0.000109296 0.0001130094
0.0001246321 0.0001252235 0.0001263863 0.0001278845 0.0001294934 0.0001310454 0.0001326952 0.0001347003 0.0001385673 0.0001407435 0.0001414184 0.0001415085 0.0001414696 0.000141322 0.0001412487 0.0001401556 0.0001385523 0.0001363322 0.0001349273 0.0001373314 0.0001308947 0.0001280384 0.0001255724 0.0001244249 0.0001231922 0.0001154046 0.0001120025 0.0001080169 0.000103768 0.000099753 0.0001012551 0.000092007 0.0000880748 0.0000859496 0.0000848519 0.0000825103 0.000080881 0.0000805015 0.0000804223 0.0000808399 0.0000818944 0.0000841111 0.0000872378 0.0000908118 0.0000948266 0.0000990699 0.0001032728 0.0001067033 0.0001101624 0.0001141798 0.0001194537 0.0001211324
0.0001277745 0.0001290636 0.0001303302 0.0001318979 0.0001340079 0.000133711 0.0001357102 0.0001369114 0.0001388032 0.0001449992 0.0001419143 0.0001439345 0.0001425634 0.0001426907 0.0001445702 0.0001458397 0.0001393186 0.0001367888 0.0001350391 0.0001329328 0.0001307605 0.0001281532 0.0001260735 0.0001241786 0.0001213832 0.0001188519 0.0001185158 0.0001161718 0.0001072028 0.0001069409 0.0000986328 0.0000947688 0.0000908193 0.0000890672 0.0000885906 0.0000851413 0.0000835352 0.0000831978 0.0000834243 0.0000840168 0.0000862076 0.0000890335 0.0000923997 0.0000959867 0.0001005045 0.0001056198 0.0001142748 0.0001138727 0.0001177806 0.0001233484 0.0001263953 0.0001300262
0.000132455 0.0001334997 0.0001351761 0.0001349617 0.0001354214 0.0001366217 0.0001394139 0.0001384783 0.00013954 0.000141041 0.00014276 0.000143386 0.0001438705 0.0001449357 0.0001449988 0.0001436756 0.000140592 0.0001377217 0.0001356639 0.0001339715 0.0001318923 0.0001295061 0.0001267731 0.0001247473 0.0001246312 0.0001211854 0.0001194415 0.0001201065 0.0001104692 0.000104591 0.0000999829 0.0000962972 0.0000952419 0.000091418 0.0000932511 0.0000871013 0.0000858615 0.0000868318 0.0000866789 0.0000881942 0.0000909069 0.0000983802 0.0000977947 0.0001013345 0.000106352 0.0001133881 0.0001175696 0.0001218574 0.0001254395 0.0001306381 0.0001365834 0.0001384478
0.0001389751 0.0001379429 0.0001373854 0.0001379571 0.0001374641 0.000139472 0.000140196 0.0001407722 0.0001410775 0.0001422783 0.0001438347 0.0001444899 0.0001450549 0.0001456047 0.0001515015 0.0001447571 0.0001412467 0.0001390267 0.0001372789 0.0001359321 0.0001353114 0.0001319373 0.0001289662 0.0001272566 0.000125695 0.0001239511 0.000120587 0.000118342 0.0001158369 0.0001055859 0.0001010769 0.0000980375 0.0000955283 0.0000944075 0.0000911121 0.0000892601 0.0000881679 0.0000883851 0.0000896061 0.000092486 0.0000992838 0.0000985532 0.0001024574 0.0001068831 0.0001120944 0.0001184537 0.000130227 0.000128731 0.0001329786 0.0001384585 0.0001450002 0.0001470658
0.0001390532 0.0001402972 0.0001400561 0.0001396514 0.0001395622 0.0001406489 0.0001429812 0.0001442735 0.0001442981 0.0001444267 0.0001462855 0.0001461902 0.0001464636 0.0001467998 0.0001463975 0.0001451469 0.0001427046 0.0001409366 0.0001394928 0.0001390004 0.0001377847 0.0001371701 0.0001317065 0.000129397 0.0001335672 0.0001268448 0.0001220049 0.0001185438 0.0001126929 0.0001067821 0.000102473 0.0000997626 0.0000971858 0.0000953297 0.0000940789 0.0000914664 0.0000904463 0.0000905949 0.0000920965 0.0000949177 0.0000983891 0.0001025939 0.0001070617 0.0001123173 0.0001180169 0.0001249498 0.0001307853 0.0001359936 0.0001409386 0.0001476524 0.0001524211 0.0001568765
0.0001398073 0.0001412395 0.0001445957 0.0001417909 0.0001415614 0.0001429203 0.0001455865 0.0001501333 0.0001478177 0.0001472921 0.0001473684 0.0001496274 0.000148082 0.0001495207 0.0001470323 0.0001458901 0.0001485375 0.0001427759 0.000141855 0.0001424486 0.0001449297 0.0001382567 0.0001347721 0.0001314957 0.0001294045 0.0001265425 0.0001232881 0.0001239179 0.0001138089 0.0001083939 0.000104579 0.0001019108 0.0000995882 0.0000975496 0.0000958737 0.0000943048 0.0000932338 0.0000934369 0.0000949648 0.0000977471 0.000101725 0.0001066469 0.0001123458 0.0001184986 0.0001252426 0.0001321606 0.0001379265 0.0001422799 0.000148784 0.000159952 0.0001619556 0.0001683885
0.0001418633 0.0001440606 0.0001447373 0.0001452696 0.0001445418 0.0001459374 0.0001484549 0.0001507279 0.0001554802 0.0001498505 0.0001490805 0.0001494836 0.0001501469 0.0001504458 0.0001506659 0.0001496149 0.000147066 0.0001450832 0.0001439076 0.0001441491 0.0001444483 0.0001397795 0.0001354409 0.0001324599 0.0001303341 0.0001272166 0.0001245061 0.000120821 0.0001201396 0.0001108505 0.0001071911 0.0001054194 0.0001028592 0.0000999779 0.0000983694 0.0000972519 0.0000964159 0.0000972152 0.0000990987 0.0001021877 0.0001060075 0.0001111451 0.0001168772 0.0001243057 0.0001350412 0.0001407663 0.0001441656 0.0001494793 0.0001564909 0.0001642362 0.0001727456 0.0001755294
0.0001455299 0.0001468907 0.0001530936 0.000147406 0.0001492528 0.0001488891 0.0001508961 0.0001539533 0.0001541651 0.0001522667 0.000150783 0.0001505916 0.0001510559 0.0001529424 0.0001590917 0.000155138 0.0001502782 0.0001481489 0.0001466088 0.0001459116 0.0001450294 0.0001411215 0.0001377831 0.0001344392 0.0001317325 0.0001289819 0.0001270726 0.0001232848 0.0001178613 0.0001137454 0.0001106925 0.0001075596 0.0001049643 0.0001028282 0.000101451 0.0001004017 0.0000999619 0.0001011914 0.0001055228 0.0001070076 0.0001112589 0.0001160799 0.0001221525 0.0001294126 0.0001392485 0.0001486675 0.000150447 0.0001568552 0.0001644892 0.0001724921 0.0001787687 0.0001846005
0.0001514882 0.0001503355 0.0001505291 0.0001513915 0.0001514019 0.0001522456 0.0001540085 0.0001557531 0.0001558423 0.000154521 0.0001532407 0.0001527458 0.0001534224 0.0001553295 0.0001604732 0.0001557063 0.0001577475 0.0001510705 0.0001510482 0.0001517276 0.0001459315 0.0001478729 0.0001411513 0.0001392173 0.0001346235 0.0001322054 0.0001294008 0.0001252781 0.0001209824 0.0001163424 0.0001130281 0.0001106749 0.0001071407 0.0001054275 0.0001049384 0.0001039415 0.0001038072 0.0001053845 0.0001082019 0.0001120652 0.000116081 0.0001253991 0.0001271096 0.0001345452 0.0001413375 0.0001494207 0.0001573028 0.0001653464 0.0001726732 0.0001807813 0.00019238 0.0001935733
0.00015503 0.0001536701 0.0001535041 0.0001598424 0.0001593838 0.0001556954 0.0001573647 0.0001589392 0.0001586021 0.0001578381 0.000157018 0.0001562909 0.0001568626 0.0001594314 0.0001574114 0.0001565867 0.0001549243 0.000154987 0.0001525493 0.000150332 0.0001483234 0.0001503575 0.0001459865 0.0001410771 0.0001372016 0.00013905 0.0001335262 0.000132761 0.0001239817 0.0001201772 0.0001159435 0.000112473 0.0001095697 0.0001079698 0.0001075997 0.0001082163 0.0001076037 0.0001089868 0.0001122072 0.0001157664 0.0001205622 0.0001256942 0.0001322932 0.000138725 0.0001465603 0.0001552371 0.0001665597 0.0001726402 0.0001804224 0.0001892585 0.0001963462 0.0002033708
0.0001578598 0.0001590133 0.0001576236 0.0001578794 0.0001590192 0.0001651866 0.0001598794 0.000160898 0.0001617762 0.0001619592 0.0001616442 0.0001616313 0.0001607071 0.0001640601 0.0001608972 0.0001573951 0.0001573203 0.0001568406 0.0001596982 0.000154185 0.0001501132 0.0001484068 0.000146438 0.0001424922 0.0001395178 0.0001368699 0.0001386765 0.0001308736 0.0001331632 0.0001231108 0.0001196562 0.0001151225 0.0001121453 0.0001105954 0.0001108882 0.0001111907 0.0001116856 0.0001129265 0.0001156773 0.0001195083 0.0001240305 0.0001296719 0.0001360547 0.0001437166 0.0001562464 0.0001631861 0.0001706481 0.000179623 0.0001886741 0.000197052 0.0002050825 0.0002110376
0.000160508 0.0001608466 0.0001607656 0.0001643338 0.0001629411 0.0001615291 0.0001622925 0.0001628765 0.0001639694 0.0001650425 0.0001665279 0.0001661651 0.0001643137 0.0001645004 0.0001610084 0.0001600535 0.0001604892 0.0001630915 0.0001584731 0.0001549341 0.0001521349 0.0001498038 0.0001474348 0.0001440698 0.0001408543 0.0001403891 0.0001354499 0.0001330658 0.0001295573 0.0001268153 0.000121833 0.0001186092 0.0001154154 0.0001139606 0.0001144127 0.0001161013 0.0001163708 0.0001172423 0.0001197005 0.0001232623 0.0001283817 0.0001344053 0.0001412791 0.0001489863 0.0001581459 0.0001674507 0.000177141 0.0001904988 0.0001963284 0.0002093283 0.0002133858 0.0002198797
0.0001627938 0.0001648703 0.0001633373 0.000162747 0.0001629617 0.0001640427 0.0001645818 0.0001653011 0.0001667678 0.000167505 0.0001685041 0.0001683553 0.0001713627 0.000166296 0.0001625142 0.0001617655 0.0001670622 0.0001642743 0.0001604419 0.0001568218 0.0001544186 0.0001520948 0.000149395 0.0001462264 0.0001432199 0.0001402487 0.0001371903 0.0001344886 0.000130977 0.0001293059 0.0001244059 0.0001212713 0.0001198011 0.0001175313 0.0001178943 0.0001236344 0.0001208878 0.0001215769 0.0001238069 0.0001273927 0.000132405 0.0001431588 0.0001471235 0.0001546078 0.0001639878 0.0001783161 0.0001846414 0.0001942954 0.0002046715 0.0002132217 0.0002216274 0.00022826
0.0001644419 0.0001690682 0.0001651297 0.0001644571 0.0001647439 0.0001659557 0.0001712678 0.000168324 0.0001684989 0.0001700348 0.0001710239 0.0001721354 0.0001693681 0.0001669959 0.0001646918 0.0001637595 0.0001634544 0.0001630722 0.0001632196 0.0001593782 0.0001560397 0.0001594388 0.0001548861 0.000147931 0.0001494626 0.0001425864 0.0001391125 0.0001358232 0.0001328665 0.0001297191 0.0001271817 0.0001247537 0.0001226968 0.0001213386 0.0001213623 0.0001219508 0.0001230633 0.0001244012 0.0001274526 0.0001310224 0.0001367981 0.0001436392 0.0001518941 0.0001610847 0.0001727937 0.0001812326 0.0001927032 0.0002064951 0.0002119062 0.0002224503 0.0002293452 0.000241025
0.0001657329 0.0001661729 0.0001668257 0.000167166 0.000166933 0.0001679615 0.0001708949 0.0001705544 0.0001718968 0.0001718407 0.0001772596 0.0001731009 0.0001719646 0.0001698456 0.0001680627 0.0001665742 0.0001653366 0.0001640555 0.0001624162 0.0001608195 0.0001576786 0.0001550389 0.0001525172 0.0001501383 0.0001485009 0.0001455987 0.0001421351 0.0001386503 0.0001355816 0.0001328377 0.0001307291 0.0001284768 0.0001261777 0.0001247603 0.0001243672 0.0001246565 0.0001249676 0.000126886 0.0001301319 0.0001351709 0.0001411984 0.0001491847 0.0001567719 0.0001674736 0.0001786254 0.0001871394 0.0001983556 0.0002143707 0.0002181798 0.0002283076 0.0002362617 0.0002463595
