Models/Synthetic/Density/temp_raster_dens.asc
NCOLS 101
NROWS 101
XLLCORNER 3302900
YLLCORNER 3112000
CELLSIZE 4386.138614
NODATA_VALUE NaN
[rows 0 to 22 of 101, columns 0 to 51 of 101]
0.0000312134 0.0000328478 0.0000327439 0.0000327084 0.0000328108 0.0000336705 0.0000355431 0.0000377422 0.0000396081 0.0000409468 0.0000428393 0.0000413272 0.0000399535 0.0000356985 0.0000370999 0.0000294664 0.0000259071 0.0000200874 0.0000154707 0.0000123433 0.00001048 0.0000096245 0.0000095566 0.0000102077 0.0000119774 0.0000173613 0.0000147647 0.0000160318 0.0000189735 0.000023493 0.0000304604 0.0000460951 0.0000497417 0.0000621136 0.0000760829 0.0001029844 0.0001199034 0.0001792771 0.0001990911 0.0002333472 0.0002273806 0.0002496795 0.0002442755 0.0002367641 0.0002096409 0.0001886564 0.0001578676 0.0001283172 0.000104484 0.0000872732 0.0000749219 0.000065781
0.0000463011 0.0000396946 0.0000397289 0.0000393839 0.000038712 0.0000385117 0.0000391639 0.0000404584 0.0000413139 0.000041973 0.0000420271 0.0000442143 0.0000483875 0.0000354767 0.0000318568 0.0000289926 0.0000246882 0.000020356 0.0000159433 0.0000128394 0.0000109685 0.0000101396 0.0000102433 0.000010928 0.0000125448 0.0000137736 0.000015474 0.0000169108 0.0000198632 0.0000244487 0.000031414 0.0000396421 0.0000495083 0.0000612524 0.0000761891 0.0000962902 0.0001180721 0.0001479968 0.0001966473 0.0002004593 0.0002158287 0.0002332638 0.0002426288 0.0002244403 0.0002204281 0.0001841128 0.0001592202 0.0001396006 0.0001109155 0.0000948342 0.0000769923 0.0000677513
0.0000529609 0.0000550721 0.0000556722 0.0000540114 0.0000513906 0.000048262 0.0000470612 0.0000463024 0.0000457925 0.0000440056 0.0000434749 0.0000416335 0.0000387252 0.0000344659 0.0000309037 0.000027781 0.0000247203 0.0000203098 0.0000164169 0.0000134832 0.0000116236 0.0000108457 0.0000110151 0.0000119545 0.0000126533 0.0000138408 0.0000155127 0.0000183007 0.0000204529 0.00002485 0.0000321096 0.0000392199 0.0000482342 0.000059907 0.0000800272 0.0000885101 0.000116384 0.0001337173 0.0001687246 0.0001810789 0.0002122645 0.0002153893 0.00021356 0.000203709 0.0001887567 0.0001857551 0.0001460735 0.0001342613 0.0001063697 0.000090805 0.0000818769 0.0000693778
0.0000766443 0.0000850142 0.000080734 0.0000813905 0.0000707896 0.0000635896 0.0000593759 0.0000601665 0.0000519693 0.0000485419 0.0000460144 0.0000447463 0.0000386546 0.0000345341 0.0000309112 0.000027651 0.0000241829 0.0000204343 0.0000169357 0.0000142222 0.000012467 0.0000116855 0.0000118283 0.0000124704 0.0000133707 0.0000143705 0.0000159492 0.0000183096 0.0000210061 0.0000250349 0.0000303963 0.0000383994 0.0000476576 0.0000571613 0.0000689461 0.0000813462 0.0000979042 0.0001195048 0.0001413043 0.0001648101 0.0001823655 0.000196931 0.0001927854 0.0002086916 0.000166747 0.0001481107 0.0001397006 0.0001209752 0.0001001918 0.0000902906 0.0000808747 0.0000760751
0.0001166987 0.0001174268 0.0001329748 0.0001087754 0.0000966876 0.0000876709 0.0000763434 0.0000726129 0.0000605022 0.0000551916 0.000051876 0.0000449852 0.0000400188 0.0000355502 0.0000316862 0.0000278786 0.0000358519 0.0000204273 0.0000173756 0.0000150746 0.0000135244 0.0000127811 0.0000127864 0.0000133297 0.0000144985 0.0000154045 0.0000164723 0.000018143 0.0000241141 0.0000240239 0.0000287216 0.0000360617 0.0000455793 0.0000524884 0.000061 0.0000727008 0.0000928209 0.0001058033 0.0001239242 0.0001489334 0.0001679837 0.0001770721 0.0001664143 0.0001647645 0.0001432644 0.0001270923 0.0001162602 0.0001007127 0.0000914381 0.000085095 0.0000792342 0.0000676624
0.0001704203 0.0001734746 0.0001778816 0.0001524919 0.0001364993 0.0001161866 0.0001023976 0.0000868868 0.0000711344 0.0000620036 0.000054983 0.0000476882 0.0000414963 0.000037328 0.0000333908 0.0000289265 0.0000242869 0.0000207247 0.0000180046 0.0000160619 0.0000147611 0.0000143846 0.0000143747 0.0000147883 0.0000155232 0.000017978 0.0000168839 0.000018157 0.0000201019 0.0000231076 0.0000269728 0.0000329795 0.0000397356 0.0000467079 0.000054967 0.0000647026 0.0000767839 0.0000907662 0.0001089939 0.0001204207 0.0001315251 0.0001380078 0.0001482122 0.0001360635 0.0001237253 0.0001076724 0.0000952378 0.000086037 0.0000902867 0.0000835212 0.0000703918 0.0000694632
0.0002660644 0.0002557647 0.0002431731 0.0002213789 0.0001967631 0.0001789041 0.0001263911 0.000104356 0.0000837186 0.0000720131 0.0000607417 0.0000512266 0.0000435526 0.0000392174 0.0000370738 0.0000302362 0.0000250577 0.0000215334 0.0000190592 0.000017313 0.0000162979 0.0000161031 0.000016979 0.0000163801 0.0000168529 0.00001721 0.0000177079 0.0000182084 0.0000197144 0.0000220905 0.0000254731 0.0000298329 0.0000350264 0.0000410475 0.0000483325 0.0000615564 0.0000655582 0.000076346 0.0000873311 0.0000973654 0.0001089675 0.0001118635 0.0001099183 0.0001078691 0.0001126411 0.0000892242 0.0000796693 0.0000728788 0.0000687965 0.0000651533 0.00006543 0.0000567689
0.0003751137 0.0003461564 0.0003403995 0.0002993516 0.0002483503 0.0002020904 0.0001725124 0.0001342388 0.000099096 0.0000801417 0.0000691455 0.0000544962 0.0000457281 0.0000406577 0.000038158 0.0000314429 0.0000264999 0.0000231554 0.0000207761 0.0000191981 0.0000183343 0.0000183181 0.0000184349 0.0000186266 0.0000185181 0.0000187102 0.0000192606 0.000019837 0.0000207732 0.000022163 0.0000244722 0.0000275592 0.0000314249 0.0000362951 0.0000430913 0.0000494376 0.0000563958 0.0000625087 0.000070535 0.0000868057 0.0000834759 0.0000901617 0.000094341 0.0000836563 0.0000781525 0.0000719158 0.0000668847 0.0000634325 0.0000575776 0.0000543164 0.0000516622 0.0000493334
0.0004974566 0.0004587184 0.0004185679 0.0003924683 0.0003381746 0.0002547724 0.0002087741 0.0001504253 0.0001163524 0.0000905055 0.0000714625 0.0000576798 0.0000476162 0.0000416465 0.0000370504 0.0000328767 0.0000289075 0.0000255872 0.0000234389 0.0000219857 0.0000213251 0.0000212651 0.0000216182 0.0000218832 0.0000219746 0.00002195 0.0000222855 0.0000233928 0.0000226811 0.0000230833 0.0000243755 0.0000261696 0.0000289658 0.0000331618 0.000038288 0.000050461 0.0000468905 0.0000512136 0.0000630419 0.000061328 0.000064655 0.0000695497 0.0000656234 0.0000658084 0.0000604823 0.0000579368 0.0000554184 0.0000559219 0.0000491389 0.0000457206 0.0000441665 0.0000424412
0.0006170855 0.0006010777 0.0005369024 0.000495267 0.0003912082 0.000308125 0.0002447126 0.0001720895 0.0001305276 0.000102483 0.0000768816 0.0000598681 0.0000492212 0.0000420955 0.0000377093 0.000035557 0.0000313085 0.0000288661 0.000026943 0.0000259146 0.0000255617 0.000025883 0.0000265466 0.000027208 0.0000271822 0.0000270343 0.0000270103 0.0000266617 0.0000264023 0.0000257375 0.000025689 0.0000261309 0.0000279323 0.000031165 0.000036421 0.0000384706 0.0000406641 0.000043186 0.000045963 0.0000493905 0.0000502429 0.0000505717 0.0000506781 0.0000494371 0.0000485825 0.0000476394 0.0000473512 0.0000454125 0.0000432835 0.0000406071 0.0000398863 0.0000399562
0.0007638113 0.0007039691 0.0006575711 0.0005518457 0.0004604462 0.0003474989 0.000261079 0.0001938542 0.0001459418 0.000108858 0.0000815732 0.0000627078 0.0000502642 0.0000427375 0.0000384692 0.0000358561 0.0000338865 0.00003221 0.0000313787 0.0000309925 0.0000313593 0.0000322462 0.000033552 0.0000342416 0.0000343357 0.000034148 0.0000337377 0.0000331642 0.0000318742 0.0000392637 0.0000294398 0.0000284684 0.0000292371 0.0000308259 0.0000331994 0.0000354675 0.0000444913 0.0000376077 0.0000392763 0.0000415344 0.0000426272 0.0000426474 0.0000418404 0.0000413242 0.0000410443 0.0000411801 0.0000436898 0.0000484963 0.0000384628 0.0000410782 0.0000364548 0.0000378156
0.0008277816 0.0007705496 0.0007215977 0.0006225289 0.0004990063 0.0003966499 0.0002884256 0.0002170317 0.0001625818 0.0001179719 0.0000877059 0.0000658836 0.0000518748 0.0000436753 0.0000390884 0.0000368814 0.0000366455 0.0000357311 0.0000363229 0.0000374187 0.0000385969 0.0000404269 0.0000421414 0.0000436265 0.0000427499 0.0000423441 0.0000482111 0.0000411028 0.000040621 0.0000374676 0.000034738 0.0000398118 0.0000312754 0.0000318887 0.0000343467 0.0000351005 0.0000353411 0.000036434 0.0000371576 0.0000388108 0.0000434005 0.0000396057 0.0000388158 0.0000382484 0.0000377184 0.0000484831 0.0000373739 0.000036213 0.0000353526 0.0000343139 0.0000327656 0.0000307154
0.0008851321 0.0008602688 0.0007448484 0.000633563 0.0005188445 0.000412201 0.0003215412 0.0002462955 0.0001735816 0.0001294989 0.0001054919 0.0000711407 0.0000549679 0.0000456008 0.0000409664 0.0000384256 0.000037909 0.0000391533 0.0000413563 0.0000446068 0.0000461604 0.0000485343 0.0000525664 0.0000532542 0.000053092 0.0000524092 0.0000507074 0.000059077 0.0000477651 0.0000491945 0.0000443511 0.0000369442 0.0000352074 0.0000353697 0.0000467989 0.0000372971 0.0000373306 0.0000382003 0.0000466318 0.0000397615 0.0000396909 0.0000399245 0.0000398642 0.0000387442 0.0000378344 0.0000367498 0.0000350544 0.0000340241 0.0000329036 0.0000316845 0.0000293321 0.0000274124
0.0009091684 0.0008429352 0.000745833 0.0006439351 0.0005323813 0.0004488239 0.0003326833 0.0002446536 0.0001956412 0.0001404727 0.0001091833 0.0000778878 0.0000570808 0.0000507166 0.0000426489 0.0000404377 0.0000400843 0.0000412735 0.0000457444 0.0000485169 0.0000522995 0.0000573318 0.0000608123 0.0000639699 0.0000677879 0.000063169 0.0000611083 0.0000579222 0.0000544696 0.0000515546 0.0000536621 0.0000425252 0.000041693 0.0000425832 0.0000438779 0.0000439124 0.0000441702 0.000044488 0.0000446669 0.0000442612 0.0000434845 0.0000431554 0.0000423909 0.0000416181 0.0000429971 0.0000380024 0.0000358083 0.0000342144 0.0000388507 0.0000301156 0.0000279809 0.0000261843
0.0008802909 0.0008339573 0.0007327833 0.0006189791 0.0005151036 0.0004027832 0.0003230035 0.0002416188 0.000195533 0.0001586868 0.0001085259 0.0000785591 0.0000585561 0.0000475876 0.0000429377 0.000043546 0.0000522112 0.0000422648 0.0000457124 0.0000513725 0.0000605745 0.0000645932 0.0000773134 0.0000744442 0.0000760206 0.0000760215 0.0000727345 0.0000702808 0.0000625004 0.0000572698 0.0000535048 0.0000517507 0.0000523749 0.000058469 0.0000552848 0.000063873 0.0000562227 0.0000559371 0.0000552139 0.00005405 0.0000524844 0.0000512861 0.0000498266 0.000047926 0.0000451716 0.0000419372 0.0000388629 0.000046032 0.0000330395 0.0000301464 0.0000276754 0.0000262982
0.0008255806 0.0007632586 0.0007084796 0.0006134485 0.0004862955 0.0004130827 0.0003071558 0.0002334597 0.0001991096 0.0001474736 0.0001090257 0.0000784349 0.0000651535 0.0000469992 0.0000424049 0.0000405096 0.000041243 0.0000425461 0.0000472346 0.0000542621 0.0000628779 0.0000735951 0.0000781101 0.000083354 0.0000887448 0.0000867038 0.000086273 0.0000789554 0.0000729461 0.0000770141 0.0000647956 0.0000650267 0.0000699559 0.000071212 0.0000743967 0.0000760977 0.0000764163 0.0000754226 0.0000737682 0.0000706823 0.0000680884 0.0000649652 0.0000633949 0.0000595924 0.0000520886 0.000049124 0.000044606 0.0000400704 0.0000349516 0.0000308898 0.0000283127 0.0000259494
0.0007422852 0.0007142871 0.0006439779 0.0005800538 0.0004720873 0.0003881588 0.0003080187 0.0002289012 0.0001770269 0.0001469077 0.0001172779 0.0000780462 0.0000575422 0.0000482185 0.0000410686 0.0000403613 0.0000396086 0.0000460525 0.0000479176 0.0000638956 0.000067188 0.0000749887 0.000083592 0.000089318 0.0000924273 0.0001039693 0.0000921769 0.0000935678 0.0000844895 0.0000808078 0.0000812812 0.0000859125 0.0000897269 0.0001061155 0.0001061244 0.0001063491 0.0001091451 0.0001056093 0.0001016292 0.0000961403 0.0000905727 0.0000888546 0.0000776226 0.0000802058 0.00006182 0.0000559492 0.000057916 0.0000450489 0.000037988 0.0000330959 0.000029321 0.0000263223
0.0006728334 0.0006646235 0.0005772041 0.0005102718 0.0004495336 0.0003731016 0.0003036665 0.0002226832 0.000180685 0.0001361429 0.0001168062 0.0000780501 0.0000569468 0.000045503 0.0000405385 0.0000378296 0.0000386655 0.0000415131 0.000047939 0.0000563071 0.0000766191 0.0000749597 0.0000837321 0.0000904213 0.00009434 0.0000966396 0.0000983051 0.0000978006 0.0000976257 0.0000990453 0.0001031349 0.0001188947 0.000121083 0.0001420922 0.0001432965 0.0001511327 0.0001540585 0.000154516 0.0001458352 0.0001341067 0.0001223249 0.0001191668 0.0000995811 0.0000850602 0.0000742928 0.0000650041 0.0000572306 0.0000494339 0.0000418057 0.0000358628 0.0000307335 0.0000267341
0.0006115776 0.0005624862 0.0005165019 0.0004863695 0.0004062682 0.000353003 0.0002687974 0.0002139371 0.0001672621 0.0001425045 0.0001129787 0.0000773302 0.0000563701 0.0000446575 0.000038927 0.0000370196 0.0000374904 0.0000404151 0.0000465645 0.0000538615 0.0000621492 0.0000716606 0.0000819985 0.0000881535 0.0000933527 0.0000972979 0.0001022787 0.0001123336 0.0001115802 0.0001205346 0.0001338049 0.0001478381 0.0001660835 0.0001877476 0.0002022611 0.0002149158 0.0002201703 0.0002392568 0.0002146044 0.0001914997 0.0001658966 0.0001477226 0.0001227148 0.00011066 0.0000887686 0.0000749768 0.0000634301 0.0000554152 0.0000440027 0.0000371342 0.0000449845 0.0000270975
0.0005005894 0.0004865695 0.0004570651 0.0003902413 0.0003471685 0.0002916299 0.0002618609 0.0002122376 0.0001574704 0.0001270836 0.0000984573 0.0000749431 0.0000558615 0.0000554962 0.0000381894 0.0000359593 0.0000366136 0.0000443286 0.0000432472 0.0000492927 0.0000574966 0.0000745854 0.0000749891 0.0000831098 0.000091813 0.000095916 0.000103098 0.000111919 0.0001251443 0.0001448302 0.0001734835 0.0001975546 0.0002395321 0.0002614375 0.0002970533 0.0003019457 0.0003188494 0.0003080208 0.0003068873 0.0002666906 0.0002235279 0.0001832312 0.0001528359 0.0001312734 0.000104278 0.000084196 0.0000711212 0.0000566541 0.0000458848 0.0000377697 0.0000421801 0.0000272937
0.0003945124 0.0004145631 0.0003741876 0.0003300481 0.0002943161 0.0002683895 0.0002198176 0.0001927522 0.0001483052 0.0001179637 0.0000926019 0.0000718341 0.0000557583 0.0000447309 0.0000380706 0.0000350935 0.0000352364 0.000036675 0.0000399039 0.0000448045 0.0000523263 0.0000602176 0.0000682466 0.0000762416 0.0000850074 0.0000932797 0.0001041796 0.0001244069 0.000140325 0.0001757654 0.0002164055 0.0002661467 0.0003171578 0.0003586547 0.0003899761 0.0004188629 0.0004268069 0.0003990116 0.0003672148 0.0003491255 0.0002821107 0.0002315735 0.0001932515 0.0001584615 0.0001178305 0.0000921244 0.0000728915 0.0000599705 0.0000464907 0.0000378985 0.000031727 0.0000268848
0.0003358798 0.0003183157 0.0003100919 0.0002785517 0.0002820827 0.0002341413 0.00019929 0.0001719439 0.0001450434 0.0001116898 0.000088725 0.0000696525 0.0000576015 0.0000457006 0.0000381679 0.0000351735 0.0000345678 0.0000351999 0.0000368942 0.0000408797 0.000046731 0.0000541933 0.0000624491 0.0000697651 0.0000785917 0.0000912908 0.0001051146 0.0001344376 0.0001574639 0.0002105988 0.0002644337 0.0003245466 0.0003872197 0.0004449296 0.0005158857 0.0005612313 0.0005442705 0.000510296 0.0004663338 0.0004140799 0.0003491202 0.0002894068 0.0002259648 0.0001743598 0.0001436331 0.0000997829 0.0000748066 0.0000576283 0.0000458135 0.0000382123 0.0000307164 0.0000258648
0.0002518209 0.000254535 0.0002373367 0.0002303294 0.0002126183 0.0001900831 0.0001669499 0.0001542232 0.0001456815 0.0001054409 0.0000842738 0.0000688851 0.000055511 0.0000459963 0.0000387882 0.0000357464 0.0000374992 0.0000349075 0.0000354107 0.0000377609 0.0000422668 0.0000485368 0.0000566859 0.0000693913 0.0000730596 0.0000853086 0.0001041038 0.0001321774 0.0001770956 0.0002328691 0.0002937093 0.0003787365 0.0004642254 0.0005295034 0.0006253269 0.0006742088 0.0006445113 0.0006152828 0.0005515967 0.0005005461 0.0004320584 0.000330327 0.000259357 0.0001963034 0.0001530691 0.0001048995 0.0000760863 0.0000566485 0.00004375 0.0000349171 0.0000287983 0.0000242528
