Models/Synthetic/Density/temp_raster_dens.asc
NCOLS 100
NROWS 100
XLLCORNER 3302900
YLLCORNER 3112000
CELLSIZE 4430
NODATA_VALUE NaN
[rows 46 to 68 of 100, columns 0 to 51 of 100]
0.0001327412 0.0000432242 0.0000399657 0.000048008 0.0000229372 0.0000109546 0.0000047138 0.0000020988 0.0000009422 0.0000004193 0.0000001821 0.0000000763 0.0000000307 0.0000000122 0.0000000056 0.0000000043 0.0000000061 0.0000000106 0.0000000188 0.0000000327 0.0000000557 0.0000000927 0.0000001502 0.0000002356 0.0000003562 0.000000517 0.0000007204 0.0000009632 0.0000012375 0.0000015276 0.0000018164 0.0000020869 0.0000023352 0.0000025915 0.000002969 0.0000037062 0.0000050865 0.0000066563 0.0000078473 0.0000081433 0.0000085068 0.0000100592 0.0000140858 0.0000207617 0.0000310266 0.0000483878 0.0000649158 0.0000810142 0.0000917831 0.000150504 0.0000887725 0.0000700295
0.0000665448 0.0000606585 0.0000545473 0.0000429566 0.0000297581 0.0000122885 0.0000055325 0.0000025738 0.0000012104 0.0000005593 0.0000002486 0.0000001048 0.0000000421 0.000000017 0.0000000086 0.0000000082 0.0000000131 0.0000000238 0.0000000428 0.0000000754 0.0000001297 0.0000002181 0.0000003567 0.0000005636 0.0000008528 0.0000012261 0.0000016692 0.0000022174 0.0000027409 0.0000031711 0.0000033103 0.0000032843 0.0000031172 0.0000029494 0.0000028326 0.0000029415 0.0000033727 0.0000041013 0.0000049782 0.000006043 0.0000075164 0.0000097589 0.000012914 0.0000170984 0.000022685 0.0000296341 0.0000372589 0.0000438027 0.0000515173 0.0000510242 0.0000461006 0.0000340472
0.0000860044 0.0000678909 0.0000585121 0.0000714037 0.0000282231 0.0000131403 0.0000061837 0.0000030873 0.0000015481 0.0000007482 0.0000003384 0.0000001415 0.0000000558 0.0000000228 0.0000000132 0.0000000154 0.000000027 0.0000000503 0.000000092 0.0000001634 0.0000002835 0.0000004817 0.0000007985 0.0000012804 0.0000019656 0.0000028611 0.0000039254 0.000005198 0.0000096159 0.0000105192 0.0000107231 0.0000072243 0.0000065517 0.0000057387 0.0000048361 0.0000040555 0.0000035875 0.0000035693 0.0000041186 0.000005346 0.0000073353 0.0000100344 0.0000131799 0.0000163611 0.000019278 0.0000217948 0.0000238819 0.0000254112 0.0000258035 0.0000246468 0.0000216865 0.0000177628
0.0000722985 0.0000643404 0.0000546683 0.0000408864 0.0000266416 0.0000127767 0.0000067831 0.000003747 0.0000020265 0.0000010148 0.0000004554 0.0000001855 0.0000000712 0.0000000295 0.00000002 0.000000028 0.0000000525 0.0000001002 0.0000001853 0.0000003317 0.0000005797 0.000000994 0.0000016677 0.0000027138 0.0000042355 0.0000062676 0.000008731 0.0000115806 0.0000174479 0.0000829577 0.0000199579 0.0000161608 0.0000145802 0.0000124617 0.0000099963 0.0000076352 0.0000057508 0.0000046209 0.000004445 0.0000053504 0.0000073516 0.0000102832 0.0000137017 0.000016789 0.0000186913 0.0000191786 0.0000187555 0.0000180527 0.0000171338 0.0000157354 0.000013777 0.0000116269
0.0000514467 0.0000485622 0.0000421928 0.000030304 0.0000196598 0.0000120794 0.0000074428 0.0000046229 0.0000026643 0.0000013333 0.0000005846 0.0000002297 0.0000000858 0.0000000369 0.00000003 0.0000000488 0.0000000962 0.0000001877 0.0000003508 0.0000006318 0.0000011088 0.0000019211 0.0000032632 0.0000053833 0.0000085024 0.0000127704 0.0000180563 0.0000242395 0.0000331625 0.0000373362 0.0000385539 0.0000341469 0.0000307675 0.000025973 0.0000203384 0.0000148334 0.000010311 0.0000071647 0.0000055953 0.0000056302 0.0000071618 0.000009957 0.0000135289 0.0000169419 0.0000188646 0.0000190166 0.0000184318 0.0000179871 0.0000174214 0.0000158706 0.0000136347 0.0000114737
0.0000325093 0.0000322474 0.0000282175 0.0000220249 0.000015384 0.0000109947 0.0000079869 0.0000055073 0.000003214 0.0000015976 0.000000682 0.0000002605 0.0000000958 0.0000000443 0.0000000441 0.0000000807 0.0000001658 0.0000003302 0.0000006252 0.0000011325 0.0000019891 0.0000034555 0.0000061552 0.0000103185 0.0000164013 0.0000243017 0.0000346113 0.000046686 0.0000624544 0.0000706767 0.0000733623 0.000067357 0.0000609447 0.0000514755 0.000039371 0.0000277578 0.0000180967 0.0000114997 0.0000076158 0.0000061539 0.0000067205 0.0000089181 0.000012246 0.0000157592 0.0000183176 0.0000193278 0.0000206756 0.0000232911 0.0000242399 0.0000223857 0.0000180576 0.0000146345
0.0000191427 0.0000191129 0.0000173416 0.0000143158 0.0000114513 0.0000093751 0.000007854 0.0000055858 0.0000033437 0.0000016502 0.0000006989 0.0000002639 0.000000098 0.000000051 0.0000000625 0.0000001256 0.0000002675 0.0000005455 0.0000010504 0.0000019177 0.000003365 0.0000058129 0.0000103732 0.0000214883 0.0000318683 0.0000455216 0.0000597124 0.0000824493 0.000107627 0.0001578228 0.0001340285 0.0001270025 0.0001157883 0.000098055 0.0000761454 0.0000484505 0.0000306593 0.0000183746 0.0000108621 0.0000071287 0.0000062521 0.0000074635 0.000010138 0.000013529 0.0000166521 0.00001968 0.0000240486 0.0000307962 0.0000358188 0.0000315627 0.0000246565 0.0000194212
0.0000107885 0.0000108941 0.0000101026 0.0000088931 0.0000078144 0.0000071128 0.0000061433 0.0000046671 0.0000028395 0.0000014357 0.0000006151 0.0000002355 0.0000000914 0.0000000567 0.0000000847 0.0000001829 0.0000004028 0.000000844 0.0000016632 0.00000308 0.0000054096 0.0000093056 0.0000162653 0.0000309033 0.0000775017 0.000070192 0.0000956506 0.0001314239 0.0001705677 0.0001988408 0.0003075863 0.000204756 0.0001867686 0.0002034546 0.0001221182 0.0000815422 0.0000504888 0.0000293162 0.0000158533 0.0000087076 0.000006041 0.0000060794 0.0000080101 0.0000113937 0.0000156491 0.0000208046 0.0000279038 0.0000371913 0.0000443507 0.0000393424 0.0000312471 0.0000244659
0.0000060854 0.0000061726 0.0000058514 0.0000053615 0.0000049505 0.0000045717 0.0000040107 0.0000030694 0.0000019749 0.0000010362 0.0000004622 0.0000001842 0.0000000783 0.0000000613 0.0000001088 0.000000248 0.0000005628 0.0000012161 0.0000024734 0.0000046968 0.0000083407 0.0000141973 0.0000270288 0.0000448645 0.0000652984 0.0000943478 0.0002105676 0.0001881491 0.0002352748 0.0002786855 0.0002992302 0.0003022016 0.0002832021 0.0002311926 0.0001859492 0.0001274237 0.0000827873 0.0000469109 0.0000217831 0.0000107865 0.0000062135 0.0000051233 0.0000064441 0.0000100964 0.0000162804 0.0000231344 0.0000314277 0.0000417075 0.0000468126 0.0000447771 0.0000358276 0.0000286494
0.0000034305 0.0000035018 0.0000033669 0.0000031336 0.0000028825 0.0000026099 0.0000022285 0.0000017099 0.0000011274 0.0000006292 0.0000002972 0.0000001272 0.0000000629 0.0000000646 0.0000001315 0.0000003117 0.0000007262 0.000001619 0.0000034326 0.0000067876 0.0000123562 0.0000211676 0.0000369654 0.0001118693 0.0000773834 0.0001130051 0.0001715309 0.0002480626 0.0003126542 0.0003570944 0.0003915238 0.0004131145 0.0003803166 0.000309455 0.0002284873 0.0001796896 0.0001376128 0.0000591092 0.0000272879 0.000012872 0.0000066679 0.0000046307 0.0000054497 0.0000092473 0.0000161076 0.0000254558 0.000032001 0.0000406397 0.000051527 0.0000444866 0.0000377352 0.0000310215
0.0000018894 0.0000019485 0.0000018891 0.0000017524 0.0000015759 0.0000013693 0.0000011257 0.0000008467 0.000000566 0.0000003292 0.0000001673 0.0000000794 0.0000000491 0.0000000665 0.0000001492 0.0000003627 0.0000008617 0.0000019747 0.0000043675 0.0000093339 0.0000177609 0.0000303876 0.0000516069 0.0000699337 0.0000942077 0.0001270628 0.0001904353 0.0002902035 0.0003794482 0.0004265934 0.0004667743 0.0005275836 0.000577807 0.0003646903 0.0002707516 0.0001888178 0.0001204494 0.0000649739 0.0000302772 0.0000144162 0.0000071537 0.0000044221 0.0000047124 0.0000079387 0.0000143473 0.0000215772 0.0000288639 0.0000365543 0.0000409586 0.0000416999 0.0000366938 0.0000311165
0.0000009947 0.0000010402 0.0000010148 0.0000009355 0.0000008213 0.000000687 0.0000005423 0.0000003972 0.0000002647 0.0000001584 0.0000000859 0.000000047 0.0000000391 0.0000000673 0.0000001597 0.0000003922 0.0000009402 0.0000021926 0.0000050178 0.0000113707 0.0000261176 0.0000433199 0.0000635498 0.0000893713 0.0001009762 0.0001368 0.0001953239 0.0002767392 0.0003737982 0.0004328643 0.0006459945 0.0005122406 0.0004837274 0.0003909859 0.000283325 0.0002025414 0.0001123897 0.0000602986 0.0000306498 0.0000150104 0.0000074645 0.0000043204 0.0000040192 0.0000062678 0.0000110197 0.0000172632 0.0000238934 0.0000290974 0.0000341131 0.0000356886 0.0000339275 0.0000285047
0.0000004942 0.0000005256 0.000000517 0.0000004755 0.0000004115 0.0000003356 0.0000002572 0.0000001839 0.0000001215 0.0000000741 0.0000000431 0.0000000288 0.0000000336 0.0000000684 0.0000001649 0.0000004005 0.0000009525 0.000002221 0.0000051341 0.0000120704 0.0000279133 0.0000706581 0.000075292 0.000087566 0.0001059134 0.0001385086 0.0002696798 0.0002498557 0.0004025039 0.0003855657 0.0004280855 0.0004713316 0.0004272914 0.0004260532 0.000262441 0.0001673533 0.0001008307 0.0000542987 0.0000285159 0.0000146537 0.0000075392 0.0000042672 0.0000034301 0.0000046134 0.0000082219 0.0000170816 0.0000223187 0.0000266081 0.000027048 0.0000310421 0.0000279025 0.0000237924
0.0000002305 0.0000002499 0.0000002485 0.0000002293 0.0000001977 0.0000001596 0.0000001206 0.0000000851 0.0000000562 0.0000000352 0.000000023 0.0000000209 0.0000000335 0.0000000738 0.0000001734 0.0000004043 0.000000927 0.0000020989 0.0000047383 0.000010743 0.0000249142 0.0000437015 0.000132951 0.0001048738 0.0000964956 0.0001310054 0.000200363 0.0002122367 0.0002477236 0.0002910545 0.0003348394 0.0004186648 0.000336041 0.0002747345 0.0002032557 0.0001316375 0.0000794125 0.0000451715 0.0000247931 0.0000135183 0.0000074115 0.0000042599 0.0000030289 0.0000034467 0.0000062185 0.0000139045 0.0000418395 0.000020913 0.0000202718 0.0000213711 0.0000209384 0.0000182356
0.0000001008 0.0000001116 0.0000001124 0.0000001046 0.0000000905 0.0000000731 0.0000000552 0.000000039 0.0000000262 0.0000000178 0.0000000151 0.0000000207 0.0000000413 0.0000000918 0.0000002037 0.0000004422 0.0000009423 0.0000019869 0.0000041728 0.0000087403 0.0000167458 0.0000306933 0.0000469085 0.0000608205 0.0000792455 0.0001204306 0.0001513615 0.000162455 0.0001844105 0.00021703 0.0002443067 0.0002622314 0.0002869447 0.0001877866 0.0001389329 0.0000956019 0.0000581642 0.0000340623 0.0000199217 0.0000117995 0.0000070346 0.0000041979 0.0000028361 0.0000028408 0.0000046298 0.0000111875 0.0000142718 0.0000163948 0.0000142698 0.0000151752 0.0000151592 0.0000144928
0.0000000414 0.0000000468 0.0000000478 0.000000045 0.0000000392 0.0000000319 0.0000000243 0.0000000176 0.0000000127 0.0000000108 0.0000000143 0.0000000279 0.0000000619 0.0000001361 0.0000002871 0.0000005805 0.0000011336 0.0000021624 0.0000040699 0.0000075306 0.0000136312 0.0000248308 0.0000340517 0.0000440314 0.0000569355 0.0000765172 0.0000942304 0.0001119325 0.0001980175 0.0001516371 0.0001797877 0.0001764553 0.0001482313 0.000124737 0.0001043042 0.0000675314 0.0000392593 0.0000234417 0.0000146873 0.0000095809 0.0000061858 0.0000039433 0.0000028007 0.000002878 0.000004387 0.0000068423 0.0000098291 0.0000123702 0.0000144549 0.0000155573 0.0000157001 0.0000152144
0.000000016 0.0000000184 0.0000000191 0.0000000182 0.0000000161 0.0000000132 0.0000000103 0.0000000079 0.0000000071 0.0000000094 0.000000019 0.0000000443 0.0000001027 0.0000002261 0.0000004686 0.0000009157 0.0000016966 0.0000030062 0.0000051543 0.0000086974 0.00001496 0.0000254271 0.0000466483 0.0000382179 0.0000416245 0.0000496643 0.0000599459 0.0000740386 0.0000869141 0.0001023045 0.0001069039 0.0001021385 0.0000869236 0.0000756637 0.0000803776 0.0000444399 0.0000247063 0.000014893 0.0000099075 0.0000069559 0.0000048938 0.0000034463 0.0000030228 0.0000038576 0.0000061433 0.0000095558 0.0000145299 0.000020091 0.0000250763 0.0000270103 0.0000259512 0.0000233028
0.0000000058 0.0000000068 0.0000000072 0.0000000069 0.0000000062 0.0000000052 0.0000000043 0.000000004 0.0000000055 0.0000000116 0.0000000289 0.0000000725 0.0000001726 0.0000003852 0.0000008042 0.0000015713 0.000002882 0.0000049872 0.0000082137 0.0000131079 0.0000206605 0.0000329443 0.0000395155 0.0000418781 0.0000388636 0.0000409015 0.0000456723 0.0000524927 0.0000641973 0.000069702 0.000069822 0.0000613769 0.0000524256 0.0000463543 0.0000356859 0.0000262042 0.000014716 0.0000090419 0.0000061955 0.0000045597 0.0000034616 0.000002903 0.0000034761 0.0000091546 0.000013369 0.0000197122 0.0000251238 0.000041708 0.0000560919 0.0000599945 0.0000514886 0.0000405497
0.000000002 0.0000000024 0.0000000026 0.0000000025 0.0000000023 0.000000002 0.000000002 0.0000000028 0.0000000061 0.0000000163 0.0000000442 0.0000001144 0.0000002789 0.0000006356 0.0000013516 0.0000026813 0.0000049689 0.0000086227 0.000014073 0.0000217455 0.0000321415 0.0000436368 0.000053204 0.0000512084 0.0000480358 0.0000464937 0.000047979 0.0000521417 0.0000608025 0.0001072415 0.0000592153 0.0000491546 0.0001226604 0.0000305612 0.0000211319 0.0000145521 0.0000094776 0.000005907 0.0000039398 0.0000028701 0.0000023827 0.0000025693 0.0000042638 0.0000116376 0.0000766758 0.0000286932 0.0000405923 0.0000633324 0.0001146891 0.0001802481 0.0000832927 0.00006875
0.0000000006 0.0000000008 0.0000000009 0.0000000009 0.0000000008 0.0000000009 0.0000000012 0.0000000028 0.0000000078 0.0000000228 0.0000000641 0.0000001702 0.0000004241 0.0000009891 0.0000021531 0.0000043603 0.0000082115 0.0000143901 0.0000234949 0.0000357127 0.0000501837 0.0000645396 0.0000723553 0.0000718691 0.0000707721 0.000067759 0.0000678567 0.0000731221 0.000083544 0.0000853407 0.0000783616 0.0000634246 0.000049045 0.0000328752 0.0000223651 0.0000156388 0.0000102564 0.000005527 0.0000031008 0.0000020515 0.000001842 0.0000026236 0.0000053024 0.0000145785 0.000025069 0.0000405947 0.0000582895 0.0000904776 0.0001186908 0.0001328052 0.0001268405 0.0001126207
0.0000000002 0.0000000003 0.0000000003 0.0000000003 0.0000000003 0.0000000005 0.0000000011 0.0000000033 0.0000000101 0.0000000305 0.0000000873 0.000000236 0.0000006007 0.0000014346 0.0000032038 0.0000066609 0.0000127761 0.0000226201 0.0000369712 0.0000558704 0.0000767156 0.0000941192 0.000102268 0.0001007336 0.0000984225 0.0001306967 0.0000984591 0.00010828 0.0001598403 0.0001255548 0.0001137634 0.0001141368 0.0000696351 0.0000463496 0.0000354182 0.000116178 0.0000170158 0.000007164 0.0000034498 0.0000019704 0.0000017699 0.000002992 0.0000069518 0.0000151452 0.0000302837 0.0000549241 0.0000833957 0.0001159314 0.0001523501 0.0001742437 0.0001884401 0.0001818469
0.0000000001 0.0000000001 0.0000000001 0.0000000001 0.0000000002 0.0000000004 0.0000000012 0.0000000039 0.0000000124 0.0000000381 0.0000001106 0.0000003041 0.0000007888 0.0000019257 0.0000044103 0.0000094243 0.000018635 0.0000332889 0.00005457 0.0000818862 0.0001144311 0.0001368833 0.0001452011 0.0001382649 0.0001325891 0.0001300333 0.0002070968 0.0001544701 0.000179426 0.0001867696 0.0001796755 0.0001444853 0.0001095172 0.0000788186 0.0000554986 0.0000528509 0.0000233818 0.0000103897 0.0000047328 0.0000024458 0.0000019931 0.0000034652 0.0000085221 0.0000210289 0.0000407189 0.000072586 0.0001184214 0.0001425799 0.0001741259 0.0002159868 0.0002833905 0.0002751619
0 0 0 0.0000000001 0.0000000001 0.0000000004 0.0000000013 0.0000000045 0.0000000144 0.0000000445 0.0000001306 0.0000003633 0.0000009567 0.0000023789 0.0000055645 0.0000121803 0.0000246623 0.0000456964 0.0000739653 0.0001134858 0.0001547443 0.0002042187 0.0001911429 0.0001809893 0.0001691986 0.000164435 0.0001760995 0.0002231615 0.0002309827 0.0002828074 0.0002385953 0.0002066807 0.0002019687 0.0001165695 0.0001466363 0.0000517565 0.0000304399 0.000014734 0.0000069642 0.0000034225 0.0000023896 0.000003741 0.0000094 0.0000231731 0.0000518906 0.0000810581 0.0001208638 0.0001574927 0.0001830605 0.0002274257 0.0003028655 0.0003471389
