Models/Synthetic/Density/temp_raster_pop.asc
NCOLS 101
NROWS 101
XLLCORNER 3302900
YLLCORNER 3112000
CELLSIZE 4386.138614
NODATA_VALUE NaN
[rows 23 to 45 of 101, columns 0 to 51 of 101]
15.1784998843 15.8342690219 14.6076818639 13.9417398926 13.4878361498 13.1757612512 11.7121750409 10.8572412137 10.0035165978 9.1157520086 8.2067509262 7.3748769753 6.6446374001 5.9876296357 5.4346487679 5.2904997457 4.4438082792 4.0797586071 4.1896349154 3.5598122983 3.3428500855 3.2240826099 3.177203445 3.2020882967 3.3354994334 3.2078284654 3.1960876474 3.2821341509 3.4966931306 4.1495702019 4.1126862393 5.2123403635 4.984128236 5.4854276976 6.0365868021 6.6027292747 7.2507663079 8.0304095422 8.8920969094 10.3545695761 10.539672601 12.1133881895 11.8121737212 12.2583875669 13.0260269234 12.4706960048 12.3288202853 12.1821180371 12.3333346022 11.3888686229 10.7505910202 10.5875848575
14.983387179 14.9238042299 14.4159692339 14.2750149406 13.2669088177 12.5211771185 11.6863863741 10.8216500992 9.9510463018 9.0755663346 8.1899515695 7.4052549473 6.7127813442 6.138005178 5.5523800884 4.9960050787 4.4986195222 4.1736329776 3.8920027327 3.6530383513 3.3866817795 3.2551135241 3.1911675035 3.1982396067 3.1836547271 3.1692886136 3.1545382512 3.2401144938 3.4476776108 3.6786432619 3.9974485239 4.316971094 4.80749008 5.2619889865 5.7600665013 6.2347931622 6.8317088536 7.5225975958 8.3232254184 9.0849782144 9.8204063078 10.4585242926 11.0387478536 11.9010571437 11.6449395902 11.6561917437 11.5588905975 11.3698397537 11.030862422 10.5692182435 10.3546811038 9.3130234086
14.7950312056 14.420544441 14.067142018 13.6100652697 13.0646949951 12.4318697618 11.5279239251 10.6758864145 10.1136554024 8.9769383642 8.1448077126 7.4257803391 6.7664453474 6.1800766374 5.8227029969 5.0047448862 4.5218704808 4.2110287974 4.139237803 3.7000443156 3.4680018748 3.3275404678 3.2753490828 3.2264618427 3.1871621824 3.1363776766 3.1562021933 3.2436190369 3.401352529 3.6226858109 3.8791339843 4.2024243649 4.6425272336 6.1459089466 5.5236862951 5.960221221 6.5261542816 7.1809362495 7.8892434435 8.6185871364 9.2729861423 9.8900747868 10.7085076092 10.7538785055 10.9334985522 10.9767832063 10.9145803685 11.4836499329 10.3033023216 10.5970598298 9.3992853616 8.7644352337
14.2365903792 13.8979224388 13.5369212065 13.1864078049 13.1664815282 12.0182809292 12.0925840102 10.3902003225 9.5517730019 8.7839520894 8.0869105322 7.3671450841 6.777144657 6.194161362 5.5629339748 5.036538475 4.5891850606 4.336091075 4.0747904354 3.8380458829 3.6146548138 3.4749802068 3.4074661284 3.4239592464 3.2395923974 3.1853050338 3.2051192679 3.2923875148 3.4463425836 3.6590984414 3.9426838288 4.2366713955 4.6258622108 5.0118178714 5.4249585378 5.8350698717 6.3357278637 6.9578105736 7.6830147152 8.3821964854 9.0504411908 9.4989833083 9.8813015182 10.1926785732 10.3571405103 10.5054098666 11.2316148369 10.1782505043 9.7551892638 9.3126031868 9.0743192902 8.8320592901
13.338240498 13.2111671034 12.9345741215 12.6145432682 12.1151636783 11.4970803478 10.756905914 9.9819005231 9.2135189352 8.4804395642 7.8244037925 7.2277674591 6.6573395652 6.0397383318 5.4858860677 5.0361090675 4.684916566 4.4263087052 4.3395242031 3.9336204691 3.7519822912 3.9227897582 3.527856833 3.4059451346 3.342329362 3.2895058592 3.3091512499 3.3899281847 3.5381074494 3.7695054996 4.0671993541 4.4564609422 4.6195791096 4.9471090187 5.7732132808 5.7815925895 6.262701261 6.8611693797 7.5443820248 8.4719203714 8.8685831342 9.2052966951 9.5273543783 9.7960167565 9.9542891824 10.1230403605 10.953659282 9.7902870557 9.2906651004 8.8941604923 8.4005990223 7.8817322493
12.4402916353 12.3894981815 12.479980895 11.858608285 11.3719612946 10.8123288148 10.1937223856 10.0621888088 8.8093736866 8.1611767528 7.5966291528 7.0379729867 6.4520949589 5.8936029973 5.4198634949 5.0604978176 4.8058350299 4.5401755925 4.2901716721 4.0774580661 3.9103727713 3.7720291008 3.6547529038 3.5256165626 3.4669043191 3.4478566753 3.4664823554 3.5344498393 3.6731200725 3.900329477 4.2228796423 4.487670638 4.7363151882 5.0432207733 5.4117491365 5.8205230597 6.2996492774 6.8754174938 7.5249583813 8.1589022786 8.6959013301 9.0750573734 9.3904794247 9.5863996135 9.6988375042 9.7757781492 9.9781392903 9.4231556149 9.1105888728 8.5005654308 8.0022322719 7.4988162239
11.4894213855 11.6705178946 11.4102103872 11.1305938873 10.6351012094 10.1190479554 9.6282592885 8.9837410367 8.3706703502 7.7942601483 7.3827665079 6.8604072272 6.2525214415 5.7632865553 5.3791699233 5.0921557896 4.8519603386 4.6283569116 4.4059397451 4.2185486299 4.0781090863 3.9495385862 3.8307276625 3.7253258452 3.6694372398 3.6852553718 3.7001122439 3.7555035318 3.8444534605 4.0425767052 4.2910367216 4.5270061276 4.8149459388 5.3944287375 5.493380522 5.936549557 6.4421814371 6.9899839555 7.532555898 8.1099565945 8.7067874392 9.0481474933 9.2733950392 9.5723814308 9.5634442555 9.5069181233 9.3212193452 9.1404275119 8.734911566 8.2825657553 7.7348351839 7.2757743798
10.4764235105 10.5001516797 10.9311810159 10.3528014423 9.9629489622 9.4794891342 8.9977687949 8.4548155486 7.919421294 7.4217694477 6.9484307627 6.5063282092 6.0637787364 5.7095626165 5.4142878997 5.1797275711 4.9429914556 4.7563460159 4.5736170376 4.4220304963 4.3145239581 4.243335139 4.1036030173 3.9946508503 3.9335849901 3.9432729825 4.6684250463 4.0080983099 4.0755719419 4.2208091617 4.4074832103 4.6340583467 4.9810598563 5.3069074604 5.6916752328 6.1054426864 6.8467720805 7.0715422599 7.5295707585 8.0974822402 9.476261777 9.0010570555 9.2329352737 9.440896846 9.6618166011 9.3599036288 9.1425316332 8.9180982224 8.9542202369 8.1266027641 7.6012271243 7.0561555906
9.411477844 9.4611134561 9.4709398499 9.8066370957 9.7396228105 9.074862563 8.3088982166 8.0225230841 7.6496983055 6.9852738347 6.564960104 6.2097148806 5.8825476732 5.6645278725 6.0377149423 5.3021694476 5.0988273746 4.9230449588 4.7753548042 4.6538486136 4.592905025 4.5620172623 4.4791330421 4.36585254 4.2615159558 4.2653612106 4.2803663183 4.3541926663 4.401686452 4.5452242476 4.6649872563 4.8724450166 5.1500409159 5.8775098767 5.8596147998 6.2702739478 6.723014803 7.1680791344 7.5859094281 8.1042455818 8.876077663 8.9838134777 9.3622141063 9.3489344788 9.5843632228 9.3418685547 9.057923315 8.9122771261 8.5400648363 8.5344035997 7.5114558127 7.0125345766
8.4279046232 8.4421740373 8.4551444605 8.3881264473 8.2414901267 7.9270854984 7.6099572235 7.2817334116 6.9065022339 6.5535060655 6.2666550411 5.9684669694 5.7696211224 5.6548315725 5.5581364617 5.4885321417 5.2660871635 5.1326547576 5.0123040485 4.9118817625 4.8663617775 4.922845732 5.1234833561 4.7984297751 4.6990251028 4.6231883492 4.6338810634 4.6998730865 4.9035695145 4.8767419154 5.283071407 5.1510191473 5.4156983256 5.7436992319 6.1039022769 6.4558981383 6.9130952017 7.3581520518 7.7827272833 8.217581127 8.695701015 9.0084860935 9.2177142017 9.2458617019 9.2311578493 9.1761615265 9.0352746953 8.8018587988 8.6313656048 7.9982944074 8.1719037252 6.9903897994
7.5150043123 7.5435431726 7.5613297209 7.5290043943 7.3851604188 7.1564195364 6.8835248824 6.6153339836 6.3511308481 6.1167504255 5.9164813658 5.7653850788 5.6621145806 5.6567703618 5.5494582066 5.4816358399 5.4387312708 5.3698599401 5.2821922513 5.1941195046 5.1682850631 5.2351654192 5.2855919384 5.5366909325 5.1492181695 5.0630071741 5.0446288157 5.1050023441 5.1484505359 5.2494137646 5.3180981426 5.4850268164 5.6906374229 5.9942727743 6.3457361184 6.7399474943 7.1462984344 7.7596302726 7.9830813692 8.9964961448 8.6689700171 9.0956432774 9.0964186516 9.1486652757 9.1534697024 9.1053634752 8.9868621912 8.8314273607 8.4106524759 7.9479226174 7.3992879628 6.9866650198
6.7007742303 6.7423825971 6.7894755179 6.8785416533 7.5412721838 6.5677018165 6.3292230852 6.1296274967 5.9395616526 5.7626123362 5.6495351732 5.5851885683 5.5768778386 5.5644887966 5.5608392985 5.5525502848 5.5812351856 5.6037046917 5.556873862 5.5110278573 5.5076054745 5.5719665562 5.7660437801 5.6797030901 5.6599411346 5.556321516 5.505689552 5.4806520187 5.5530461174 5.5998759286 5.6940237868 5.8365463763 6.0504094194 6.3307914106 6.6631674402 7.0160668716 7.3964709993 7.739563362 8.0937961874 8.3854303323 8.7071547881 8.9444550975 9.132314685 9.2021204531 9.2035212271 9.1176862031 8.9766084972 8.7335808839 8.4139417708 7.865640838 7.3397512629 6.8824518274
6.0030575046 6.0357634787 6.0846246239 6.1599267996 6.3121646905 6.0040745341 5.8453624137 5.7803960615 5.608781044 5.5090580892 5.4687747936 5.5166936269 5.5505341267 5.6203800553 5.6295566959 5.686612975 5.7360321341 5.7989363312 5.8328658425 5.8526500764 5.9535739279 6.0521260492 6.1337565864 6.1080529803 6.1117609105 6.5468037692 5.9492700906 5.9240642428 5.9975245125 6.9448836992 6.1917410538 6.3045709109 6.4930086528 6.694794663 7.0542085794 7.3981243365 7.6994478179 7.9563380299 8.2430370734 8.5279350901 8.7524102382 8.9769809772 9.7945855928 9.3701214621 9.2545903383 9.1692153876 8.926663037 8.6580606857 8.3110186339 7.8007172795 7.266782293 6.8019183427
5.4169087818 5.4196036382 5.4311154007 5.4797431725 5.4732923435 5.4401896068 5.386727104 5.3520945132 5.3487166304 5.3222419617 5.3739047456 5.4726058136 6.2392926345 5.7105252562 5.8794460417 5.8111560623 5.9030538406 6.0218360904 6.1211902073 6.2144487165 6.3638209947 6.9595826959 6.5668555712 7.2200785085 6.4780071176 6.3899888177 6.3651470959 6.4767961747 6.4616103253 6.561758617 6.6432746999 7.1669303168 6.8560681802 7.0578672716 7.3521782791 7.9767409715 8.65848332 8.1796376997 8.5288314116 8.8112834104 8.9355549284 9.1340089493 9.331836053 9.3809765172 9.3141484626 9.1433859681 8.893529264 8.5745040611 8.160670939 7.6951265239 7.1864519731 6.7125102577
4.9283129769 4.9132572997 4.8761974781 4.8833080438 4.8995708268 4.9091844527 4.9322529577 5.0191910506 5.0822513596 5.2404117503 5.2320385008 5.4643756445 5.6394036128 6.083947703 5.8195398101 5.9262588507 6.1099520589 6.296960433 6.4561848134 6.5670069558 6.7423293067 6.8662195602 7.7377651422 6.8924994498 6.8271368828 6.7577651562 6.763061192 6.8003225635 6.9382101663 6.9422600133 6.9634467413 7.0472299645 7.1412066943 7.2722644568 7.6057327995 7.9106609056 8.1793376521 8.3618466147 8.598374215 8.8797154782 9.0940839473 9.7671973321 9.4908064426 9.5254604645 9.4022310912 9.1571621023 8.9635871445 8.4905409144 8.068554341 7.6412741933 7.1715204436 6.7107120032
5.2534704341 4.4620347696 4.4308807615 4.4269746272 4.4510984172 4.48796691 4.5458216042 4.6638477481 5.0683942961 4.9080177844 5.0458381514 5.2607839625 6.3301437659 5.680744267 5.8237336379 5.9969462209 6.281651065 6.7120528565 6.754183372 6.902064209 7.0493967221 7.1899769727 7.2598904899 7.2702513198 7.2210604399 7.2131587362 7.2661158067 7.2793138351 7.2734205326 7.1890932989 7.1857241828 7.2285563947 7.3331716844 7.4856837486 7.7060872753 8.1309279561 8.2915255826 8.4794870422 8.6137563229 8.8251550387 9.1433791881 9.7477864129 9.5974238038 9.9992833779 9.6466546858 9.1993833014 8.8395691162 8.9474679648 7.9514845301 7.5547480561 7.5300290582 6.6641837934
4.0318637723 4.1063839414 4.0525447867 4.0693541317 4.1114733197 4.1642495442 4.2323636234 4.3657980379 4.4913785911 4.650431038 4.8120444267 5.11543884 5.367410673 5.6138084314 5.8018663403 6.0881623281 6.4375604061 6.7594919386 7.0345574914 7.2274433553 7.4090883077 7.5999838939 7.723051007 7.7413985174 7.674339849 7.6457461987 7.7587382408 8.0731641626 7.5589245592 7.5057132024 7.3934549269 7.4351394621 7.5942705151 7.6445573075 7.8136955666 8.096210817 8.999783786 8.4829512121 8.5754023111 8.7592498333 9.047628502 9.8378111335 9.5500541336 9.5689541012 9.5309303374 10.1512112071 8.7574196704 8.3124278254 7.9372041574 7.5475969112 7.1143906643 6.6332206032
3.6367410351 3.6760528862 3.7337602958 3.7907922387 3.8629147778 3.9324012524 4.0043479085 4.1063077395 4.2531218888 4.4409936173 4.6724838649 4.9671260524 5.8848646201 5.5550530046 5.8464634017 6.1985041073 6.5725020233 6.9395675872 7.277787346 7.572315975 7.8099021034 8.0414024678 8.3391182933 8.2814061628 8.0632128091 7.9945480426 8.019468043 7.922148795 7.808809558 7.6414741669 7.5982891617 7.6366184848 7.6845462969 7.7496659406 7.826949854 8.0499221649 8.2322427531 8.4029483523 8.4888572152 8.6666404219 8.9135798945 9.1247558083 9.3975235272 10.4223390316 9.3697115595 9.0539622799 8.7128482926 8.2118761958 7.954927805 7.755716084 6.9989127728 6.6416289591
3.3102189834 3.3686917488 3.4548007955 3.5644951701 3.6799618774 3.7633374805 3.8471971956 3.9875929577 4.1967489471 4.4549474106 4.682761715 4.9603324372 5.236267897 5.5816591243 5.9229482179 6.3381196018 6.7559825732 7.15214688 7.490300087 7.836618232 8.5098842198 8.4355816337 8.5825289867 8.5872566892 8.4110454165 8.2435943099 8.1256907613 8.0138175164 7.8997517889 7.7997051212 7.752329243 7.7486116543 7.7841134477 7.7793184763 7.8033940347 7.8916682813 8.030272051 8.183695596 8.367423185 8.5377016457 8.7275196775 8.9386912112 9.1632069697 9.4596454245 9.1824393514 8.9861951293 8.6900549253 8.1375830112 7.6766083958 7.2291938257 6.9105886898 7.154827647
3.0719283833 3.1347272893 3.2386414687 3.3756422752 3.512943669 3.6518238385 3.7523077995 3.9087563183 4.8241985722 4.7536069694 4.9638542654 4.9185323095 5.2424327153 5.6223494919 6.0310529658 6.4595767326 6.9378690811 7.3154518879 7.6606279692 8.0313711918 8.3575198285 8.6513056623 9.245180584 9.4444026561 8.6952129082 8.4640697174 8.2904126764 8.1025623888 7.9801097699 7.9253231199 7.857461211 7.840138855 7.8482038767 7.77863943 7.7564348268 7.7914284748 7.8740606562 7.9922988747 8.1506974375 8.4083286425 8.4545581371 8.60741136 8.8997178595 8.8391448013 8.8381292532 9.0051416533 8.5089963109 8.1802391658 7.3931702302 7.0000404771 6.7401932787 6.5323127041
2.8950178569 2.9609400694 3.0715938952 3.2154201552 3.392045582 3.5500635539 4.5817603487 3.8242830884 4.0420053102 4.3350321326 4.6032395525 4.9016158083 5.2973950512 5.7606584168 6.1362122294 6.5377387286 6.9720802257 7.3795087615 7.7822131461 8.1510679426 8.502832392 8.8236596934 8.9670409092 9.0958422282 8.8727615616 8.832448228 8.4281520368 8.1666848418 8.0193245747 7.9098696104 7.870623345 7.9944063832 7.8547904069 7.795344975 7.7477440168 7.7226093507 7.7418823796 7.7958254923 7.8678553026 7.9660280928 8.083564801 8.1967141734 8.2852938859 8.3522461855 8.5392515022 8.221056419 7.9653030655 7.5244590382 7.1385780717 6.8562284711 6.5851954547 6.2791468802
2.7708706539 2.8417245269 2.9545999717 3.102257859 3.2749281658 3.5156304617 3.5861058977 3.727808345 3.9128703823 4.1737145609 4.4807101943 4.8363946142 5.2879187197 6.1078510659 6.1458442066 6.5291569843 6.9620323323 7.3456505886 7.7659535474 8.4402952571 8.6037964806 9.6026795209 8.9032173135 8.8798607472 8.8765504128 9.1358814859 8.4907727139 8.2207268177 8.0372190512 7.8978466651 7.8272290733 7.782603902 7.8098953891 8.0350612832 7.7156710256 7.633094044 8.2954996911 7.5396408838 7.5162637829 7.5598007085 7.6372562315 7.7368163676 7.7788534334 7.8574953833 7.8019274891 7.7051186262 7.4378378008 7.1704266969 6.8582638344 6.5739833237 6.3096640196 6.0546928839
2.7013169274 2.7761147136 2.9014743974 3.0403643201 3.2030755658 3.3441051171 3.5089474714 3.67290169 3.8906545964 4.1508864142 4.4629466997 4.8230501306 5.2516939419 5.6640102531 6.081398522 6.479447682 6.8844207351 7.265713565 7.6607314999 8.1102559191 9.0918944903 8.7570524934 8.7780123523 8.76607251 8.7904335901 8.6786157724 8.5275276487 8.3057458199 8.12510571 7.9245976391 7.7493306305 7.6636609828 7.6830223486 7.6631896155 7.5636448455 7.649466409 7.3729786253 7.2680230258 7.1714967642 7.1599896185 7.2021810635 7.2720551873 7.3469694312 7.4109862079 7.5534879122 7.2136342702 7.5699160068 6.9091192062 6.5832561712 6.3160745357 6.0643029113 5.84716764
