Models/Synthetic/Density/temp_raster_pop.asc
NCOLS 100
NROWS 100
XLLCORNER 3302900
YLLCORNER 3112000
CELLSIZE 4430
NODATA_VALUE NaN
[rows 46 to 68 of 100, columns 0 to 51 of 100]
0.1092698029 0.9221410129 0.9560397743 0.0980745624 0.1210689052 0.1784061088 2.733223417 0.9309646156 0.0919376287 0.8598090841 0.0842526904 1.858445733 5.3284053825 0.2725858749 3.5135346105 0.2090967286 0.0972634009 0.1537365085 2.709641802 1.8214351518 0.0863040563 0.902395792 0.2842741564 7.0763594244 0.2744384978 1.8603445003 0.2132920509 0.1555889684 0.1300865328 0.1165585661 0.0813970895 0.0588651427 0.0960950285 0.1639979704 0.1336460907 0.189494426 0.1830660492 2.7829245324 0.1960311563 0.181799563 1.0162048283 1.7834014902 2.8395533214 1.8713565227 0.1207447688 0.0264222708 0.8361221639 0.0479379959 0.1305488881 0.1573342181 2.8044740117 3.5146348063
0.1451600219 2.801518406 0.2145616265 0.1884771111 1.8225346894 2.7543864718 0.1200971233 0.094253259 0.8587872308 0.0480789258 0.0833234791 0.2005783423 2.7812310956 1.15973852 2.7228533754 0.9646471865 0.0626567838 0.1185656966 1.7978101594 0.152706049 0.096055944 0.0978554711 1.8698136024 0.2061406934 0.2630238546 3.6510315963 3.6586165136 0.1114138866 0.0727716338 0.8389911296 0.0480100195 0.0596847047 1.7758187129 3.6571889359 2.7377146407 0.1681012563 0.1256715596 1.1596201643 1.8960064486 0.2221030622 0.9090018543 0.235637363 0.3762290066 4.5772763135 0.2121048613 0.0265186098 0.0455022975 0.8358106649 0.0251110397 0.0503868562 0.1177729374 0.1185931475
0.9802151756 2.8730630727 3.6434338778 0.281538077 2.6135742971 0.1416041807 0.0512670701 0.0246626115 0.0242318701 0.0259486609 0.0955070337 0.9335807592 0.1567249808 0.112869596 0.0873430301 0.1066295901 1.7385627644 0.0714973511 0.0397542217 0.1071025714 1.7537367096 0.1892114818 0.2038875663 0.2840108719 1.9405721877 0.2740271213 0.2704576089 1.8034795222 0.1528045459 0.0954783303 0.8375131644 0.0594046374 0.0976789679 0.2022722373 3.639504476 0.27261462 2.6657327431 0.3648705087 6.1444836998 0.2356634479 0.8452465559 0.1243431004 4.5970906872 5.398164903 0.1909186119 0.0172456743 0.0242099461 0.0241534327 0.0238420288 0.0024331941 0.0031253026 0.0039162024
0.1230820682 0.3042585169 6.1860701344 0.3059130156 0.1465775977 0.1418753083 0.0270561029 0.0030638495 0.0027549772 0.0382882266 0.1502459048 3.5093547457 0.210930936 0.1346764487 0.1330465749 0.0731468145 0.0378403269 0.058035959 0.0598172424 0.1278981496 1.8447293206 0.213947711 4.4734260947 4.4956677895 2.7720639658 1.8372410465 1.8345366111 1.8922125207 2.7913499683 0.1664873125 0.0728613566 0.0601279736 0.0629855471 0.1677260075 0.183404379 1.2177916788 5.3764231382 1.3461254801 1.9922964018 0.3604984243 0.1310083721 0.1757464349 0.2032257656 0.202920103 1.0197237232 0.0590673012 0.0246019494 0.0580138417 0.0370284204 0.0363001662 0.0368257848 0.0830588904
0.9910330701 1.0382852826 0.194175253 0.2617535016 3.6471810189 0.9787339424 0.1078843209 0.0959908704 0.095280417 0.0727432025 1.8070542846 0.9207413246 0.1902103028 5.3823480548 1.9263833873 0.1533359984 0.0042344735 0.0241174364 0.8491753861 1.7730187661 0.1330561412 3.6350855844 0.2387639226 0.2485583033 0.2478143759 0.1894782014 0.1777353985 0.2242821047 2.8030035114 2.7454619832 0.0527101785 0.0831668637 1.8318057956 1.0119925617 2.7614932824 1.9632169667 1.0363427499 0.4285363834 7.2053628624 1.0978143865 1.6902421967 1.7628978734 0.0626233563 0.0614713838 0.8501849795 0.0592112632 0.8161066623 0.1053761554 1.763217211 0.1052527778 0.0610822253 1.8072995802
1.960710018 2.7670532707 0.121890081 0.1686093568 4.4565666913 1.0007793341 0.1521713067 3.5749155333 1.7965591451 0.094146532 0.081818816 0.0822694599 0.1210608474 0.2701099513 6.1953527779 0.178545276 0.0076537265 0.0265481556 0.0618053748 0.0850417778 0.1219518451 0.1344406068 0.1587675868 1.0117270145 0.9121228977 2.6646349048 0.0980261398 0.9210308694 1.8333409976 0.1648597667 0.0856636839 0.1385796088 1.755511525 2.8809335949 1.0657817043 0.3203774036 2.8000971361 1.3140981266 4.6032378623 0.3498739549 0.1300044343 0.1034098722 0.0813308066 0.858145048 0.047123434 0.0800712211 0.0606503336 0.1735082943 2.6870336025 0.1405748929 0.8653380297 0.1785076403
1.0603642167 1.014463519 0.9104450399 0.1095331056 0.1302407642 0.9196943648 0.1292188297 0.9087094916 0.1182341035 0.0600853155 0.8154842076 0.0253791723 0.0060355835 0.1431478806 1.0371067733 0.3135935153 0.1778608785 0.1309154376 0.1788887722 0.2233909065 1.0150289937 0.1568738465 2.757706769 1.8322314397 0.153738748 0.1303368638 0.920988313 0.1186406801 0.0624274497 0.0719512427 1.7175840475 0.1050835128 0.9112767857 0.2141930519 4.5651210387 2.0420143508 2.8010135743 2.0781281112 2.8005236548 1.0598415346 0.0320259056 0.0281554093 0.8386297787 0.0606138631 0.038771236 0.0508015032 1.7399746498 0.1414638549 1.7870807136 0.1416507998 0.1345830139 1.1478113334
2.862192256 1.0013472238 0.1880871591 0.1092820357 0.0730060902 0.0265569664 0.0478353574 0.0606781998 0.0606405196 0.0597754788 0.0591192852 0.0585100106 0.038212199 0.0505401612 0.1552467561 5.2578463439 3.5367814707 0.2018640427 2.7392996311 6.2720630001 1.0728733043 3.6465252119 0.1788223515 1.7978118639 0.0742881497 0.1673123131 1.9028075691 0.2238786342 0.0627600214 0.0381710746 0.0390367873 0.1055173186 0.109070855 0.2463706178 0.2525569532 2.8292332365 0.1733790516 1.1486106636 5.2722922331 0.1893263873 0.1460899697 0.1438152385 0.1771741953 0.1075352054 1.0074570952 0.1190178622 0.1171816047 0.9072371507 0.1181624137 0.1093956322 1.8477704739 3.6953907458
0.110594461 1.8700512782 1.9155093146 2.7468324509 0.096887883 0.003927659 0.0382493151 0.0954878256 1.7747703525 0.0841326777 0.062582121 1.7620543413 0.1081463693 0.0966700815 0.9659715941 0.198042722 0.1772195362 0.2008745963 3.6291552971 1.1206524694 1.9437952914 0.1491793775 0.1224344021 0.0615927195 0.0396571374 0.1705798507 6.3190478437 2.7660047979 0.1674063543 0.0415787646 0.1198793812 0.1651921203 1.7802177007 1.8676943542 3.5481084119 0.1566672703 0.1017350573 0.1572959305 0.1802703782 0.2015773853 0.1814406305 7.1028357787 0.191690183 1.8216619526 1.8213988694 1.82123833 0.1187746784 0.9081743274 0.1192332975 1.8106159635 0.201576045 1.0716532638
0.0870354081 0.1903456683 2.8252471451 2.7899766591 0.1190303709 0.0260007385 0.082825927 1.8739456067 0.9992301759 0.1758939874 0.9799540782 0.212463925 1.0256229898 2.7197168403 0.0962167035 0.0492390927 0.0067660601 0.098317787 0.261759989 0.3915863534 0.4732574024 0.3339600758 1.0259189698 0.0624900523 0.0606030254 0.1579655432 2.1073744209 3.7928321832 0.3407277622 1.8488068822 0.1573076372 4.4465710029 1.9130454703 0.1882592515 0.1655159001 1.843861513 0.1540328765 0.1339679021 1.9154136579 1.0060898233 1.9741344572 0.1918530966 1.8693732927 0.1535008707 0.9651850241 0.1744459831 1.7971113121 0.131142633 1.8453283363 0.2384557407 1.0056810501 1.0412407898
2.7580799655 0.1680216509 0.9804591279 0.9785410977 0.074091313 0.0487317761 0.8955445911 0.9752771405 2.7031128946 1.8808826831 0.2629635323 5.3823668363 1.9493395799 0.152876956 0.8622338437 0.0250817535 0.0503452826 0.0763451787 1.0302345625 8.0148008694 5.6313224551 9.7378098683 0.2729875076 1.7763475283 0.0947804741 0.8774935112 0.1924291338 2.8660969453 7.1533340265 0.2398149378 0.2715076149 1.9496787594 0.2364881194 0.0771220173 0.0976391028 0.9444544183 1.9223601817 2.6589149156 0.2717173364 7.1266644283 0.1794466164 0.0748491251 0.0869112772 0.2013483247 0.9806848296 0.9671826409 0.0647179415 0.153166707 1.9051686097 2.0432907462 4.6340263592 0.2877162641
0.0872725737 0.1770054357 2.6861099166 0.117571674 0.0737943466 0.095084693 0.9079436834 0.1294112461 0.1995132051 3.6350337101 0.2957925628 2.8066405034 1.0271440259 0.0857335385 0.0270063302 0.0715735979 0.0983067951 2.7812696454 0.3310382068 1.1914532353 1.3279639815 2.0582059964 0.317310251 0.1113537408 1.8070731817 0.0959915957 0.1188170543 1.0141394428 0.2377362807 1.915818685 1.870457625 2.7712277654 1.8475497523 0.0888812196 0.1310272141 1.8333535906 1.0347297792 1.9031288468 0.2828230248 0.1917199022 0.1209578899 0.0259253237 0.073238038 2.7340893912 4.5592533788 0.2022618619 0.110913187 0.1421014991 1.7951124425 4.7332318813 2.8927044719 1.2332984893
1.8669083154 0.15411724 0.9191301105 0.0946478724 0.0737883747 2.7204198073 0.1552413786 0.1092240995 0.0872765554 0.9001791156 0.2126258516 1.8567041055 0.2214628674 0.1185734004 0.0730181034 0.0976111153 2.7470831974 0.2961641691 5.3627328955 0.1720020878 0.1372858372 2.6817010813 0.2033333731 0.9584164151 1.0542078311 0.0740071871 0.8727579702 0.0846973723 0.0977979445 0.1096423917 1.83360426 0.2109198353 1.0882929973 1.8661442661 0.1667458219 1.8456952008 0.2133916623 0.2138729888 3.5132856951 0.0751471921 0.0049949475 0.0257053947 0.8632167949 0.2041483551 0.2759114727 2.8300844098 1.8596416493 0.1759615653 1.0036763609 0.2713152237 3.6751816621 1.0053255289
1.0103124548 1.7855074028 0.0827504055 0.837731734 0.0737339818 0.1881664432 4.435073723 0.1426053545 0.0503155206 0.0848078267 0.9652971399 0.9468574213 0.9787591859 3.4558537765 0.1332253866 0.1576859203 2.7606745213 2.0193183218 1.0407545796 0.2601968868 0.1342902449 0.1337865626 0.2006796483 5.2888004496 0.1529775962 0.0610585764 0.0610937628 1.7866341301 0.1092805327 0.1080169686 0.0620502763 0.0967165081 1.7215701544 1.0007121066 1.913111375 0.1910051656 1.8463226505 2.7223374281 0.1755773108 0.1282071392 0.0598830805 0.0728538778 0.1423878627 0.2024402484 3.6825098211 2.7818365332 0.203594333 2.7436586258 0.9114593069 0.1312030392 0.0876538495 0.1870789275
0.048981367 0.0831687066 0.0927125277 0.0585078801 0.0271950609 0.1846752808 2.6555919559 0.2077396976 0.0521859893 0.8971045133 1.074308624 1.8657864617 0.2412184438 0.1772467716 0.2120962166 3.6485706402 0.1942720702 0.2487751586 5.2920314385 0.1903142655 2.6990558869 1.8099447899 0.1554788063 0.1216206797 0.9081846023 0.0268499906 0.0945522198 0.2098850824 2.7990013039 0.9310698407 0.0265015464 0.0478945851 0.1398186478 0.9998712343 1.8919409703 2.7237950961 0.1330840124 0.0988506199 0.1194677034 2.5417894446 0.1195588607 0.1461662087 2.7819675214 3.5725223196 0.181448741 0.1348022286 0.9919266505 0.2221351245 0.9896373527 0.0725898082 0.0073294168 0.0621053903
0.0021446389 0.0370211035 1.7161887911 0.0384654488 0.0077381315 0.1073774125 1.6892702851 0.15242156 0.9328879318 0.1772919604 1.0010336188 1.7491416706 0.1789156542 1.7616487789 1.9264669 0.2499512152 2.7356522843 0.1669118601 0.1218315089 0.1894367128 0.9684458203 0.9688141027 0.2014117143 0.1209329207 0.1174676819 0.0263353505 0.061873481 2.6455384773 3.5564291118 0.1425045654 0.0273819686 0.0063310695 0.0759781859 2.7450784195 0.2241578131 0.1772709127 0.1087093836 0.0741731568 0.9947006679 0.0738970176 0.1546021448 3.6595700748 1.9721735588 0.2569192205 0.1535847126 0.0857262192 0.1120649465 4.4472160595 0.9917110297 0.1654395561 0.1085144231 0.1414834282
0.061906149 0.0958075089 0.0609410733 0.1303641493 0.1882309493 0.2099813226 0.1883197499 0.2004784098 1.060610544 3.6040292107 0.2350851342 0.1901446503 2.811883923 0.2377582254 2.837556214 2.7062961656 0.1568993054 0.076006242 0.8542861316 0.1462105482 0.2598849205 2.793497162 0.2360799083 5.2338696198 0.0974410894 0.0275003676 0.0837037202 0.1980440705 0.1773753117 0.1211501088 0.1321438919 0.1906699904 0.2378136733 0.1816394224 3.4807811771 0.1574332955 0.9341412176 1.8328683861 0.0948345687 0.040939281 0.2133425073 1.9635828953 1.0973398154 0.9681707547 2.5546023278 0.1193583244 0.2245486594 0.2934321632 2.8273911007 0.9795303132 2.7221845369 1.8336906899
3.7171330965 0.0875865336 0.1106071859 1.0374976163 3.6953578804 4.4049702892 0.1465203196 2.7027908096 3.7035428157 2.7704683693 0.1701521181 2.7510303192 1.042088045 1.953121592 0.2613137564 2.7927924475 0.1781559353 0.1441933682 0.2000466448 1.9507819535 3.7618390772 3.5741215561 0.2474241761 0.1543761762 0.1523361762 0.140498686 0.9106003545 0.1674981363 2.689159396 0.1220890131 0.2016214542 7.0273173254 3.7293412426 0.2615371006 0.2154598935 0.2584090684 3.6787076159 0.9780068806 0.1064330643 0.8194517897 0.214429286 5.4072976665 1.972948049 0.1653357559 0.1324817996 0.1678182589 2.6739466969 4.4854462241 0.2396664626 0.2357911754 1.8232128492 0.2228539692
0.1928017142 1.015258878 0.1805984683 3.7389599063 4.4858286906 0.2585383865 0.1659564564 0.1335807658 0.1787305254 0.1128886901 0.1926495399 0.262454379 3.8073027224 1.9153148594 1.0151334163 1.0583986284 1.8809023651 0.970651741 3.6939421017 2.7450146212 1.9631704103 0.1932444926 0.1313696239 1.7407333064 0.8526138506 0.1422929132 5.2562314675 0.2255786381 0.1809916101 3.5364085154 0.2018848129 0.2151524247 1.0844261532 3.6719442019 2.739307703 1.906920156 1.0179736842 1.0608504465 0.1546287814 0.1090932811 0.2015189642 3.7272141093 1.0607189375 0.1121906883 0.1902566702 2.8146146205 0.3488859798 1.1250511844 1.8913431225 1.8215964278 0.1430456168 2.6121680533
3.7190700467 1.8912142612 1.8808576956 0.2696032031 0.2481502 0.1672286859 0.0979548189 0.8981692352 0.1082900766 0.1099344278 0.1582945735 5.3857090252 1.9306262907 0.9708866228 0.1449246059 2.6895222605 0.1783523777 1.9143994702 1.1296129354 0.4473139224 0.354252899 1.0046295673 0.0623209021 0.0934945021 0.0958310266 0.19710169 0.1456516719 0.2452403504 3.6346634994 0.198861716 0.1191206729 0.0732449398 0.131349287 1.0008345266 0.2261756009 0.3385371255 2.8218270962 0.3972105576 4.449668207 0.0888648466 0.123218723 0.9808584747 1.8676686152 0.0886560349 1.0781882176 6.0390093937 0.2362015359 0.912117085 0.9422481837 0.1187843299 0.1182863859 0.1320235267
1.0372246574 0.2362583228 0.9571599667 0.9105650262 1.7766892055 1.7753679959 0.1178686207 1.8075152373 2.6751492862 0.1799455694 2.7629202966 0.3302532747 0.2593829963 0.1540182541 0.1639443283 0.1302543843 0.1317178938 0.9796470336 1.9305345762 4.5922542019 8.8549970063 0.1812257703 0.0291283572 0.0727021138 1.7547089594 0.1877814782 1.703697805 0.2230772712 1.7138913794 0.152843178 0.8618846356 0.8385575923 0.0497669259 0.085212758 2.5914261107 0.273179946 6.235663513 5.4878470099 0.1836599715 0.1767068493 0.1533511529 1.8765568924 0.9968978439 0.0646201772 0.1632302415 0.1872324508 0.9850378476 0.0725540822 0.0709350234 0.8607249075 0.0839385588 0.0988872912
0.1464564621 2.734827169 0.1326415537 0.1194868951 0.1304186578 0.09672558 0.9075295459 0.129585194 0.1083203423 0.1800744615 4.5819964264 3.5958804553 0.146722891 1.7770723102 2.5650942939 0.0851413833 0.8633687505 0.1547775445 2.8037488593 0.3646044071 0.2841152322 0.2249789786 0.075349297 0.1417645558 1.7993651485 0.2653485039 3.5790193576 0.2637660751 0.1203419663 0.9063445125 0.0937565851 0.0699872755 0.0485220249 0.1164026067 0.154229276 2.0018937882 0.3078988339 0.3049791554 0.1373566886 0.1334940199 4.3021304844 0.1659679739 0.0743165294 0.0629089693 0.0733879653 0.8858161351 0.0501080523 0.0488365064 0.048421031 0.069956776 0.8727981176 1.8421641366
3.683846227 0.1574516069 0.1785289055 1.8458148058 0.1681592551 0.1349435411 0.1219707488 0.9102035118 0.064334083 0.1130860681 0.2360184932 1.9149550372 0.1983875844 0.1418531646 0.1622016086 0.1627020125 0.1187816942 0.9563012577 0.1790930985 0.9563250035 0.8886296342 0.100207497 2.726371639 1.0167619805 0.2055184995 1.0157112657 2.6497764723 1.0246364079 0.9571409334 0.1764042425 0.1203001058 0.886606547 0.0643028094 0.0976049806 2.5674464352 0.1546055881 2.5692940192 0.1451510181 1.8035592108 0.280871346 0.27075224 1.023303808 0.0745083642 0.0502975214 2.6605187068 0.0947991971 0.0498640006 0.0972119913 0.8873131078 0.1178890721 0.0612722038 0.1296982761
