Models/Synthetic/Density/temp_raster_dens.asc
NCOLS 100
NROWS 100
XLLCORNER 3302900
YLLCORNER 3112000
CELLSIZE 4430
NODATA_VALUE NaN
[rows 69 to 91 of 100, columns 0 to 51 of 100]
0.0000149891 0.0000183025 0.0001780625 0.0002564717 0.0001932617 0.0001924728 0.0001912502 0.0000256769 0.0001787449 0.0000115731 0.0000155815 0.0002443204 0.0000111444 0.0000050119 0.0002481101 0.0000824162 0.0000948047 0.0001754207 0.0000949151 0.0000915543 0.0000832215 0.0000276106 0.0000335317 0.0004452932 0.0001888744 0.0000286278 0.0000197513 0.0000216712 0.0002526969 0.0001794979 0.0001723126 0.0000186377 0.0001775487 0.0000228809 0.000012405 0.0000130254 0.0000080265 0.0000220904 0.0002596659 0.0001889313 0.0003410304 0.0002632512 0.0000090986 0.0000048793 0.0000090436 0.0000884775 0.0000100634 0.0000198428 0.0004228198 0.0000145203 0.0000005699 0.0000067849
0.0000139317 0.0005162622 0.0000279984 0.0000290373 0.0005181298 0.000694955 0.000283729 0.000516895 0.0001802336 0.0001767942 0.0001001448 0.0000875822 0.0000097954 0.0000067832 0.0000088165 0.0000166965 0.0000179277 0.0000984973 0.000331963 0.0000132066 0.0000050629 0.000021531 0.0010787045 0.000043543 0.000596112 0.0002532305 0.0000846426 0.0000866085 0.0000909425 0.0001774735 0.0000911352 0.0000231574 0.0003356861 0.0003405514 0.0000125143 0.0000038871 0.0000822436 0.0000211574 0.0004347858 0.0000353072 0.0003440665 0.0000942502 0.0000103298 0.0000090732 0.000017555 0.0000938431 0.0002463715 0.0000179589 0.0003374045 0.0000177048 0.0000057113 0.0000055477
0.0001008798 0.0001888148 0.0004237276 0.0000226742 0.0000262626 0.0001977385 0.0004369841 0.0000322764 0.0001822883 0.0000211427 0.0002557892 0.0000101734 0.000006617 0.0000786534 0.0000026259 0.0000146489 0.0005005195 0.0000244867 0.0000105537 0.0000090064 0.0000071251 0.0000309914 0.0000325513 0.000195519 0.0000191947 0.0000177078 0.0000154147 0.0000144437 0.0000177567 0.0000123544 0.0000125626 0.0002578703 0.0001025015 0.0002557723 0.0000143419 0.0000070221 0.0000967318 0.0001705184 0.0000954121 0.0002564132 0.0000179521 0.0000177398 0.000011371 0.0001721335 0.000247574 0.0002619802 0.0000155888 0.000014414 0.0000092416 0.0000143039 0.0002407401 0.0000055565
0.00026681 0.0000975505 0.0001833453 0.0000225494 0.0000914145 0.0000201399 0.0000923803 0.0000243387 0.0000901765 0.000177618 0.0000103264 0.0000089648 0.0000807771 0.0000044507 0.000002603 0.0000209507 0.000264985 0.0001166061 0.0000159727 0.0000059953 0.0000845693 0.0002571696 0.0003418823 0.0000126912 0.0000038463 0.0000005211 0.0000061081 0.0003404373 0.0000976318 0.0000941971 0.0000146785 0.0000092195 0.0000144125 0.0000843087 0.0000079945 0.000009417 0.0001775814 0.0000962486 0.0000186117 0.0000112933 0.0001689757 0.0000156253 0.0002506661 0.0000218417 0.0000167011 0.000016586 0.0001690461 0.0000068986 0.0000037358 0.0001665443 0.0000089465 0.0000076644
0.0000070105 0.0000147016 0.0000212032 0.0005056454 0.0000231394 0.0000906725 0.0000866223 0.0000155529 0.0003342961 0.000018801 0.0000103649 0.0000821537 0.0000099686 0.000007873 0.0000028812 0.0000146197 0.000342022 0.0005831692 0.000022425 0.0001702189 0.0000207978 0.0000220111 0.0001774818 0.0000111678 0.0000003259 0.0000022836 0.0000080302 0.0000178765 0.0004224094 0.000349121 0.0000890013 0.0000070765 0.0000026909 0.0000067269 0.0000068878 0.0000178438 0.0002614404 0.0002614102 0.00000726 0.0000070555 0.0000091064 0.000092818 0.0002567581 0.0001711386 0.0000040276 0.000008995 0.0001665874 0.0000087399 0.0000055956 0.0000088593 0.0000122367 0.0000092035
0.0000025872 0.0000071176 0.0002569694 0.0000953666 0.0000983206 0.0002473402 0.000013414 0.0000177173 0.0000942447 0.0002580184 0.000016761 0.0000155669 0.0001752412 0.0000940092 0.0000167928 0.0000231282 0.0000943071 0.0000221692 0.0000252328 0.0003331808 0.0000198453 0.0001639797 0.0000864419 0.0000078934 0.0000004908 0.0000045087 0.0000853279 0.0000189213 0.0000257547 0.0000300104 0.0002665918 0.0000144934 0.0000058461 0.0000142095 0.000162857 0.0000233735 0.0003494833 0.0000247131 0.0000157555 0.000007912 0.0001676553 0.0000123099 0.0000103851 0.0000144672 0.0000102121 0.0000120776 0.0000800384 0.000005771 0.0000026762 0.0000801185 0.0001755176 0.0001840334
0.0000928429 0.0000166614 0.000009096 0.0000122855 0.0001709145 0.0000143773 0.0000124032 0.0001732924 0.0001765465 0.0000189748 0.0000201114 0.0004899551 0.0000158574 0.0000201222 0.0007354144 0.0000212493 0.0000118131 0.0000095539 0.0000900463 0.0000889709 0.0001763638 0.0000144429 0.000090486 0.0000131933 0.0000090155 0.0000110547 0.0000887163 0.0003386641 0.0000246911 0.0002587368 0.0002624197 0.000170371 0.0000092801 0.0000918507 0.0004166619 0.0000212395 0.0001018356 0.0005045166 0.0000156427 0.0000862957 0.0000854381 0.000016584 0.0000115099 0.0000187971 0.0003268002 0.0000153413 0.000010238 0.0000164454 0.000016503 0.000014307 0.0000199338 0.0005068045
0.000437355 0.0000898834 0.0000047739 0.0000057467 0.0000058304 0.0000089679 0.000166723 0.0000154867 0.0001756139 0.0000923299 0.0001855075 0.0000266886 0.0000234237 0.000021076 0.0000210807 0.0002642281 0.0000177412 0.0002598218 0.0000218416 0.0000187256 0.0000155056 0.0000897408 0.0000175512 0.0002483934 0.0001689176 0.0000143441 0.0001753836 0.0000264291 0.0005068023 0.0001800005 0.0000187684 0.000016638 0.0000176592 0.0001798114 0.0000223091 0.0000201579 0.0000932836 0.0000166563 0.0001638648 0.0000152559 0.0000145428 0.0001775425 0.0004105153 0.0000190251 0.0002548931 0.0000155414 0.0000846243 0.0003413037 0.0003320933 0.0000854277 0.00001144 0.0000177928
0.0001810098 0.0000156414 0.0000067625 0.0000829962 0.0000068288 0.000009966 0.0000800476 0.0000092189 0.0000191187 0.0003470564 0.0000258725 0.0004285515 0.0003324448 0.0000103992 0.000007156 0.0000834285 0.0000950782 0.0001683294 0.0002529574 0.0001746951 0.0000899815 0.0000900066 0.0001763685 0.0000919172 0.0000144778 0.000012377 0.0002423651 0.0000233947 0.0000182989 0.0000169639 0.0000060697 0.00008337 0.0003298676 0.0000244859 0.0001019327 0.0003397346 0.0000124888 0.0000068751 0.0000049377 0.0000112971 0.0003321731 0.0000241975 0.0000180485 0.0000288134 0.0000235506 0.0000994464 0.0000104385 0.0000186952 0.0000930148 0.0000132064 0.0000026987 0.0000025999
0.0000125639 0.0000145917 0.000087541 0.0000089007 0.0002479562 0.0000099103 0.0000089582 0.0000177224 0.0000256405 0.0004214543 0.0000260543 0.0000226875 0.0001802476 0.0000125049 0.000004872 0.0000068188 0.0000121346 0.0001773975 0.0000209182 0.0000211268 0.0003456849 0.0000211222 0.0000199853 0.0001755731 0.0000146858 0.0000154131 0.0000123166 0.0001000635 0.0002546515 0.0000110944 0.0000087381 0.0000109856 0.0000112815 0.0000954297 0.0005903515 0.000181177 0.0000116579 0.0000137036 0.0000146701 0.0000209278 0.0000156096 0.0003308905 0.0000126709 0.0000236291 0.0009048352 0.0000204042 0.0000063888 0.0000157598 0.000093204 0.0000176576 0.0000059645 0.0000045744
0.0000092591 0.0004979585 0.0000156986 0.0000112385 0.0000048067 0.000007886 0.000164621 0.0001734184 0.0005025399 0.0000193295 0.0000202606 0.0003450484 0.0000267076 0.0000299494 0.0000963606 0.0000135699 0.0000058969 0.000013401 0.0002546473 0.0000137679 0.0000157904 0.0004146313 0.0000147161 0.0000981243 0.000413407 0.0000123023 0.000081371 0.0001691267 0.0000134858 0.0001594861 0.0000809028 0.0000080595 0.0000102236 0.0000231969 0.0000211286 0.0000255379 0.0000983188 0.0000253808 0.0006589392 0.0000910174 0.000009319 0.0000091787 0.0000897776 0.0001842634 0.0001156331 0.0000289934 0.0000236263 0.000183361 0.0004245733 0.0001787289 0.0000896241 0.0000140722
0.0000135588 0.0000178863 0.0002610846 0.000011275 0.0000068744 0.0000078701 0.0000068478 0.0000155621 0.0000187264 0.0000179417 0.0001017392 0.0001776177 0.0002766969 0.0004197852 0.000671652 0.0000136375 0.0000026203 0.0000841562 0.0001677386 0.0000080938 0.000010228 0.0000864934 0.0000134934 0.0000133505 0.0000854719 0.0000141547 0.0000153995 0.0000155215 0.000018621 0.0000099549 0.0000097196 0.0000079124 0.0003326733 0.0000855002 0.000163751 0.0000125858 0.0004124772 0.0001015675 0.0000951208 0.0000240868 0.0000134243 0.0000133142 0.0000122699 0.0001712546 0.0000192052 0.000418254 0.0001878507 0.0005156699 0.0000301538 0.0000253997 0.0002505852 0.0001638763
0.0000081352 0.000253656 0.0000113605 0.0000886149 0.0002512491 0.0000111391 0.0000037436 0.0000058898 0.0000101882 0.00023718 0.0000308157 0.0005135881 0.0001950623 0.0000300238 0.0000221255 0.0000134399 0.0000044597 0.0000075219 0.0000056071 0.0000099079 0.0000090703 0.0000186455 0.0000866934 0.0000122546 0.0000027027 0.0000047058 0.0000876512 0.0004145021 0.0000190385 0.0001659637 0.0000060254 0.0000058882 0.0000079183 0.0000130398 0.0000077364 0.0000131708 0.0000122902 0.0000885513 0.0000070477 0.0000103557 0.0004102391 0.0001689956 0.0000070308 0.0000070978 0.0001723376 0.0000201339 0.0001897405 0.0001886971 0.0001802474 0.0000157837 0.000171117 0.00002209
0.0001785901 0.000011279 0.000010125 0.0000101587 0.0001699359 0.0000134381 0.0001667863 0.0000092058 0.0000906703 0.0001023571 0.0001050662 0.0003484684 0.000023583 0.0000836658 0.0000060485 0.000002725 0.0000767084 0.0000023538 0.0000003817 0.0000067179 0.0003224681 0.0000230407 0.0004188822 0.000019743 0.0000058078 0.0000045772 0.000015367 0.0001776014 0.0000975799 0.0001847988 0.0000113408 0.0000088732 0.0000037449 0.0000056428 0.0000767456 0.0000045856 0.000007873 0.000007851 0.0000100551 0.0000123276 0.0000174973 0.000013241 0.000010097 0.0000155934 0.0000158569 0.0000170217 0.0000903677 0.0001801176 0.0001746967 0.0000104829 0.0000093458 0.0000181567
0.0000091022 0.0001699088 0.0000070404 0.0000102428 0.0000154939 0.0000930027 0.0000253534 0.0001769108 0.0000257178 0.0001758867 0.0001810715 0.0000137022 0.000013415 0.0001657156 0.0000154289 0.0000154539 0.0000132122 0.0000055392 0.0000003416 0.0000098053 0.0000102235 0.0000241219 0.000335405 0.0001775418 0.0000079684 0.0000799842 0.0000090773 0.0000156518 0.0002635386 0.000024386 0.0002477945 0.0000142821 0.0001666871 0.0000107845 0.0000025527 0.0000099921 0.000085547 0.0001690212 0.0000081572 0.0002461214 0.0000089772 0.0000789324 0.0000090596 0.0002580129 0.0004159487 0.0000267771 0.0000278304 0.0001885253 0.0000243061 0.0000116019 0.0000198731 0.0002531103
0.0000862422 0.000013474 0.0001735315 0.0000159672 0.0001744928 0.0003280379 0.0000286741 0.0005864074 0.0000310216 0.000339651 0.0000165988 0.0000800962 0.0000100376 0.0000126399 0.000100749 0.0004212415 0.0001754828 0.0000068601 0.0000035838 0.000008774 0.0001636309 0.0000123712 0.0000156953 0.000089764 0.0000154271 0.0000100993 0.0001677689 0.0000123712 0.0000942584 0.0004240875 0.0000201136 0.0000176508 0.0002442564 0.0000121069 0.0000038207 0.0000163942 0.0003413674 0.0000241278 0.0000156802 0.000012316 0.0000119514 0.0000819061 0.0000120373 0.0000167489 0.0002644982 0.0000311314 0.0006689754 0.0003379694 0.0000180815 0.0004105579 0.000023204 0.0003332405
0.0000103927 0.0000212368 0.000270073 0.0002699399 0.000024386 0.0000149614 0.0000235844 0.0003392365 0.0000343852 0.0000923739 0.0000133227 0.0000025235 0.0000067261 0.0002537095 0.0001966936 0.0003452009 0.0000221461 0.0000080694 0.0001613572 0.0000131358 0.0000844369 0.0000154561 0.0000113714 0.0001721258 0.0000135138 0.0002524631 0.0000081458 0.000010028 0.000091895 0.0001755407 0.0000170784 0.0001754416 0.0000176567 0.0000153201 0.000161563 0.0000145142 0.0002509971 0.0000265538 0.0004146114 0.0000080807 0.0000056596 0.0001633087 0.0000056534 0.0000049387 0.0000114806 0.0003388069 0.0000286649 0.0000222193 0.0000177343 0.0000200928 0.00018416 0.0000211208
0.0000082451 0.0005076589 0.0001867494 0.0002596917 0.0002613943 0.0000191613 0.0000193206 0.0000366697 0.0003476067 0.0001832921 0.0000079733 0.0000003967 0.0000046115 0.0000103976 0.0001778105 0.0001779823 0.0000981707 0.0000101354 0.0000058739 0.0000153683 0.0002527625 0.0000188027 0.0002487864 0.0000188688 0.0001735341 0.0000145379 0.0000113631 0.0000112139 0.0000856583 0.0000247213 0.0000259375 0.0000999835 0.0003279373 0.0000123991 0.0000081206 0.0000133123 0.0000157742 0.0004198527 0.0000156255 0.0000078561 0.000003468 0.0000055121 0.0000055628 0.0000025017 0.0000123165 0.0000125604 0.0000157058 0.0001616112 0.000003906 0.0000125775 0.0004950128 0.0000189472
0.0000081197 0.0000148016 0.000026677 0.0001831534 0.0000932606 0.0000190701 0.0006529152 0.0000344755 0.0006774107 0.0001061803 0.0000102044 0.0000046206 0.0000023884 0.0000058397 0.0000134999 0.0000158422 0.0001722252 0.0000090638 0.0000842001 0.0000197663 0.000176715 0.0001065858 0.0000962924 0.0002651851 0.0000190303 0.0000145993 0.0003298931 0.0000155845 0.0000212763 0.0001890648 0.000846527 0.0000247283 0.0000177745 0.0000188552 0.0000931551 0.0000943518 0.0000223492 0.0000157574 0.0000079874 0.0000003104 0.0000014582 0.0000078253 0.0000821602 0.0000100954 0.0000093233 0.0003339633 0.0000091915 0.0000056568 0.0000076333 0.000013141 0.0000144555 0.0000167613
0.0000036075 0.0000072202 0.000178947 0.0001799779 0.0000189152 0.0000165455 0.0000125738 0.0000277294 0.0002595113 0.0000223924 0.0002482004 0.0000047018 0.0000068084 0.000090944 0.0000213086 0.000259344 0.0000124226 0.0000842488 0.000012084 0.0002473385 0.0002557832 0.0000135462 0.0000909561 0.000331013 0.0000158886 0.0002526654 0.0000157827 0.0001745272 0.0001802449 0.0005158759 0.0000304016 0.000095825 0.0000147342 0.0003333165 0.000184086 0.0002698762 0.0004221025 0.000011419 0.000000461 0.0000045675 0.0000058729 0.0000957591 0.0002524598 0.0000176564 0.000179914 0.0000222047 0.0000147053 0.0000058864 0.0000789414 0.000078973 0.000005915 0.0001690364
0.0000078393 0.0001721374 0.00002733 0.0004210287 0.0000897611 0.000002703 0.000001767 0.0000081162 0.0000103149 0.0000164756 0.0000100678 0.0000078988 0.0000069739 0.0002634898 0.0005937724 0.0000268834 0.0000177193 0.0000863324 0.0000119799 0.0000100931 0.0000100011 0.0000069359 0.0000090639 0.0000135194 0.0000212234 0.0000169393 0.0000168652 0.0000979631 0.0001006091 0.0000297859 0.0001018746 0.0000169576 0.0001785284 0.000095249 0.0000275267 0.000258513 0.0001820416 0.000014521 0.0000037265 0.000009101 0.0002570192 0.000020221 0.0000149307 0.0001734863 0.0002582062 0.0003416967 0.0001724419 0.0000156921 0.0000207561 0.0000155065 0.0000122028 0.0000091487
0.0000101677 0.0001640383 0.0001829306 0.0000921203 0.0000122687 0.0000045721 0.0000079002 0.0000935472 0.0000843707 0.0000821457 0.0001655913 0.0000059059 0.0000092225 0.0000224343 0.000348377 0.0001081267 0.0002485645 0.0000896105 0.0000079697 0.0000005834 0.000002484 0.0000046636 0.0000091715 0.000013768 0.0002615664 0.0003427021 0.0000868801 0.0000081553 0.0000856554 0.0002497614 0.000341596 0.0001724819 0.0000125278 0.0001734114 0.0000919895 0.0000177459 0.0000144973 0.0001699898 0.0000092269 0.0000166778 0.0002602218 0.0003479328 0.0000159178 0.0000178614 0.000020084 0.0000201294 0.0000254014 0.0002575261 0.0002699631 0.0003345441 0.0000134869 0.0000122768
0.0000147493 0.0001017079 0.0001003076 0.0000178213 0.0000080042 0.0000059138 0.000087561 0.0002535466 0.0000165945 0.0000122531 0.0000142661 0.0000917332 0.0000166361 0.0000953002 0.000012841 0.0000179589 0.0000939485 0.0001761918 0.0000142098 0.0000058453 0.0000079632 0.0000856681 0.0000955349 0.0002700822 0.0001096057 0.0001852333 0.0000177959 0.0000099305 0.0000142281 0.0000197548 0.0000178075 0.0000157635 0.0000134928 0.0000165562 0.0002513736 0.0000090056 0.0000801626 0.0000156051 0.0001812339 0.0001009346 0.0000968141 0.0000191099 0.0003355689 0.0000180552 0.0001724341 0.0001650044 0.0000168597 0.0004233936 0.0002720427 0.0000212672 0.0001711465 0.0001667341
