Models/Synthetic/Density/temp_raster_pop.asc
NCOLS 100
NROWS 100
XLLCORNER 3302900
YLLCORNER 3112000
CELLSIZE 4386.138614
NODATA_VALUE NaN
[rows 38 to 75 of 100, columns 0 to 85 of 100]
4.16 4.16 4.16 4.16 4.4 2.72 4.72 3.72 5.92 5.52 4.52 6.15 19.59 73.91 28.04 8 7.04 7.52 7.52 4.88 2.72 4.34 3.02 0.44 2.72 2.42 2.87 2.4 4.68 3.54 3.73 2.39 2.34 2.24 2.24 3.92 4.98 3.44 3.68 3.52 3.84 4.8 4.8 4.8 4.8 4.8 4.8 4.8 4.25 3.15 3.04 3.04 3.04 3.46 6.4 6.4 17.81 40.63 6.4 6.4 6.4 6.4 5.14 3.25 4.3 3.88 4.51 6.4 4.51 3.25 4.77 4.8 6.78 8.43 5.46 5.3 8.8 9.3 10.3 9.02 8.8 7.8 3.57 4.38 2.4 2.4
4.16 4.16 4.16 4.62 4.32 4.72 4.32 5.52 5.72 3.12 3.35 8.21 3.24 1.86 3.77 4.24 2.1 2.32 5.14 3.74 0.48 3.25 0.32 0.32 0.32 0.57 3.78 4.3 4.68 3.28 3.96 3.22 2.89 2.34 2.24 2.42 3.96 3.52 3.52 3.52 3.52 4 4.8 4.8 4.8 4.8 4.8 4.8 4.8 4.67 3.46 3.04 4.09 6.4 6.4 5.77 6.4 6.4 6.4 6.19 6.4 6.4 5.14 3.04 3.04 5.35 4.93 4.98 3.61 3.04 3.81 7.77 8.43 7.77 5.13 5.3 5.3 6.8 20.02 3.75 7.52 4.53 3.85 2.84 2.4 2.4
3.73 4.04 3.37 3.92 5.72 5.72 4.32 3.12 3.12 4.41 16.44 6.7 2.09 0.48 0.48 0.48 0.48 0.48 0.71 0.95 1.42 6.59 1.88 0.44 0.68 2.25 4.49 5.44 5.44 4.31 3.34 3.04 3.04 3.04 3.02 3.52 3.52 3.52 3.52 3.52 3.52 3.48 1.44 3.04 4.8 4.8 4.8 4.8 4.8 4.34 3.04 4.93 6.4 6.4 6.4 4.09 4.09 5.98 4.51 4.09 4.51 4.72 3.67 3.04 3.67 6.4 6.4 3.07 0.48 0.96 2.24 7.99 9.42 9.09 9.09 5.13 4.8 38.46 60.9 3.96 3.68 3.68 3.68 3.04 2.4 2.06
5.72 4.92 5.12 5.92 5.92 5.12 3.92 2.72 4.41 21.44 9.97 4.2 0.76 0.48 0.48 0.48 0.48 0.95 5.65 4.71 3.53 7.76 8 4.88 3.13 2.4 4.11 5.44 3.73 2.97 3.82 3.04 3.04 3.04 3.22 3.52 3.52 3.52 3.52 3.52 3.52 3.52 0.72 2.52 3.76 4.56 4.8 4.8 4.8 4.65 4.51 5.56 6.4 6.4 5.77 3.25 3.74 4.93 3.25 3.04 3.04 3.46 5.14 5.14 3.46 5.98 6.19 2.66 0.48 0.48 1.39 4.8 4.8 4.8 6.78 7.11 4.8 27.24 94.56 3.75 3.68 3.68 3.68 3.28 1.18 0.43
4.63 5.92 5.92 5.92 5.92 5.92 5.12 3.52 2.92 2.28 2.76 3.51 2.2 2.84 4.98 3.58 4.46 1.56 6.35 5.6 6.08 4.88 6.8 4.07 4.49 3.92 5.06 5.44 4.3 3.73 2.4 2.99 3.04 3.04 3.1 3.52 3.52 3.52 3.52 3.52 3.52 1.72 1.52 3.32 3.6 4.8 4.8 4.8 4.8 4.9 5.36 6.4 6.26 5.84 4.93 3.25 4.09 4.16 4.44 4.65 4.16 3.74 4.09 6.4 4.3 3.46 3.67 3.04 4.82 3.4 2.88 4.14 4.8 4.8 6.6 6.99 6.19 14.07 74.94 3.68 3.68 3.68 3.68 3.58 2.05 0.54
4.59 5.92 5.92 5.32 5.92 5.92 5.92 5.92 3.61 2.08 2.76 4.46 3.61 4.8 5 4.8 4.24 4.24 4.37 4.16 4.16 6.56 6.8 3.06 2.4 2.4 5.25 4.3 4.11 2.78 2.4 2.6 3.04 3.04 3.04 3.43 3.52 3.52 3.52 3.52 2.92 3.32 3.52 3.52 4 4.8 4.8 4.8 4.8 4.8 5.2 6.26 4.58 4.16 4.86 4.23 4.16 4.16 4.16 4.16 4.16 4.16 4.16 4.65 3.53 3.04 3.04 3.46 6.19 3.25 3.37 4.42 4.52 4.73 4.68 4.6 5.29 52.28 151.84 22.2 5.29 5.98 3.68 3.48 2.08 1.97
4.62 5.32 4.32 3.72 5.92 5.92 5.92 4.45 0.67 3.17 4.8 4.8 4.8 4.8 4.24 1.72 0.32 0.32 1.28 4.16 4.88 7.04 6.8 3.16 2.4 2.4 3.35 2.97 4.68 3.35 2.4 2.56 2.84 3.04 3.04 3.28 3.52 3.52 3.52 2.12 0.52 3.32 3.52 3.52 4.32 4.8 4.8 4.8 4.8 4.8 4.36 4.44 4.16 4.16 4.16 4.16 4.16 4.16 4.16 4.16 4.16 4.08 3.68 3.72 3.47 3.07 3.25 3.04 3.46 3.57 4.69 1.22 3.55 4.03 3.68 3.68 4.14 3.91 114.8 49.98 4.6 4.98 4.6 3.28 2.08 2.08
4.52 4.75 4.32 2.72 5.52 5.23 2.07 0.32 0.88 4.8 4.8 4.8 4.46 2.76 4.12 2.54 1.2 0.43 2.24 4.16 5.36 5.12 5.52 4.11 2.4 2.4 3.92 4.49 5.25 3.39 2.84 3.04 3.04 3.04 3.04 3.4 3.52 3.52 3.52 3.52 3.52 3.52 3.52 3.52 3.68 4.72 4.8 4.8 4.8 4.68 4.2 4.16 4.16 4.16 4.16 4.16 4.16 4.16 4.16 4.16 4.16 3.68 3.52 3.52 3.52 3.43 4.63 3.04 3.04 3.7 4.53 2.1 3.28 4.6 4.6 5.06 5.29 3.68 40.72 59.24 3.68 2.77 4.92 2.78 0.87 1.75
5.62 5.98 5.72 4.92 4.18 0.33 0.32 1.16 4.52 4.8 4.63 4.29 3.27 2.42 2.08 2.08 2.08 2.32 3.83 4.16 4.4 5.33 5.22 3.35 2.4 2.4 2.59 3.35 5.06 4.15 3.33 3.04 3.04 3.04 3.04 3.31 3.52 3.52 3.52 3.52 3.52 3.52 3.52 3.52 3.52 4.24 4.8 4.8 4.8 4.72 4.16 4.16 4.16 4.16 4.16 4.16 4.16 4.16 4.16 4.16 3.92 3.52 3.52 3.52 3.52 3.52 3.52 3.61 3.31 4.05 4.8 4.8 4.24 5.52 6.21 6.9 4.83 5.75 79.6 15.16 5.21 5.68 3.47 3.17 0.43 0.43
6.06 6.28 4.36 2.18 0.32 0.32 0.32 2.56 3.61 2.76 2.42 2.59 3.95 4.29 2.76 3.95 2.08 2.76 3.95 3.71 7.04 4.92 3.16 2.4 2.4 2.4 2.4 4.11 5.06 3.92 2.4 2.8 3.04 3.04 3.04 3.4 3.52 3.52 3.52 3.52 3.52 3.52 3.52 3.52 3.52 3.6 3.92 4.84 4.62 4.2 4.16 4.16 4.16 4.16 4.16 4.16 4.16 4.16 3.92 3.92 4.16 3.68 3.52 3.52 3.52 3.52 3.52 3.52 3.52 4.5 5.79 4.8 4.38 3.68 3.68 3.68 6.9 7.36 5.72 2.16 2.6 5.75 5.22 2.29 0.65 1.09
3.42 3.47 0.72 0.32 0.32 0.6 3.4 4.24 4.63 3.61 3.95 4.8 4.8 2.08 2.42 3.44 2.59 3.95 3.95 2.08 4.93 4.05 2.4 2.4 2.4 2.4 2.4 3.16 5.44 5.44 3.35 2.52 3.04 3.04 3.1 3.49 3.52 3.52 3.52 3.52 3.52 3.52 3.52 3.52 3.52 3.52 3.52 4.72 5.12 5 4.7 4.46 4.16 4.16 4.16 4.16 4.16 3.68 1.48 3.24 3.56 3.52 3.52 3.52 3.52 3.52 3.52 3.52 3.52 3.52 5.31 4.8 4.1 3.68 3.68 3.68 4.6 7.36 4.49 2.96 3.68 3.18 2.08 2.08 1.09 2.58
3.42 2.17 0.32 0.32 0.32 0.32 2.84 4.8 4.8 4.8 3.61 4.29 3.78 2.42 2.25 3.78 3.27 4.8 4.12 2.25 2.12 2.4 2.4 2.4 2.4 2.4 2.4 4.3 5.44 5.44 5.25 4.3 3.11 3.04 3.07 3.52 3.52 3.52 3.52 3.52 3.52 3.52 3.52 3.52 3.52 3.52 3.52 4.22 5.12 5.12 5.12 5.12 5.06 4.46 4.16 4.16 4.16 2.72 2.84 3.52 3.52 3.52 3.52 3.52 3.52 3.52 3.52 3.52 3.52 3.52 3.52 4.32 4.8 4.8 3.96 3.68 4.14 4.6 2.62 3.32 3.68 3.38 2.48 2.44 3.16 3.88
4.18 1.14 0.32 0.32 3.12 3.96 3.12 4.8 4.8 4.8 4.63 3.95 2.59 2.76 2.76 3.95 4.29 4.12 2.76 2.42 2.2 2.4 2.4 2.4 2.4 2.4 2.4 4.3 5.44 9.6 5.44 5.44 4.69 3.04 3.04 3.4 3.52 3.52 3.52 3.52 3.52 2.12 0.72 3.32 3.52 3.52 3.52 4.02 5.12 5.12 5.12 5.12 5.12 4.59 3.91 4.51 3.63 2.72 2.7 2.56 3.28 3.52 3.52 3.52 3.52 3.52 3.52 3.52 3.52 3.52 3.52 3.52 3.65 5.07 4.18 3.82 3.68 3.68 3.32 3.52 2.48 3 3.34 2.98 3.88 4.06
5.28 4.24 1.16 1.16 4.24 4.8 4.8 4.8 4.8 4.8 4.8 4.8 4.8 4.12 3.44 3.27 4.46 2.08 2.08 2.08 2.24 2.4 2.4 4.11 4.68 2.4 4.11 3.92 4.68 13.94 32.29 19.05 2.78 3.24 3.4 3.49 3.52 3.52 3.52 3.52 3.52 3.12 1.72 1.32 1.72 1.82 4.02 5.12 5.12 5.12 5.12 5.12 5.12 4.76 2.96 2.81 2.24 2.24 2.24 2.24 2.51 3.85 4.29 4.43 3.96 3.31 3.52 3.52 3.52 3.52 3.52 3.52 3.43 3.36 3.48 4.1 3.68 3.68 3.6 2.64 2.4 3.3 5.02 2.52 2.08 2.08
4.8 4.8 2.28 0.32 3.12 4.8 4.8 4.8 4.8 4.8 4.8 4.8 4.8 4.8 4.12 3.44 3.44 2.08 2.08 2.08 2.24 2.4 2.4 2.97 5.44 3.73 4.68 5.44 4.87 2.4 27.37 13.75 2.4 2.4 2.82 3.45 3.52 3.52 3.52 3.52 3.52 3.52 3.52 3.52 3.52 3.52 4.52 5.12 5.12 5.12 5.12 5.12 5.12 5.12 4.82 4.04 2.24 2.24 2.24 2.24 2.24 3.35 3.65 2.81 3.57 2.24 3.36 3.52 3.52 3.52 3.52 3.52 3.43 3.36 4.32 4.56 3.18 3.04 2.64 2.4 2.4 2.76 3.3 3.48 3.34 2.08
4.8 4.8 4.8 4.24 4.8 4.8 4.8 4.8 4.8 4.8 4.8 4.8 4.8 4.8 4.63 3.44 2.08 2.08 2.08 2.08 2.34 2.4 2.4 2.97 5.25 3.73 4.49 5.25 2.59 2.4 2.4 2.4 2.4 2.78 2.4 3.27 3.52 3.52 3.52 3.52 3.52 3.52 3.52 3.52 4.22 5.12 5.12 5.12 5.12 5.12 5.12 5.12 5.12 5.12 0.92 2 2.24 2.24 2.24 18.41 9.17 6.86 2.24 2.24 2.24 2.24 2.48 3.04 3.52 3.52 3.47 3.42 3.36 3.3 4.62 4.2 2.58 4.02 4.38 3.12 2.4 4.92 2.4 3.84 3.62 2.08
4.8 4.8 4.8 4.8 4.8 4.8 4.8 4.8 4.8 4.8 4.8 4.8 4.8 4.8 4.8 4.8 2.59 2.08 2.08 2.1 2.4 2.4 2.4 2.4 3.54 3.73 5.44 4.11 2.4 2.4 2.4 2.4 3.92 5.44 4.49 3.87 5.36 6.51 5.4 3.6 2.41 1.81 3.52 1.72 1.82 2.12 5.12 5.12 5.12 5.12 5.12 5.12 5.12 5.12 2.42 1.46 2.24 2.24 2.24 11.48 34.58 2.24 2.62 2.43 2.24 2.24 2.24 3 3.4 3.37 3.36 3.36 3.36 2.76 4.38 4.38 2.76 5.28 5.28 5.28 6.18 8.61 2.4 3.84 5.28 3.58
4.8 4.8 4.8 4.8 4.8 4.8 4.8 4.8 4.8 4.8 4.8 4.8 4.8 4.8 4.8 4.8 3.44 4.54 7 6.63 3.57 2.79 2.4 2.4 2.4 2.59 5.06 5.25 2.59 2.4 2.4 2.59 4.3 3.92 4.46 5 6.1 7.2 5.66 3.68 3.68 1.28 1.04 3.05 3.62 0.62 5.12 5.12 5.12 5.12 5.12 5.12 5.12 5.12 5.12 4.06 2.24 2.24 2.24 2.24 2.24 2.81 4.33 4.71 2.62 2.24 2.24 4.52 3.36 3.36 3.36 3.36 3.06 2.58 2.4 2.4 3.48 5.28 5.28 3.12 5.1 8.43 10.59 2.4 3.48 4.4
4.8 4.8 4.8 4.8 4.8 4.8 4.8 4.8 4.8 4.8 4.8 4.8 4.8 4.8 4.8 7.44 8.64 8.64 8.64 8.64 8.64 7.92 6.39 7.41 3.18 1.03 2.72 2.78 2.97 2.4 2.4 4.87 5.44 5.44 3.82 3.68 4.78 7.2 6.76 5.44 4.56 1.48 2.48 4.22 3.62 2.72 5.12 5.12 5.12 5.12 5.12 5.12 5.12 5.12 4.94 2.97 2.24 2.24 2.24 2.24 2.24 3.57 4.9 5.28 4.52 2.24 2.43 2.69 3.36 3.36 3.36 3.36 3.48 4.56 2.94 2.4 2.4 2.94 2.94 2.58 3.66 4.2 3.03 4.2 4.74 2.88
4.2 4.8 4.2 4.5 4.8 4.8 4.8 4.8 4.8 4.8 4.8 4.8 4.8 4.8 4.8 6.49 8.55 8.64 8.64 8.64 8.46 7.74 7.2 6.35 2.4 0.32 2.4 3.96 3.96 3.96 5.41 7.2 6.98 6.32 4.78 3.68 3.68 5.22 7.2 6.75 5 3.68 3.68 3.95 5.12 5.12 5.12 5.12 5.12 5.12 5.12 5.12 5.12 5.12 5.12 3.39 2.83 2.24 2.24 2.24 2.24 2.24 2.24 4.33 4.14 2.24 2.59 3.22 3.36 3.36 3.36 3.36 3.36 3.3 2.58 2.4 2.4 2.4 2.4 2.4 3.48 3.84 2.76 5.1 3.3 1.95
3.86 4.52 4.3 3.2 3.3 3.6 5.02 4.8 4.8 4.8 4.8 4.8 5.05 7.55 7.8 5.55 7.72 8.64 8.64 8.1 7.65 7.74 7.56 6.44 3.7 2.66 4.48 4.48 4.48 4.48 6.01 7.2 5.22 4.34 3.68 3.68 3.68 3.45 1.82 4.5 4.12 3.68 3.68 4.78 5.12 5.12 5.12 5.12 5.12 5.12 5.12 5.12 5.12 5.12 5.12 4.68 3.36 3.89 4.52 3.07 2.94 3.08 2.99 3.64 3 2.62 3.65 3.36 3.36 3.36 3.36 3.36 3.36 3.36 3.12 2.4 2.4 2.4 2.4 2.4 4.74 5.28 5.1 4.02 3.93 2.17
4.52 4.52 6.28 3.2 3.2 5.18 6.28 6 4.8 4.8 4.8 4.8 4.8 5.8 7.55 7.8 6.05 7.59 8.64 7.29 7.2 7.92 7.38 7.2 4.82 4.48 4.48 4.48 4.48 4.48 5.01 5.44 5.66 5 5.44 3.68 3.68 2.99 2.99 3.38 6.75 4.78 3.68 3.68 5.2 5.12 5.12 5.12 5.12 5.12 5.12 5.12 5.12 5.12 5.12 5.01 3.69 3.36 4.08 4.25 3.36 3.36 3.36 3.6 3.32 3.08 3.36 3.36 3.36 3.36 3.36 3.36 3.36 3.36 3.3 3.12 3.3 3 2.12 2.16 3.3 5.28 4.26 2.1 2.98 4.06
4.08 3.42 4.52 3.2 3.2 6.06 6.72 6.5 4.32 4.4 4.6 4.8 4.8 29 65.8 65.8 29 5.67 7.65 8.19 7.2 7.2 7.2 6.86 4.48 4.48 4.48 4.48 4.48 4.82 4.56 4.12 5.88 5.66 7.2 6.76 3.68 3.9 3.68 2.74 5.18 5.22 4.56 4.56 7.2 5.42 5.12 5.12 5.12 5.12 5.12 5.12 5.12 5.12 5.12 5.12 5.01 3.69 3.36 3.36 3.36 3.36 3.36 3.36 3.36 3.36 3.36 3.36 3.36 3.36 3.36 3.36 3.36 3.36 3.36 3.36 3.36 3.06 1.76 1.76 2.32 2.97 3.29 2.23 2.26 2.26
5.84 3.2 3.2 3.2 3.2 3.86 6.5 6.72 3.42 3.2 3.2 4.6 4.8 89.5 198.4 137.9 4.8 4.8 7.44 7.5 7.2 7.74 8.19 6.88 4.48 4.48 4.48 4.48 4.48 4.48 4.98 4.12 6.76 6.98 7.2 7.2 7.2 5 4.12 3.9 6.1 4.84 5 3.9 4.56 5.59 5.12 5.12 5.12 5.12 5.12 5.12 5.12 5.12 5.12 5.12 5.12 4.46 3.36 3.36 3.36 3.36 3.36 3.36 3.36 3.36 3.36 3.36 3.36 3.36 3.36 3.36 3.36 3.36 3.36 3.36 3.16 1.76 1.76 1.76 2.67 2.88 4.35 4.35 2.43 2.13
5.62 3.64 3.64 3.42 3.2 3.2 3.42 4.96 5.62 5.62 4.5 4.8 4.8 53.2 198.4 186.3 41.1 5.05 6.8 7.4 7.2 8.01 8.64 8.64 6.47 4.48 4.48 4.48 4.48 4.48 5.5 5.44 4.12 3.68 4.56 6.1 50.7 36.2 19.28 3.68 3.94 0.48 0.48 2.08 3.68 5 5.38 5.12 5.12 5.12 5.12 5.12 5.12 5.12 5.12 5.12 5.12 4.02 3.36 3.36 3.36 3.36 3.36 3.36 3.36 3.36 3.36 3.36 3.36 3.36 3.36 3.36 3.36 3.36 3.36 3.36 2.76 1.76 1.76 1.76 4.98 4.56 6.03 4.56 2.88 2.71
6.72 6.5 6.28 5.4 3.64 6.06 3.64 3.2 5.4 6.16 4.72 4.8 4.8 53.2 198.4 174.2 41.1 6.05 7.55 5.3 6.58 8.28 8.64 7.92 6.24 4.78 4.68 4.56 4.48 4.48 4.82 7.2 4.56 5.66 5.88 6.76 50.7 78.38 55.97 3.68 3.3 0.88 2.68 6.98 4.34 5.44 6.03 5.12 5.12 5.12 5.12 5.12 5.12 1.07 4.04 5.12 5.01 3.47 3.36 2.98 1.46 3.36 3.36 3.36 3.36 3.36 3.36 3.36 3.36 3.36 3.36 3.36 3.36 3.36 3.36 3.36 3.06 1.76 1.76 1.76 3.65 6.24 6.24 3.51 3.09 3.56
6.72 6.72 6.5 6.06 6.72 6.72 3.42 3.2 3.2 4.44 4.8 4.8 4.8 30 162.1 101.6 174.2 29 4.8 4.8 4.8 4.8 5.3 5.55 5.05 4.8 4.8 4.72 4.41 3.64 3.36 5.99 4.56 5.44 7.2 14.45 79.7 55.97 3.68 4.12 6.98 4.64 3.68 4.78 4.12 3.9 6.18 5.2 5.12 5.12 5.12 5.12 4.04 2.15 4.04 5.12 3.91 3.36 3.36 1.46 1.46 3.36 3.36 3.36 3.36 3.36 3.36 3.36 3.36 3.36 3.36 3.36 3.36 3.36 3.36 3.36 3.06 1.57 1.76 1.76 1.76 2.95 6.24 5.4 5.4 3.72
6.72 6.72 4.96 3.42 6.06 6.72 5.84 3.64 3.2 3.4 6.2 7.8 6.3 7.8 8.05 4.8 4.8 4.8 4.8 4.8 4.8 4.8 5.05 8.8 8.3 6.3 7.8 4.51 4.28 3.36 4.05 4.97 5.96 5.64 6.98 7.2 57.95 63.44 18.62 3.68 6.32 7.2 5.44 3.68 3.68 3.44 4.39 4.14 4.73 5.12 5.12 4.6 5.12 5.12 5.12 4.83 3.36 3.36 3.36 1.46 0.32 1.65 2.79 0.89 1.08 3.17 2.98 3.36 3.36 3.36 3.36 3.36 3.36 3.36 3.36 3.36 3.36 2.19 0.29 1.66 1.46 2.6 6.24 6.24 6.24 6.24
6.72 5.84 4.96 5.62 6.5 6.72 4.08 3.2 3.2 3.2 7.25 8.8 8.8 8.05 7.05 5.55 4.8 4.8 4.8 5.55 7.55 6.8 5.8 8.8 8.55 7.8 7.71 4.04 7.04 6.81 4.28 6.12 5.66 4.02 3.9 5.44 50.7 93.32 70.91 4.78 5.88 7.2 6.76 3.68 3.68 3.56 3.08 3.04 3.17 3.95 3.3 3.56 5.12 5.12 5.24 5.72 5.31 4.36 3.36 2.21 0.88 0.32 1.55 0.32 0.32 0.32 0.89 3.36 3.36 3.36 3.36 3.36 3.36 3.36 3.36 1.46 1.44 1.69 1 0.86 1.76 2.88 6.24 6.24 5.4 6.24
4.52 4.74 6.72 6.72 6.72 6.72 4.08 3.2 3.2 3.5 7.3 7.8 7.8 7.3 5.8 5.3 5.05 4.8 7.3 7.3 8.55 8.8 8.8 8.3 6.1 4.04 3.36 3.36 6.12 7.04 6.12 4.74 6.12 5.66 6.45 5 34.88 57.51 41.45 5.19 5 7.2 7.2 5.66 3.44 3.36 3.16 3.04 3.04 3.04 3.04 3.6 3.84 3.84 4.72 5.76 4.76 2.96 2.76 2.56 2 0.32 0.46 1.14 0.51 0.32 0.7 3.36 3.36 3.36 3.36 3.36 3.36 3.06 2.46 1.96 1.76 1.76 1.76 1.76 1.76 1.76 2.88 3.44 1.76 2.6
4.08 6.72 6.28 4.96 5.62 5.84 3.42 3.2 3.2 3.6 4.8 5.05 7.3 6.8 5.8 6.8 6.55 5.3 6.55 6.55 6.3 7.3 8.8 6.8 3.72 3.36 4.28 5.89 6.12 7.04 4.51 4.28 3.82 3.36 7.04 6.85 6.88 13.91 6.36 4.97 3.4 4.52 5.88 5.75 3.08 3.04 3.04 3.04 3.04 3.04 3.04 2.68 2.56 2.56 3.56 5.76 3.56 2.56 2.56 2.56 2.56 2.28 2.04 5.76 5.08 3.01 3.36 3.36 3.36 3.36 3.36 3.36 3.36 1.76 1.76 1.76 1.76 1.76 0.96 1.66 1.76 1.76 1.76 1.76 1.76 1.76
3.86 6.72 6.5 4.52 3.2 3.2 3.2 3.2 3.2 3.2 5.95 8.05 8.8 6.55 7.55 7.8 7.55 6.8 8.3 7.8 5.05 5.05 8.3 5.8 3.54 3.36 3.59 4.97 6.58 7.04 6.12 6.35 6.58 6.81 6.81 6.81 5.66 5.89 5.43 4.46 3.25 3.08 4.61 5.98 3.88 3.04 3.04 3.04 3.04 3.04 3.04 2.68 2.56 2.56 2.96 5.36 5.76 5.16 4.16 2.56 2.56 2.56 2.56 3.36 2.96 4.41 3.41 3.36 3.36 3.36 3.36 2.66 1.76 1.76 1.76 1.76 1.26 0.36 0.66 1.76 1.76 1.76 1.76 1.76 1.83 3.09
6.28 6.72 6.5 4.52 3.2 3.2 3.2 3.2 3.2 3.9 6.3 8.62 7.76 5.3 6.55 7.8 5.3 5.3 5.55 8.55 8.3 7.05 6.3 8.3 5.03 3.45 3.36 4.97 5.89 7.04 5.89 3.36 3.36 5.43 6.58 5.66 3.82 4.96 5.63 6.27 4.93 3.25 3.04 3.04 3.04 3.04 3.04 3.04 3.04 3.04 3.04 2.8 2.56 3.56 5.36 5.76 5.76 4.36 3.36 2.56 2.56 2.56 2.56 3.16 4.36 4.36 2.61 2.59 3.36 1.46 2.47 1.28 1.76 0.86 1.36 1.76 1.66 1.06 1.66 1.76 1.76 1.76 1.76 1.76 4.14 6.03
6.72 6.72 5.84 3.64 3.2 3.2 3.2 3.2 3.2 5.41 5.64 5.85 5.92 5.85 5.92 5.78 5.5 7.19 7.8 5.3 6.55 7.21 5.64 5.37 4.52 3.66 3.66 5.48 7.04 7.04 3.36 4.74 5.43 7.04 5.2 3.82 4.97 4.93 3.04 5.77 6.4 5.56 3.46 4.3 3.67 14.94 26.84 3.04 3.04 3.04 3.04 3.01 2.59 2.56 2.96 3.16 3.76 2.56 2.56 2.56 2.56 2.56 2.56 4.56 3.56 5.22 1.28 0.32 2.22 1.86 0.5 0.28 0.96 0.26 1.06 1.76 1.76 1.76 1.76 1.76 1.76 1.76 1.76 1.76 2.88 2.88
6.72 6.06 4.08 3.2 3.2 3.2 3.2 3.2 4.59 5.92 5.92 5.92 5.92 5.92 5.92 5.92 5.92 5.84 4.69 5.74 6.52 7.28 7.04 6.56 5.12 5.12 7.76 19.85 154.64 110 4.28 4.05 5.43 7.04 4.97 3.82 4.47 4.67 3.88 4.72 5.14 4.51 5.35 3.04 13.41 145.84 110.14 14.94 3.04 3.04 3.04 3.04 2.8 2.56 2.56 2.56 2.56 2.56 2.56 2.56 2.56 3.16 3.76 4.96 5.56 5.42 1 0.32 0.32 0.51 1.86 1.97 1.02 0.56 1.06 1.76 1.76 1.76 1.76 1.76 1.76 1.76 1.76 1.76 2.6 2.88
4.52 3.42 3.2 3.2 3.2 3.2 3.2 3.2 5.24 5.92 5.92 5.92 5.92 5.92 5.92 5.26 5.15 5.36 6.56 5.36 8 8 8 17.33 7.04 5.6 6.56 8 61.43 7.04 6.35 6.81 4.74 6.58 5.66 4.51 3.59 5.84 5.64 5.56 3.04 3.04 4.51 2.36 0.49 14.94 38.74 3.04 3.46 4.51 3.04 3.04 3.63 5.84 4.44 2.56 2.56 2.56 2.56 2.56 2.56 3.76 5.76 5.56 5.76 5.76 2.7 0.32 0.88 0.32 0.43 1.2 1.95 1.82 1.76 1.76 1.78 1.76 1.76 1.46 1.76 1.76 1.88 2.36 3.19 3.58
3.2 3.2 3.2 3.2 3.2 3.2 3.2 3.2 5.24 5.92 5.92 5.92 5.92 5.92 5.7 4.16 5.84 7.04 4.64 7.52 8 8 8 82.64 119 23.54 6.56 8 7.29 6.35 5.2 3.82 4.28 3.36 3.36 3.36 3.36 3.36 3.36 3.14 3.04 3.04 3.04 2.53 2.53 3.04 3.04 4.09 5.98 3.46 3.04 3.04 3.04 3.25 4.26 3.16 2.56 2.56 2.56 2.56 2.56 4.56 5.76 21.07 5.08 3.72 3.38 1.3 2.28 0.32 0.46 0.32 0.65 1.62 1.98 1.92 2.06 3.7 3.16 2.34 1.39 0.82 3.23 3.68 3.68 3.68
4.52 3.2 3.2 3.2 28.1 1.67 2.18 3.37 5.58 5.92 5.92 5.92 5.92 5.92 5.92 4.38 6.8 4.16 4.16 4.64 15.65 8 54.65 45.32 128.81 5.36 7.04 6.8 4.44 3.59 3.36 3.36 3.59 3.36 3.36 3.36 3.36 3.36 3.36 3.28 3.14 3.04 3.04 3.04 3.04 3.04 3.67 5.98 5.14 3.04 3.04 3.04 3.04 3.04 3.04 3.27 2.8 2.62 2.56 2.56 24.04 77.74 72.97 28.99 0.46 0.32 0.32 1.44 2.42 0.6 2 1.02 0.32 0.32 0.98 1.97 2.98 2.26 2.08 1.19 1.67 0.53 2.63 0.95 3.26 3.68
