Models/Synthetic/Density/temp_raster_pop.asc
NCOLS 100
NROWS 100
XLLCORNER 3302900
YLLCORNER 3112000
CELLSIZE 4430
NODATA_VALUE NaN
[rows 46 to 68 of 100, columns 0 to 51 of 100]
3.1202825564 4.6291137767 3.0433598092 1.8891983956 1.7987936034 2.4949817324 1.4539560499 0.7972442571 0.4846926894 0.5418472348 1.0772600436 2.6239916255 5.0340408122 14.2524200703 20.8783621613 17.9642059709 21.3116980288 25.5999852825 14.0281198498 7.2007652432 6.998360184 13.842478095 16.4736665808 10.2343992594 6.6149015891 2.8903385162 2.5719905403 2.8034967503 2.5414177616 3.3188587474 2.8075060721 2.3674430768 2.4982759428 2.7715109796 3.1584762358 5.4055283059 6.6664455273 11.9038037784 5.2807964183 2.7956346121 2.0539986929 2.8055910754 2.7616550268 4.689885695 6.8483381198 11.5419738401 9.6903187353 7.3608949605 6.6488501756 3.501125687 3.3366241283 5.6428119386
7.2518145307 5.002201782 5.0328790108 2.7920912353 2.6711796581 2.5449177136 1.7035314145 0.9109283179 0.5702131856 1.2181457744 1.2035212052 2.1673300944 4.7928277446 7.1129999956 15.1018060497 13.0953017878 13.1323415525 19.9943405344 14.0194618944 9.4557270172 8.3328485725 15.7752046052 12.0031138951 10.5430434117 4.945280119 2.9027439303 1.816195124 1.3013115448 1.2111414373 1.1865787085 1.2207854424 1.1860046897 1.2350706517 1.6172288113 2.549247289 2.8238494207 7.049759494 7.2587734745 7.1108534111 4.3980616257 5.2452770478 4.8157302142 5.9212403559 5.9272439513 9.1262385437 10.7091219423 7.2663188292 11.0029275807 6.1954654806 5.6358671895 7.854210505 8.7656412724
9.3584332793 6.1425883989 6.7609175228 3.6800476109 2.9073608901 1.947460557 1.8182824554 1.215151159 0.8965018617 1.067295046 2.0992414209 1.9799862826 2.5486066588 4.7686411283 6.1154859636 7.6061014406 8.2939007315 7.6235510519 9.7107633951 11.0889372907 16.2964919957 21.0462986849 15.9795252882 10.1459477673 4.6081938079 1.7839437424 1.3269653099 0.735189549 0.5620419835 0.6657768371 0.881468719 1.1423729999 1.0566451812 1.0786546816 1.2134656595 2.4414213295 5.5746419943 12.5512950009 9.426725946 11.0164400274 8.4385365923 6.7628338583 6.9999171562 5.837935745 7.3635499498 6.9098425959 5.0920041354 5.6234198764 7.9051136584 11.634494549 16.0076737258 13.0589691422
5.6351226098 6.8607629128 6.110223637 6.6502697008 4.2798852309 3.1114693027 2.3392235357 2.1671413329 2.503794604 1.433263595 2.467553061 2.9976619982 1.8316854393 2.4286950498 2.6217650279 4.1227160333 4.2956993391 3.6117593569 4.997877228 14.2713208321 52.2598362778 58.6334144462 57.9452013551 15.9908200881 4.8961512534 1.471160059 0.700213748 0.5691522842 0.61615048 1.0207790664 1.7116398693 1.981046699 1.8687867426 1.4310249269 2.3555599835 2.2472838431 5.2564665754 7.6121198302 12.223398346 12.3793298343 13.6617097575 9.3911899783 6.2462311851 5.2904285819 4.5716941171 3.2696890453 3.2029636492 4.7789044063 6.2741987645 15.1573916578 35.2853476997 14.9824801752
3.0551262154 4.5193102126 6.675889076 5.3855663408 8.2344240083 7.5109900919 5.1337759555 3.1022092909 1.947352865 2.6067315061 2.6442786096 1.8560274745 1.5705521732 1.521017628 2.3594357298 1.7164927383 1.558013567 2.0662673294 4.4081443063 17.3025239598 62.0218313311 205.2646155134 70.3417131063 30.3638506859 6.7480096333 1.9577843638 1.0509623642 1.0726604279 1.3553757378 2.0648106737 3.626160824 4.7350242823 3.4917349853 2.7044732142 2.2348949078 4.2247117321 3.3330595051 8.142810288 8.557085899 10.8975902624 8.8128434864 7.3439542269 5.8987853603 2.9848896236 2.4733256578 2.3221922337 2.3128629992 2.1303867328 4.3695143426 12.3814198373 15.5610675377 14.7903396312
2.9811332559 3.2023133841 4.6811238457 7.0825408717 13.1430567044 15.9494962445 13.1774379786 4.9531193123 4.7779520205 3.4252885777 2.5837997136 2.0864765017 1.707295704 1.8253117627 2.4514559194 1.5343527379 1.0404710096 1.4797710774 4.3669321646 14.367921814 49.8967826118 73.1357274558 83.3115191355 26.3863407809 8.1256475314 3.7633653342 4.3955438915 2.3032966187 3.1284343386 3.8167464302 5.3188525619 7.2185267431 7.6631614918 3.5190123737 2.0366386221 2.1441248456 3.0114648348 4.9050707285 7.8165057343 10.0816425674 5.8000856112 7.847878006 3.3928480344 2.2620102599 3.0391146369 2.1515885691 1.744167559 1.7240204718 3.1365471782 6.3225761993 6.7764172261 5.9677049636
1.7039364136 2.0948369803 3.0657694055 7.4727734816 16.9106419949 35.0664962324 11.9980100221 7.9734665764 6.8141876127 5.0698346543 4.3294205058 3.6963542553 2.7704318977 3.2776011135 2.4807900966 3.0802706147 0.9571033995 1.3738339563 5.3838005381 11.1526492554 20.0742727392 30.2404604312 29.2823423321 18.3100097288 9.4228275599 9.4703164045 7.4164747226 5.4981256836 3.4618779972 3.8955565697 7.984010656 8.6948508271 7.0998450938 3.1341395326 1.9181388427 2.1590209253 3.8741133637 4.8724658419 6.7375928763 4.0720666766 3.9363595478 3.0489130915 2.5163480576 2.3535309195 3.1181401121 3.3481985651 2.9376166712 2.0639173743 3.4354023346 3.4087887371 3.1499496174 3.851874742
2.7665125575 1.6402746292 2.633589368 6.4108920296 20.8679224851 15.3153939043 11.0013432157 7.0536205375 7.6804182521 8.4461478613 5.3105163311 5.1620029509 4.3430318266 6.4656762183 2.8900456863 1.5416705205 1.3646552891 1.9074022914 3.7644108312 7.3190644041 12.2904066584 15.8701538485 13.616104414 9.0792926866 9.5475931203 14.8489228858 22.6118872908 7.5655302885 3.8430825685 3.6305658938 7.5800316777 6.614510025 5.5421271547 2.4314744017 1.8464069812 2.4160871026 3.5858311286 5.3908320125 3.4646116912 3.3443200249 2.4271539971 3.1971301876 3.0714443493 2.9110183997 4.6930143585 4.4070637776 5.0663326947 3.7221087398 2.9612167926 3.0893612738 2.831518421 3.3691086076
1.2615082584 1.9192589134 3.1593485904 6.5602677865 11.6163575228 8.5175600573 6.5069512874 5.7572570795 4.7275448496 5.2506012464 6.7829311289 7.3001679303 8.8821016608 5.5866383778 2.5746541308 2.2126015969 2.4197164476 4.2103511812 6.6603282019 11.3482672775 15.0196738992 11.9944195758 6.8819481034 4.627000247 5.6574307449 10.7449970395 11.3945916735 6.1741823589 3.2744228846 2.9213419316 3.9543586798 3.6668194824 3.5375554612 2.7421100652 3.477298264 3.913108156 4.6029896835 4.5324479347 2.370509548 1.552204969 1.5946033793 3.2948579002 3.3354852103 3.1327439952 4.831920885 4.6694149715 7.5895132264 10.2627852544 6.3017568698 3.9678562783 4.4371885285 3.0960529709
1.4777592507 2.7569595021 6.2509446 9.8159578975 9.1871800632 6.136165644 3.6602404988 2.7515891195 2.82924611 3.6831272488 5.8518968986 10.5384279614 7.2587815709 5.2515914561 2.9337917534 2.3198572196 4.636136273 9.735524232 13.7182154263 15.1195272786 19.5926628534 6.7780680016 3.2601640429 2.5643471887 5.3119016259 7.0465600213 4.7466658144 3.8244405179 2.8775001322 2.7203367102 2.7966164863 4.7317567253 3.7677448507 4.935709368 8.6645205807 7.1809671299 4.6918737504 4.0958853686 1.6051408614 0.9785114725 1.1389840835 2.0807148835 3.9759733704 3.1800980852 2.6900290688 3.9292379497 7.4624168252 16.6963574332 9.2353439207 5.422229652 4.002528431 4.149786901
4.4254044622 4.9080916902 9.267110173 17.3356323901 11.7670216569 8.5948767387 4.28367991 2.7456748128 2.5656896199 4.4547416327 6.5763685083 8.6344053442 6.3214054805 2.6197489507 1.7200779514 3.6071440721 6.443704863 11.8615906149 25.9762454758 18.2397988936 9.8555060306 5.0424867406 1.9921901227 1.9501872536 2.2067626987 3.5920305402 5.8688806923 6.3869971337 6.6112509968 4.2034018208 7.1695035356 2.9267468184 3.8117372799 7.5497025304 16.6200819111 13.2530859144 6.1729304748 2.718613573 1.7489795289 0.7421029365 0.8571270007 1.6737948918 2.2742887472 2.4405766214 3.0216465469 2.8516398294 5.4550096689 7.3720745417 12.1024460253 6.3112063263 5.387848602 3.0637330008
7.6127539036 8.2008264715 12.1955770179 15.0786854133 17.1556376433 9.8468112619 6.4593734236 5.4761459379 2.6658603493 2.6297299158 4.1623136705 9.1186403909 4.2760668288 2.0763991955 2.2717589091 2.6331391793 7.0434595845 12.4565837228 16.2065144354 14.0347266806 7.1494937011 2.7869393008 1.5235101305 1.1665622948 1.4446566725 2.4526679896 7.0510283595 17.5143766577 14.1195169376 10.0065941672 5.4611900854 5.038781478 3.2081598421 7.8402325552 10.5503125543 12.5449675346 5.5786871648 2.4419778922 1.1338764579 0.729843036 0.7524356559 1.3028820961 1.8403318825 2.8404639027 3.148916125 2.6701909659 3.1881601533 5.1590632896 7.3521870295 8.6967335012 4.4761209787 4.1697787532
4.6503869604 5.451229289 9.0181651117 11.4348551456 10.1849909177 11.1712967692 12.5041914969 5.0001228017 3.4184300011 1.6846121088 2.6894914647 4.0299932647 3.1210821625 2.4604387445 3.0703448331 3.2869566455 4.1624199181 5.9855007494 7.3494268091 5.9828365414 3.8328878268 1.7835603057 1.1265952227 1.4280641816 1.1874884752 2.0664391236 6.2972391413 14.2059650346 31.9348750899 15.8777793069 6.6131165928 3.3254812738 3.9049150945 4.6302264097 7.8739175636 7.2290973889 7.075679252 2.1725426681 1.3691153321 0.8142402599 0.8176438072 1.4610219415 3.4942927803 3.1735160949 1.7950385412 2.1653552423 3.1663249511 9.3974619451 7.7640855437 7.9555274263 4.6722063077 3.3011442249
2.7152845493 3.4783969872 5.2608100045 6.4694037067 6.3297177145 6.8938383037 6.6846833688 5.2219010093 1.8531816612 1.1834801187 1.5828550528 2.4965069194 3.6887758774 4.0457902037 6.2571045501 4.7852089565 5.468972432 5.7860413116 3.9147454565 2.8529951531 1.8809417301 1.9797867848 1.1213825206 1.2856702951 1.6705966047 2.3301031587 4.0001979994 10.0129030092 14.9982815351 11.4780919359 5.0664202281 3.5270609928 3.9335885964 8.6188149552 7.2410034322 6.1921388274 4.5193570469 2.7941580862 1.3076701474 1.6157086768 0.86638562 1.5188010259 3.6206380188 2.2179496558 2.3967924565 3.0458149304 4.9359940209 8.136285298 18.6709323463 7.5505594461 4.0172439017 2.2145849619
1.4177527026 3.0481326479 4.5711888378 5.5807891681 5.5131317615 4.6514795673 3.1589636577 2.8419927716 1.2496037361 0.8029613093 1.9094353746 4.7906080431 6.8385388483 10.3107289917 6.5228283735 6.0910497963 12.8893531378 6.0768614586 4.1054542844 2.7509281319 2.052409471 1.6709249288 1.4910914532 2.1347475252 3.3443448352 4.1289100863 4.5470322102 4.6155536034 6.1972216213 5.7540743634 4.2812135586 2.9898018089 4.4821534019 8.8972200678 13.8587288612 6.8953063922 2.9674473169 2.5035618123 1.7203405077 0.998484973 0.9663866204 1.428319713 2.1203306684 2.6131594561 3.5491240148 5.6699787746 6.260976589 9.6804457513 8.8037598455 8.0610903856 4.2848902582 2.4608594968
0.932151335 2.1365613702 3.7015883868 5.3755667675 3.7884015739 3.0592522955 3.7085910413 1.5508730502 0.8370292484 0.8114617296 2.3323189556 9.6391582708 12.2463839621 12.7158893695 7.7076908599 6.7752617893 7.5953515984 5.5478322603 4.1823299905 3.6794504299 4.3833843795 2.4011779136 2.8089912016 4.1181417783 6.1215790848 7.7736222802 4.4943847495 6.3965105764 6.4384803265 5.948381103 5.2257394238 3.6514137084 4.8332108 6.7354264972 6.2652730902 4.6388743876 3.2858464978 2.7674074822 1.6273614303 1.3474921025 0.9483666594 1.6303607372 3.2267216019 4.6535810954 3.9058149299 4.3293317055 9.5755370033 6.3973730625 5.3920765804 7.4418721075 6.616887641 4.8095981423
0.7371376583 1.3369808335 2.3280364086 2.8862476081 2.6577256704 2.3204779673 2.4191475852 1.5809863916 0.7735528386 0.8392811291 3.2379355988 8.4906078699 7.20984827 7.1081038341 4.8880482253 4.4959075254 3.9156322541 5.4264632248 5.7947262524 6.0242269875 3.6757659149 3.3310586286 5.1021376798 8.0705621475 7.2756290959 5.197736866 4.1592301684 6.4216479909 13.90633903 6.4345547235 3.6546835168 4.8195824573 2.8221348818 2.7373164807 3.2414789076 3.8013659504 2.0333958696 1.7284189057 2.3991789529 1.3012351309 1.1146125583 1.7831390198 5.4875232195 3.8626490415 3.1479179963 3.7942356647 6.1838157331 3.5610911254 4.4417114124 8.3300823375 11.2033854552 4.8932269779
0.6903007499 1.1902742755 2.2840151387 2.5606088354 3.436002748 2.7790271954 2.3151481427 1.4881593584 0.9408194116 0.9093631483 2.4159959914 2.2415917991 2.7152384766 2.7807575846 2.652717715 3.1042279441 4.7386834511 6.6461354468 6.8908772859 5.0157833223 4.6836193307 3.9594185541 4.9339582958 10.0751301414 7.1772003574 3.7618186974 2.9173695261 4.3065489935 7.3344010235 4.8139756399 2.6034154878 1.9025828209 1.6861606406 2.0590417851 1.5574009261 1.483290981 1.2607491025 1.9579461218 1.2538031882 1.4197315652 1.3686280672 2.1106808736 2.8590115085 3.2133805184 3.3689206574 3.7659403787 2.7340760824 3.1265639149 3.2754442297 6.6637962254 8.2017335867 3.9281700917
0.9079153764 1.3782734884 4.4314008997 5.0839186677 6.0422552668 6.1110989863 3.4221740518 2.8841750305 1.6008570352 1.3262394226 1.2403568461 1.4851079985 1.7988150304 1.8600820615 1.9274652388 3.0589846433 5.4014348848 5.2997852477 7.5981774874 5.3279290753 3.4353596257 3.5534610615 4.8774437631 5.7243068994 4.4708913092 3.0020720915 2.3605046355 2.846727134 2.7231186476 2.8423517876 1.9096179757 1.1832054915 1.0074589325 1.0665576468 1.1126866169 0.9985847315 0.9036727611 0.9609942082 1.166678112 1.3232007227 1.5873002955 2.4587169239 4.2386032114 4.4134107615 3.6371498804 2.8167441474 3.3559880743 2.2578173 2.9448078473 3.9720998831 3.1348110818 3.1505677865
0.8219778205 1.6459160564 3.3102011176 8.6524671798 17.4690393267 10.5684152602 4.8979120106 4.5214183121 4.2777774054 3.1247521401 2.0307316729 1.6959561686 2.631600133 2.52172844 1.9208482723 2.8800256044 3.5191071828 5.0846178745 4.6154711505 5.078960715 3.1878838434 2.5156420609 3.3301178174 3.4373434463 4.0827750188 3.8574570038 3.4575791354 3.2311437892 3.0939486442 3.9530035176 2.3915571521 1.5775439121 1.0023917352 2.0303097719 1.8477550388 2.1729278125 1.1239960484 1.38748228 2.5321839679 2.1601417478 3.0881807328 3.3441343127 5.252312951 3.8910228148 3.4720348523 2.479745087 2.5691087321 3.0208668289 2.4770998998 2.7986815993 2.2269661984 1.8236571357
0.7201329046 2.1363138287 4.447258241 7.8537886266 11.3447331852 8.7430508158 7.2695966193 6.6460305834 10.0870448681 6.5355568228 4.3574796667 2.6212824907 2.0777693646 1.9886625945 3.1365824997 1.9844887743 2.1324204302 2.3813550213 3.6310700601 3.6377339118 3.0943370234 2.2749793401 1.7057027894 2.8899747636 3.2928947364 5.7264919816 7.3801307828 5.1460461008 5.9777559303 4.4880251205 4.5664621131 1.9068214918 1.5580958563 1.8166426782 3.1762401709 2.4033259638 1.8420562753 2.089492169 3.5096414388 3.2467758194 3.3798941097 4.3704755669 3.3573070318 2.9394230647 2.1317032128 1.9529840651 3.1296250776 3.3965622638 2.7927138608 2.7851580922 4.2376085582 2.1128258746
0.8075989999 1.6282561506 3.2597880817 4.5406516675 6.0261309037 4.8183681225 6.2106616022 7.9749313685 14.8976914941 17.0246425644 7.2679675466 4.1624063622 2.3043754652 2.7817091482 2.1054803489 2.4359181472 1.5813528465 1.9534431579 2.1119727915 2.0324319998 1.6158530238 1.0542811193 1.0716469778 1.5561285191 3.0901506891 5.3211532881 8.8141695036 8.0063383039 8.31178925 6.7900282472 2.8654396383 2.3670344376 1.7691755299 3.4877033431 2.2702900021 4.2749258172 2.0440426777 3.722393548 5.6724023863 5.6158073332 4.4211151288 3.7078798112 4.3162399852 3.2981975217 4.1665205872 3.2064543283 4.1561333381 3.7905936387 4.3236992555 4.1773561139 4.112220386 3.3907511933
1.6423042158 2.3165203348 2.8131923573 4.5384335504 4.5048342928 5.1125478725 6.2068670293 10.8119129557 15.5593742602 18.7525747213 11.335822579 4.9135054238 2.3937623959 3.961887877 3.3918467845 1.6773085706 1.8342248895 3.0642488924 2.838900882 2.4291568548 1.3660697781 0.7174542771 0.6714493361 1.1523466082 2.1697914198 4.8378044194 6.257642755 8.9370647898 7.1251274829 4.4840918398 2.37301847 1.8157780905 2.9463247965 1.728639223 1.7914886091 1.6501222038 2.1978732984 2.7251771723 3.9837910541 5.1968286834 4.961366562 5.6116787538 8.1615041785 5.8431721799 7.610767131 7.2200335852 4.836734487 5.6483741676 5.2905052683 8.4889497854 8.3085544719 6.2437641107
