Models/Synthetic/Density/temp_raster_dens.asc
NCOLS 501
NROWS 301
XLLCORNER 3551300
YLLCORNER 2778253.213573
CELLSIZE 833.932136
NODATA_VALUE NaN
[rows 115 to 137 of 301, columns 53 to 105 of 501]
0.0000008215 0.0000008006 0.0000007756 0.0000008518 0.0000012475 0.0000017667 0.0000022025 0.0000022487 0.0000025616 0.0000034933 0.0000052467 0.0000029068 0.0000012948 0.0000004743 0.0000002671 0.0000002792 0.0000003457 0.0000004387 0.0000006627 0.0000013877 0.0000037774 0.0000105602 0.0000302057 0.0000296623 0.0000403613 0.0000837515 0.0000307729 0.0000160642 0.0000079169 0.0000047305 0.0000026808 0.0000013452 0.0000005445 0.0000001834 0.0000000527 0.0000000148 0.0000000066 0.0000000068 0.0000000099 0.0000000156 0.0000000269 0.0000000536 0.0000001203 0.0000002712 0.0000005541 0.0000009661 0.0000013739 0.0000015641 0.0000013712 0.0000009599 0.0000005434 0.0000002562 0.0000001026
0.0000006196 0.0000004725 0.0000003815 0.0000003627 0.0000004158 0.0000005223 0.0000006329 0.0000008237 0.0000013321 0.0000025035 0.0000028069 0.0000023409 0.0000010544 0.0000005508 0.0000005465 0.0000007553 0.0000009647 0.0000011395 0.0000014364 0.0000024237 0.0000055687 0.0000144804 0.0000288981 0.0000532471 0.0000704848 0.0000894193 0.0000656384 0.0000274717 0.0000119711 0.0000057065 0.0000029164 0.0000013257 0.0000005242 0.0000001742 0.0000000509 0.0000000154 0.0000000073 0.0000000062 0.0000000067 0.0000000086 0.0000000156 0.0000000377 0.0000000984 0.0000002372 0.0000004948 0.0000008609 0.0000012228 0.0000013711 0.0000012222 0.0000008596 0.0000004928 0.0000002346 0.0000000956
0.0000005859 0.0000003465 0.0000002102 0.0000001488 0.0000001338 0.0000001461 0.0000001885 0.000000312 0.0000006364 0.0000009945 0.0000012054 0.0000010192 0.0000007708 0.0000007583 0.0000012962 0.0000020521 0.0000027068 0.0000029563 0.0000032803 0.0000044548 0.0000084613 0.0000188656 0.0000364094 0.0000702316 0.0001513485 0.0001280276 0.0000761335 0.0000359424 0.0000154587 0.0000066408 0.0000027687 0.0000011403 0.0000004252 0.0000001432 0.000000047 0.000000021 0.0000000162 0.0000000157 0.000000015 0.0000000142 0.000000017 0.000000032 0.0000000772 0.0000001807 0.0000003672 0.0000006235 0.0000008598 0.0000009599 0.0000008597 0.0000006233 0.000000367 0.0000001809 0.0000000785
0.0000005735 0.0000002977 0.0000001437 0.0000000732 0.0000000474 0.0000000448 0.0000000637 0.0000001235 0.0000002245 0.000000342 0.0000004158 0.0000004719 0.000000646 0.0000012168 0.0000025085 0.0000047801 0.0000061535 0.0000066799 0.000006607 0.0000084085 0.0000132305 0.0000274057 0.000057816 0.0000710366 0.0001048444 0.0001209858 0.0000612461 0.0000360802 0.0000175122 0.0000070725 0.0000026196 0.0000009177 0.0000003179 0.0000001117 0.0000000512 0.0000000408 0.0000000436 0.0000000456 0.0000000426 0.0000000358 0.0000000297 0.0000000327 0.0000000569 0.0000001181 0.0000002265 0.0000003673 0.0000004933 0.0000005439 0.0000004931 0.0000003672 0.0000002272 0.0000001207 0.0000000639
0.0000005032 0.0000002517 0.0000001106 0.000000046 0.0000000222 0.0000000199 0.0000000366 0.0000000761 0.0000001375 0.000000206 0.0000002812 0.0000004272 0.0000008491 0.000001929 0.0000040825 0.0000074105 0.0000115898 0.0000109265 0.0000113883 0.0000144123 0.0000222233 0.000034085 0.0000703813 0.0000509434 0.0000526342 0.0000526263 0.0000411211 0.0000297975 0.0000153967 0.0000065658 0.0000023145 0.0000007451 0.0000002414 0.0000001015 0.0000000788 0.0000000931 0.0000001122 0.0000001202 0.0000001113 0.0000000893 0.0000000639 0.0000000465 0.0000000465 0.0000000707 0.0000001195 0.0000001824 0.0000002368 0.0000002583 0.0000002361 0.0000001818 0.0000001212 0.0000000791 0.0000000702
0.0000003739 0.000000189 0.0000000819 0.0000000321 0.0000000147 0.0000000184 0.0000000503 0.0000001332 0.000000267 0.0000004197 0.0000005505 0.0000007462 0.0000013007 0.0000027427 0.0000056179 0.0000096052 0.0000131389 0.00001557 0.0000174968 0.000020413 0.0000279737 0.0000618842 0.0000317468 0.0000285527 0.0000247288 0.000023945 0.0000220888 0.0000167967 0.0000107047 0.0000048129 0.0000017955 0.0000005876 0.0000002078 0.0000001256 0.000000147 0.000000203 0.0000002555 0.0000002765 0.0000002543 0.000000199 0.000000134 0.0000000818 0.0000000538 0.00000005 0.0000000641 0.0000000861 0.0000001048 0.0000001108 0.0000001013 0.000000082 0.000000066 0.0000000719 0.0000001228
0.0000002326 0.0000001214 0.000000054 0.0000000216 0.000000012 0.0000000246 0.0000000849 0.0000002542 0.000000599 0.000000983 0.000001267 0.0000016019 0.0000024208 0.0000042159 0.0000070259 0.0000106713 0.0000140493 0.0000212768 0.0000248958 0.0000268954 0.000025471 0.0000227263 0.0000189282 0.0000127546 0.0000107547 0.0000100072 0.0000092667 0.0000076907 0.0000051999 0.0000028524 0.0000012032 0.0000004695 0.0000002222 0.0000001925 0.0000002669 0.0000003886 0.0000005007 0.0000005455 0.0000004983 0.0000003814 0.0000002484 0.0000001437 0.0000000843 0.0000000623 0.0000000613 0.0000000665 0.0000000687 0.0000000641 0.0000000546 0.0000000471 0.0000000556 0.0000001079 0.0000002559
0.0000001217 0.0000000667 0.0000000312 0.0000000136 0.0000000107 0.0000000314 0.0000001193 0.0000003846 0.0000009602 0.0000018448 0.0000022874 0.0000027296 0.0000072063 0.0000105164 0.000012679 0.0000109953 0.0000130279 0.0000204907 0.0000408764 0.0000246861 0.0000175676 0.0000127586 0.0000089761 0.0000061888 0.0000044941 0.0000038584 0.0000035293 0.0000030427 0.0000023223 0.0000015199 0.0000008815 0.0000004867 0.0000003183 0.000000311 0.0000004315 0.0000006347 0.0000008282 0.000000908 0.0000008218 0.000000618 0.0000003937 0.0000002293 0.0000001454 0.0000001218 0.0000001254 0.0000001292 0.0000001196 0.000000097 0.0000000714 0.0000000581 0.0000000817 0.0000001946 0.0000005101
0.0000000575 0.0000000338 0.0000000173 0.0000000088 0.0000000098 0.0000000342 0.0000001341 0.0000004381 0.000001144 0.0000021662 0.0000031498 0.0000032133 0.0000077632 0.0000445663 0.0000195668 0.0000090071 0.000009369 0.0000157204 0.0000183627 0.0000175652 0.0000112092 0.0000073958 0.0000048476 0.0000031438 0.0000021335 0.0000016881 0.0000015987 0.0000016169 0.0000015649 0.00000138 0.0000010893 0.0000007835 0.0000005609 0.0000004973 0.0000006174 0.0000008751 0.0000011436 0.0000012513 0.000001126 0.0000008324 0.0000005301 0.000000328 0.0000002517 0.0000002648 0.0000003073 0.0000003265 0.0000002972 0.0000002298 0.000000156 0.0000001132 0.0000001452 0.0000003426 0.000000919
0.0000000376 0.0000000256 0.0000000152 0.0000000088 0.0000000096 0.0000000312 0.0000001191 0.000000384 0.0000009579 0.000001835 0.0000022466 0.000002575 0.000006695 0.0000091139 0.0000096066 0.0000060479 0.000005358 0.0000067813 0.0000080132 0.0000075758 0.0000062205 0.0000045523 0.0000033275 0.0000022788 0.0000015375 0.0000012291 0.0000014132 0.0000018438 0.0000022195 0.0000022914 0.0000020039 0.0000015038 0.0000010411 0.0000007956 0.0000008214 0.000001049 0.0000013133 0.0000014221 0.0000012604 0.0000009311 0.000000608 0.000000427 0.0000004232 0.0000005471 0.0000006953 0.0000007583 0.0000006868 0.0000005162 0.0000003358 0.0000002282 0.0000002638 0.0000005748 0.0000015053
0.0000000682 0.0000000508 0.0000000317 0.0000000171 0.0000000117 0.0000000245 0.0000000843 0.0000002525 0.000000594 0.000000965 0.0000011977 0.0000013483 0.0000015999 0.0000019706 0.0000021505 0.000002179 0.0000023153 0.0000026956 0.0000030521 0.0000031789 0.0000032342 0.0000035232 0.0000032908 0.0000026099 0.0000016295 0.0000014046 0.0000019204 0.0000028832 0.0000037678 0.0000040841 0.0000036427 0.0000027602 0.0000018937 0.0000013541 0.0000011654 0.0000012141 0.000001335 0.0000013455 0.0000011698 0.0000008673 0.0000006036 0.0000005157 0.0000006666 0.0000010081 0.0000013651 0.0000015197 0.0000013647 0.0000010013 0.0000006365 0.0000004374 0.0000004942 0.0000009635 0.0000023216
0.0000001867 0.000000137 0.0000000815 0.0000000399 0.0000000184 0.0000000182 0.0000000473 0.0000001268 0.000000254 0.0000003899 0.0000004641 0.0000004668 0.0000004408 0.0000004579 0.0000005334 0.0000006607 0.0000008163 0.0000009816 0.0000011469 0.0000013996 0.0000019811 0.0000028976 0.0000038277 0.0000026841 0.0000017721 0.0000016593 0.0000025347 0.000004082 0.000005658 0.0000063618 0.0000059042 0.0000046804 0.0000034799 0.0000026336 0.0000020839 0.0000017167 0.0000014301 0.0000011867 0.0000009342 0.0000006912 0.0000005343 0.0000005891 0.0000009534 0.000001606 0.0000022825 0.0000025762 0.0000022914 0.0000016458 0.000001061 0.0000008184 0.0000009997 0.0000017402 0.0000035859
0.0000004625 0.0000003255 0.0000001824 0.0000000812 0.0000000311 0.0000000156 0.0000000228 0.0000000486 0.0000000881 0.0000001267 0.0000001484 0.0000001468 0.0000001357 0.0000001353 0.0000001601 0.0000002082 0.0000002692 0.0000003371 0.0000004391 0.0000006823 0.000001231 0.0000021479 0.0000024784 0.0000022092 0.0000015568 0.0000017167 0.0000028539 0.0000048309 0.0000071645 0.0000087934 0.0000089256 0.0000079382 0.0000068163 0.0000057066 0.0000046379 0.0000032731 0.000002048 0.0000011669 0.0000007252 0.0000004996 0.0000004435 0.0000006526 0.0000012502 0.0000022341 0.0000032651 0.0000036932 0.000003236 0.0000022971 0.0000016074 0.0000015539 0.0000022059 0.0000035742 0.0000060399
0.0000009278 0.0000006277 0.0000003253 0.000000136 0.0000000478 0.0000000174 0.0000000133 0.0000000216 0.000000036 0.000000051 0.0000000613 0.0000000639 0.000000061 0.0000000583 0.000000061 0.0000000711 0.0000000876 0.0000001138 0.0000001737 0.0000003301 0.0000006652 0.000001033 0.0000012542 0.0000011723 0.0000011235 0.0000015112 0.0000027268 0.0000048446 0.0000078377 0.0000119764 0.0000140249 0.0000147112 0.0000132955 0.0000127668 0.0000103087 0.000006964 0.0000032966 0.0000014531 0.0000006602 0.0000003752 0.0000003682 0.0000006977 0.0000015898 0.0000029182 0.0000042156 0.0000046369 0.0000039106 0.000002819 0.0000022799 0.0000028878 0.0000049846 0.0000081432 0.0000119144
0.0000014673 0.0000009276 0.0000004619 0.0000001851 0.0000000629 0.0000000218 0.0000000157 0.0000000257 0.0000000451 0.0000000683 0.0000000877 0.0000000954 0.0000000888 0.0000000721 0.0000000535 0.00000004 0.0000000347 0.0000000405 0.0000000679 0.0000001403 0.0000002588 0.0000003917 0.0000004752 0.0000005269 0.0000006737 0.0000011709 0.0000023017 0.0000043908 0.0000080212 0.0000140829 0.000025009 0.0000239276 0.0000264977 0.000025034 0.0000216976 0.0000112693 0.0000052558 0.0000020946 0.0000008039 0.0000003569 0.0000003225 0.0000007106 0.0000018018 0.000003907 0.000005273 0.0000054585 0.000004184 0.0000032262 0.0000031036 0.000004637 0.0000093762 0.000019075 0.0000270622
0.0000016874 0.000001064 0.0000005178 0.0000002054 0.0000000698 0.0000000268 0.0000000266 0.0000000527 0.0000001009 0.0000001623 0.0000002158 0.0000002375 0.0000002164 0.0000001637 0.0000001033 0.000000056 0.0000000287 0.0000000193 0.0000000253 0.0000000465 0.0000000808 0.0000001191 0.0000001584 0.0000002233 0.0000003987 0.0000008527 0.0000018792 0.0000039894 0.0000082037 0.0000163647 0.0000261933 0.0000398381 0.0000449047 0.0000505991 0.0000290304 0.0000167504 0.0000077795 0.0000032361 0.0000012495 0.000000437 0.0000003141 0.0000006628 0.0000017878 0.0000038569 0.0000066886 0.0000052591 0.0000041968 0.0000036564 0.0000040005 0.0000062895 0.0000127964 0.0000275134 0.0000888654
0.0000014674 0.0000009276 0.0000004621 0.0000001857 0.0000000654 0.000000031 0.0000000443 0.0000001008 0.0000002078 0.0000003515 0.0000004836 0.0000005372 0.0000004838 0.0000003519 0.0000002083 0.000000101 0.0000000418 0.0000000169 0.0000000105 0.0000000134 0.0000000212 0.0000000329 0.0000000536 0.0000001059 0.0000002537 0.0000006526 0.0000016508 0.000003975 0.0000088477 0.000017811 0.000032007 0.0000500161 0.0000818689 0.000055294 0.000039888 0.0000224737 0.0000108297 0.0000052635 0.0000017605 0.0000006069 0.0000003754 0.000000609 0.0000014099 0.0000030795 0.0000040816 0.0000044515 0.0000039971 0.0000040913 0.0000047534 0.0000070374 0.0000135611 0.0000274324 0.0000428983
0.0000009279 0.0000006278 0.0000003255 0.0000001371 0.0000000523 0.0000000337 0.0000000651 0.0000001619 0.0000003516 0.0000006285 0.0000008919 0.0000010067 0.000000892 0.0000006286 0.0000003516 0.0000001614 0.0000000622 0.000000021 0.0000000073 0.0000000043 0.0000000055 0.0000000099 0.0000000224 0.0000000619 0.0000001867 0.0000005633 0.000001615 0.0000042118 0.0000098325 0.0000199368 0.0000383059 0.0000608272 0.0000665718 0.0000673042 0.0000506396 0.0000230322 0.0000145661 0.000005798 0.000002168 0.0000008746 0.0000006077 0.0000006832 0.0000010653 0.0000016416 0.000002339 0.0000029594 0.0000036484 0.0000043189 0.0000050374 0.000006783 0.000011358 0.0000201091 0.0000329032
0.0000004633 0.0000003256 0.0000001826 0.0000000825 0.0000000364 0.0000000345 0.0000000824 0.0000002152 0.0000004841 0.0000008927 0.0000013219 0.0000014984 0.0000013219 0.0000008927 0.000000484 0.0000002148 0.0000000802 0.0000000258 0.0000000074 0.0000000024 0.0000000019 0.0000000041 0.0000000131 0.0000000458 0.0000001605 0.000000535 0.0000016266 0.000004409 0.0000103098 0.0000213041 0.0000376259 0.00009964 0.0000801129 0.0000463769 0.0000310442 0.0000187946 0.0000095479 0.0000051814 0.0000022307 0.0000013651 0.0000011813 0.0000011061 0.0000010405 0.0000011091 0.0000014392 0.0000021421 0.0000031806 0.0000041704 0.0000049337 0.0000058868 0.000008432 0.0000137906 0.0000221468
0.0000001889 0.0000001368 0.0000000814 0.0000000409 0.000000023 0.0000000329 0.0000000893 0.0000002379 0.0000005398 0.0000010106 0.0000015024 0.0000017504 0.0000015024 0.0000010106 0.0000005397 0.0000002376 0.0000000879 0.000000028 0.0000000078 0.0000000021 0.0000000011 0.0000000028 0.0000000107 0.0000000414 0.0000001529 0.000000519 0.0000015794 0.0000042037 0.0000098281 0.0000192913 0.0000332596 0.0000398367 0.0000381483 0.0000289592 0.000017919 0.0000105017 0.0000057976 0.0000032651 0.0000023674 0.0000022059 0.0000022422 0.0000019977 0.0000015356 0.0000011517 0.0000011431 0.0000016577 0.0000026775 0.0000039873 0.0000047066 0.0000050556 0.0000057574 0.0000081017 0.0000115321
0.0000000715 0.000000049 0.0000000304 0.0000000172 0.000000014 0.0000000289 0.0000000834 0.0000002205 0.0000004941 0.0000009079 0.0000013413 0.0000015195 0.0000013413 0.0000009079 0.0000004941 0.0000002204 0.0000000828 0.0000000266 0.0000000075 0.000000002 0.000000001 0.0000000028 0.000000011 0.0000000428 0.0000001537 0.0000005001 0.0000014436 0.0000036675 0.0000080067 0.0000151248 0.0000221078 0.0000214774 0.0000182975 0.0000139037 0.0000092934 0.0000055368 0.0000040448 0.0000032111 0.0000034192 0.0000033255 0.0000036194 0.000003208 0.0000022712 0.0000014367 0.0000010663 0.0000012935 0.0000021563 0.0000033902 0.0000045059 0.0000040093 0.0000037316 0.000004166 0.0000051312
0.0000000365 0.0000000183 0.0000000106 0.000000007 0.000000009 0.000000024 0.0000000699 0.0000001792 0.0000003854 0.0000006817 0.0000009615 0.0000010827 0.0000009615 0.0000006817 0.0000003854 0.0000001792 0.0000000697 0.0000000231 0.0000000067 0.0000000019 0.0000000012 0.0000000034 0.0000000132 0.0000000487 0.0000001629 0.0000004896 0.0000013046 0.0000030198 0.0000060326 0.000009894 0.0000119236 0.0000115394 0.0000089617 0.0000065011 0.0000043795 0.0000028255 0.0000028053 0.0000400189 0.0000037934 0.000004162 0.0000047446 0.0000041249 0.0000028751 0.0000017067 0.000001051 0.0000010056 0.000001544 0.0000025133 0.0000030202 0.0000029635 0.0000024802 0.0000023703 0.0000025315
0.0000000357 0.0000000118 0.000000005 0.0000000035 0.0000000067 0.0000000203 0.0000000586 0.0000001451 0.0000002983 0.0000005007 0.0000006844 0.000000759 0.0000006845 0.0000005009 0.0000002985 0.0000001453 0.0000000588 0.0000000202 0.0000000061 0.0000000019 0.0000000015 0.0000000046 0.0000000171 0.0000000594 0.000000185 0.0000005116 0.0000012475 0.0000026556 0.0000047872 0.0000067697 0.000007699 0.0000069387 0.0000053267 0.0000036159 0.0000024264 0.0000017509 0.0000023692 0.0000028375 0.0000038447 0.0000042672 0.0000048133 0.0000043011 0.0000030532 0.0000018319 0.00000105 0.0000007961 0.0000010194 0.000001472 0.0000019048 0.000002094 0.0000021664 0.0000022074 0.0000022437
