Models/Synthetic/Density/temp_raster_dens.asc
NCOLS 100
NROWS 100
XLLCORNER 3302900
YLLCORNER 3112000
CELLSIZE 4430
NODATA_VALUE NaN
[rows 46 to 68 of 100, columns 0 to 51 of 100]
0.0000443783 0.0000658377 0.0000432843 0.0000268692 0.0000255834 0.0000354849 0.0000206789 0.0000113388 0.0000068936 0.0000077064 0.0000153214 0.0000373198 0.0000715968 0.0002027054 0.000296943 0.0002554964 0.0003031062 0.0003640964 0.0001995153 0.0001024131 0.0000995344 0.000196875 0.0002342971 0.000145559 0.0000940806 0.0000411079 0.0000365802 0.0000398728 0.0000361454 0.0000472026 0.0000399298 0.000033671 0.0000355318 0.0000394179 0.0000449215 0.0000768803 0.0000948137 0.0001693022 0.0000751063 0.000039761 0.000029213 0.0000399026 0.0000392777 0.000066702 0.0000974007 0.000164156 0.0001378208 0.0001046905 0.0000945634 0.0000497948 0.0000474552 0.000080255
0.0001031391 0.0000711439 0.0000715803 0.0000397106 0.0000379909 0.0000361952 0.0000242285 0.0000129557 0.0000081099 0.0000173251 0.0000171171 0.0000308249 0.0000681661 0.0001011648 0.0002147858 0.0001862483 0.0001867751 0.00028437 0.0001993922 0.0001344843 0.0001185142 0.0002243633 0.0001707146 0.0001499487 0.0000703344 0.0000412843 0.0000258309 0.0000185079 0.0000172255 0.0000168761 0.0000173627 0.000016868 0.0000175658 0.0000230011 0.0000362567 0.0000401623 0.0001002654 0.0001032381 0.0001011343 0.0000625515 0.0000746011 0.0000684918 0.000084215 0.0000843004 0.0001297982 0.0001523108 0.0001033454 0.0001564894 0.0000881152 0.0000801563 0.0001117067 0.0001246696
0.0001331006 0.0000873631 0.0000961573 0.0000523396 0.00004135 0.0000276978 0.0000258606 0.0000172825 0.0000127505 0.0000151796 0.0000298565 0.0000281604 0.0000362476 0.0000678221 0.0000869777 0.000108178 0.0001179602 0.0001084262 0.0001381116 0.0001577127 0.0002317773 0.0002993315 0.0002272692 0.000144301 0.0000655402 0.0000253722 0.0000188728 0.0000104563 0.0000079937 0.000009469 0.0000125367 0.0000162474 0.0000150282 0.0000153412 0.0000172585 0.0000347232 0.0000792855 0.0001785111 0.0001340719 0.0001566816 0.0001200173 0.0000961846 0.0000995565 0.0000830302 0.0001047283 0.0000982754 0.0000724212 0.0000799792 0.0001124307 0.0001654719 0.0002276695 0.0001857315
0.0000801457 0.0000975774 0.0000869028 0.0000945836 0.0000608708 0.000044253 0.0000332697 0.0000308222 0.0000356103 0.0000203846 0.0000350948 0.0000426343 0.0000260512 0.0000345422 0.0000372881 0.0000586354 0.0000610957 0.0000513683 0.0000710824 0.0002029742 0.0007432669 0.0008339152 0.0008241271 0.0002274298 0.0000696356 0.0000209236 0.0000099588 0.0000080948 0.0000087632 0.0000145181 0.0000243438 0.0000281755 0.0000265789 0.0000203528 0.000033502 0.0000319621 0.0000747602 0.0001082636 0.0001738476 0.0001760653 0.000194304 0.0001335664 0.0000888372 0.0000752433 0.000065021 0.0000465032 0.0000455542 0.0000679681 0.000089235 0.0002155764 0.0005018468 0.0002130887
0.0000434516 0.000064276 0.000094948 0.0000765964 0.0001171143 0.0001068252 0.0000730153 0.0000441213 0.0000276963 0.0000370743 0.0000376083 0.0000263974 0.0000223372 0.0000216327 0.0000335571 0.0000244129 0.0000221589 0.0000293875 0.0000626949 0.0002460856 0.0008821071 0.0029193813 0.0010004368 0.0004318506 0.0000959737 0.0000278446 0.0000149473 0.0000152559 0.0000192769 0.0000293668 0.0000515732 0.000067344 0.0000496613 0.0000384644 0.0000317859 0.0000600861 0.0000474045 0.0001158113 0.0001217034 0.0001549913 0.0001253409 0.0001044496 0.0000838956 0.0000424527 0.0000351769 0.0000330274 0.0000328948 0.0000302995 0.0000621455 0.0001760951 0.0002213177 0.000210356
0.0000423992 0.000045545 0.0000665774 0.0001007316 0.0001869275 0.0002268421 0.0001874164 0.0000704459 0.0000679545 0.0000487163 0.0000367482 0.000029675 0.0000242821 0.0000259605 0.0000348659 0.0000218224 0.0000147981 0.0000210461 0.0000621088 0.0002043481 0.0007096583 0.0010401748 0.0011849002 0.0003752804 0.0001155672 0.0000535246 0.0000625157 0.0000327587 0.0000444942 0.0000542838 0.0000756475 0.0001026657 0.0001089895 0.0000500492 0.0000289661 0.0000304949 0.0000428306 0.0000697625 0.0001111705 0.0001433864 0.0000824919 0.0001116166 0.0000482549 0.0000321715 0.0000432239 0.000030601 0.0000248065 0.0000245199 0.0000446096 0.000089923 0.0000963778 0.0000848758
0.0000242343 0.0000297939 0.000043603 0.0001062817 0.000240512 0.0004987341 0.000170642 0.0001134028 0.000096915 0.0000721059 0.0000615753 0.0000525715 0.0000394025 0.0000466158 0.0000352831 0.0000438092 0.0000136124 0.0000195394 0.0000765712 0.0001586188 0.0002855069 0.0004300957 0.0004164689 0.0002604146 0.0001340164 0.0001346918 0.000105481 0.0000781972 0.0000492366 0.0000554047 0.0001135528 0.0001236627 0.0001009777 0.0000445754 0.0000272808 0.0000307067 0.0000550997 0.0000692988 0.0000958256 0.0000579151 0.000055985 0.0000433632 0.0000357888 0.0000334732 0.0000443478 0.0000476198 0.0000417803 0.0000293541 0.0000488601 0.0000484816 0.0000448002 0.0000547834
0.0000393468 0.0000233288 0.0000374563 0.0000911791 0.0002967946 0.0002178236 0.0001564669 0.0001003203 0.0001092349 0.0001201256 0.000075529 0.0000734167 0.0000617689 0.0000919582 0.0000411037 0.0000219264 0.0000194088 0.0000271281 0.0000535394 0.0001040956 0.0001748006 0.0002257137 0.0001936554 0.0001291305 0.0001357909 0.0002111892 0.0003215981 0.0001076009 0.0000546583 0.0000516358 0.0001078072 0.000094075 0.000078823 0.0000345817 0.0000262606 0.0000343629 0.0000509996 0.0000766712 0.0000492755 0.0000475647 0.0000345203 0.0000454713 0.0000436837 0.000041402 0.0000667465 0.0000626796 0.000072056 0.0000529378 0.000042116 0.0000439385 0.0000402713 0.0000479172
0.0000179418 0.0000272967 0.0000449339 0.0000933036 0.0001652139 0.0001211412 0.0000925453 0.0000818827 0.0000672376 0.0000746768 0.0000964704 0.0001038268 0.0001263259 0.0000794561 0.0000366181 0.0000314688 0.0000344145 0.0000598818 0.0000947267 0.000161401 0.0002136177 0.0001705909 0.0000978787 0.0000658076 0.000080463 0.000152821 0.0001620599 0.0000878125 0.0000465706 0.0000415489 0.000056241 0.0000521514 0.000050313 0.0000389997 0.000049456 0.0000556543 0.0000654661 0.0000644629 0.0000337146 0.0000220763 0.0000226793 0.0000468612 0.000047439 0.0000445555 0.0000687221 0.0000664109 0.000107942 0.0001459627 0.0000896269 0.0000564329 0.000063108 0.0000440337
0.0000210175 0.0000392109 0.0000889042 0.0001396077 0.0001306649 0.0000872718 0.0000520579 0.0000391345 0.000040239 0.0000523834 0.0000832288 0.0001498831 0.0001032382 0.0000746909 0.0000417259 0.0000329942 0.0000659376 0.0001384637 0.0001951077 0.0002150379 0.0002786571 0.0000964012 0.0000463678 0.0000364715 0.0000755487 0.0001002199 0.0000675096 0.0000543932 0.0000409253 0.0000386901 0.0000397749 0.0000672975 0.0000535868 0.0000701983 0.0001232314 0.0001021315 0.0000667303 0.0000582538 0.0000228292 0.0000139169 0.0000161992 0.000029593 0.0000565484 0.000045229 0.000038259 0.0000558837 0.0001061344 0.0002374644 0.0001313499 0.0000771178 0.0000569261 0.0000590205
0.0000629404 0.0000698055 0.0001318017 0.0002465565 0.0001673568 0.0001222409 0.0000609247 0.0000390504 0.0000364906 0.0000633577 0.0000935326 0.0001228031 0.0000899064 0.0000372594 0.0000244639 0.0000513027 0.0000916458 0.0001687018 0.0003694478 0.000259416 0.0001401702 0.0000717169 0.000028334 0.0000277366 0.0000313857 0.0000510877 0.0000834703 0.0000908392 0.0000940287 0.000059783 0.0001019684 0.0000416257 0.0000542125 0.0001073758 0.0002363795 0.0001884924 0.0000877947 0.0000386656 0.0000248749 0.0000105546 0.0000121905 0.0000238056 0.0000323461 0.0000347112 0.0000429754 0.0000405575 0.000077584 0.0001048495 0.0001721273 0.0000897613 0.0000766288 0.000043574
0.0001082726 0.0001166365 0.0001734519 0.000214457 0.0002439965 0.0001400465 0.0000918686 0.0000778846 0.0000379153 0.0000374014 0.0000591986 0.0001296901 0.0000608165 0.0000295316 0.0000323101 0.0000374499 0.0001001758 0.0001771641 0.0002304976 0.0001996093 0.0001016839 0.0000396373 0.0000216682 0.0000165915 0.0000205467 0.0000348831 0.0001002834 0.0002490987 0.0002008152 0.000142319 0.0000776719 0.0000716642 0.0000456281 0.0001115079 0.0001500521 0.0001784211 0.000079343 0.0000347311 0.0000161266 0.0000103802 0.0000107015 0.0000185303 0.0000261742 0.0000403986 0.0000447855 0.0000379769 0.0000453437 0.0000733749 0.0001045667 0.0001236895 0.0000636617 0.0000593048
0.0000661402 0.0000775302 0.0001282611 0.0001626325 0.0001448563 0.0001588841 0.0001778412 0.0000711144 0.0000486187 0.0000239594 0.0000382514 0.0000573167 0.0000443897 0.0000349937 0.0000436681 0.0000467488 0.0000592001 0.0000851289 0.0001045274 0.000085091 0.0000545133 0.0000253667 0.000016023 0.0000203107 0.0000168891 0.00002939 0.0000895626 0.0002020447 0.0004541946 0.0002258221 0.0000940552 0.0000472967 0.0000555378 0.0000658535 0.000111987 0.000102816 0.000100634 0.000030899 0.0000194723 0.0000115806 0.000011629 0.0000207794 0.0000496977 0.0000451354 0.00002553 0.0000307968 0.0000450331 0.0001336556 0.0001104249 0.0001131477 0.0000664506 0.0000469506
0.0000386182 0.0000494716 0.000074822 0.0000920113 0.0000900246 0.0000980478 0.0000950731 0.0000742686 0.0000263569 0.0000168321 0.0000225122 0.0000355066 0.0000524637 0.0000575414 0.0000889918 0.0000680578 0.0000777826 0.0000822921 0.0000556776 0.0000405768 0.0000267517 0.0000281576 0.0000159489 0.0000182855 0.0000237601 0.00003314 0.0000568929 0.0001424088 0.0002133134 0.0001632475 0.0000720573 0.0000501637 0.0000559456 0.0001225813 0.0001029854 0.0000880679 0.0000642767 0.00003974 0.0000185984 0.0000229795 0.0000123222 0.0000216012 0.0000514946 0.0000315448 0.0000340884 0.0000433192 0.0000702023 0.0001157185 0.0002655478 0.000107388 0.0000571354 0.000031497
0.000020164 0.0000433521 0.0000650139 0.0000793729 0.0000784107 0.0000661558 0.0000449284 0.0000404203 0.0000177725 0.0000114201 0.000027157 0.0000681345 0.0000972613 0.0001466446 0.0000927711 0.0000866301 0.0001833192 0.0000864283 0.0000583899 0.0000391251 0.0000291904 0.0000237648 0.0000212071 0.0000303615 0.000047565 0.0000587235 0.0000646703 0.0000656448 0.0000881401 0.0000818375 0.0000608897 0.0000425225 0.0000637475 0.0001265409 0.0001971061 0.0000980687 0.0000422046 0.000035607 0.0000244676 0.000014201 0.0000137445 0.0000203143 0.0000301565 0.0000371657 0.0000504775 0.0000806414 0.0000890469 0.0001376804 0.0001252117 0.0001146491 0.000060942 0.0000349996
0.0000132575 0.0000303873 0.0000526459 0.0000764541 0.0000538806 0.0000435103 0.0000527455 0.0000220573 0.0000119047 0.000011541 0.0000331715 0.0001370932 0.0001741745 0.0001808521 0.0001096228 0.0000963613 0.0001080251 0.0000789042 0.0000594833 0.0000523311 0.0000623428 0.0000341508 0.0000399509 0.0000585704 0.0000870643 0.0001105605 0.0000639215 0.0000909745 0.0000915715 0.000084601 0.0000743232 0.0000519323 0.0000687405 0.0000957948 0.000089108 0.0000659765 0.000046733 0.0000393595 0.0000231452 0.0000191647 0.0000134882 0.0000231878 0.0000458921 0.0000661857 0.0000555506 0.000061574 0.0001361883 0.0000909868 0.0000766889 0.0001058422 0.0000941089 0.0000684046
0.000010484 0.0000190152 0.0000331106 0.0000410497 0.0000377996 0.0000330031 0.0000344064 0.0000224856 0.0000110019 0.0000119367 0.0000460516 0.0001207579 0.0001025423 0.0001010952 0.0000695204 0.0000639432 0.0000556902 0.000077178 0.0000824156 0.0000856797 0.0000522787 0.0000473761 0.0000725653 0.0001147838 0.0001034778 0.0000739249 0.0000591548 0.0000913321 0.0001977833 0.0000915156 0.0000519788 0.0000685466 0.0000401379 0.0000389316 0.000046102 0.000054065 0.00002892 0.0000245825 0.0000341224 0.0000185069 0.0000158526 0.0000253607 0.0000780464 0.0000549366 0.0000447713 0.0000539636 0.0000879495 0.0000506477 0.0000631724 0.0001184748 0.0001593404 0.000069594
0.0000098178 0.0000169287 0.0000324845 0.0000364183 0.0000488686 0.0000395248 0.0000329273 0.0000211654 0.0000133808 0.0000129334 0.0000343616 0.0000318811 0.0000386175 0.0000395494 0.0000377283 0.00004415 0.000067396 0.0000945248 0.0000980057 0.0000713371 0.0000666129 0.0000563129 0.0000701733 0.0001432938 0.0001020779 0.0000535026 0.0000414924 0.00006125 0.0001043137 0.0000684669 0.0000370271 0.0000270595 0.0000239815 0.0000292848 0.0000221502 0.0000210961 0.000017931 0.0000278469 0.0000178322 0.0000201922 0.0000194653 0.0000300192 0.0000406624 0.0000457024 0.0000479146 0.0000535612 0.0000388855 0.0000444676 0.0000465851 0.000094776 0.0001166494 0.0000558685
0.0000129128 0.0000196025 0.0000630257 0.0000723062 0.0000859361 0.0000869153 0.000048672 0.0000410203 0.0000227682 0.0000188625 0.000017641 0.000021122 0.0000255837 0.0000264551 0.0000274134 0.0000435065 0.000076822 0.0000753763 0.0001080653 0.0000757766 0.0000488595 0.0000505392 0.0000693696 0.0000814141 0.0000635874 0.000042697 0.0000335723 0.0000404876 0.0000387296 0.0000404254 0.0000271596 0.0000168282 0.0000143286 0.0000151691 0.0000158252 0.0000142024 0.0000128525 0.0000136678 0.0000165931 0.0000188193 0.0000225754 0.0000349692 0.0000602836 0.0000627698 0.0000517295 0.0000400612 0.0000477306 0.0000321119 0.0000418826 0.0000564933 0.0000445849 0.000044809
0.0000116906 0.0000234091 0.0000470794 0.0001230599 0.0002484539 0.0001503096 0.0000696607 0.000064306 0.0000608408 0.0000444419 0.0000288821 0.0000241208 0.000037428 0.0000358653 0.0000273193 0.0000409612 0.0000500506 0.0000723161 0.0000656437 0.0000722356 0.0000453398 0.0000357788 0.0000473627 0.0000488877 0.0000580674 0.0000548628 0.0000491755 0.000045955 0.0000440038 0.0000562217 0.000034014 0.0000224367 0.0000142565 0.0000288761 0.0000262797 0.0000309045 0.0000159861 0.0000197335 0.0000360141 0.0000307227 0.0000439217 0.000047562 0.0000747012 0.0000553402 0.0000493811 0.0000352682 0.0000365392 0.0000429644 0.0000352306 0.0000398043 0.0000316731 0.000025937
0.0000102421 0.0000303838 0.0000632512 0.0001117007 0.0001613508 0.0001243483 0.000103392 0.0000945233 0.0001434633 0.0000929521 0.0000619744 0.0000372813 0.0000295511 0.0000282838 0.0000446101 0.0000282244 0.0000303284 0.0000338689 0.000051643 0.0000517378 0.0000440093 0.000032356 0.0000242594 0.0000411027 0.0000468333 0.0000814452 0.0001049641 0.0000731898 0.0000850188 0.0000638311 0.0000649466 0.0000271198 0.0000221601 0.0000258372 0.0000451742 0.0000341814 0.0000261987 0.0000297179 0.000049916 0.0000461774 0.0000480706 0.0000621592 0.0000477494 0.000041806 0.0000303182 0.0000277764 0.0000445112 0.0000483077 0.0000397194 0.000039612 0.0000602695 0.0000300497
0.0000114861 0.0000231579 0.0000463624 0.0000645795 0.0000857068 0.0000685294 0.0000883313 0.0001134237 0.0002118828 0.0002421334 0.0001033689 0.0000591999 0.000032774 0.0000395629 0.0000299452 0.0000346449 0.0000224908 0.0000277829 0.0000300376 0.0000289063 0.0000229815 0.0000149945 0.0000152415 0.0000221321 0.0000439497 0.0000756802 0.0001253598 0.0001138704 0.0001182146 0.0000965714 0.0000407538 0.0000336652 0.0000251621 0.000049604 0.0000322893 0.0000608002 0.0000290714 0.0000529418 0.0000806759 0.000079871 0.0000628794 0.0000527354 0.0000613878 0.0000469087 0.0000592584 0.0000456039 0.0000591107 0.0000539118 0.0000614939 0.0000594126 0.0000584862 0.000048225
0.0000233577 0.0000329468 0.0000400107 0.000064548 0.0000640701 0.0000727133 0.0000882773 0.0001537727 0.0002212936 0.000266709 0.000161224 0.0000698825 0.0000340453 0.0000563481 0.0000482406 0.0000238556 0.0000260873 0.0000435814 0.0000403763 0.0000345487 0.000019429 0.000010204 0.0000095497 0.0000163893 0.0000308599 0.0000688058 0.0000889995 0.0001271076 0.0001013373 0.0000637751 0.0000337503 0.000025825 0.0000419042 0.0000245856 0.0000254795 0.0000234689 0.0000312593 0.0000387589 0.0000566596 0.000073912 0.0000705632 0.0000798122 0.0001160772 0.0000831047 0.0001082443 0.0001026871 0.0000687906 0.0000803341 0.0000752443 0.0001207343 0.0001181686 0.0000888021
