Models/Synthetic/Density/temp_raster_dens.asc
NCOLS 101
NROWS 101
XLLCORNER 3302900
YLLCORNER 3112000
CELLSIZE 4386.138614
NODATA_VALUE NaN
[rows 23 to 45 of 101, columns 0 to 51 of 101]
0.0001517865 0.0001583443 0.0001460783 0.0001394188 0.0001348797 0.0001317589 0.0001171229 0.0001085735 0.0001000362 0.0000911584 0.0000820683 0.0000737495 0.000066447 0.0000598769 0.000054347 0.0000529055 0.0000444385 0.000040798 0.0000418968 0.0000355985 0.0000334288 0.0000322411 0.0000317724 0.0000320212 0.0000333553 0.0000320786 0.0000319612 0.0000328217 0.0000349673 0.0000414961 0.0000411273 0.0000521239 0.0000498418 0.0000548548 0.0000603665 0.000066028 0.0000725084 0.0000803049 0.0000889219 0.0001035467 0.0001053978 0.0001211351 0.0001181229 0.0001225851 0.0001302616 0.0001247082 0.0001232894 0.0001218224 0.0001233346 0.0001138898 0.000107507 0.0001058769
0.0001498354 0.0001492395 0.0001441611 0.0001427516 0.0001326704 0.000125213 0.000116865 0.0001082176 0.0000995115 0.0000907566 0.0000819003 0.0000740533 0.0000671285 0.0000613807 0.0000555244 0.0000499606 0.0000449866 0.0000417367 0.0000389204 0.0000365307 0.0000338672 0.0000325515 0.000031912 0.0000319827 0.0000318369 0.0000316932 0.0000315457 0.0000324015 0.0000344771 0.0000367868 0.0000399749 0.0000431701 0.0000480754 0.0000526204 0.0000576012 0.0000623486 0.0000683178 0.0000752267 0.0000832331 0.0000908507 0.000098205 0.0001045863 0.0001103886 0.0001190118 0.0001164506 0.0001165631 0.0001155901 0.0001136995 0.0001103097 0.0001056932 0.0001035478 0.0000931312
0.0001479518 0.0001442069 0.0001406728 0.000136102 0.0001306483 0.0001243199 0.0001152804 0.0001067599 0.0001011376 0.0000897703 0.0000814489 0.0000742585 0.0000676651 0.0000618014 0.0000582276 0.0000500479 0.0000452192 0.0000421107 0.0000413928 0.0000370008 0.0000346804 0.0000332757 0.0000327538 0.0000322649 0.0000318719 0.0000313641 0.0000315623 0.0000324365 0.0000340139 0.0000362272 0.0000387917 0.0000420247 0.0000464257 0.0000614597 0.0000552374 0.0000596028 0.0000652622 0.0000718101 0.0000788932 0.0000861867 0.0000927308 0.0000989017 0.0001070861 0.0001075399 0.0001093361 0.0001097689 0.0001091469 0.0001148376 0.0001030341 0.0001059717 0.0000939938 0.0000876452
0.0001423673 0.0001389806 0.0001353706 0.0001318654 0.0001316661 0.000120184 0.000120927 0.000103903 0.0000955187 0.0000878404 0.0000808699 0.0000736722 0.0000677721 0.0000619422 0.0000556299 0.0000503659 0.0000458923 0.0000433613 0.0000407483 0.0000383808 0.0000361469 0.0000347501 0.000034075 0.0000342399 0.0000323962 0.0000318534 0.0000320515 0.0000329242 0.0000344638 0.0000365914 0.0000394272 0.0000423671 0.0000462591 0.0000501187 0.0000542501 0.0000583513 0.0000633579 0.0000695788 0.0000768309 0.0000838228 0.0000905053 0.0000949908 0.000098814 0.0001019278 0.0001035724 0.0001050551 0.0001123173 0.0001017835 0.0000975529 0.000093127 0.0000907441 0.0000883215
0.0001333837 0.000132113 0.000129347 0.0001261467 0.0001211528 0.000114972 0.0001075701 0.00009982 0.0000921361 0.0000848052 0.0000782448 0.0000722784 0.0000665741 0.000060398 0.0000548594 0.0000503616 0.0000468496 0.0000442635 0.0000433957 0.0000393366 0.0000375202 0.0000392283 0.0000352789 0.0000340598 0.0000334236 0.0000328954 0.0000330918 0.0000338996 0.0000353814 0.0000376954 0.0000406724 0.0000445651 0.0000461963 0.0000494716 0.0000577327 0.0000578165 0.0000626276 0.0000686124 0.0000754446 0.0000847201 0.0000886867 0.0000920539 0.0000952745 0.0000979611 0.0000995439 0.0001012314 0.0001095377 0.0000979038 0.0000929076 0.0000889425 0.0000840068 0.0000788181
0.0001244042 0.0001238962 0.0001248011 0.0001185873 0.0001137208 0.0001081244 0.0001019382 0.0001006229 0.0000880946 0.0000816126 0.0000759671 0.0000703804 0.0000645216 0.0000589366 0.0000541992 0.0000506055 0.0000480588 0.0000454022 0.0000429021 0.000040775 0.0000391041 0.0000377207 0.0000365479 0.0000352565 0.0000346694 0.0000344789 0.0000346652 0.0000353449 0.0000367316 0.0000390037 0.0000422292 0.0000448772 0.0000473636 0.0000504327 0.000054118 0.0000582058 0.0000629971 0.0000687549 0.0000752503 0.0000815898 0.0000869599 0.0000907515 0.0000939057 0.000095865 0.0000969893 0.0000977588 0.0000997824 0.0000942325 0.0000911068 0.0000850065 0.0000800231 0.0000749889
0.0001148954 0.0001167063 0.0001141032 0.0001113071 0.0001063521 0.0001011915 0.0000962836 0.0000898383 0.0000837075 0.0000779434 0.0000738284 0.0000686048 0.0000625258 0.0000576334 0.0000537922 0.0000509221 0.0000485201 0.000046284 0.0000440598 0.0000421859 0.0000407815 0.0000394958 0.0000383077 0.0000372536 0.0000366947 0.0000368529 0.0000370015 0.0000375554 0.0000384449 0.0000404262 0.0000429108 0.0000452705 0.0000481499 0.0000539448 0.0000549344 0.0000593661 0.0000644225 0.0000699005 0.0000753263 0.0000811004 0.0000870687 0.0000904824 0.0000927349 0.0000957248 0.0000956354 0.0000950701 0.0000932131 0.0000914052 0.00008735 0.0000828265 0.0000773491 0.0000727585
0.0001047653 0.0001050026 0.0001093129 0.000103529 0.0000996305 0.0000947958 0.0000899786 0.000084549 0.000079195 0.0000742184 0.000069485 0.0000650639 0.0000606384 0.0000570962 0.0000541434 0.0000517978 0.0000494304 0.0000475639 0.0000457366 0.0000442207 0.0000431457 0.0000424338 0.0000410364 0.0000399469 0.0000393362 0.0000394331 0.0000466847 0.0000400814 0.0000407561 0.0000422085 0.0000440753 0.000046341 0.0000498111 0.0000530696 0.0000569173 0.000061055 0.0000684684 0.0000707161 0.0000752965 0.0000809756 0.0000947636 0.0000900115 0.0000923303 0.0000944099 0.0000966191 0.0000936 0.0000914262 0.0000891819 0.0000895431 0.0000812668 0.000076013 0.0000705623
0.0000941157 0.0000946121 0.0000947103 0.0000980674 0.0000973972 0.0000907495 0.0000830898 0.000080226 0.0000764977 0.0000698534 0.0000656503 0.0000620978 0.0000588261 0.0000566458 0.0000603778 0.0000530222 0.0000509888 0.0000492309 0.000047754 0.000046539 0.0000459295 0.0000456206 0.0000447918 0.000043659 0.0000426156 0.000042654 0.0000428041 0.0000435424 0.0000440173 0.0000454527 0.0000466503 0.0000487249 0.0000515009 0.0000587757 0.0000585967 0.0000627034 0.0000672308 0.0000716815 0.0000758599 0.0000810433 0.0000887617 0.000089839 0.0000936231 0.0000934903 0.0000958446 0.0000934196 0.0000905801 0.0000891237 0.0000854015 0.0000853449 0.0000751153 0.000070126
0.0000842799 0.0000844226 0.0000845523 0.0000838821 0.0000824157 0.0000792716 0.0000761003 0.0000728181 0.0000690657 0.0000655357 0.0000626672 0.0000596853 0.0000576968 0.0000565489 0.0000555819 0.0000548859 0.0000526614 0.0000513271 0.0000501235 0.0000491193 0.0000486641 0.0000492289 0.0000512353 0.0000479848 0.0000469907 0.0000462323 0.0000463393 0.0000469992 0.0000490362 0.0000487679 0.0000528312 0.0000515107 0.0000541575 0.0000574376 0.0000610396 0.0000645596 0.0000691316 0.0000735823 0.0000778281 0.0000821766 0.0000869579 0.0000900858 0.0000921781 0.0000924595 0.0000923125 0.0000917625 0.0000903537 0.0000880195 0.0000863145 0.0000799837 0.0000817199 0.0000699046
0.0000751508 0.0000754362 0.0000756141 0.0000752908 0.0000738523 0.0000715649 0.0000688359 0.000066154 0.0000635119 0.0000611681 0.0000591654 0.0000576544 0.0000566217 0.0000565683 0.0000554951 0.0000548169 0.0000543879 0.0000536991 0.0000528225 0.0000519417 0.0000516834 0.0000523522 0.0000528564 0.0000553675 0.0000514927 0.0000506306 0.0000504468 0.0000510505 0.000051485 0.0000524947 0.0000531815 0.0000548508 0.0000569069 0.0000599433 0.000063458 0.0000674001 0.0000714637 0.0000775971 0.0000798316 0.0000899659 0.0000866906 0.0000909573 0.0000909651 0.0000914876 0.0000915356 0.0000910545 0.0000898695 0.0000883152 0.0000841074 0.00007948 0.0000739936 0.0000698673
0.0000670084 0.0000674245 0.0000678954 0.0000687861 0.0000754135 0.0000656777 0.0000632929 0.0000612969 0.0000593962 0.0000576267 0.0000564959 0.0000558524 0.0000557693 0.0000556454 0.0000556089 0.0000555261 0.0000558129 0.0000560376 0.0000555693 0.0000551108 0.0000550766 0.0000557202 0.000057661 0.0000567976 0.0000566 0.0000555638 0.0000550574 0.0000548071 0.000055531 0.0000559993 0.0000569408 0.000058366 0.0000605047 0.0000633085 0.0000666323 0.0000701614 0.0000739654 0.0000773964 0.0000809388 0.0000838551 0.0000870724 0.0000894454 0.0000913241 0.0000920221 0.0000920361 0.0000911778 0.000089767 0.0000873367 0.0000841403 0.0000786572 0.0000733982 0.0000688252
0.0000600312 0.0000603582 0.0000608469 0.0000615999 0.0000631223 0.0000600413 0.0000584542 0.0000578045 0.0000560884 0.0000550911 0.0000546883 0.0000551675 0.0000555059 0.0000562044 0.0000562961 0.0000568667 0.0000573609 0.0000579899 0.0000583292 0.0000585271 0.0000595363 0.0000605219 0.0000613382 0.0000610811 0.0000611182 0.0000654687 0.0000594933 0.0000592412 0.0000599758 0.0000694495 0.000061918 0.0000630463 0.0000649307 0.0000669486 0.0000705428 0.000073982 0.0000769952 0.0000795642 0.0000824312 0.0000852802 0.000087525 0.0000897707 0.0000979468 0.0000937022 0.0000925468 0.0000916931 0.0000892675 0.0000865815 0.000083111 0.000078008 0.0000726685 0.0000680199
0.0000541696 0.0000541966 0.0000543117 0.000054798 0.0000547335 0.0000544024 0.0000538678 0.0000535215 0.0000534877 0.000053223 0.0000537396 0.0000547266 0.0000623936 0.0000571058 0.000058795 0.0000581121 0.0000590311 0.000060219 0.0000612125 0.0000621451 0.0000636388 0.0000695965 0.0000656692 0.0000722015 0.0000647807 0.0000639005 0.0000636521 0.0000647686 0.0000646167 0.0000656182 0.0000664334 0.00007167 0.0000685614 0.0000705794 0.0000735225 0.0000797682 0.0000865857 0.0000817972 0.0000852892 0.0000881137 0.0000893564 0.000091341 0.0000933193 0.0000938107 0.0000931424 0.0000914348 0.0000889362 0.0000857459 0.0000816075 0.000076952 0.0000718652 0.0000671258
0.0000492836 0.0000491331 0.0000487625 0.0000488336 0.0000489962 0.0000490923 0.000049323 0.0000501924 0.000050823 0.0000524046 0.0000523209 0.0000546443 0.0000563946 0.0000608401 0.000058196 0.0000592632 0.0000611001 0.0000629702 0.0000645625 0.0000656707 0.000067424 0.0000686629 0.0000773784 0.0000689257 0.0000682721 0.0000675783 0.0000676313 0.0000680039 0.0000693828 0.0000694233 0.0000696352 0.000070473 0.0000714128 0.0000727234 0.0000760581 0.0000791074 0.0000817942 0.0000836193 0.0000859846 0.000088798 0.0000909417 0.000097673 0.000094909 0.0000952556 0.0000940233 0.0000915725 0.0000896368 0.0000849063 0.0000806864 0.0000764135 0.0000717159 0.0000671078
0.0000525352 0.0000446208 0.0000443093 0.0000442702 0.0000445114 0.0000448801 0.0000454587 0.0000466389 0.0000506844 0.0000490807 0.0000504589 0.0000526084 0.0000633021 0.000056808 0.0000582379 0.0000599701 0.0000628171 0.0000671212 0.0000675425 0.0000690213 0.0000704947 0.0000719005 0.0000725996 0.0000727032 0.0000722113 0.0000721323 0.0000726619 0.0000727939 0.0000727349 0.0000718917 0.000071858 0.0000722863 0.0000733325 0.0000748576 0.0000770616 0.0000813101 0.0000829161 0.0000847957 0.0000861384 0.0000882524 0.0000914347 0.0000974788 0.0000959752 0.0000999938 0.0000964675 0.0000919948 0.0000883966 0.0000894756 0.0000795156 0.0000755482 0.000075301 0.0000666425
0.000040319 0.0000410643 0.0000405259 0.0000406939 0.0000411151 0.0000416429 0.0000423241 0.0000436584 0.0000449142 0.0000465048 0.0000481209 0.0000511549 0.0000536746 0.0000561386 0.0000580192 0.0000608822 0.0000643762 0.0000675956 0.0000703463 0.0000722752 0.0000740916 0.0000760006 0.0000772313 0.0000774148 0.0000767442 0.0000764582 0.0000775882 0.0000807324 0.00007559 0.0000750579 0.0000739353 0.0000743521 0.0000759435 0.0000764463 0.0000781377 0.0000809629 0.0000899987 0.0000848304 0.0000857549 0.0000875934 0.0000904772 0.0000983791 0.0000955015 0.0000956905 0.0000953103 0.0001015131 0.0000875751 0.0000831251 0.0000793728 0.0000754767 0.0000711446 0.0000663329
0.0000363678 0.0000367609 0.000037338 0.0000379083 0.0000386295 0.0000393244 0.0000400439 0.0000410635 0.0000425316 0.0000444104 0.0000467253 0.0000496718 0.0000588492 0.0000555511 0.0000584652 0.0000619857 0.0000657257 0.0000693964 0.0000727786 0.0000757239 0.0000780998 0.0000804148 0.000083392 0.0000828149 0.0000806329 0.0000799463 0.0000801955 0.0000792223 0.0000780889 0.0000764155 0.0000759837 0.0000763669 0.0000768462 0.0000774974 0.0000782703 0.0000805 0.0000823233 0.0000840303 0.0000848894 0.0000866673 0.0000891367 0.0000912485 0.0000939762 0.0001042244 0.0000936981 0.0000905405 0.0000871294 0.0000821196 0.0000795501 0.0000775579 0.0000699898 0.000066417
0.0000331025 0.0000336873 0.0000345484 0.0000356453 0.0000368 0.0000376338 0.0000384724 0.0000398763 0.0000419679 0.0000445499 0.0000468281 0.0000496038 0.0000523632 0.0000558171 0.0000592301 0.0000633818 0.0000675605 0.0000715222 0.0000749037 0.000078367 0.0000850997 0.0000843567 0.0000858261 0.0000858734 0.0000841113 0.0000824368 0.0000812577 0.000080139 0.0000789983 0.0000779978 0.0000775241 0.0000774869 0.0000778419 0.000077794 0.0000780347 0.0000789175 0.0000803035 0.0000818378 0.0000836751 0.0000853779 0.0000872761 0.0000893878 0.000091633 0.0000945974 0.0000918253 0.0000898628 0.0000869014 0.0000813766 0.0000767669 0.0000722927 0.0000691066 0.000071549
0.0000307196 0.0000313476 0.0000323867 0.0000337568 0.0000351298 0.0000365186 0.0000375235 0.000039088 0.0000482425 0.0000475365 0.000049639 0.0000491858 0.0000524249 0.0000562241 0.0000603111 0.0000645964 0.0000693794 0.0000731553 0.000076607 0.0000803145 0.000083576 0.0000865139 0.0000924527 0.000094445 0.000086953 0.0000846415 0.000082905 0.0000810264 0.0000798019 0.000079254 0.0000785754 0.0000784022 0.0000784828 0.0000777872 0.0000775651 0.0000779151 0.0000787414 0.0000799238 0.0000815078 0.0000840841 0.0000845464 0.000086075 0.0000889981 0.0000883923 0.0000883822 0.0000900523 0.0000850908 0.0000818032 0.0000739324 0.0000700011 0.0000674026 0.0000653238
0.0000289505 0.0000296097 0.0000307162 0.0000321545 0.0000339208 0.000035501 0.0000458181 0.0000382432 0.0000404205 0.0000433508 0.0000460329 0.0000490166 0.0000529745 0.0000576072 0.0000613627 0.000065378 0.0000697215 0.0000737958 0.0000778229 0.0000815115 0.0000850292 0.0000882375 0.0000896713 0.0000909593 0.0000887285 0.0000883254 0.0000842824 0.0000816677 0.000080194 0.0000790995 0.000078707 0.0000799449 0.0000785487 0.0000779542 0.0000774782 0.0000772269 0.0000774196 0.000077959 0.0000786793 0.0000796611 0.0000808365 0.000081968 0.0000828538 0.0000835233 0.0000853934 0.0000822114 0.0000796538 0.0000752453 0.0000713865 0.000068563 0.0000658526 0.0000627921
0.000027709 0.0000284175 0.0000295463 0.0000310229 0.0000327496 0.0000351567 0.0000358614 0.0000372785 0.0000391291 0.0000417376 0.0000448076 0.0000483644 0.0000528797 0.0000610791 0.0000614591 0.0000652922 0.000069621 0.0000734572 0.0000776603 0.0000844038 0.0000860388 0.0000960278 0.0000890331 0.0000887995 0.0000887664 0.0000913597 0.0000849086 0.0000822081 0.000080373 0.0000789793 0.0000782731 0.0000778268 0.0000780997 0.0000803514 0.0000771575 0.0000763317 0.0000829558 0.0000753972 0.0000751634 0.0000755988 0.0000763733 0.0000773689 0.0000777893 0.0000785757 0.0000780201 0.000077052 0.0000743791 0.000071705 0.0000685833 0.0000657405 0.0000630973 0.0000605475
0.0000270134 0.0000277614 0.000029015 0.0000304039 0.0000320311 0.0000334414 0.0000350898 0.0000367294 0.0000389069 0.0000415093 0.0000446299 0.000048231 0.0000525175 0.0000566407 0.0000608146 0.0000647951 0.0000688449 0.0000726579 0.0000766081 0.0000811034 0.0000909199 0.0000875714 0.000087781 0.0000876616 0.0000879052 0.000086787 0.0000852761 0.0000830583 0.0000812519 0.0000792468 0.0000774941 0.0000766374 0.000076831 0.0000766327 0.0000756372 0.0000764954 0.0000737305 0.000072681 0.0000717157 0.0000716006 0.0000720225 0.0000727213 0.0000734704 0.0000741106 0.0000755356 0.0000721371 0.0000756999 0.0000690919 0.0000658332 0.0000631614 0.0000606436 0.0000584723
