Models/Synthetic/Density/temp_raster_pop.asc
NCOLS 100 
NROWS 100 
XLLCORNER 0 
YLLCORNER 0 
CELLSIZE 0.01 
NODATA_value -9999 
[rows 60 to 79 of 100, columns 0 to 43 of 100]
0.0362235827671631 0.194044935609332 1.03449993397056 1.33239232443875 1.01531875851226 0.128170275231649 0.138472074221532 0.525480632206624 0.744923178515296 0.705950356260929 0.331891534589371 0.117931216881576 0.106215297123251 0.338456785612433 0.399655462587862 0.386320967583473 0.299691701634627 1.30007228822116 0.502606452657431 0.828266612502207 0.316378523674651 0.128644929671243 0.0765287027743029 0.106520407217271 0.193808870130015 0.307229497674242 0.330622062693468 0.271972768311648 0.255652450375013 0.74136003205408 2.14533456018044 0.773727668551487 0.23906667520421 0.0433843691594974 0.0103601573791936 0.0194593979190262 0.043512180882782 0.0935806362331592 0.254168241895407 0.62199488475998 0.540608377504546 0.174995508929678 0.135044074007265 0.163867372416266
0.0294951025378408 0.159935549823925 0.362193133320456 0.42529610735583 0.310058053673482 0.121775980005811 0.0816275307287791 0.129032491668682 0.284241209396911 0.513048156668529 0.502533357800286 0.340225407870501 0.101581873092524 0.0814026805116678 0.110290371438459 0.161192803591965 0.296464449334611 0.394851552587709 0.677981189372186 0.92669738050643 0.331932626366814 0.152588862758769 0.139756155697311 0.177380570465622 0.305383192301146 1.02219499524008 0.884555381589968 0.499353350303206 0.348126245486141 0.74812220220894 2.69009595799392 0.98938724919889 0.201866527726082 0.0407589570454458 0.0123241252373598 0.0359688801908352 0.187671755283592 0.288733797318098 0.381143707239582 1.13578066489268 0.216156029554938 0.109177363793489 0.115372477029429 0.214246676686365
0.0187813366510527 0.0608069645874872 0.131166363634431 0.245714421356705 0.240975332322426 0.177481050916127 0.0609134696947211 0.0553176871214367 0.240450951234947 1.99231315663981 1.77094811672043 0.44777270657526 0.103866473378147 0.0371609874166681 0.0455209846043874 0.108169140383527 0.30246117456056 0.324089412668993 0.431751046437808 0.420367372733411 0.309739736311421 0.433720764212449 0.464362091590701 0.468073282331693 0.484174731674936 0.690318863201447 1.23701620759672 0.751773200740723 0.498044659340969 0.467117296584138 0.500941633740587 0.422973086949087 0.140713273739727 0.0320194994602613 0.0209875802082302 0.0568065529123368 0.221405751214978 1.04586223891579 0.648165031332791 0.172055803333524 0.0831720054295323 0.0507731909837634 0.11487254386792 0.583857805192759
0.010194931271862 0.0424116993972963 0.180637996340492 0.353844382783017 0.645954484336164 0.252773751688003 0.0982643840790629 0.0702824697348946 0.266803989486919 0.998578368693638 1.39843128385128 0.432813049878126 0.124040360376801 0.074515989273336 0.0633833621561074 0.0915823043697004 0.126045708133177 0.238636885758019 0.555578984903127 0.258886644069432 0.281317540581547 0.541679977124359 1.73087237131162 0.487360114124832 0.281162710611847 0.365922712013365 0.446141780835829 0.817768577581685 0.270133466095518 0.157366630739658 0.113385422056754 0.0811463668898764 0.0490745421502636 0.0712652770587173 0.0900698665985681 0.128722792150504 0.223606241139883 0.283393395328361 0.256111509543537 0.121413763928966 0.0564510779715875 0.0588948619268501 0.131461360375152 0.298952663372343
0.0081878504629773 0.0439672089414331 0.183562730121644 0.678385322131081 0.609709262419254 0.344701302164126 0.211469572348782 0.171105535967641 0.228736058693661 0.85353506428594 0.415891668186653 0.295820055821401 0.272115421635956 0.288096764572894 0.254981919645621 0.120829334428851 0.0640175003260783 0.144048365004996 0.185883865704047 0.275045654344303 0.321750989976552 0.746052343211737 0.509739227916204 0.397743014156861 0.150789012235698 0.132639277009463 0.193112566263951 0.198616323473082 0.153620038040576 0.0654965459139319 0.0286771751985308 0.0163572508990242 0.0178475671033119 0.0807104284076384 0.764967537599943 0.258320002653752 0.231980999178204 0.164176515064713 0.145473148587485 0.133872959095753 0.121007220472226 0.164754524857876 0.199838838988872 0.306326938847495
0.00653956901765418 0.0315444768546581 0.138371524205943 0.224137519707725 0.262442742884848 0.307848240809913 0.589806313265795 0.225101909599018 0.209704848841584 0.520837332218641 0.584785805463957 0.50174616997495 0.316842349997333 0.856682594647493 1.69165391195102 0.133738330230379 0.0566477160170822 0.0686402190170878 0.100287168216662 0.216971271109734 0.593164562005038 0.308996154315892 0.25698645073407 0.179076509971878 0.132682362696453 0.0971019621857572 0.263335403068109 0.291144542545293 0.245337058948877 0.0547668119808294 0.0135111787558867 0.00557009701844894 0.011745989795224 0.0806454788209864 0.200940583281814 0.543975026244074 0.363472397855151 0.152352332530123 0.21939850738842 0.366788323521971 0.226150026798783 0.211329492126557 0.571142751143217 0.320099382133855
0.00376071987389431 0.016021901624042 0.0360919468116304 0.0592959944003164 0.0930712476798642 0.212093758892413 0.364787856917332 0.210683077108045 0.2318143997535 0.572889247115431 1.91284342621712 0.519262919958381 0.334800020706034 0.335277418533613 0.31054836155645 0.165674902589432 0.171098227597305 0.16579317837168 0.192284342634046 0.198966394396865 1.04511500169114 0.182415159704753 0.174883865696469 0.356099079971135 0.213864857237158 0.17466839832809 0.300991941691946 1.29479578169458 0.255346942740086 0.0666462974298716 0.0179451945633818 0.0089419283311235 0.0113364954811005 0.0359951740787521 0.130363781094603 0.192006161667256 0.186511824523769 0.130715644463028 0.231061372685412 0.721519617410406 0.235639509513254 0.203619571555153 0.393810712032183 0.550910141514043
0.00186642674594068 0.00429142070734473 0.00881614685750937 0.0169871912098682 0.0406110224743722 0.0931469564496018 0.112986112187612 0.124711777112416 0.210402828118445 0.855258735759826 0.583130058945936 0.484279240875496 0.229440759773302 1.1308513189696 0.297040757293408 0.286693548294095 0.246394674397522 0.79081708004436 0.188682018597775 0.80414560549168 0.0954615308585855 0.0707261311673104 0.133089731689203 0.786866018173322 0.695018693979764 0.25878479682304 0.346230614316148 0.286479847658601 0.261275155315808 0.106769879707498 0.0749528625718101 0.0363034912252309 0.0198851458485631 0.020214768168768 0.0371565600095905 0.054240150821846 0.0605172072051954 0.07399066517962 0.172687964094701 1.01888716232267 0.169172388427273 0.110480715169259 0.299975235365884 2.10986165484459
0.00383960352310002 0.00508030015111267 0.00678875840123338 0.0186449834766575 0.0378722370177973 0.0555788075995169 0.0579319489973322 0.0776716250949998 0.237968969347568 0.323650923691862 0.421331186385148 0.333986831673026 0.313209650519178 0.333889505032854 0.834194274136218 0.289964226325667 0.377294601950144 0.202107097667853 0.160961575130513 0.0624083512551448 0.0469279409144594 0.0267187022811996 0.0750371656871352 0.154249128634916 0.257042600319483 0.579618690013753 0.200139084787053 0.135319449264879 0.191847046779102 1.08766635863252 0.232720082697587 0.129546808298244 0.0315826605634813 0.01013493954903 0.0092208885588209 0.0141385593943241 0.0287839770955691 0.0821960170822688 0.117836531998925 0.114806545870701 0.0667653974847346 0.058023036201458 0.191516645120698 0.223018511449441
0.0273229234397319 0.0282096419965103 0.0219466143884445 0.0351989956726429 0.129499826025569 0.151801661878614 0.135238711938739 0.076747136618434 0.209639065992803 0.603028768108447 0.352948811186719 0.593324233525048 0.500177557223025 0.279917553184989 0.238662590367659 0.238304784479747 0.126110930219338 0.0918800295303537 0.0410736819306626 0.0317031770534624 0.0347751999035301 0.0459172279352357 0.0548193742702496 0.0787716497383867 0.163175266866367 0.175161555496377 0.16935777487496 0.190261699540969 0.291348499164112 0.701939236451364 0.542755594480574 0.147928315538886 0.0396131505957496 0.00789827288856863 0.00312117644794026 0.00694361831550894 0.0294553709066434 0.0879167458225543 0.241703423944795 0.0875019293509646 0.0360475088629343 0.0266577046005372 0.0380646937477499 0.0543526987744077
0.151087871903283 0.140851465145267 0.0668109009686563 0.0647605560171871 0.196377940217705 0.590036855874369 0.189223786892704 0.0707673085449692 0.17081838778599 0.792466616777952 0.278958944889129 0.225686924595237 0.209804403701016 0.138372920045286 0.0955681584078324 0.0796809542384638 0.0658836133829334 0.0460992882199949 0.0334994158067541 0.0408416535028532 0.123969642862711 0.14630730542817 0.146962508398509 0.162398769931035 0.172627504152047 0.16320765046744 0.101685185417794 0.231004933099904 0.67453204317852 0.363406508597867 0.23208462386483 0.125963499085967 0.0305674794314323 0.00667217482911355 0.00219874241738065 0.006285939665066 0.0297328336033685 0.116275613113807 0.137477717115701 0.116719997981397 0.0338568584649763 0.0190234297926911 0.0240215059689404 0.0373883010178266
0.642943010189357 0.340665137724074 0.239811783406725 0.0813627382044093 0.182122209352699 0.602933789079652 0.170181215695357 0.0505338655329177 0.0750844887780681 0.0961323819748276 0.101436941978594 0.0704297185590124 0.0654022831078787 0.0940370466373241 0.0931085510694299 0.0925389702941383 0.0957572451404813 0.0966627300795205 0.0813240614712586 0.0593129210853848 0.144831735383188 0.468986618616185 0.171486294289987 0.185350545469058 0.594986783327481 0.151003317153556 0.0867575591391886 0.200323199865331 0.375813769221288 0.218864691471046 0.0909813119720354 0.0434585904968002 0.0199807531654314 0.00666714592571489 0.0031482156264797 0.0059419484024844 0.0272063562121955 0.0857634861962354 0.243264920186983 0.0955731490724329 0.0485610651802734 0.036028292621124 0.0712263294452594 0.0849372229872597
0.401484586337175 1.51968488959153 0.256833863959763 0.0919084620679505 0.103438077472161 0.105314300083774 0.0843655271662061 0.0293492585650732 0.0256331198888809 0.0348401266948985 0.0396800170967655 0.0341434301701152 0.0381363987418294 0.0787420534428631 0.22676424945926 0.100690909456242 0.149544127434237 0.291589001912682 0.131284437481211 0.0601379088869056 0.121407132446609 0.153939575774982 0.17663245321625 0.203220649578047 0.20155989930988 0.160445594329183 0.0766799827359203 0.105600270618586 0.124531051129997 0.103696575845377 0.0504312684246684 0.0290368283774049 0.0252221203349981 0.0175514016515245 0.00973256980627323 0.00628930863664964 0.0178144071320753 0.0649222740026724 0.10339276649737 0.167260645725726 0.152612826776873 0.131701000694889 0.106125575112427 0.235298028152903
0.273262905703191 0.258035152231269 0.220740031142966 0.108576715325057 0.0897679322753093 0.0766489686580006 0.0330033731832019 0.0316493005986787 0.0504000170751471 0.101642000010513 0.102746413755126 0.0814670319047474 0.0387064579286478 0.0668696774284933 0.077604085409985 0.0901996074873785 0.140338294932025 0.312559458628712 0.124194615001724 0.0463720813755609 0.0394135480283511 0.0722084541124126 0.187218715196642 0.329486686281006 0.327738199193202 0.20843136444831 0.0726140925038311 0.090446173352138 0.0991931933487418 0.0835493126572232 0.0419110764600277 0.0693409961684662 0.0776762129379899 0.0682622739408918 0.0240869660934363 0.0119190038719693 0.0132018790870812 0.0265873632179511 0.0822864360070096 0.314439106636075 0.760113315370932 0.311328667690905 0.124787326854778 0.095449440171913
0.0547761312296753 0.0663808861071352 0.0642346976313845 0.0930904629468424 0.225419496069307 0.0821798674169194 0.0522610741408472 0.0747019617190575 0.180095500641102 0.241980130738422 0.356690660873729 0.118114098557769 0.0654041379648971 0.0616666766918196 0.0545465008714922 0.0507253431236123 0.0807681131465498 0.0869407856481231 0.0712605444431907 0.0245272484570282 0.0174619874690164 0.0522294672305912 0.186275479351818 0.642295509923163 1.36350220094357 0.215818169528132 0.0822431973120107 0.100614623445584 0.237402371058012 0.081006414305056 0.0444879843892712 0.0860478636031145 0.249561458907858 0.116981553997413 0.0741080440377281 0.0419076159996404 0.0207952986329241 0.0188795497228029 0.0819486078466907 0.330211645450588 1.00748907876324 0.333574592888161 0.122112835215077 0.0947913984610176
0.00968771414767361 0.0144807658692075 0.0252169383771866 0.064532082312247 0.0763085848176144 0.085587171384645 0.14473701445221 0.194274850547361 0.33084501557986 0.680688691617331 0.271939781386321 0.14858986841345 0.207576294225777 0.210470168979672 0.176325380750034 0.0434245285569506 0.0237454636125599 0.0223794816749735 0.0166999561594196 0.0102459102030603 0.0108891841696725 0.042211716721866 0.155992002593938 0.294331806143172 0.293953178151231 0.195010303212866 0.112230894763441 0.135358402987604 0.128342034447332 0.0743972882160071 0.0373292184230308 0.0873330847986967 0.169442463564505 0.264854448804457 0.228576991725926 0.144376338134981 0.0349549475134775 0.0176754722465215 0.0586845981364383 0.231069628525779 0.277219465270733 0.256373955083868 0.192786834242675 0.210066386534258
0.00219740643361036 0.00570889930291262 0.0185079203327638 0.0345439309331867 0.0503534430133865 0.071882972660672 0.168632701812312 0.582776188857132 0.321431508467917 0.398430104167611 0.221650812198636 0.163899151980588 0.283308905687543 1.19973943489185 0.202690541706366 0.0509188655754731 0.0113974823930369 0.00490994079623156 0.00350655208042261 0.00346672156003134 0.00884923681624132 0.0350057739703329 0.104950164089225 0.138363913347206 0.135537731713428 0.0922870426072187 0.116455546782946 0.249494660501602 0.0934362588616508 0.0388684123120844 0.0285098125363732 0.0601159117192115 0.188147959249047 0.442966440416202 0.596491995079123 0.172397032785568 0.0498177949435374 0.0178742025834085 0.0315378219116752 0.0558191860250888 0.0769689960665444 0.0913578768204899 0.188376313720624 0.645847150481934
0.00304092716334089 0.00916918069200639 0.0277570205055431 0.0865380701265119 0.119306654849918 0.142907634604544 0.186860289276477 0.196875060623296 0.208320168416066 0.133308216398211 0.115513921394991 0.143666147861803 0.433735550921835 0.3110836859363 0.226551418769941 0.0466992775844265 0.00920105476313449 0.00191326122106393 0.00105129010913359 0.00276709408824028 0.0127723864442575 0.0384785797266019 0.0976503549581118 0.246134736789775 0.102607108410315 0.103394544897093 0.135236006702318 0.129820663285573 0.0749979491597336 0.0294756587894602 0.0290908614659037 0.0638045925157787 0.17432210367672 0.416266345680606 0.280775426012432 0.180784655774543 0.0696453832277188 0.0319292190202869 0.0166608491880086 0.0134948641654865 0.0180303187503815 0.0400087104451015 0.143641520003658 0.240345011537547
0.0113711015643538 0.0268260798292545 0.0780781371769596 0.172493296538624 0.405914123368162 0.367705445129155 0.313913544636485 0.217254037415459 0.0801127287626579 0.049405330313024 0.0473330517473358 0.105703245031424 0.172414259890127 0.315044234040507 0.111864627214582 0.0383031954059933 0.00793807669922619 0.00196559344199071 0.00152790566163395 0.00427760083080437 0.0186763808512354 0.0752885419777859 0.127629852136407 0.130046205589942 0.0918827907970461 0.0949162870241614 0.235095647601458 0.085901689703332 0.036861193025048 0.0280221279660272 0.0699933759623694 0.101123912609447 0.157752030130816 0.161293515694349 0.203672350558139 0.195169812351433 0.157248834183146 0.0807102987013067 0.0202103640565055 0.00602982119888807 0.00584958762606068 0.0186943003690168 0.0458484569636878 0.11178306779994
0.0235357939809818 0.0999889113292146 0.196919403811599 0.515993254459012 0.617176915028051 0.844852918802735 1.72536127233145 0.256252308281457 0.0688989819734023 0.0304707147282352 0.0358299618836875 0.0619274521041421 0.110292250877244 0.113808883033896 0.0845343417712872 0.027896696224378 0.00886097563578372 0.00599617889727765 0.00721744440416403 0.0102279574301624 0.0257597367896856 0.0793779765908316 0.232325081327202 0.0877477217590812 0.0483718823535611 0.0685708796546408 0.0714923848147658 0.0601704581368291 0.0225597724065756 0.0292106416583558 0.0860203634576654 0.250898195362984 0.129718525413013 0.157345800597214 0.211948546050766 0.384326767159638 0.316959230118616 0.0988334853635569 0.027923146502676 0.00763378563274782 0.00411919284293663 0.00729982723335072 0.0224416173485428 0.041707588813343
