Models/Synthetic/Density/temp_raster_dens.asc
NCOLS 101
NROWS 101
XLLCORNER 3302900
YLLCORNER 3112000
CELLSIZE 4386.138614
NODATA_VALUE NaN
[rows 23 to 45 of 101, columns 0 to 51 of 101]
0.0000844154 0.0000836225 0.0000827021 0.0000829786 0.0000834375 0.000084505 0.0000859862 0.0000884923 0.0000965486 0.0000927364 0.0000933788 0.000094788 0.0000930899 0.0000933434 0.0000941374 0.0000949616 0.0000955213 0.0000961814 0.0000968595 0.0000957522 0.0000952096 0.000096036 0.0001057473 0.0000974156 0.0000980152 0.0000988448 0.0000978797 0.0000959496 0.0000946022 0.0000940018 0.0000939156 0.0000941578 0.0000946431 0.0000953204 0.000096217 0.0000967007 0.0000969245 0.0000970611 0.0000966826 0.0000964055 0.00009595 0.0000962788 0.0000971447 0.0000980687 0.0000986638 0.0000989114 0.000099474 0.0001003993 0.0001014581 0.0001011572 0.0001015078 0.0001012899
0.0000884122 0.0000835955 0.000082625 0.0000827272 0.0000831256 0.0000845291 0.000097893 0.0000888087 0.0000912554 0.0000942993 0.0000956099 0.0000948294 0.0000937771 0.0000938586 0.0000982799 0.0000967183 0.0000962078 0.0000977095 0.000097498 0.0000967381 0.0000955036 0.0000963798 0.0000966102 0.000097929 0.0000982909 0.0000987568 0.000097046 0.0000954562 0.0000946119 0.000094342 0.0000943741 0.0000943231 0.0000944228 0.0000946652 0.0000951075 0.0000958197 0.0000966292 0.0000971157 0.0000974426 0.0000976483 0.0000978597 0.0000982995 0.0000992604 0.000100744 0.0001009146 0.0001013906 0.0001020596 0.0001034729 0.0001040248 0.0001037285 0.0001029513 0.0001018332
0.0000836961 0.0000833644 0.0000828302 0.0000827991 0.0000835116 0.000084598 0.0000876556 0.0000894662 0.0000916412 0.0000937375 0.0000977497 0.0000951672 0.0000943258 0.0000945333 0.0000947214 0.0000955914 0.0001010696 0.0000974156 0.0001055658 0.0000967678 0.0001052505 0.0000958572 0.0000958505 0.0000974217 0.0000991235 0.0000980799 0.0000965111 0.0000954918 0.00009519 0.0000959207 0.0000958705 0.0000959133 0.00009601 0.0000957638 0.0000957628 0.0000958514 0.0000969922 0.0000984609 0.0000990244 0.0000997233 0.0000999803 0.000099866 0.0001006405 0.0001017797 0.0001142002 0.0001031305 0.0001040802 0.0001054803 0.0001093268 0.0001157785 0.0001052688 0.0001037786
0.0000831249 0.0000823038 0.0000821973 0.0000856935 0.0000835289 0.0000847452 0.0000877122 0.0000994116 0.0000914563 0.0000926514 0.0000942076 0.0000951595 0.0000953955 0.0000947402 0.0000940146 0.0000945205 0.0000955201 0.0000993182 0.0000965883 0.0000970497 0.0000967786 0.0000967566 0.0000965457 0.0000974551 0.0001008153 0.0000977495 0.0000968233 0.0000968964 0.0000969247 0.0000971741 0.0001030097 0.0001081261 0.0000973219 0.0001036607 0.0000962962 0.0000960441 0.000098227 0.0000997306 0.000102896 0.0001012663 0.0001007151 0.0001013203 0.0001018855 0.0001029658 0.000103507 0.0001043162 0.0001052696 0.0001066343 0.0001079822 0.0001131347 0.0001079556 0.0001069742
0.0000814848 0.000081499 0.0000815678 0.0000828102 0.0000842453 0.0000862918 0.0000876027 0.000090343 0.0000921682 0.0000932617 0.0000939802 0.0000954118 0.0000962026 0.0000964537 0.0000954523 0.000094382 0.0000952484 0.0000963328 0.0000968276 0.0000963494 0.0000972285 0.0000986644 0.0000976367 0.0000974381 0.0000982482 0.0000981269 0.000097636 0.0000992946 0.0001006002 0.0000993769 0.0000983548 0.0000967166 0.0000962555 0.0001054466 0.0000962746 0.0000961641 0.0000975385 0.0000999826 0.0001097172 0.0001022601 0.0001017988 0.0001021983 0.0001126087 0.0001047527 0.0001052846 0.0001054607 0.0001056619 0.0001067279 0.0001078257 0.0001080874 0.0001088032 0.0001108283
0.0000887273 0.0000806384 0.0000808955 0.0000828259 0.0001017362 0.0000855636 0.0000864195 0.0000886963 0.0000972847 0.0000937554 0.0000975142 0.0000952126 0.0000967973 0.0001002838 0.0001036499 0.0000949485 0.0000950661 0.0000997715 0.0001028739 0.0000961422 0.0000969664 0.0000997974 0.0000975504 0.0000976051 0.0000980652 0.0000995915 0.0000984932 0.0000980448 0.0000990754 0.0001054187 0.0001028672 0.0000955907 0.0000953556 0.0000954588 0.0000959799 0.0000960357 0.0000973266 0.0000993763 0.0001017108 0.0001038997 0.0001034472 0.0001036403 0.0001045996 0.000107892 0.0001080838 0.0001061235 0.0001057775 0.0001060952 0.0001075945 0.0001115023 0.0001097849 0.0001104813
0.0000786744 0.0000797479 0.0000822952 0.0000827839 0.0000843073 0.0000851642 0.0000855452 0.0000876198 0.0000895284 0.0000920035 0.0000935464 0.0000957548 0.0000971996 0.0000982464 0.0000967691 0.0000962693 0.0000963341 0.0000969764 0.000096875 0.0000963958 0.0000966075 0.0000969074 0.0000972047 0.0000970519 0.0000979538 0.0001010259 0.0000982273 0.0000973463 0.0000986738 0.000099017 0.0000984531 0.0000961355 0.0000956471 0.0001006976 0.0000959878 0.0000964105 0.0000975964 0.0000990495 0.0001014428 0.0001059017 0.0001055429 0.0001060573 0.000106835 0.0001069376 0.0001072879 0.0001068442 0.0001061768 0.0001058858 0.0001075097 0.0001153399 0.0001217919 0.000116575
0.0000778569 0.0000789687 0.0000802739 0.0000815289 0.0000829854 0.0000839094 0.0000847353 0.0000858234 0.000087283 0.0000891817 0.0000919916 0.0000966615 0.0001019688 0.0000970494 0.0000972316 0.000097255 0.0001029794 0.0000964548 0.000096147 0.0000988676 0.0000961299 0.00009658 0.0001005039 0.0000972158 0.0000980396 0.0000985649 0.0000982728 0.0000971656 0.0000982257 0.0001013862 0.0000984582 0.0000985094 0.0000972305 0.0000965278 0.0000969944 0.000097374 0.0000983956 0.0000995707 0.0001014726 0.0001037474 0.000106492 0.0001192341 0.000111158 0.0001069142 0.0001069284 0.0001098882 0.0001064711 0.0001065105 0.0001077174 0.0001089852 0.0001108411 0.0001097788
0.0000772351 0.0000846463 0.0000792367 0.0000802476 0.0000819561 0.0000832959 0.0000843862 0.0000854468 0.0000864386 0.0000881538 0.0000909939 0.0000945495 0.0000965615 0.0001022966 0.0000975261 0.0001029168 0.0000976265 0.000097029 0.000096337 0.0000961055 0.0000963246 0.0001060879 0.0001064085 0.000097428 0.0000980883 0.0001008894 0.0000983 0.0000977054 0.0000983728 0.0001046691 0.0000995877 0.0001058935 0.0000983368 0.0000977831 0.00009822 0.0000990922 0.0000999946 0.0001007703 0.0001018147 0.0001042426 0.0001082032 0.0001086641 0.0001076345 0.0001067915 0.0001177019 0.0001071977 0.000107087 0.0001071959 0.0001089716 0.0001086463 0.0001086921 0.0001089643
0.0000775405 0.0000788199 0.0000799303 0.0000802192 0.0000814066 0.0000836972 0.0000849003 0.0000858233 0.000086859 0.0000877981 0.0000899724 0.0000935401 0.00009859 0.0000958455 0.0000959135 0.0000966145 0.0001054415 0.000096928 0.0000960218 0.000096012 0.0000966002 0.0000976269 0.0000983568 0.0000983228 0.0000982739 0.0000984552 0.0001018046 0.0000983765 0.0000992366 0.0000999547 0.0001006696 0.0000993973 0.0000998901 0.0001009802 0.0001015368 0.0001022362 0.000102322 0.0001029137 0.0001035868 0.0001052648 0.0001103072 0.0001067709 0.0001058656 0.0001059599 0.0001062407 0.0001071515 0.000107636 0.0001078655 0.0001078564 0.0001083543 0.0001087481 0.0001079451
0.0000778344 0.0000855155 0.0000841041 0.0000803536 0.0000816606 0.0000834026 0.0000853491 0.0000899241 0.0000870546 0.000087673 0.0000895225 0.0000921013 0.0000982429 0.0000932136 0.0000923952 0.0000942627 0.0000998238 0.0000971493 0.0000963126 0.0000959905 0.0000972455 0.0000985181 0.0001009635 0.0001053792 0.0000978452 0.0000983992 0.0000990369 0.0001024007 0.0000988862 0.0001042102 0.000099554 0.0000996886 0.0001005933 0.0001026647 0.0001202949 0.000103931 0.0001033971 0.0001058182 0.0001056989 0.0001051999 0.0001063238 0.0001055739 0.0001049637 0.0001052251 0.0001058241 0.0001068283 0.0001083966 0.0001077657 0.0001076909 0.0001078925 0.0001086078 0.0001086347
0.0000812539 0.0000788606 0.0000792102 0.0000811997 0.000082928 0.0000847337 0.0000858615 0.0000867542 0.0000873063 0.0000876963 0.0000888502 0.0000904245 0.0000907962 0.0000905567 0.000090311 0.0000923889 0.0000946768 0.0001040454 0.000096094 0.0000961331 0.0000969634 0.0001002503 0.0001014097 0.0000991815 0.0000984121 0.0000982615 0.0001040786 0.0000986035 0.0000987126 0.000098619 0.0000994802 0.0001000917 0.0001022537 0.0001044907 0.0001052452 0.0001046253 0.0001039935 0.0001043853 0.0001050981 0.0001052261 0.0001051561 0.0001048183 0.0001048181 0.000105506 0.0001062587 0.0001070152 0.000107602 0.0001082913 0.0001074847 0.0001080267 0.0001085974 0.0001176169
0.0000772808 0.0000774149 0.0000776741 0.0000802116 0.0000888007 0.0000854363 0.0000868384 0.0000878066 0.0000880596 0.0000878264 0.0000891567 0.0000896775 0.0000895675 0.0000887823 0.0000890633 0.0000905675 0.0000950267 0.0000945032 0.0001000097 0.0000955843 0.0000974005 0.0000985322 0.0000993027 0.0000987473 0.0000983549 0.0000999288 0.0000984528 0.0000982713 0.0000979279 0.0000983978 0.0000996602 0.0001012137 0.0001030908 0.0001170009 0.0001047235 0.0001042481 0.0001046089 0.000104385 0.0001049346 0.0001116012 0.0001059412 0.0001056754 0.0001061069 0.0001064108 0.0001075706 0.0001076796 0.0001076652 0.0001173553 0.0001069475 0.0001072948 0.0001099709 0.0001071466
0.0000770882 0.0000770697 0.000077076 0.0000793186 0.0000815904 0.0000844486 0.0000897953 0.000096676 0.0000886252 0.0000889773 0.0000898159 0.0000971373 0.0000889624 0.0000883521 0.0000886495 0.0000899936 0.0000916331 0.0000933968 0.0000943148 0.0000966812 0.0000961522 0.0001099375 0.0000978671 0.0000978068 0.000099492 0.0000982955 0.0000982595 0.0000985131 0.0000989616 0.0000996761 0.0001006149 0.0001031737 0.0001037275 0.0001044224 0.0001054382 0.0001055003 0.0001053012 0.0001063445 0.0001056535 0.0001058105 0.0001069647 0.0001105022 0.000107804 0.0001083047 0.0001091078 0.0001101312 0.0001079314 0.0001066526 0.0001063363 0.0001066559 0.0001062227 0.0001054602
0.0000801005 0.0000775882 0.0000770367 0.0000777711 0.0000796979 0.0000826287 0.0000865616 0.0000884425 0.0000893799 0.0000903521 0.0000970002 0.000089294 0.0000886939 0.0000882772 0.0000890318 0.0000899956 0.0000916102 0.0000999768 0.0000939416 0.0000942579 0.0000961445 0.0000963119 0.0000972249 0.000097481 0.0000978799 0.0000981174 0.0000982136 0.0000993471 0.0001007402 0.0001007932 0.0001026151 0.0001024961 0.0001041354 0.0001057717 0.0001059796 0.0001057986 0.0001063427 0.0001059945 0.0001063195 0.0001063223 0.000107709 0.0001094025 0.0001100876 0.000110379 0.0001123526 0.0001105728 0.0001091541 0.0001071549 0.0001062558 0.0001058631 0.0001049736 0.0001044837
0.000080996 0.0000800615 0.0000775607 0.0000778202 0.0000794095 0.0000819145 0.000084933 0.0000894576 0.0000885849 0.000088873 0.0000889931 0.0000887522 0.0000883007 0.0000885084 0.0000891182 0.0000908744 0.0000940068 0.0000932651 0.000093406 0.0000977417 0.0000952965 0.000095899 0.0000967266 0.0000977755 0.0000984894 0.0000985249 0.000098532 0.0000991178 0.0001001868 0.0001026599 0.0001013364 0.0001024215 0.0001074856 0.0001088834 0.0001062572 0.0001154862 0.000106421 0.0001066262 0.0001069381 0.0001073909 0.0001082283 0.0001103712 0.000113025 0.0001122697 0.000111788 0.0001210637 0.0001106769 0.000108655 0.0001074648 0.0001063361 0.0001053404 0.000104343
0.0000949565 0.0000818152 0.0000797075 0.0000796218 0.0000799701 0.0000819288 0.0000849506 0.0000870455 0.000088108 0.0000887688 0.0000892116 0.0000894542 0.0000888532 0.0000890962 0.0000896404 0.0000912286 0.0000936224 0.0000922704 0.0000926589 0.0000949484 0.0000973569 0.0000977766 0.0000975855 0.0000993059 0.0001079931 0.0000997004 0.0000989368 0.0000990749 0.0000996189 0.0001004241 0.000101273 0.0001023001 0.000104104 0.0001054845 0.0001063059 0.000106545 0.0001073167 0.0001075795 0.0001081308 0.0001081816 0.0001087645 0.0001106903 0.0001170744 0.0001133148 0.0001129498 0.0001124084 0.000112492 0.0001098549 0.0001085708 0.0001101492 0.0001057568 0.0001046201
0.00008212 0.000082914 0.0000971267 0.0000817431 0.0000817113 0.000083557 0.0000848697 0.0000866481 0.0000872742 0.0000889917 0.0000933494 0.0000908242 0.0000902052 0.000089966 0.0000906725 0.0000911769 0.0000913305 0.0000914686 0.0000917616 0.0000947056 0.0001029827 0.0000989726 0.0001015057 0.000098765 0.000098939 0.0000993736 0.000101999 0.0000989782 0.0000996958 0.000101235 0.0001023572 0.0001028316 0.0001034795 0.0001045693 0.0001056384 0.0001067764 0.0001078684 0.0001088064 0.000108943 0.0001091141 0.0001091868 0.000110501 0.0001120306 0.0001187652 0.0001145999 0.0001126243 0.0001111673 0.000110278 0.0001098661 0.00010791 0.0001063314 0.0001045579
0.0000803279 0.000081846 0.0000829955 0.0000841417 0.0000869553 0.0000851099 0.0000887824 0.0000860389 0.0000871604 0.0000894214 0.0000914434 0.0000935203 0.0000916525 0.0000913388 0.0000919636 0.0000919874 0.0000921846 0.0000916595 0.0000923716 0.0000945058 0.0000980734 0.0001042139 0.0000988889 0.0000991955 0.0000990969 0.0000998285 0.0000995794 0.0000995078 0.0000999498 0.0001104175 0.0001060901 0.000104472 0.0001049961 0.0001056055 0.0001058708 0.000107014 0.0001082521 0.0001089354 0.0001102686 0.0001097675 0.0001101662 0.0001101935 0.0001121369 0.0001136554 0.00011563 0.0001127417 0.0001112496 0.0001104511 0.0001090899 0.0001078667 0.0001064228 0.0001051878
0.0000800002 0.0000807335 0.0000823724 0.0000882561 0.0000858205 0.0000924754 0.0000865437 0.000086934 0.0000889403 0.0000907728 0.0000921846 0.000093046 0.00009282 0.0000936709 0.0000945258 0.0000961565 0.0000932963 0.0001010614 0.0000931101 0.0000946668 0.0000967486 0.0000980165 0.0000991991 0.0000999281 0.00010117 0.0001011747 0.0001014341 0.0001005745 0.0001005672 0.0001018991 0.000103797 0.0001060389 0.0001102805 0.0001063051 0.000106236 0.000107077 0.0001078813 0.0001085971 0.0001092671 0.0001132996 0.0001099185 0.0001110041 0.0001128425 0.0001151501 0.0001129429 0.0001124692 0.0001136031 0.0001103008 0.0001089644 0.0001080354 0.0001071523 0.0001059674
0.0000805567 0.0000797113 0.0000817163 0.0000833604 0.0000849726 0.0000856402 0.0000869827 0.0000992347 0.0000901689 0.000105985 0.0000923553 0.0000922482 0.000093342 0.0000955852 0.0001002368 0.0000965175 0.0000947144 0.0000933778 0.0000940039 0.0000958244 0.000100278 0.0000975624 0.0000982 0.0000999337 0.0001013899 0.0001036262 0.0001062774 0.0001014522 0.0001015853 0.0001008511 0.0001026238 0.0001070483 0.0001068725 0.0001070846 0.0001067106 0.0001072005 0.0001078101 0.0001080816 0.0001088291 0.0001091268 0.0001101399 0.0001114231 0.0001257492 0.0001132022 0.0001125495 0.0001122306 0.0001116404 0.0001106381 0.0001093337 0.0001091202 0.0001085148 0.0001074464
0.0000777116 0.000078744 0.0000798851 0.000081661 0.0000833914 0.0000847554 0.00009227 0.0000880307 0.0000934596 0.0000936047 0.0000923519 0.0000920212 0.0000935979 0.0000961961 0.0001082459 0.0000973996 0.0000946662 0.0000941691 0.0000947525 0.0000963604 0.0000976439 0.0000985128 0.0000984547 0.0000996354 0.0001032495 0.0001031209 0.0001026383 0.0001015432 0.0001008078 0.0001011882 0.000102872 0.0001044383 0.0001070918 0.0001071467 0.0001076237 0.0001082398 0.0001081872 0.0001087163 0.0001088104 0.00010923 0.0001098749 0.0001121448 0.0001125566 0.0001127103 0.0001124155 0.0001126867 0.0001123823 0.0001117069 0.0001104662 0.0001107769 0.0001123326 0.0001086303
0.0000776649 0.0000785718 0.0000799567 0.0000817786 0.0000833974 0.0000846931 0.0000856586 0.0000872096 0.0000886959 0.0000993942 0.0000910768 0.0000919832 0.0000932886 0.0000952396 0.0000966517 0.0000965888 0.0000957642 0.0000956692 0.0000975079 0.0000968467 0.0000974066 0.0000999933 0.000098602 0.0000996392 0.0001020654 0.000101755 0.0001011749 0.0001006686 0.0001007815 0.0001030898 0.0001024606 0.0001050681 0.0001050668 0.0001068533 0.0001108586 0.0001101644 0.0001100594 0.0001093357 0.0001108013 0.0001095184 0.0001102038 0.0001112161 0.0001121935 0.0001125457 0.0001129015 0.0001140958 0.0001155213 0.0001137451 0.0001211268 0.0001114647 0.0001128759 0.0001099668
