Models/Synthetic/Density/temp_raster_pop.asc
NCOLS 101
NROWS 101
XLLCORNER 3302900
YLLCORNER 3112000
CELLSIZE 4386.138614
NODATA_VALUE NaN
[rows 0 to 22 of 101, columns 0 to 51 of 101]
0.9322956568 0.9934724299 1.0929940824 1.2304669008 1.4481661277 1.5892747765 1.7068950129 1.7637904269 2.5443705974 1.8088614066 1.6449607925 1.4208105773 1.2047825257 0.9558078948 0.7291973204 0.5527097024 0.4266773057 0.3471313781 0.3110104989 0.3123072278 0.342025102 0.3981718668 0.5082759495 0.7348539088 0.5578854512 0.5042701429 0.5068274534 0.5259699348 0.5500651443 0.5797415161 0.6073748583 0.6201385338 0.6441424209 0.7045548781 0.8604307518 1.4068674439 1.2023364075 1.4508067196 1.8965915702 2.7277664842 2.2872755429 2.1311282643 2.0195893902 1.9069797564 1.813914603 1.6697896191 1.5603824046 1.342355978 1.1657238859 0.9571153679 0.7919430041 0.7136825069
0.9806373896 1.0341413815 1.1591171006 1.2975508387 1.5280836128 2.912452899 1.7795681911 1.8182283229 1.8438146735 1.9652689785 1.6892073158 1.4720789032 1.2313111169 0.9652940899 0.7585649781 0.5960176498 0.4739890097 0.3918719218 0.3504856493 0.3485944126 0.3765068868 0.4296747615 0.5201032689 0.5628530848 0.5768332871 0.5493181942 0.5597938488 0.5777245411 0.5939677332 0.6114207904 0.6229120764 0.636739673 0.660189887 0.7205801388 0.8651575989 1.002176405 1.2047113354 1.4747691379 1.9001939121 2.1839045564 2.3455307963 2.2433161984 2.1198042017 1.9228948853 1.8179464242 1.6815601384 1.5195308573 1.3452542886 1.1585838453 0.9883284248 0.8629340741 0.8064376464
1.0417040098 1.0865305197 1.210760003 1.4588315494 1.5719663468 1.7412363747 1.9507487675 1.7855666265 1.807530368 1.7568787636 1.6993928395 1.6834098997 1.2594256595 1.0121023226 0.803582653 0.6686842856 0.5605898891 0.4697237165 0.4221868015 0.4177739468 0.447716027 0.4965499394 0.5424659187 0.577261001 0.5997361169 0.6314624041 0.6526222501 0.6686508784 0.6933923095 0.6931737801 0.7084367088 0.6774215473 0.6941415966 0.7354806649 0.8205290361 0.9430759435 1.1253580196 1.4256171403 1.8107553171 2.0548448523 2.2660604761 2.5351479775 2.1043476057 1.9029910351 1.7766351375 2.0095706376 1.4706082823 1.2910047652 1.2701964955 0.9746990378 0.9236516302 1.8776861156
1.0804175753 1.1771178893 1.2898563605 1.4086933225 1.5092495269 1.6355073169 1.7296352021 1.7752107142 1.7453038063 1.6833396616 1.5799101931 1.4300881544 1.482084405 1.0177711218 0.8497059472 0.7739712288 0.6733313609 0.5873028061 0.5283799681 0.5303807493 0.6027305902 0.6503055764 0.6867516174 0.6752319991 0.6964054329 0.7301853909 0.7736203657 0.7580045459 0.7677261233 0.8961712634 0.7419004071 0.7677595471 0.6962316502 0.7269886491 0.8174809527 0.9064530937 1.0636810632 1.3186809028 1.5863955259 1.8945313274 2.583062471 2.1106787689 1.9675248588 1.7896463344 1.7446432382 1.6611313393 1.5097697268 1.2971815531 1.0934593951 0.9675050407 0.9381159581 1.4343349762
1.1288606987 1.2126898644 2.1197634586 1.4084661581 1.4957858931 1.6238438241 1.7159291787 1.7449324518 1.7226399387 1.6489568553 1.4525230441 1.3190108214 1.159684358 1.0252597183 0.8957326648 0.8413950909 0.8147751854 0.7060910583 0.662821258 0.7208799621 0.8075359501 1.5226019712 0.8523681898 0.829339187 0.836423083 0.8562511455 0.8561792261 0.8381555421 0.824797423 0.7795300896 0.7509576037 0.6848589972 0.6768658223 0.6973542221 0.7640420685 0.8623285947 0.9978279439 1.1851883446 1.4045994239 1.7053827792 2.5949881202 1.8683438309 1.7197386767 1.6558267416 1.639910678 1.7911671204 1.8025827079 1.2999875027 1.0873934232 0.9788303137 0.9525502359 0.9244037544
1.169321696 1.3016706127 1.3470536905 1.440815648 2.136977874 1.6799202024 1.7127200682 1.7843712801 1.6846896317 1.5349661728 1.4080597456 1.258369585 1.1306465601 1.0084286133 0.9487732586 0.9185918281 0.8758187616 0.8285044746 0.8146453809 0.897823638 1.2502885124 1.0498025547 1.0421102932 1.0130839529 1.020311204 1.0102663807 0.9780949247 0.9166489179 0.8468061341 0.7762700518 0.7063288819 0.659426608 0.6417777908 0.6644235634 0.7236120178 0.8198905554 0.9533295961 1.1164892836 1.2953914778 1.5170316494 1.9116364237 1.6771079809 1.5966656115 1.5695037265 1.563678066 1.6391301092 1.8247643726 1.3108015041 1.1233944342 1.1192265548 0.9733507698 0.9403899412
1.3162539591 1.4049818685 2.0107483971 1.4903303251 1.5192078523 1.638954832 1.695426866 1.7162638529 1.6086741484 1.4657495048 1.3604513042 1.3216382939 1.1529443831 1.0539545278 1.0129744115 1.0103827069 0.9738471868 0.9595600417 0.9883597191 1.091367052 1.1565981504 1.2046081317 1.2127863026 1.2285023937 1.2291136368 1.2028333037 1.1495710522 1.0530714786 0.9516989596 0.8153605619 0.7345769494 0.6807405083 0.6590358943 0.6720117791 0.7223062705 0.8153779686 0.9527816889 1.1094291989 1.2638185232 1.4247713424 1.4993418332 1.5519228591 2.300780392 1.5295882974 1.4954689831 1.4654637309 1.4030954014 1.3009365973 1.1930191414 1.1141887515 1.0625568421 1.0238584317
1.5568721887 1.7800391793 2.5243053013 1.6168070857 2.1954598719 1.5892365058 1.6654049543 1.6064396305 1.5260744895 1.4210501924 1.347558049 1.2691081165 1.1963103116 1.1190765627 1.096766036 1.1371537769 1.1529303631 1.1795640384 1.2365150481 1.3028887424 1.3575825945 1.3498004437 1.4008884771 1.50607765 1.4095383632 1.3301015606 1.2759382941 1.6604537979 1.0343454832 0.8839998048 0.7991731188 0.7487567333 0.728206257 0.7331510772 0.7704718979 0.8510936904 0.979712495 1.1419168509 1.2856868557 1.3861551345 1.4433159646 1.4779891171 1.5101625258 1.6411847149 1.4330534818 1.3619821369 1.3286828208 1.3151388938 1.2498190431 1.2111980217 1.178009897 1.1537546438
2.0207474739 2.0597658587 2.0737929515 1.8644990311 1.7098102107 1.6361457971 1.5824747754 1.5489888857 1.4765725506 1.4128920919 1.3456164921 1.2950792473 1.2555552058 1.2267442168 1.2126583836 1.2708787407 1.7588889549 1.4154652634 1.4930229514 1.8037265494 1.5588792475 1.5452709362 1.6047980014 1.6154781137 1.570309071 1.450751099 1.3793840648 1.2581767184 1.128872714 0.9692070026 0.8858486295 0.8501212352 0.8387457711 0.8412704239 0.8586741067 0.9209657876 1.0314907969 1.1716190533 1.3186113519 1.4584810958 1.4705071539 1.50859562 1.5260420862 1.4853044749 1.4012615187 1.3315249697 1.3179771761 1.3141491954 1.3550034876 1.4021571968 1.4287113592 1.3553473901
2.691688064 2.4752382259 2.4169466634 2.480052903 1.8993129975 1.7240981295 1.6394467363 1.5676084671 1.5020791313 1.4499883051 1.4027054548 1.3866619304 1.4013406932 1.406887936 1.403780933 1.4344894712 1.5171716254 1.6502952958 1.7985669666 1.7821880916 1.7716901001 1.7657064399 1.8016794333 1.8196050527 1.7005034592 1.5703521774 1.4756128119 1.3764269665 1.2454107389 1.0853199113 0.9751463869 0.9521409914 0.9704263118 0.9655376721 0.9789464127 1.0264278092 1.1169711448 1.2356950488 1.3956212737 1.4867611884 1.5406320107 1.5620883399 1.7084845114 1.4545020801 1.353925921 1.3146104959 1.2999090742 1.3150058491 1.4044502736 1.7111713325 1.7596241497 1.596532798
2.8005570616 3.2280276249 2.5448750831 2.4014608182 2.1474974673 1.9449460244 1.8236383033 1.7177020486 1.6087045326 1.5269365679 1.5080286629 1.4919799183 1.5698779455 1.706000943 1.5864215658 1.5663402021 1.6594408176 1.843157875 1.9431735026 1.9743138731 1.9409775565 1.9555667919 2.0781799859 2.0110599367 1.8919403434 1.6963168798 1.5599498291 2.0288510625 1.4467352505 1.1568243573 1.0507965235 1.03748818 1.0689596547 1.1083232316 1.1495916778 1.1974471839 1.2629956704 1.3547130644 1.4548350432 1.6336456129 1.56003905 1.5622454453 1.5329179897 1.4462177921 1.3444083069 1.3021721585 1.2904289264 1.314772883 1.4210991483 1.5920603621 2.1255083838 1.5455677758
2.6713129946 2.6966072246 2.7572823124 2.4755938003 2.3252433603 2.2293485537 2.0572120285 1.9033032954 1.7989974476 1.5894524362 1.4977423166 1.5508256503 1.8248441028 1.769612355 1.7356451195 1.7280507015 1.8242590703 1.9816823075 2.1412133351 2.1643226438 2.142857998 2.1342238946 2.1331822209 2.4214618132 2.0910625122 1.7561788555 1.6101188553 1.4908328639 1.3481175196 1.1966267878 1.1053626455 1.1043627652 1.1663442152 1.3170223159 1.4347099324 1.5314162654 1.509465205 1.5142642371 1.5405159196 1.5700853748 1.5805872343 1.5424310957 1.492563426 1.4287118699 1.3545178592 1.3053209619 1.2922047114 1.3487884911 1.4234739021 1.5274240173 1.5497863877 1.5306642171
2.7343432894 2.7934730245 2.7342154487 2.596292193 2.4640760444 2.3596073666 2.236112567 2.0366906626 1.8013312068 1.6230354012 1.5718745246 1.6332974748 1.738838911 1.8042061495 1.8792530486 1.9265277345 1.9962950658 2.0994881252 2.2680492977 2.3560696012 2.3908780232 2.2994067281 2.2371011262 2.094625307 1.9379752898 1.7453046493 1.5836382491 1.4165027495 1.2832574433 1.1902073808 1.1538536763 1.1809509519 1.2833185065 1.4918378185 1.9483139795 1.8830528305 1.9523237792 1.6713424474 1.6138251181 1.6082554496 1.6168715903 1.6134905824 1.5575350708 1.4711750636 1.3842174027 1.3097929465 1.3475115667 1.427017218 1.5633466587 1.493055921 1.5159047628 1.6084517061
2.9341521393 3.1493974509 2.859485846 2.6833892307 2.5370183846 2.3857792671 2.234228392 2.0366410928 1.8179795255 1.6511702138 1.6375617929 2.3919750761 1.7949904545 1.9098168855 2.0456335202 2.2482258325 2.1280466407 2.1885968028 2.3401491768 2.6114252336 2.5336739435 2.5692163864 2.2558511157 2.0377472385 1.8455241408 1.6725797559 1.5182318696 1.3845354519 1.2719470173 1.2110634635 1.2077269584 1.2714021358 1.4190574329 1.6449675868 1.8591516693 2.2807890811 1.9534277257 1.8019818342 1.7198260081 1.7129261678 1.7099711447 1.7242292879 1.7078800098 1.5305713954 1.3938012336 1.3640591934 1.4039587099 1.9234202624 1.5400680703 1.4928770994 1.5128658493 1.5983773756
3.2173765866 3.2494711712 3.099884363 2.8288029274 2.5425212084 2.359900225 2.199842293 2.0318682345 1.8548737238 1.7646725951 1.7714564426 1.8312146599 1.9832426867 1.9951881166 2.2233159523 2.1960136183 2.2158500353 2.2865873993 2.3976821182 2.5005287086 2.9499511478 2.4109953127 2.2367185226 2.0440756032 1.8292836354 1.6388347921 1.4898101361 1.3635304065 1.2771935006 1.2404750064 1.2730519912 1.3719977465 1.5356233823 1.7328962302 1.8386453864 1.8856671602 1.8842788156 1.8465747363 1.9263177014 1.8597436792 1.8542311108 1.8565937535 1.7770515221 1.6230454422 1.42982915 1.3884613186 1.9288319625 1.4674553763 1.4706078851 1.4657505938 1.5018406041 1.6072426455
3.5197773571 3.5067789697 3.5587822484 2.9764454716 2.6088119889 2.4039221552 2.2664333144 2.1426547448 1.9687030953 1.9475708812 2.506916764 1.9821489132 1.9264208755 2.0343221464 2.1064384213 2.1815029619 2.2175244494 2.3129069942 3.1344161871 2.4140909541 2.3215095409 2.2241795282 2.0810565006 1.9969282097 1.8306304029 1.7128523966 1.5313596305 1.4095314696 1.2846370763 1.2705147091 1.3363480778 1.4996390559 1.662208867 1.7882344927 1.8312948374 1.8558809894 1.8864012442 1.9196002269 1.9848941853 2.3655002088 1.9798525384 1.9333097064 2.0223012874 1.6817528601 1.4966782943 1.4438313537 1.4088703001 1.421951165 1.419140151 1.4681914889 1.5372032718 1.6395042354
3.7975635634 3.465336909 3.3365379132 3.230442859 3.0787319001 2.3716057708 2.8685499723 2.3924166945 2.0843662515 2.0489525978 2.7532114672 2.0905609428 1.9781035586 2.0216945467 2.0917301227 2.1604787306 2.1915121717 2.2736534435 2.3570680292 2.272184227 2.0966711251 1.9786128535 1.884925875 1.8231760465 2.416547944 1.6573554123 1.7290532698 1.391993418 1.2875881765 1.300189519 1.4003524647 1.5782994818 1.9473769356 1.8442478341 1.9308115601 1.981095722 2.027831441 2.8744247003 2.0742149065 2.1146543191 2.0947395033 2.0832236768 1.9353350152 1.81553794 1.6301728241 1.5015317304 1.4178364224 1.4319959544 1.4734443143 1.5344610214 1.5916056678 1.6572575895
3.3405624302 3.1953088803 2.969846103 2.7700357133 2.5215949403 2.3364993809 2.2525200586 2.39055785 2.0852463344 2.14840283 2.1807026851 2.2037864978 2.0084328058 2.0370952948 2.8411290698 2.1274340138 2.1598046583 2.1749905463 2.150706768 2.0453465375 1.9159271548 1.8173039666 1.7111598002 1.6520693264 1.5413367069 1.5197907813 1.3944292247 1.3234868138 1.2635237303 1.3530412064 1.4807036305 1.670033219 1.7942608371 1.9308592693 2.0430460123 2.4469189532 2.1559209913 2.1362463584 2.130871938 2.1526853233 2.1959630678 2.0960447115 2.0355574985 1.9128096297 2.3001180968 1.6177938511 1.5257137148 1.5381840652 2.4370135105 1.6240146785 1.6771823168 1.6900132646
3.0046494621 2.9074361752 2.7123886658 2.5546830237 2.3956103657 2.2452432934 2.1441659259 2.0480658885 2.0202166348 2.1069201215 2.4717107654 2.1291122616 2.0345818299 2.0272025994 2.0765658583 2.0766151656 2.0575542366 2.1193883434 1.9728289388 1.8823268177 1.7712996098 1.6813976186 1.6782514295 1.4124637344 1.2984456755 1.2329676769 1.1980840124 1.1807889351 1.227119559 1.3619660936 1.664257471 1.6876278542 1.8384949598 2.0100219498 2.2010892856 2.277925529 2.294768082 2.2258228281 2.2202968972 2.2479674464 2.2448292263 2.1416863171 2.0270716351 1.9514499062 2.0562882311 1.662186619 1.6205163135 2.0860250994 1.6167015126 1.6716689776 1.9060036031 1.7385378323
3.0429872433 2.7611698969 2.6387880614 2.4679557246 2.3729929199 2.2516636559 2.1573750928 2.0514619149 2.0494309907 2.0904366732 2.1453706611 2.2592181694 2.0030978548 1.9813984315 2.0037664824 1.979084191 1.9570258754 1.9058303674 1.8361071635 1.7480915872 1.80390796 1.5774340715 1.4113099904 1.2436855695 1.119228293 1.0681676586 1.0611598446 1.0987644494 1.1883186298 1.3585707411 1.535624534 1.7385379395 1.9307076814 2.1614637604 2.34843813 2.4592592888 2.4274958395 2.3708372224 2.3698976252 2.377435387 2.3211714099 2.1734202723 2.0393979759 2.2114142665 1.7788947839 1.6627278778 1.6063095357 1.5882878784 1.6313112996 2.5453435772 1.7622659915 1.8952246741
2.5803015849 3.1553627077 2.5207660059 2.412261228 2.3654798496 2.307363791 2.2302972224 2.4096826738 2.1081192472 2.5580397806 2.0609900773 2.0568137767 2.0544785577 2.0167668041 1.9727548243 1.9425718804 1.8848334357 1.8193956474 1.7373887145 1.6661937086 1.5838283114 2.0201165622 1.2671846539 1.1001013442 1.012500324 0.9737105625 0.9924139258 1.0629918504 1.1835582367 1.3405295064 1.5403757138 1.7787510691 2.0807301444 2.3451563839 2.5864902314 2.6953135598 2.6525797976 2.5591033091 2.5304860421 2.582720059 2.449664504 2.2723558007 2.1507524651 1.959771097 1.8006570522 1.6204000555 1.5911652109 1.5196474144 1.555782351 1.8310454565 1.6374420085 1.5499721905
2.3345299773 2.372733632 2.4293852233 2.3800270188 2.3736814707 2.3494927103 3.0104366561 2.2016773165 2.5428215329 2.1409646406 2.1094230585 2.1343832247 2.2737103476 2.1048458566 2.0471367633 1.9763561363 1.9580486766 1.8802272111 1.7738400542 1.6165747534 1.5177314234 1.3622214285 1.2096610868 1.0455815569 0.9624455491 0.9335883108 0.9695240768 1.0849271831 1.2278058395 1.4014442689 1.6005249176 1.9216342392 2.2607836257 2.6964667312 2.77128825 2.9565136338 3.7180856256 2.7318691417 2.7147962404 2.7005023831 2.6469016369 2.4496355041 2.2506993049 2.2433285405 1.790526248 1.6333395274 1.54861044 1.5004682433 1.5026111617 1.4997277044 1.4816769312 1.3864279727
2.1150732781 2.1752352525 2.2738005074 2.4089690203 2.3869737289 2.3401968139 2.2257219638 2.1965089464 3.0139644357 2.1790303868 2.3180856643 2.3070162045 2.3174317406 2.3704571432 2.1379084003 2.1091513154 2.1081206219 2.5775758498 1.8338934262 1.657041351 1.5022082664 1.3373603565 1.177388219 1.0454581049 0.9585842613 0.9312787058 0.9794996449 1.1125954111 1.3412550853 1.4688925159 1.6911276638 2.0364778205 2.8228398921 2.7312378434 2.9656205246 3.6519179885 2.9899392895 2.9062924446 2.9221967533 2.9352085367 2.8109980743 2.7080550324 2.3958434396 2.096115714 1.8383441914 1.6481079152 1.5583804099 1.5013358085 1.4619188737 1.4600902145 1.43185357 1.3539561079
