Models/Synthetic/Density/temp_raster_pop.asc
NCOLS 100
NROWS 100
XLLCORNER 3302900
YLLCORNER 3112000
CELLSIZE 4430
NODATA_VALUE NaN
[rows 23 to 45 of 100, columns 0 to 51 of 100]
0.0002863117 0.0005557941 0.0012620663 0.0027908414 0.0058071507 0.0112812548 0.0203738848 0.0340668763 0.0525021342 0.074217873 0.0957774301 0.1122483313 0.1189675474 0.113753318 0.098733838 0.0800503727 0.0659972364 0.0639228339 0.0769024255 0.1060546271 0.151671349 0.2145724971 0.2865947217 0.3479151103 0.3831572385 0.3902424851 0.3842486247 0.3859329038 0.3448670966 0.278537381 0.1893447607 0.1417749239 0.1230124923 0.1273835555 0.1568448034 0.2245994157 0.3541550751 0.5737256228 0.9396179065 1.308150233 1.6896499312 2.9012537117 2.1653952141 2.1375332414 1.8506375791 1.4854134139 1.1123290968 0.7786524435 0.5055076094 0.2727262171 0.1413740934 0.0681587438
0.0003785614 0.0007386002 0.0016971064 0.0038014981 0.0080188386 0.0158050999 0.0289837908 0.0492387514 0.0771051624 0.1106580415 0.1446671687 0.1714325668 0.1827995664 0.17458049 0.1488071292 0.1151469015 0.0861351605 0.0734166703 0.0847130438 0.1251617186 0.1975041053 0.2986462594 0.4134294446 0.5134155436 0.5706397635 0.5901695262 0.5871928643 0.577543365 0.5891367318 0.397680698 0.2738387554 0.2008636591 0.1665836657 0.1509092558 0.174468629 0.2625356072 0.4601703026 0.8245042342 1.3711754254 2.3166654911 2.5814552056 3.0507415788 3.3832103665 3.9711289451 3.5663434501 2.237940286 1.6419358217 1.2699831986 0.7042404198 0.3822882399 0.1970511998 0.0969721056
0.0004701519 0.0009217446 0.0021386507 0.0048409974 0.0103251058 0.0205903594 0.0382294192 0.065803765 0.1044488819 0.1519266756 0.2011647643 0.2411082105 0.2614063976 0.2525794313 0.2165740135 0.1632179813 0.1149899944 0.0895914869 0.1007279611 0.1553893754 0.2568147635 0.3967217382 0.5825004781 0.7241104855 0.8135433801 0.8297506173 0.8566299266 0.8351116665 0.7226873268 0.5438844941 0.3840803476 0.3406484984 0.2875163373 0.2534284366 0.2205755847 0.3299583612 0.5985394229 1.0844879578 1.8912933517 2.6797493302 3.6026674012 4.3893081369 4.8683233727 4.9829371477 4.2645237826 3.2924102288 2.2826331826 1.5027112078 0.9290225062 0.5061846538 0.2637628842 0.1300318189
0.0005445312 0.0010712293 0.0025020123 0.0057035336 0.0122543288 0.0246244262 0.0460819917 0.079990638 0.1282807569 0.1884990764 0.2519788551 0.3048765395 0.3339237332 0.3346936127 0.2894270696 0.2182103647 0.1429030334 0.1056130347 0.1166181714 0.1832096778 0.3098849173 0.4881539601 0.7036321248 1.5047750006 1.0119944789 1.0533749131 1.1340470488 1.2088584963 0.9737907414 0.7277675537 0.5469357133 0.4307506072 0.5602818483 0.3127327993 0.2788423389 0.409853374 0.7779352314 1.3748028603 2.2296326601 3.3386314363 4.5288569322 5.643081023 6.7822866574 6.8351152864 6.3335582293 4.4480613658 2.9847283077 1.9160902885 1.1465379897 0.6434965029 0.3362736165 0.1648520905
0.0005867138 0.0011560699 0.0027087579 0.0061950737 0.0133532421 0.0269139627 0.0505052851 0.0879229234 0.1417583141 0.2126506233 0.2875192095 0.3501737334 0.3835440293 0.3831257428 0.3528547801 0.249858361 0.1613503686 0.1143339997 0.1249070343 0.1967231074 0.3316616326 0.5200192781 0.7650897764 0.943077041 1.083563085 1.2512018511 1.3666338218 1.4432563851 1.2157702115 1.1418795376 0.6512974063 0.4690965895 0.3773471499 0.3395864942 0.323934961 0.4898714572 0.9150236029 2.2135777191 2.6174636492 3.904038941 5.5015590062 6.7228727055 7.6686220712 8.3820519961 8.0296950644 6.0023209881 3.8264946242 2.4301008341 1.4628027183 0.8110680167 0.4063505693 0.1994957474
0.000587549 0.0011572795 0.0027104397 0.0061948916 0.013338411 0.0268370036 0.0502294481 0.0871704824 0.1406077061 0.2141539831 0.3249550147 0.3884224053 0.4160478546 0.3899954466 0.3392867725 0.2576263301 0.1589660574 0.112044427 0.125689708 0.1973209683 0.3236822222 0.4853694114 0.6523671916 0.8613475265 1.2037771113 1.2073076548 2.1609653773 1.3277087914 1.5692194069 1.0446293492 0.6561887973 0.40764183 0.3150871058 0.2995602692 0.3539088048 0.5516616441 1.0348913423 1.7959857933 3.3796481476 4.2278352882 5.8017134588 7.2232896385 8.3207782154 8.6618592893 7.4179334323 7.2682007768 4.4730224451 3.0580672507 1.8694543576 0.9276643958 0.4721717038 0.2358005106
0.0005466272 0.0010740665 0.0025052921 0.0056996363 0.0122061563 0.024400505 0.0453129368 0.0779392823 0.1247678534 0.1925421066 0.2958667866 0.5178572414 0.3697935159 0.3323563228 0.3123032629 0.2170758782 0.1384644459 0.0987438891 0.1170691371 0.214938652 0.3220133196 0.4386787133 0.5431427124 0.7200274734 1.6041912224 0.9965860813 1.0206010319 1.0933041545 0.9760341675 0.8000393932 0.5439400895 0.3720549909 0.3022544366 0.3034494869 0.376686905 0.5930768116 1.0380949849 1.8497605503 2.8130626541 4.2825993371 5.6617899481 7.2982264755 7.8028901899 8.0787777264 7.9718400204 6.0851996789 4.621965615 2.9912929463 1.7859789355 1.0169279554 0.5414019442 0.2869631573
0.0004723583 0.0009239902 0.0021386404 0.0048241868 0.0102331791 0.0202346149 0.0371084364 0.0629218714 0.0992294164 0.1495821851 0.2337748062 0.2725405903 0.2825414275 0.2460233159 0.2110411493 0.1616966061 0.1036509894 0.0782777443 0.1013459149 0.1939158878 0.4159663276 0.3739836819 0.4365347535 1.4406262009 0.6013355771 0.6607436878 0.7201593559 0.7312037924 0.6700711666 0.5335537223 0.4547216959 0.3854547056 0.3719715227 0.3513439019 0.4244492181 0.6097744212 1.020545099 1.6476242026 2.5887727766 3.7083559224 4.9643885535 6.0293603452 6.9369940372 7.3439068934 6.8000201016 5.7606289977 4.4089680382 2.857324115 1.7854258192 1.0931016463 0.6644477809 0.3748348091
0.0003791085 0.000736795 0.0016862158 0.0037572284 0.0078636816 0.0153200814 0.0276363032 0.0460054303 0.0708566507 0.1029771196 0.1338952081 0.1564248991 0.1612644361 0.1512512206 0.1282789773 0.0974509556 0.0689671456 0.0556676845 0.0753541389 0.1554530863 0.2331312759 0.3225885724 0.3509102127 0.3800919946 0.3962534208 0.4317138374 0.4954680878 0.5923990181 0.4576515674 0.3997456871 0.3982226227 0.6469966687 0.4208719667 0.4632255759 0.490919983 0.6499242601 0.9944264237 1.5524115832 2.4050714823 3.3490747168 4.3100036486 5.0844049326 6.50386198 5.8102743562 5.985867767 4.9469917251 3.7935806625 2.7142909147 1.8138636444 1.325808931 0.8465353045 0.54704986
0.0002827118 0.0005448141 0.0012285362 0.0026944455 0.0055448293 0.0106080528 0.018767396 0.0305848758 0.045883742 0.0628540673 0.078341916 0.0884738602 0.0907117861 0.0844535427 0.0712676289 0.0548979802 0.0406450882 0.0355775252 0.0490800005 0.0833144604 0.1425132671 0.2125245871 0.3032815928 0.2607003223 0.2566914219 0.2828205621 0.3347252813 0.3421225623 0.3192398803 0.3043163824 1.122784592 0.4202424353 0.4896523094 0.5227222736 0.6186483464 0.765849128 1.0612965942 2.182196219 3.1236242886 3.6816297428 3.6476625297 4.5163531199 4.3454718744 4.2288545123 4.2056739772 4.163564448 3.4345786907 2.431703234 1.9673651022 1.515303698 1.1885713168 0.8701662143
0.0001964104 0.0003743357 0.0008283378 0.0017817383 0.0035938264 0.0067339048 0.0116603924 0.0185841618 0.027148689 0.0362357637 0.0440890695 0.0488582071 0.049306262 0.0453112684 0.0380114953 0.0295168189 0.0226066672 0.0205900132 0.0268649255 0.0453448155 0.0784050757 0.1313891746 0.1582638784 0.1675269207 0.1596024617 0.1787005185 0.2024287487 0.2115172527 0.214829773 0.263161477 0.3251160325 0.4314208245 0.5340965092 0.6788823644 0.8341563483 1.0344909595 1.2863970326 1.561293632 1.940248598 2.4825862274 2.6114736881 2.736646479 2.8425172084 2.8247064511 2.8244198444 2.8055308006 2.6045063633 2.3699266467 2.1285863504 2.0209788424 1.8018877194 1.4258531508
0.0001291506 0.0002416586 0.0005201117 0.0010906632 0.0021479526 0.0039321441 0.0066555458 0.0103734244 0.0148400427 0.019438769 0.0232767425 0.0254579586 0.0254252257 0.0232080344 0.0194473878 0.0152340271 0.0118986168 0.0108965749 0.013845745 0.0223735094 0.0386304912 0.0568774304 0.0726716782 0.0810107091 0.0912918122 0.106970354 0.1256060984 0.1461381635 0.1797539672 0.2459735158 0.3560098568 0.5059285824 0.6928398707 0.9505915953 1.2334711659 1.452233793 1.6247491377 1.6870756395 1.5826598938 1.5780415241 1.6338211339 1.6634629201 1.7484660607 1.8890738369 2.0129987766 2.1932236676 2.5275218544 2.5854962391 2.8008793557 2.8566662752 3.2276193344 2.2396837266
0.000087979 0.0001561771 0.0003147197 0.0006289275 0.0011953038 0.0021258996 0.0035091551 0.0053491798 0.0075055272 0.009672632 0.0114335717 0.0123871461 0.012299789 0.0112080243 0.0094231144 0.0074496001 0.0058830499 0.0053476895 0.0064531665 0.009832715 0.0152912221 0.0220683619 0.0289075154 0.0365925906 0.0469201856 0.0613503928 0.0822983015 0.1195590191 0.1867282827 0.3006331408 0.4624147081 0.6710377893 0.9157564249 1.2306100234 2.6272767206 2.0378570774 1.8040691592 1.6462395626 1.445312209 1.2411747767 1.1318005346 1.0969735524 1.1803927613 1.4419825401 2.1485425146 2.2296486205 2.7307600709 4.180440991 3.7778209075 4.4364989799 3.8030581831 3.3567291817
0.0000880792 0.0001338911 0.0002193595 0.0003762151 0.0006499365 0.0010902709 0.0017320265 0.0025688183 0.0035301713 0.0044775878 0.0052312623 0.0056245153 0.0055650757 0.0050746162 0.0042884213 0.0034204862 0.002717384 0.0024194259 0.0027419855 0.0038033557 0.0056048003 0.0080577141 0.0113317659 0.0160837219 0.0234873092 0.035894318 0.0595151106 0.1121430642 0.2498431095 0.4096782562 0.6403405394 0.8696035211 1.1976165229 1.5085669299 1.8015101613 1.9400548796 1.9481020791 1.7269166888 1.4508080778 2.0064152364 0.9178550326 0.8209044695 0.9147982134 1.2587898721 2.1313581875 2.7607378537 3.4917050033 4.3863826664 5.3190605382 5.674894285 5.4651066549 4.7102113848
0.0001820433 0.000233869 0.0002815904 0.0003418302 0.0004401788 0.0006042606 0.0008529905 0.0011845634 0.0015682087 0.0019451388 0.0022416078 0.0023913168 0.0023588256 0.0021537707 0.0018299443 0.0014711751 0.0011716637 0.0010192001 0.0010813941 0.0014007845 0.0020062872 0.0029753844 0.004545396 0.0072763904 0.0124793732 0.0234106104 0.0484022515 0.1104705831 0.2760428333 0.7796455748 0.7440580484 1.9783735919 1.4098908001 1.9725558 1.8179514705 1.9030896437 1.8989630441 1.769938005 1.5889872532 1.1350200804 0.8124704682 0.6880300849 0.7841280676 1.1754434622 1.9319321987 3.6690284107 4.6811625748 5.5545048184 7.0010145468 9.1532491777 7.4443721896 6.1150785327
0.0005452155 0.0006611417 0.0007008199 0.0006781227 0.0006236047 0.0005760963 0.0005685417 0.0006157383 0.0007088418 0.0008202255 0.0009143737 0.0009604414 0.0009416862 0.0008598768 0.0007339191 0.0005940079 0.0004739491 0.0004044003 0.0004093081 0.0005078399 0.0007278317 0.0011408932 0.0019408409 0.0036451419 0.007622943 0.0173749317 0.0414174386 0.1004733038 0.2645540606 1.3747831078 0.7533581597 1.0892767572 2.1173547832 1.6657119484 2.2651282488 1.7387376161 1.6772375152 1.6515905351 1.7148422968 1.028315407 0.7058765302 0.621716634 0.743540548 1.145885998 2.0416444892 3.3202664309 5.3286447089 6.3851662235 8.7784588173 8.9894373657 10.5468132475 7.34761615
0.0017347619 0.0020809336 0.0021622675 0.001990942 0.001639461 0.0012180673 0.0008432447 0.0005828218 0.0004450179 0.0003930806 0.000381821 0.0003768305 0.0003599751 0.0003258932 0.0002782914 0.0002262948 0.0001809799 0.0001527793 0.000150614 0.0001841889 0.0002729602 0.0004714271 0.0009399661 0.0021389254 0.0053205581 0.0136312972 0.0343523586 0.0836862226 0.1905682734 0.3636927245 0.6277698662 0.9653030647 1.2727229069 1.5046546405 1.5225854331 1.4694355687 1.3392612828 1.2614553204 1.6315583138 0.8086380883 0.5885211092 0.5905794546 0.7079862676 1.1618710815 2.1119372212 3.7611059427 5.0262724565 6.7349178682 8.5671403114 9.2407350205 8.8463872271 7.7580972133
0.0056721891 0.0067989505 0.0069261459 0.0062500373 0.0049532049 0.0034352135 0.0020498541 0.0010940968 0.0005640141 0.0003200591 0.0002143146 0.00016713 0.0001414186 0.0001212963 0.0001015203 0.0000822089 0.0000658127 0.0000554409 0.0000544835 0.00006826 0.0001104592 0.0002232191 0.0005359441 0.0014249661 0.0039019097 0.0104417314 0.0265193595 0.0624514068 0.1352357216 0.2674856496 0.4710740714 0.7333030931 0.9465444593 1.3701260427 1.2847435517 1.0825185512 0.9599735413 0.8599762911 0.7030657292 0.5579646584 0.4442937716 0.456465397 0.6420614041 1.1162305843 2.0566480448 3.6582955302 5.2797866819 6.7862341867 8.1595951556 8.697113343 8.2335043499 7.9596121279
0.022069716 0.0246085501 0.0225821286 0.0182360156 0.0143703331 0.0093791549 0.0050886296 0.0023382341 0.0010346224 0.0004685008 0.0002258254 0.0001204154 0.0000735647 0.0000510766 0.0000383066 0.0000296252 0.000023467 0.0000200131 0.0000204761 0.0000280929 0.0000528183 0.0001264532 0.0003466397 0.0009927882 0.0027970387 0.0074921364 0.0187237181 0.043275874 0.0921491848 0.1788711069 0.312529612 0.4566289503 0.6324551861 0.7553138736 0.8306666266 0.7716311473 0.6677530213 0.537608887 0.4332693235 0.3465426998 0.3007661089 0.3376259958 0.5248115605 0.9690775809 1.8120791062 2.8427745902 4.2813460178 7.9013907086 7.2460075932 7.8439210729 7.2442525569 6.8380845568
0.1085367168 0.1065353284 0.054751844 0.0474125229 0.0362456 0.0224043694 0.0105813954 0.0045443134 0.00190287 0.0008105912 0.000350286 0.000153367 0.0000695712 0.0000342698 0.0000192376 0.0000125568 0.0000095873 0.0000088971 0.000010724 0.0000172584 0.0000357937 0.0000891773 0.000245519 0.0006936602 0.0019114465 0.0049847696 0.0121028799 0.0271438584 0.0559268456 0.1049979688 0.1720435381 0.2521514608 0.3296339498 0.4014365655 0.4725867619 0.6160573657 0.4371674018 0.34987504 0.2878325613 0.2349441033 0.2079889606 0.244934677 0.4063944987 0.7653080725 1.3682481186 2.4300278709 4.025519804 5.3317814079 5.4146604535 6.1958339303 5.6257034981 4.8046854091
0.644001027 0.1562324408 0.1131540626 0.1000604585 0.0775653543 0.0410909715 0.0187011693 0.0077419944 0.0032157417 0.0013561176 0.0005723627 0.0002382124 0.0000976298 0.0000401451 0.0000175485 0.0000093569 0.000007382 0.000008842 0.0000135639 0.0000234791 0.0000444379 0.0000927449 0.0002132294 0.0005232177 0.0013053211 0.0031709495 0.00728669 0.0155765056 0.030639836 0.0542942542 0.0864950973 0.1237633261 0.1620987008 0.2018625178 0.2633589867 0.281019906 0.2785058761 0.2447370347 0.2200895 0.1873853569 0.1559192142 0.1816257554 0.3037394532 0.5737154457 1.0288180974 1.6666900364 3.447727345 3.9159886291 3.8099753308 3.9960612551 4.1517384212 4.1932898306
0.214690477 0.2226029089 0.1811774297 0.1850016779 0.1214615712 0.0656351934 0.0281624076 0.0117834004 0.0049647832 0.0021123258 0.0008915253 0.0003679859 0.0001477351 0.0000582862 0.0000240708 0.0000130135 0.0000124509 0.000018377 0.0000309888 0.0000533963 0.0000924627 0.0001624836 0.0002948008 0.0005599298 0.0011116377 0.0022586875 0.0045507646 0.0088223152 0.0160312403 0.0268914471 0.0412937297 0.0581533114 0.0761396934 0.0966578061 0.1154734225 0.1333054405 0.1505417371 0.1744004158 0.1994447646 0.1550636449 0.1263738878 0.139963609 0.2266985431 0.4174712792 0.7455431852 1.1548706074 1.6287197346 2.1476400168 2.4670615913 2.639710117 2.5732930872 3.0226421839
0.2793827317 0.2889394538 0.2975654467 0.260478756 0.1943750021 0.0874879539 0.0381685549 0.0163294145 0.0070797541 0.0030674764 0.0013079757 0.0005423764 0.0002177149 0.0000858969 0.0000366755 0.0000231265 0.0000273019 0.0000446849 0.0000777889 0.0001343466 0.0002279157 0.0003800173 0.0006239748 0.0010120479 0.0016287354 0.0026118014 0.0041742251 0.0066028473 0.0102038708 0.0151730433 0.0214433739 0.0286366541 0.0363937121 0.0443678074 0.0532935237 0.0657498107 0.0866427798 0.1182860611 0.1299259092 0.1222870279 0.1028891695 0.1144008097 0.1726188221 0.298183708 0.4734415215 0.7448478831 1.3073832374 1.3295045929 1.5750863384 1.6526004188 1.8317487424 1.331831926
