Models/Synthetic/Density/temp_raster_pop.asc
NCOLS 100
NROWS 100
XLLCORNER 3302900
YLLCORNER 3112000
CELLSIZE 4430
NODATA_VALUE NaN
[rows 0 to 22 of 100, columns 0 to 51 of 100]
2.8788333318 4.1833032284 5.2242149629 5.1713860985 3.0468544378 2.3002354695 1.4343303406 2.6705976149 4.1480634657 2.3241238878 1.4792502392 1.9582334898 3.5937114313 2.312387788 2.2539502168 1.7462609936 2.1784191786 4.6973879392 2.2603616595 2.1453511019 2.0844573005 4.514397396 4.6022506829 2.5901626683 3.183988846 2.206173677 2.6595705331 5.1046830325 9.0211879206 4.9267997232 3.2276341652 4.1508771275 12.4236772246 13.0067624491 26.8986671851 16.6135942748 11.0936473976 6.1961362482 17.5629252472 14.2916674669 12.3080413596 10.3960459124 21.0881285549 9.7003508173 6.0004673383 5.2484111676 4.0235081752 5.7130584101 7.8891682283 8.8491682582 5.4732910353 7.4747580479
3.0470703279 6.1045080256 7.0168954201 4.2112269392 5.3364410813 2.022447262 2.2850951459 3.22317046 5.5516178733 4.2111225516 3.4301729725 3.3941517138 4.9310899386 4.0814464106 3.4290482083 2.711836174 4.4568816726 3.7223363326 4.2399950784 2.4863839953 2.3336852768 2.2883928412 2.5145450946 3.7571044749 2.4246576244 2.791985481 4.0660328315 4.3905116047 6.6161560775 6.5720691689 3.921213898 6.2055993196 7.1932125852 12.473658071 15.6338951382 10.519072829 6.2338184921 6.9362807788 8.5137174471 6.7994275314 5.2233325768 6.4486845791 7.3517260116 7.1211166603 4.1939079475 5.196182503 3.6630096443 5.6544992165 9.3127002253 9.2518936367 7.442741275 4.6570546542
2.2609959189 4.6546240256 4.6122443336 6.2032821162 3.8156914145 2.6025433012 2.0943977767 4.477781206 4.5099771485 5.663392437 5.5427177243 5.1728399727 4.7419073334 4.3551762843 4.4458480595 4.7967466558 6.4560947712 6.1071105157 5.1558793068 5.135652977 3.2869266838 1.9526116461 1.9466926736 3.092844639 2.6086201916 4.4159147711 4.4514843188 6.8087662639 5.8638747027 6.904782706 5.3631630344 4.5721379396 10.1046996297 13.3490491493 12.5521526235 6.4639660116 4.6893255376 5.6378545814 4.1709086888 3.6007596446 2.3370148302 2.4660151302 3.144080055 4.8509668461 4.5767529463 3.9716521156 4.0745819474 6.8472145286 8.6907267633 8.6741405907 8.1970541786 5.9099386218
2.3738962406 2.6095909712 5.0532471857 5.9359427578 3.762532668 2.4387057249 2.6444458282 3.4226946636 5.5330812119 4.7472932601 5.2678582064 3.7294763391 4.8763385483 5.4680937137 5.9771598389 9.2628565824 7.605502811 8.3519727767 8.6176817815 6.5358467387 4.4890517595 3.9783937143 2.5607305041 2.6017032882 4.5571864789 5.3672749479 6.0345984826 8.1832555835 6.2648000894 5.1094364946 4.6590256507 5.111522429 7.8695591375 18.21129731 12.3229286308 6.4922572174 5.4519904996 3.8890733543 2.7842840761 1.8416632897 1.4321134941 1.7311546988 2.1580477797 2.8788654428 4.8859353523 5.0992319276 5.9515869852 9.0760460503 8.0500790637 10.489709908 8.693396111 7.1941774453
1.4942649987 2.1890818584 3.4854071844 7.0679402 4.7618950226 3.2888257921 4.2424368324 4.0942908316 4.9994175941 3.800644381 2.8881619495 4.4124502478 3.6207865532 4.8512471792 5.9563728037 5.8538248636 6.4350011607 8.1422845825 8.2361860464 9.6087073179 4.8059361326 4.1052392236 5.5832689489 5.0693336988 5.3372854901 5.6026058242 6.6983842583 7.2756562945 5.1232736485 4.3422023679 3.9816516047 4.263573553 7.4770221366 8.9704811905 7.5302498284 6.213941894 5.3259674261 5.4005830528 2.592335073 1.5139304577 1.6604480292 1.5855932496 2.963202141 2.5366999937 3.3773364193 4.2755736155 5.4688638806 6.460892258 10.2959884429 9.9795182644 9.6889481042 8.942109688
2.7547737742 2.1190359167 3.6311637592 3.7571932692 5.9656041175 5.2068801315 4.3038126218 4.4826487817 4.0854481015 2.888290374 3.9795419769 3.0253831637 5.3560451773 4.3510963658 4.3831643084 4.4836557189 4.8368411201 7.3347109893 8.5837199619 8.0929470279 7.26660863 6.7344424369 10.7543362763 10.3469770548 7.3172531835 7.8664284551 6.0871103537 5.353744662 3.5556979993 2.8819542186 4.5440240251 4.7381130117 4.3785495681 5.8752515295 6.0046893209 6.6644552089 5.8340748762 4.677160181 3.0969830623 2.3134499664 2.5530773843 3.0353589448 2.3602931374 2.6749072103 2.6229888579 3.8955057269 4.0474161857 6.5176353468 9.9127048374 6.8895967514 6.5022567595 8.9987858725
1.9805063395 2.204357699 3.1339311819 6.3909532209 7.7080012886 8.8596799236 8.7183698376 5.1934197213 3.8933216983 2.7252066092 3.5064135291 3.7573806964 2.9395650825 4.5131221194 5.3171429372 7.2372905281 8.1253323963 9.0124386753 13.7782983789 12.6565992438 11.9256654754 10.6844307321 8.5984078392 9.8152898887 7.3732765701 6.2274979572 7.5002825003 6.3043359758 2.5409733545 2.1973303073 2.572987997 5.1815275394 6.1370185962 5.8089512866 5.156343235 5.918163192 5.4727083243 3.9796201601 3.8101419446 5.6725315671 5.4241274284 5.3628114643 3.7760851984 3.5130499695 3.2496278034 5.0550974919 5.5167815018 7.8504225392 8.451422 6.5433815181 4.6972121167 6.4454559075
1.9878024997 2.6479293969 4.0618207289 7.4659980574 11.3592838226 12.9390027101 8.2571367175 5.4071829615 3.1923405295 2.5948640224 4.5487757103 3.0374886131 3.4962905801 3.9008372306 6.4480852851 9.1787475189 11.8081589377 14.5857696003 14.8420295324 17.2115619384 11.5848273445 10.1010264966 10.6490543217 8.1353625536 7.8796108656 6.2221466399 7.2507444439 4.5422230372 2.2607920851 1.4589729626 2.5109469377 4.324184837 5.4977939536 4.5846320151 3.7052565605 2.9467148639 2.7448794188 3.3318477405 6.4214579789 10.061024894 5.3412566125 4.5136519379 5.1540767455 5.6259833839 6.3248798296 6.1916884315 7.7264226418 8.9379118928 8.3374423154 5.7742072294 7.744240458 5.9469728876
2.7722083728 5.4732013643 5.6139788814 6.573260803 12.2964165986 13.5896086322 9.2441880425 5.5069893503 4.2410872209 2.9070765287 3.6904845009 5.2962621613 3.6183213232 3.6934015182 6.6179552091 10.5487084652 17.3300139865 13.8269702197 12.8432867103 13.4213406201 12.7936422489 10.8108186772 9.8671231572 7.2139789032 4.5179634534 4.3865064015 4.1189850784 3.7374827069 2.2213451453 2.0458695912 2.3660187066 3.3495057204 4.9098073856 4.8265560582 3.6566814762 2.1219537835 2.557186874 4.2543065627 6.4671092771 10.2292020115 5.7268823379 3.7414224898 4.0816482122 5.2194868521 12.6546166816 10.4528897171 9.5076650014 7.4618306641 6.3072184773 6.2871428805 7.6598821871 7.0689132972
3.5958445614 4.4526042516 3.967147102 7.1508764508 7.8982661473 8.6577659041 5.7381654165 3.2276961301 3.0243097684 3.4820275116 4.4868109591 7.4931535893 5.6177125253 5.2864361121 6.7731970369 9.9235871208 12.6836395483 11.0277342746 11.5080516885 10.0966654345 9.1453684333 8.4883849427 8.5340539589 6.798852313 3.3593128569 3.3179121845 2.4548064558 2.5784598382 3.5315382636 4.0247064857 4.356272406 4.8009602722 4.4000880305 3.3520558306 3.4923709506 3.9679741004 3.4173091534 6.3471444232 7.4218565758 4.8919263338 4.1825847877 2.8174203239 5.0150713026 5.7265099467 7.077791166 8.2970202446 9.0203780358 7.2572425876 3.9269550354 4.6908133988 9.3643878398 7.4929784797
1.4866167069 2.1535548053 3.4915277566 4.7159296106 4.3284816652 4.1875792757 3.3532432108 2.4139402329 3.0220265224 2.6001892652 3.8533407384 6.5173967696 8.6407783033 8.2347411149 7.0953649897 6.7721304271 8.4324901039 10.2519698099 8.2786915171 7.1029551119 8.9678671813 6.3207363176 6.2436544845 5.9190791401 3.8695434018 1.9896551501 2.9169427814 3.1978221927 4.028226956 6.182304447 7.4583345829 5.6994623702 5.162687983 4.6130774895 3.3850880803 4.234959988 4.0717310919 3.7634501327 3.7073691659 3.5087188703 2.8289280279 3.0169528734 3.2053673389 6.0516457134 5.8046728018 7.6503085386 5.3231432861 4.2599986542 4.3816348644 5.1377414804 8.0406108459 11.0504820138
1.1513872982 2.5227247269 3.3997743718 4.0414416481 3.0685258189 2.3882613877 2.8571183188 2.8340400099 2.9533557184 3.6399760183 3.6084138741 4.5048118079 4.7569088277 7.9590239048 5.1271203878 4.301754517 5.6085632006 8.0923796396 8.7171354817 6.2408326232 5.8233307305 8.3983441614 7.1880830804 5.9973727809 3.7271290878 2.7328142379 2.4348817777 6.3180280903 7.1132725231 8.1544331525 6.7668052093 7.824928153 5.5173496038 4.8846595522 5.4375551288 3.5667599388 4.3371159872 3.6286680416 3.1786143357 3.2335615082 2.9016252309 3.3392397315 3.2060356472 4.8576687336 7.78518807 5.8142788774 4.111742575 5.0693232176 5.3054778132 6.3823111305 7.1701676103 8.9703852275
3.507503488 3.4625278254 4.8440884837 4.0041358816 3.550438939 3.4588778315 3.1690609699 3.8060782485 4.0294697984 3.2788583579 2.6975257279 3.1809878164 4.9719692307 4.9799189001 6.6668059465 3.9706269363 5.3662104448 8.038733424 7.9670856071 6.0373100827 5.7712891317 7.6006370861 6.049865762 5.9824878522 4.4215812986 3.4153273109 4.0275914696 5.6423058711 9.8504881619 6.7764205448 6.0616020447 5.5063699614 4.7502991783 4.8539205202 7.700697607 4.2912097841 4.4180269535 7.0066485886 3.8804724738 6.8225561578 5.8711394137 5.13281073 4.31685823 4.6441807044 6.5308157682 7.5469214497 6.3274699438 6.0617273051 5.4960535845 6.512965302 7.9287184669 7.5583571794
8.8139894944 5.2452627502 4.7644216469 4.3216184025 3.9009611086 2.9307984745 6.9700654893 4.8203775506 3.3668719411 2.6621771239 2.646029991 2.49269609 4.9097106069 4.9421958844 4.2735530589 6.8660537125 6.8127087223 9.7312129613 8.8783804497 8.1462840891 7.8521728267 5.1105282504 4.4892278331 4.9592114835 4.841056337 4.5038193409 9.2842881093 5.3002590344 6.1648630471 5.8574275624 5.3800742219 4.2805066828 5.0979877266 4.9282001536 5.8352830835 5.2735534868 4.6773644839 4.4591271329 4.5462226637 7.5756368401 13.4131925572 8.6494338258 6.2307028549 8.4837034205 5.9398650388 10.0080582996 7.7426850001 6.2281944737 5.8273162875 5.7704312126 5.5031298745 6.5026175972
8.4933939765 4.0636695739 3.7824046947 4.8133788802 2.5942773409 3.2763755641 3.3734515256 4.0416761097 2.4372919393 2.1993199025 2.6894763247 3.137439072 3.3634800981 5.0610412214 4.5079536029 4.4840841534 8.7070955428 10.6126440487 8.949225864 13.5702911239 7.8806571034 6.3261473102 4.0031868913 3.5154490096 3.3852843033 4.6801599019 6.1218952372 5.4636595526 4.7259568557 5.5898621118 7.7787285275 4.5260797568 5.5692249995 6.4873297627 8.6256939347 6.9590608355 6.5519717802 4.3180555105 6.2678716571 7.3519738184 8.7996799759 8.5869775255 9.6070679122 7.6604639204 7.0557989883 5.4644413857 7.266620816 8.0828392892 7.256487179 7.2536721677 5.9581768251 4.4582441235
2.742979567 3.4251857343 3.0408212076 3.0465014102 2.9072225024 2.8691367997 2.3520297242 1.7790997745 1.6316489626 1.8529863208 2.5193784783 3.1076969423 3.4850265368 3.6172356437 4.8202423901 3.9917360724 4.8033807353 8.7341067897 11.4657122558 7.4069334531 9.6743668516 4.1157726685 3.0053599812 2.8893154314 3.5539594447 5.1159809052 3.8890321537 5.6385750115 5.2159258443 6.20350712 4.9684288402 5.831622638 6.1839377258 8.6000858115 6.7831648424 8.2911306143 5.7668675087 4.9371235646 6.7729934712 8.8988708709 8.5049393943 6.3512635583 6.7585456776 10.3677888729 5.7887344243 6.4541262721 7.6956961667 11.5886345206 12.0369878289 9.0922088964 7.5303635933 4.3218451396
3.1105230917 4.0883459178 4.3315426658 4.654207486 4.3159464394 5.0603074209 3.7211120307 2.6885545175 2.0728556069 1.9167277921 1.8768390315 2.7836593492 3.7085442798 4.2518682693 4.1885443425 3.4844260113 4.5998826175 7.8442575971 5.6950819171 5.1752583544 4.6708266188 3.5135855627 3.2982119822 3.0249112872 2.85603883 3.3770120998 4.8328587642 6.5800087736 9.1428148748 8.3788120527 5.9528562042 6.553670244 6.1891125208 8.6942474315 6.3732279939 7.5099679153 4.2969283245 5.4147081654 5.6760883563 9.5337557591 8.9355914793 6.342154144 6.8685797104 8.5575226564 7.9332768837 9.2981921631 12.8265491122 9.2482811529 9.912438734 10.6340950577 5.8582364538 5.1466737703
3.311846139 3.3630714497 4.041260762 6.4503773505 6.7606775293 4.8646202475 6.3111491094 5.9853624589 4.4370778366 1.7323801449 1.4690119962 2.3939126438 3.2856080561 4.6150166258 4.9487293129 4.5757747989 7.1868025676 5.181193273 4.9625273579 3.2666949029 3.4302642139 4.8483567481 3.137957076 2.8376365284 2.9100224151 3.4498515105 5.4934408454 10.2318246017 13.6223838449 9.3435988648 8.4903586776 6.0252858044 7.7512859527 8.7688121578 6.5565740172 3.7083834799 4.4573810339 6.0580304714 7.6078665384 8.5005245349 8.2173998633 8.5617097937 8.7647345852 10.286264835 15.7867808863 20.588659654 13.964307205 9.8603672444 8.9544603649 10.5972414211 8.6029463687 8.4426546971
5.8972642408 5.5528683286 5.0858833437 4.6470470285 6.2973676738 6.1770595142 5.7099819966 4.4913126016 3.3066133231 2.9399408623 2.5540988661 2.8342713549 3.6548561776 5.597105097 6.7680709468 4.8286115791 6.4581333934 4.241843724 5.1485165116 3.8867394246 4.7181364473 3.6252945683 2.4616256811 2.4337529314 3.0678261001 6.1119205019 8.1806708872 9.1212482954 12.2012022165 15.3242399248 8.6258892603 6.6003882357 6.5861469566 8.2349402373 4.5094569205 3.3690456953 4.2249723525 6.9654277971 9.3620288835 10.108488558 9.7329163347 7.40236651 7.7095931435 10.9574769823 20.2283710726 19.5779307797 18.5432059691 12.7049534208 6.4941499032 10.2015380956 11.1299512022 8.3844980716
10.098398103 8.0598197048 4.4805933987 4.5705252475 3.8329576558 6.4149903464 4.9265065759 3.9340683339 2.9664767957 2.0747873101 2.1203980928 3.5687484453 5.3622775132 4.4465431094 3.6404430007 5.4387338091 4.2440699826 5.3844500571 6.4339046514 5.3256572952 6.7781583074 4.1841608355 4.7059877899 2.9725200275 5.5927361852 7.6762634115 9.7273042727 7.64415004 10.4823133917 10.5955891355 6.6161485356 4.0237842422 3.8240614467 4.2217710436 4.9179373383 3.1365717733 3.3545340203 4.6752768854 8.6434688796 8.9826900502 6.4425641763 6.4141770319 10.1514735436 10.3907617859 14.582886802 16.7983234461 17.5652059711 8.6948726781 8.1126023025 9.1261121034 16.1455534786 10.9406270347
5.4482273433 9.2017898058 5.4040387682 2.8818370897 3.6087351995 5.034053108 5.2403874522 3.7385650941 2.9688025467 2.3965071959 3.1283748863 3.8100578728 5.4226558962 3.4869659301 3.1710251683 4.3517904896 4.3094860047 3.975432143 7.3102233227 5.6771820452 4.2083877657 4.1386102691 4.1418110911 5.8535842952 5.6979287061 9.5699682301 7.8059796597 7.6471143006 6.4639057263 8.07837983 6.9325489523 4.4919767202 3.2689422213 2.5903053531 3.2669532926 3.441700314 3.2778982394 3.6729874069 4.2099281758 5.5313060319 4.820262791 4.3769087769 4.4428961916 5.8797529936 8.1305610087 11.0290119413 9.9444805556 6.593131216 5.8771884869 8.8309554524 13.1899573646 12.4148923135
4.372627928 4.8429572507 4.0198986857 3.8237837986 3.5574491907 6.115203409 3.3981968545 3.1256765522 2.5341066279 2.9660555774 3.129895331 4.8758015156 2.64072535 2.2930137609 2.3707927509 3.9395748871 3.8120003592 3.5482890104 3.498887331 4.8903008978 3.1907550102 2.7348115571 4.6641075208 5.2847237803 9.1008313551 9.5380239095 8.2891177226 5.5970256153 4.7134280785 5.1040676887 6.0869880739 6.9552120246 4.4099099412 2.4256997986 2.6252002398 3.4760095816 3.2981332688 2.7138555027 4.9232825575 5.1530024157 3.9480419476 2.3837705054 2.2019348154 3.4730549014 6.4004827253 5.4860166585 6.3644290154 4.6539024835 4.9471972962 6.2634057307 8.9968188217 13.2113199527
1.8745175242 2.2138123495 3.2341070347 5.7107484833 5.4591234872 4.5164559368 4.4382730103 2.2009406311 1.8288603482 2.2683815007 2.9598685856 2.1911277265 2.2246787556 1.7546496615 2.0101941251 3.4074396446 3.515651919 2.6056626858 3.2978474931 2.5939814432 2.7291274982 2.2870439155 3.8052812085 5.8729837136 5.187378318 6.675664482 4.8198579647 3.5622103063 2.84443586 3.8099504152 6.8081066356 4.8689794595 3.6956066507 3.2452926824 3.876141135 5.134132139 4.4345900211 4.7562710513 3.0737435005 3.4181357975 3.0507890924 2.111889886 1.8683136727 2.7288076363 3.651009421 4.1729585511 4.7724792044 4.4730774126 4.5118551562 4.6939987666 9.3918233706 9.6031034302
