Models/Synthetic/Density/temp_raster_dens.asc
NCOLS 100
NROWS 100
XLLCORNER 3302900
YLLCORNER 3112000
CELLSIZE 4430
NODATA_VALUE NaN
[rows 46 to 68 of 100, columns 0 to 51 of 100]
0.0000102659 0.0000866348 0.0000898196 0.0000092141 0.0000113744 0.0000167612 0.0002567854 0.0000874638 0.0000086375 0.0000807788 0.0000079155 0.0001746003 0.0005006018 0.0000256093 0.0003300953 0.0000196446 0.0000091379 0.0000144435 0.0002545699 0.0001711232 0.0000081082 0.0000847798 0.0000267075 0.0006648214 0.0000257834 0.0001747787 0.0000200387 0.0000146175 0.0000122216 0.0000109506 0.0000076472 0.0000055304 0.0000090281 0.0000154076 0.000012556 0.0000178029 0.000017199 0.0002614548 0.0000184171 0.00001708 0.0000954721 0.0001675499 0.000266775 0.0001758133 0.0000113439 0.0000024824 0.0000785534 0.0000045038 0.000012265 0.0000147815 0.0002634793 0.0003301987
0.0000136377 0.0002632017 0.000020158 0.0000177074 0.0001712265 0.0002587736 0.0000112831 0.0000088551 0.0000806828 0.000004517 0.0000078282 0.0000188443 0.0002612957 0.000108957 0.0002558111 0.0000906283 0.0000058866 0.0000111392 0.0001689036 0.0000143467 0.0000090244 0.0000091935 0.0001756683 0.0000193668 0.000024711 0.0003430131 0.0003437257 0.0000104673 0.0000068369 0.0000788229 0.0000045105 0.0000056074 0.0001668375 0.0003435916 0.0002572073 0.0000157931 0.0000118068 0.0001089459 0.0001781291 0.0000208665 0.0000854004 0.000022138 0.0000353466 0.0004300335 0.0000199272 0.0000024914 0.0000042749 0.0000785241 0.0000023592 0.0000047338 0.0000110647 0.0000111418
0.0000920909 0.0002699232 0.0003422993 0.0000264504 0.0002455444 0.0000133037 0.0000048165 0.000002317 0.0000022766 0.0000024379 0.0000089729 0.0000877096 0.0000147243 0.0000106041 0.0000082058 0.0000100178 0.0001633374 0.0000067172 0.0000037349 0.0000100622 0.0001647629 0.0000177764 0.0000191552 0.0000266827 0.0001823161 0.0000257448 0.0000254094 0.0001694363 0.0000143559 0.0000089702 0.0000786841 0.000005581 0.0000091769 0.0000190034 0.0003419301 0.000025612 0.0002504446 0.0000342795 0.000577272 0.0000221405 0.0000794106 0.000011682 0.000431895 0.0005071557 0.0000179367 0.0000016202 0.0000022745 0.0000022692 0.00000224 0.0000002286 0.0000002936 0.0000003679
0.0000115635 0.000028585 0.0005811791 0.0000287404 0.0000137709 0.0000133291 0.0000025419 0.0000002878 0.0000002588 0.0000035972 0.0000141155 0.0003297026 0.0000198169 0.0000126528 0.0000124997 0.0000068721 0.0000035551 0.0000054525 0.0000056198 0.000012016 0.0001733117 0.0000201003 0.0004202768 0.0004223664 0.0002604344 0.0001726081 0.0001723541 0.0001777727 0.0002622463 0.0000156414 0.0000068453 0.000005649 0.0000059175 0.0000157578 0.0000172308 0.0001144111 0.000505113 0.000126468 0.0001871755 0.0000338687 0.0000123082 0.0000165113 0.000019093 0.0000190643 0.0000958027 0.0000055494 0.0000023113 0.0000054504 0.0000034788 0.0000034104 0.0000034598 0.0000078034
0.0000931072 0.0000975465 0.0000182427 0.0000245916 0.0003426514 0.0000919517 0.0000101357 0.0000090183 0.0000089516 0.0000068342 0.0001697721 0.0000865033 0.0000178702 0.0005056697 0.000180983 0.0000144059 0.0000003978 0.0000022658 0.0000797797 0.0001665745 0.0000125006 0.000341515 0.0000224318 0.000023352 0.0000232821 0.0000178014 0.0000166982 0.0000210712 0.0002633412 0.0002579352 0.0000049521 0.0000078135 0.0001720975 0.0000950763 0.0002594413 0.0001844435 0.000097364 0.0000402608 0.0006769413 0.0001031393 0.0001587977 0.0001656236 0.0000058834 0.0000057752 0.0000798746 0.0000055629 0.0000766729 0.0000099001 0.0001656536 0.0000098885 0.0000057387 0.0001697952
0.000184208 0.0002599637 0.0000114515 0.0000158408 0.0004186928 0.0000940229 0.0000142964 0.000335862 0.0001687861 0.000008845 0.0000076868 0.0000077292 0.0000113736 0.0000253767 0.0005820512 0.0000167743 0.0000007191 0.0000024942 0.0000058066 0.0000079896 0.0000114573 0.0000126306 0.0000149162 0.0000950514 0.0000856936 0.0002503415 0.0000092095 0.0000865305 0.0001722417 0.0000154885 0.0000080481 0.0000130195 0.0001649297 0.0002706627 0.0001001298 0.0000300993 0.0002630681 0.000123459 0.0004324726 0.0000328705 0.0000122139 0.0000097153 0.000007641 0.0000806224 0.0000044272 0.0000075227 0.0000056981 0.000016301 0.0002524458 0.000013207 0.0000812982 0.0000167707
0.0000996208 0.0000953085 0.000085536 0.0000102906 0.0000122361 0.000086405 0.0000121401 0.0000853729 0.0000111081 0.000005645 0.0000766145 0.0000023844 0.000000567 0.0000134487 0.0000974358 0.000029462 0.00001671 0.0000122995 0.0000168065 0.0000209875 0.0000953616 0.0000147382 0.0002590856 0.0001721375 0.0000144437 0.0000122451 0.0000865265 0.0000111462 0.000005865 0.0000067598 0.0001613664 0.0000098726 0.0000856141 0.0000201234 0.0004288915 0.0001918465 0.0002631542 0.0001952394 0.0002631082 0.0000995717 0.0000030088 0.0000026452 0.000078789 0.0000056947 0.0000036425 0.0000047728 0.00016347 0.0000132905 0.0001678956 0.000013308 0.000012644 0.0001078365
0.0002689019 0.0000940762 0.0000176707 0.000010267 0.0000068589 0.000002495 0.0000044941 0.0000057007 0.0000056972 0.0000056159 0.0000055542 0.000005497 0.00000359 0.0000047482 0.0000145854 0.0004939728 0.0003322794 0.0000189651 0.0002573562 0.0005892581 0.0001007961 0.0003425897 0.0000168003 0.0001689038 0.0000069793 0.0000157189 0.0001787681 0.0000210333 0.0000058963 0.0000035862 0.0000036675 0.0000099133 0.0000102472 0.0000231464 0.0000237276 0.0002658055 0.0000162889 0.0001079116 0.00049533 0.0000177871 0.0000137251 0.0000135114 0.0000166455 0.0000101029 0.0000946502 0.0000111817 0.0000110092 0.0000852346 0.0000111013 0.0000102777 0.0001735974 0.0003471806
0.0000103903 0.0001756906 0.0001799614 0.0002580639 0.0000091026 0.000000369 0.0000035935 0.000008971 0.000166739 0.0000079042 0.0000058796 0.0001655444 0.0000101603 0.0000090821 0.0000907527 0.000018606 0.0000166497 0.0000188721 0.0003409578 0.0001052849 0.0001826189 0.0000140153 0.0000115027 0.0000057866 0.0000037258 0.0000160259 0.0005936723 0.0002598652 0.0000157278 0.0000039063 0.0000112626 0.0000155197 0.0001672508 0.0001754692 0.0003333435 0.0000147188 0.000009558 0.0000147779 0.0000169363 0.0000189381 0.0000170463 0.0006673089 0.0000180092 0.0001711445 0.0001711198 0.0001711047 0.0000111588 0.0000853227 0.0000112019 0.0001701067 0.000018938 0.0001006814
0.0000081769 0.0000178829 0.000265431 0.0002621173 0.0000111829 0.0000024428 0.0000077815 0.0001760565 0.0000938773 0.0000165252 0.0000920663 0.0000199609 0.0000963569 0.0002555164 0.0000090395 0.000004626 0.0000006357 0.0000092369 0.0000245923 0.0000367894 0.0000444624 0.0000313754 0.0000963847 0.0000058709 0.0000056936 0.0000148408 0.0001979871 0.0003563352 0.0000320113 0.0001736947 0.000014779 0.0004177538 0.0001797299 0.0000176869 0.0000155502 0.0001732301 0.0000144713 0.0000125862 0.0001799524 0.0000945218 0.0001854692 0.0000180245 0.000175627 0.0000144214 0.0000906788 0.0000163891 0.000168838 0.0000123208 0.0001733679 0.0000224028 0.0000944834 0.0000978242
0.0002591206 0.0000157856 0.0000921138 0.0000919336 0.0000069609 0.0000045783 0.0000841361 0.0000916269 0.0002539565 0.0001767083 0.0000247053 0.0005056714 0.0001831398 0.0000143627 0.0000810066 0.0000023564 0.0000047299 0.0000071726 0.0000967902 0.0007529877 0.0005290607 0.0009148638 0.0000256471 0.0001668872 0.0000089046 0.0000824402 0.0000180786 0.0002692688 0.0006720532 0.0000225305 0.000025508 0.0001831716 0.000022218 0.0000072456 0.0000091732 0.0000887312 0.0001806051 0.0002498041 0.0000255277 0.0006695476 0.0000168589 0.000007032 0.0000081653 0.0000189166 0.000092135 0.0000908665 0.0000060802 0.00001439 0.0001789899 0.0001919664 0.0004353651 0.0000270308
0.0000081992 0.0000166296 0.0002523591 0.0000110458 0.000006933 0.0000089332 0.000085301 0.0000121581 0.0000187442 0.0003415101 0.0000277896 0.0002636829 0.0000964998 0.0000080546 0.0000025372 0.0000067243 0.0000092359 0.0002612993 0.0000311009 0.0001119366 0.0001247617 0.0001933677 0.0000298112 0.0000104616 0.0001697739 0.0000090184 0.0000111628 0.000095278 0.0000223352 0.0001799905 0.0001757288 0.0002603559 0.0001735766 0.0000083504 0.00001231 0.0001722429 0.0000972125 0.0001787983 0.0000265711 0.000018012 0.000011364 0.0000024357 0.0000068807 0.0002568667 0.0004283402 0.0000190024 0.0000104203 0.0000133504 0.0001686502 0.0004446854 0.0002717686 0.000115868
0.0001753954 0.0000144793 0.0000863519 0.0000088921 0.0000069324 0.0002555825 0.0000145849 0.0000102616 0.0000081996 0.0000845715 0.0000199761 0.0001744367 0.0000208064 0.0000111399 0.00000686 0.0000091705 0.0002580875 0.0000278245 0.0005038268 0.0000161595 0.000012898 0.0002519449 0.0000191031 0.0000900429 0.0000990424 0.0000069529 0.0000819953 0.0000079573 0.0000091881 0.0000103009 0.0001722665 0.0000198158 0.0001022447 0.0001753236 0.0000156657 0.0001734024 0.0000200481 0.0000200933 0.0003300719 0.0000070601 0.0000004693 0.000002415 0.0000810989 0.0000191797 0.0000259218 0.0002658854 0.0001747127 0.0000165315 0.000094295 0.00002549 0.000345282 0.00009445
0.0000949185 0.0001677478 0.0000077744 0.0000787046 0.0000069273 0.0000176782 0.0004166736 0.0000133977 0.0000047271 0.0000079677 0.0000906893 0.0000889569 0.0000919541 0.0003246762 0.0000125165 0.0000148145 0.0002593644 0.0001897142 0.0000977785 0.0000244454 0.0000126165 0.0000125692 0.0000188538 0.0004968809 0.0000143722 0.0000057364 0.0000057397 0.0001678536 0.0000102669 0.0000101482 0.0000058296 0.0000090865 0.0001617409 0.0000940165 0.0001797361 0.0000179449 0.0001734614 0.0002557626 0.0000164954 0.000012045 0.000005626 0.0000068446 0.0000133773 0.0000190192 0.0003459705 0.0002613525 0.0000191276 0.0002577657 0.0000856313 0.0000123265 0.000008235 0.000017576
0.0000046018 0.0000078137 0.0000087103 0.0000054968 0.000002555 0.0000173502 0.0002494919 0.0000195171 0.0000049029 0.0000842826 0.0001009309 0.00017529 0.0000226624 0.0000166523 0.0000199264 0.0003427819 0.0000182518 0.0000233723 0.0004971845 0.00001788 0.0002535753 0.0001700437 0.0000146072 0.0000114262 0.0000853236 0.0000025225 0.0000088831 0.0000197186 0.0002629652 0.0000874737 0.0000024898 0.0000044997 0.0000131359 0.0000939375 0.0001777472 0.0002558996 0.0000125032 0.000009287 0.0000112239 0.0002388002 0.0000112325 0.0000137323 0.0002613649 0.0003356372 0.000017047 0.0000126646 0.0000931912 0.0000208695 0.0000929761 0.0000068198 0.0000006886 0.0000058348
0.0000002015 0.0000034781 0.0001612353 0.0000036138 0.000000727 0.0000100881 0.0001587063 0.00001432 0.0000876445 0.0000166565 0.0000940468 0.0001643312 0.0000168091 0.0001655063 0.0001809909 0.0000234828 0.0002570136 0.0000156813 0.000011446 0.0000177975 0.0000909851 0.0000910197 0.0000189226 0.0000113616 0.000011036 0.0000024742 0.000005813 0.0002485474 0.0003341252 0.0000133883 0.0000025725 0.0000005948 0.0000071381 0.0002578991 0.0000210595 0.0000166545 0.0000102132 0.0000069685 0.0000934518 0.0000069426 0.0000145248 0.0003438153 0.000185285 0.0000241375 0.0000144292 0.0000080539 0.0000105285 0.0004178144 0.0000931709 0.000015543 0.0000101949 0.0000132923
0.0000058161 0.0000090011 0.0000057254 0.0000122477 0.0000176842 0.0000197277 0.0000176926 0.0000188349 0.000099644 0.0003385973 0.0000220862 0.000017864 0.0002641755 0.0000223373 0.0002665874 0.0002542556 0.0000147406 0.0000071408 0.0000802599 0.0000137364 0.0000244161 0.0002624481 0.0000221796 0.0004917202 0.0000091546 0.0000025836 0.0000078639 0.0000186062 0.0000166643 0.000011382 0.0000124149 0.0000179134 0.0000223425 0.000017065 0.0003270181 0.0000147908 0.0000877622 0.0001721973 0.0000089097 0.0000038462 0.0000200435 0.0001844779 0.0001030947 0.0000909593 0.000240004 0.0000112137 0.0000210963 0.0000275678 0.0002656324 0.0000920265 0.0002557483 0.0001722746
0.0003492233 0.0000082287 0.0000103915 0.0000974725 0.0003471776 0.0004138454 0.0000137655 0.0002539262 0.0003479465 0.0002602845 0.0000159857 0.0002584583 0.0000979038 0.0001834951 0.0000245503 0.0002623819 0.0000167377 0.0000135469 0.0000187943 0.0001832753 0.0003534234 0.0003357874 0.0000232454 0.0000145036 0.0000143119 0.0000131998 0.0000855506 0.0000157364 0.0002526456 0.0000114702 0.0000189423 0.000660214 0.0003503703 0.0000245713 0.0000202424 0.0000242774 0.0003456133 0.0000918834 0.0000099993 0.0000769872 0.0000201456 0.0005080137 0.0001853578 0.0000155332 0.0000124466 0.0000157665 0.0002512163 0.0004214061 0.0000225166 0.0000221525 0.0001712902 0.0000209371
0.0000181137 0.0000953832 0.0000169672 0.0003512739 0.000421442 0.0000242896 0.0000155915 0.0000125499 0.0000167917 0.0000106059 0.0000180994 0.0000246575 0.0003576947 0.0001799431 0.0000953714 0.0000994362 0.0001767101 0.0000911924 0.0003470445 0.0002578931 0.0001844392 0.0000181553 0.0000123421 0.0001635413 0.0000801028 0.0000133684 0.0004938211 0.000021193 0.0000170041 0.0003322443 0.000018967 0.0000202135 0.0001018814 0.0003449778 0.000257357 0.0001791545 0.0000956383 0.0000996665 0.0000145273 0.0000102493 0.0000189326 0.0003501704 0.0000996542 0.0000105403 0.0000178745 0.000264432 0.0000327777 0.0001056982 0.000177691 0.0001711383 0.0000134391 0.0002454123
0.0003494053 0.0001776789 0.0001767059 0.0000253291 0.0000233136 0.0000157111 0.0000092028 0.0000843827 0.0000101738 0.0000103283 0.0000148717 0.0005059854 0.0001813817 0.0000912145 0.0000136156 0.0002526797 0.0000167561 0.0001798571 0.0001061267 0.000042025 0.0000332819 0.0000943846 0.000005855 0.0000087838 0.0000090033 0.0000185176 0.0000136839 0.0000230402 0.0003414753 0.000018683 0.0000111913 0.0000068813 0.0000123402 0.000094028 0.0000212491 0.0000318054 0.0002651096 0.0000373178 0.0004180447 0.0000083488 0.0000115764 0.0000921513 0.0001754668 0.0000083292 0.0001012954 0.0005673628 0.000022191 0.0000856931 0.0000885239 0.0000111597 0.000011113 0.0000124036
0.0000974469 0.0000221964 0.0000899248 0.0000855473 0.0001669193 0.0001667952 0.0000110737 0.0001698154 0.0002513293 0.0000169058 0.0002595754 0.0000310272 0.0000243689 0.00001447 0.0000154025 0.0000122374 0.0000123748 0.0000920375 0.000181373 0.0004314406 0.0008319238 0.0000170261 0.0000027366 0.0000068303 0.0001648543 0.000017642 0.0001600618 0.000020958 0.0001610195 0.0000143596 0.0000809738 0.0000787822 0.0000046756 0.0000080057 0.0002434636 0.0000256652 0.0005858384 0.0005155813 0.0000172548 0.0000166015 0.0000144073 0.0001763019 0.0000936582 0.000006071 0.0000153354 0.0000175904 0.000092544 0.0000068164 0.0000066643 0.0000808648 0.000007886 0.0000092904
0.0000137595 0.000256936 0.0000124616 0.0000112258 0.0000122528 0.0000090873 0.0000852621 0.0000121745 0.0000101767 0.0000169179 0.0004304769 0.0003378317 0.0000137846 0.0001669553 0.0002409897 0.000007999 0.0000811132 0.0000145413 0.0002634112 0.0000342545 0.0000266925 0.0000211367 0.000007079 0.0000133187 0.0001690497 0.0000249294 0.0003362476 0.0000247807 0.0000113061 0.0000851507 0.0000088084 0.0000065753 0.0000045586 0.000010936 0.0000144898 0.0001880772 0.000028927 0.0000286527 0.0000129046 0.0000125417 0.0004041836 0.0000155926 0.000006982 0.0000059103 0.0000068948 0.0000832221 0.0000047076 0.0000045882 0.0000045491 0.0000065724 0.0000819991 0.0001730707
0.000346096 0.0000147925 0.0000167727 0.0001734136 0.0000157985 0.0000126779 0.0000114591 0.0000855133 0.0000060442 0.0000106244 0.0000221739 0.0001799093 0.0000186384 0.0000133271 0.0000152388 0.0000152858 0.0000111595 0.0000898442 0.0000168257 0.0000898464 0.0000834864 0.0000094145 0.0002561416 0.0000955244 0.0000193084 0.0000954257 0.0002489456 0.0000962642 0.000089923 0.0000165731 0.0000113022 0.0000832964 0.0000060412 0.00000917 0.0002412107 0.0000145251 0.0002413843 0.0000136369 0.0001694437 0.0000263878 0.0000254371 0.000096139 0.000007 0.0000047254 0.0002499548 0.0000089064 0.0000046847 0.000009133 0.0000833627 0.0000110756 0.0000057565 0.0000121851
