Models/Synthetic/Density/temp_raster_pop.asc
NCOLS 101
NROWS 101
XLLCORNER 3302900
YLLCORNER 3112000
CELLSIZE 4386.138614
NODATA_VALUE NaN
[rows 69 to 91 of 101, columns 0 to 51 of 101]
1.9664387445 2.0761333096 2.2570874358 2.5042107654 2.8777170348 2.935152928 3.0329465944 3.1859969658 3.7709045563 3.7807434739 4.0087941865 4.4452505747 4.4794298435 4.7467360592 5.0738473429 5.9159388036 5.7173382771 6.756231256 5.8993504508 5.9742499641 7.117503034 6.1324832049 6.4105976853 6.81173833 5.8209191092 5.6648668538 6.3991089693 5.2060863407 4.9755314225 4.9115718083 5.3568773028 4.4615660179 4.0831082767 3.7341255225 3.4694263037 3.2875614787 3.1833565824 3.5296802466 3.0190980391 2.9244078422 3.1294202293 2.6197001907 2.4568140674 3.0849907037 2.165296404 2.0442153723 1.9961368024 2.0304666083 2.1193386667 2.2349816893 2.3667815921 2.4956756852
2.2279647808 2.3208553847 2.5016660115 2.8002353356 3.1045212276 3.3386601287 3.4381718296 3.6171706157 3.8425855472 4.1675422771 4.5198952424 4.7173611657 5.7800371473 5.1664315462 5.4304844598 5.749349548 6.1937483583 6.0727150929 6.1288571603 6.0475520984 6.0216229537 6.0832262822 6.0366060239 5.9545189327 5.7119738855 6.3079089083 5.3073005188 5.1895052477 4.4895591917 4.3704253318 4.9027788181 3.926010062 3.480802028 3.2454582758 3.0675575373 2.8410393823 2.7625387687 2.687144841 2.6475573012 2.695640574 2.4685292463 2.3380501693 2.2772821812 2.2225057841 2.1477904031 1.9932175376 1.966698051 2.0071459087 2.19203755 2.5207558655 2.4702162388 2.5962954295
2.7079349026 2.5579677423 2.7247083686 3.335088044 3.3081513121 3.5745376978 3.7900263728 3.9971842692 4.2856451092 4.6279851826 5.2221467413 5.1236337367 5.3064146734 5.5377156015 5.7535751996 6.0138525381 6.1658463729 6.3388373274 6.2348704297 6.1765114287 6.0843677737 6.0486401154 5.9713233369 5.8017108532 5.6424712055 5.3210066139 5.4702690673 4.5374650394 4.2658358281 3.8249975531 3.5319533671 3.2615217868 2.9440051567 2.7450426593 2.5525041547 2.450629349 2.368420192 2.3163225436 2.2593114744 2.1985921941 2.1401858768 2.0831656882 2.0836341433 2.6314336643 2.0657525166 2.2240000884 1.9397250187 2.0622870413 2.2723521354 2.4904069533 2.6026185709 2.7250299128
2.664670481 2.8961467194 2.887949867 3.1057875975 3.4245332731 3.7192016821 4.0332778277 4.3350854054 4.7148551747 5.2710614173 5.3124819104 5.5191845565 5.6969449554 5.9045972157 6.1153339706 6.2294133863 6.3366231171 6.3891576967 6.4945096587 6.2595555145 6.8045006951 6.0566246992 5.8896692507 5.7290149756 5.4669607104 5.1943365598 4.6213328169 4.1753476471 3.8425176685 3.4962428617 3.1347362615 2.7894515917 2.527499456 2.2969416202 2.1450885926 2.0876495652 2.1535611779 1.9770868368 1.8913634659 1.8485563045 1.8741873643 1.8986391103 2.0184957835 1.8979629175 1.8998021914 1.8667452895 1.9190344014 2.0686890692 2.9793059292 2.5210129812 2.8842861498 2.8270990758
2.7256083819 2.8304294989 2.9926195022 3.2060199008 3.5339350143 3.8749125847 4.2340570683 4.5767045698 4.8996124706 5.2635020557 5.7883980664 5.7708566878 5.9798394824 6.2702554575 6.3587963467 6.5068557544 6.6488810282 6.6050192252 6.4667382872 6.3633429144 6.2454927756 6.0983856404 5.8977368165 5.6489566954 5.9158541402 4.9294635569 4.3868297462 3.9156597609 3.5824991316 3.8296007387 2.9038789578 2.5203080633 2.3102894449 1.9599505275 1.7943118434 2.321757238 1.7449133512 1.6469538878 1.5727746157 1.5571119414 1.6172544716 2.2546905268 1.7104739136 1.6994401144 1.7048360447 1.7586492358 1.8627382697 2.0768814605 2.2969348038 2.5670802607 2.7484499647 2.9700194584
2.7794995738 2.8974260434 3.1414631435 3.2791632551 3.6057233629 4.3255207239 4.3081616163 4.596004375 4.9260098068 5.2985667266 5.6218783854 5.9200310416 6.1441700334 6.4022433593 6.5908163087 6.7311885952 7.0987297641 6.9695665433 6.727760837 6.4819023961 6.3615308526 6.5032448924 5.9392879907 5.7481145328 5.4354773073 4.9834055459 4.6922003784 3.7421757304 3.368497341 3.0460032027 2.7228995313 2.3546367966 2.0283734849 1.754835563 1.5741284271 1.473533149 1.4203264761 1.3436629042 1.3123885599 1.3182856823 1.3950447521 1.4502452785 1.5133167857 1.5440118977 1.6292416172 1.7270684809 1.8777004801 2.0654469806 2.2869896789 2.5232641526 2.7914124342 3.0850315173
3.6860671729 2.9745228204 3.1055575126 3.3254674559 3.622173218 3.9329969139 4.3157880828 4.6383955949 4.9558946763 5.1954550765 5.4923296258 5.8240551144 6.2044303151 6.4797132358 6.9841282099 6.8855268454 6.9641134866 8.394383597 6.959806711 6.6566472163 6.9142432045 6.3724238772 6.0463116102 6.0705147335 5.4682876546 5.7888710218 4.3440934043 3.6483789325 3.1867306686 2.8922732804 2.5948813651 2.2698431413 1.9441187497 1.6862146 1.4866333593 1.3344713986 1.2197622788 1.1571169217 1.1359972431 1.1501857164 1.1923200367 1.2562815881 1.3389430934 1.4489215083 1.5673904211 1.7523099146 1.9544662229 2.1873180782 2.3520275171 2.5525718008 2.797712973 3.1326572568
3.0231687749 3.0556839673 3.1200946795 3.3147240475 3.5178174122 3.7728881984 4.1503594373 4.9562784901 5.0701011624 5.0698877597 5.1815123918 5.521921047 5.9728837203 6.5547334971 7.0490948882 6.5717323669 6.8081386732 7.1370581532 6.9742442031 7.3597996438 6.7438989766 6.9119045115 6.1687646232 5.7814747406 6.0877393298 4.9488219603 4.2689829065 3.601518952 3.235348445 2.969090163 2.7384050232 2.3616508643 2.0407982781 1.8000996657 1.6475678274 1.4174809626 1.2327675271 1.1001237054 1.0623134863 1.0671907904 1.109733765 1.1786449592 1.2677073682 1.3817795191 1.5284329107 1.7040413821 2.2129694015 2.2817558724 2.4062706297 2.5249814437 2.7687045545 3.1451734165
3.3227942829 2.9961817201 3.1036957629 3.2174697973 3.4223333481 3.6177113711 3.9878650985 4.443368178 5.3016706403 4.7845294807 4.8136715832 5.0953180619 5.4835007857 5.8069958674 6.6497256717 6.1708570513 6.4485044795 6.797045361 6.8448150431 6.8690086727 6.8926652951 6.8982657826 6.411417478 5.8493425351 5.9631772542 4.8820621828 4.2479155341 3.789459014 3.4259164117 3.2370039736 2.8936597932 2.6004933003 2.2541537489 2.0260630037 1.8595648669 2.2236270896 1.3029815783 1.1453013782 1.0790989814 1.0781230214 1.1361513924 1.1976416868 1.2759337403 1.3539659629 1.4596975463 1.6251214311 1.8159972842 2.0495478338 2.2440562298 2.4672525093 2.7362030736 3.1012347555
3.1790110959 2.7694871098 2.849501829 3.2433915526 3.1541076997 3.5947880731 3.6396527004 3.9940940125 5.1343903004 4.3083901559 4.3274119094 5.2478753483 5.028283546 5.1718424083 5.468821338 5.720487529 6.0672777548 6.5840331025 6.6973963266 6.8406145072 7.4464904591 6.6160084917 6.2196305298 6.2532924622 5.4994284339 5.2072744225 4.7458897075 4.0336935762 3.8610398839 3.4624855159 3.1736503979 2.8566487037 2.5182541345 2.2639786355 2.7612797891 1.7110518616 1.4282425455 1.2376081466 1.2175782059 1.2082661874 1.2546559692 1.3338383945 1.2804022692 1.3419028211 1.4073310192 1.4923791205 1.646907544 1.8596557376 2.1216427241 2.415487722 2.7449168692 3.1458461879
2.2275508999 2.3608019968 2.5832734674 2.6951436895 2.8257469926 2.9200736245 3.0748173693 3.2897472527 3.498749762 3.6356937372 3.7860754692 4.0401453009 4.8889186652 4.5968081966 4.852364524 5.193346066 5.8511061902 5.9801520269 6.3699295612 7.0338711086 6.7166182269 6.4369514831 6.0768070899 5.8761935768 6.1730688428 5.3125861617 4.8054684145 4.4443441416 4.0513707511 3.8014148079 3.8418568899 3.168281413 2.8202918766 2.5289004298 2.2076418616 1.8821584128 1.5817849909 1.4325363473 1.3843711482 1.6643690421 1.3676661433 1.3172270296 1.2859496333 1.2890172132 1.3574607149 1.4555849401 1.5984844234 1.8501499572 2.1328518002 2.4670162349 2.8313018927 3.2069541077
1.8709630846 1.9817580362 2.1087116522 2.2611576155 2.5832679262 2.4088450079 2.4811503554 2.6246623132 2.8116791276 3.7367157255 3.171865668 3.4381143413 3.7640418389 4.1109089802 4.3864838763 4.7362041689 5.0361613393 5.4794206936 6.0148029966 6.3873281309 6.5415140612 6.1661686745 5.8874890812 5.8468525558 6.5569666572 5.5121737492 5.2320435939 4.8247184117 4.6228751529 4.211342803 3.8853030738 3.584733842 3.2395756394 2.9037138944 2.5109186411 2.18050589 1.8694835451 1.6674103546 1.7900162864 1.4813912761 1.5684212193 1.3326967226 1.2609030183 1.3353520636 1.4059169279 1.5059856617 1.6214299149 1.8398151633 2.3624743119 2.5262182177 2.8883341198 3.4551212516
1.6398068271 1.6982877665 1.7779578741 1.8922419213 1.9486441262 1.994149963 2.0196555683 2.122336949 2.2849682729 2.4490633857 2.6457313093 2.8772316012 3.2181765481 3.6435118302 4.2699518345 4.2083631457 4.4703925784 5.1757594603 5.4602940308 5.7040054247 5.9664120641 5.8263165374 5.7456041718 5.6870554694 5.7345098708 5.6282652995 5.6086682579 5.3381459331 5.0436713447 5.0760821468 4.2907411781 4.0052385086 4.1390923948 3.3551474355 2.9186746771 2.5630286975 2.3277024892 1.9737448327 1.70295461 1.5785323187 1.4316613182 1.3674126563 1.3232160592 1.3774578828 1.6869810988 1.5283639575 1.5915287975 1.8347264985 2.1725093252 2.5545623163 2.9971694853 3.3439720156
1.4832969671 1.5202893225 1.5923126361 1.6349015711 1.6570278281 1.6444280014 1.6759435857 1.7491578549 1.873738872 2.0229220493 2.1961651893 2.4166575504 2.7509899956 3.2590893322 3.5768408265 3.7850078297 4.0111050283 4.4069931282 4.7699272884 5.0989921123 5.3256724728 5.4850643918 5.5409741434 5.6518717925 5.7047031921 5.8293423639 5.7756391556 6.2060373679 5.5015538542 5.1646171576 4.8303669035 4.5198134576 4.2182205384 3.8297107368 3.379500571 2.9880878547 3.4447435013 2.2411474592 2.3252796264 1.6884842155 1.5300348721 1.5593127317 1.3998475326 1.4608650297 1.5052070103 1.5514065295 1.6067156373 1.8250045242 2.1775315715 3.3378007168 2.9751705616 4.0069706888
1.3996486727 1.4333985858 1.4878415869 1.5878832679 1.4817332373 1.4951776593 1.487390695 1.5397016886 1.5931470327 1.7724343616 1.9145428626 2.0926205101 2.3647975681 2.7306296419 3.0836487649 3.3518004859 4.2459059704 3.9503596876 4.663380734 4.6694399723 4.9621527249 5.4958362009 5.3965663807 5.4912617978 6.1401545799 5.7803732097 5.9886768691 5.9658916953 5.9830660464 5.6238037938 5.5387090554 4.9699397456 4.5569917499 4.1772597844 3.8966305632 3.3946758047 2.9390707856 3.1838613242 2.2109838716 2.1129388642 1.7273919154 1.5642982142 1.5451960349 1.5388817361 1.5633836413 1.5675742418 1.6835207156 1.9913459747 2.3421612239 2.6957441063 3.1417311552 3.3392547101
1.3801497012 1.4434492578 1.4884242157 1.4714486761 1.4014158563 1.3682195008 2.47331748 1.3340434294 1.3983621927 1.5828103323 1.8495990876 1.8771317879 2.0919571797 2.4226004417 2.6773145085 3.0095560618 3.7558390036 3.5845377415 3.9680662762 4.3906089775 4.8175896672 5.2276512574 5.2150819921 5.3237168015 5.4726440041 5.7212191185 6.0359193258 6.2490873068 5.9794939852 6.1274491183 5.68079921 5.4420211204 4.8865787272 4.4415704179 4.0804276119 4.0525816806 3.313212229 2.7457477936 2.4295477581 2.8206697732 1.957408324 1.8168253403 1.7446814698 1.7884167596 1.7381451961 1.7486459639 1.8123599386 2.1692771337 2.7956729576 2.7682520727 2.9294155687 3.3095632229
1.3949122903 1.460018083 1.7534732837 1.4200931046 1.3008718725 2.0239191729 1.2002739343 1.1844394972 1.2255856397 1.452272699 1.5188675423 1.7072080733 2.1552953681 2.1786922229 2.4834214928 2.7499062228 3.0069587759 3.3080149293 3.6647435602 4.9310369583 4.6480935349 4.8553246305 5.2554536145 5.1120529891 5.2329550863 5.9651598851 5.8008679634 5.9160146675 5.934010968 5.8399834595 5.7683260934 5.8123517041 5.096920873 4.5897539619 4.2492546272 3.8672503655 3.4741957085 3.0043721499 2.6665977488 2.3856472486 2.6054608215 2.0667704639 2.2423675518 1.9722417035 2.1718959906 1.9050473906 1.9867163811 2.3164773074 2.9577276595 2.7844985807 2.9257488296 3.2999989658
1.4596325206 1.511062594 1.494010146 1.409578109 1.2712253981 1.1442774401 1.0660296968 1.0290951198 1.1063318768 1.2111490115 1.3556413679 1.5630013141 1.810004343 2.0328954046 2.2585085487 2.566374456 2.8671994447 3.0731341515 3.4806192973 3.800219529 4.1641832216 4.5420121037 5.6276288376 4.9459191478 5.0938954442 5.4130973824 5.731297719 5.7505004138 5.7693188145 5.7120533008 5.6698767198 6.1190534308 5.1642995287 4.7229873017 4.3636089116 4.0718257753 3.613022288 3.4445418346 2.8881855679 2.6025459974 2.3827037699 2.2388039355 2.2670559174 2.1187575852 2.0658233552 2.1188151677 2.1678126982 2.4501583505 2.6306273672 2.8530753472 3.0355322682 3.3953618926
1.544918343 1.5813650418 1.5519468452 1.4495627703 1.2762063332 1.1318960809 1.0408032625 1.0404115266 1.0780101806 1.1721067276 1.2918537192 1.4899521616 1.7054257973 1.9308346973 2.1720449812 2.4456991845 2.6819056456 2.9108099187 3.1424823012 3.415298417 3.7952492554 4.2970637392 4.5977273258 4.6518898776 4.942272316 5.2149287558 5.497369813 5.6282335684 5.6384430815 5.5931765318 5.5367498083 5.3552047922 5.1269940826 4.8965284302 4.5434595142 4.2343623192 3.9065252437 3.5071666468 3.1244964971 2.785572455 2.4983271865 2.2986255336 2.1359465648 2.1097518602 2.5971630729 2.3013422998 2.3664634312 2.5315629156 2.8341476569 2.956798826 3.874594425 3.5281777611
1.6426241398 1.6827212813 1.8051685242 1.5348079545 1.346306759 1.2023471939 1.1124538772 1.1079058874 1.9027152392 1.2303270024 1.3482100256 1.534056324 1.7510659157 1.9814330775 2.2004034169 2.4105234222 2.606483257 2.7759240774 2.9691603858 3.9591904217 3.4695225402 3.7386600957 3.9695505202 4.268207504 4.5835222982 4.9475234048 5.2434229019 5.4738578579 5.4989372161 5.4523785479 5.3456304169 5.2131163748 5.0557059419 4.8594830291 4.6783672201 4.7514872042 4.7267587139 3.6971381641 3.3268114897 2.9658738068 2.6533035273 2.3991167808 2.2244416635 2.1898187948 2.2730390633 3.1896621183 2.4882832653 2.6164883951 2.8735307553 3.0755581315 3.380989521 4.1393594507
1.6534584322 2.1427324609 1.7055762236 1.5933838616 1.4461468614 1.3495290031 1.2754576993 1.2855043866 1.2904144041 1.392189531 1.4895843493 1.6627369535 1.8605553943 2.0904777079 2.3353102186 2.4817141678 2.6701234485 2.8168608673 2.9279442707 3.052943941 3.4123750533 3.4711892513 3.6839717145 3.9619295154 4.2979594293 4.6599820941 5.0376484683 5.3163939683 5.4342062308 5.3141048682 5.2133321301 5.0844540106 4.9725102264 4.8428301648 4.6937943249 4.4718587157 4.1551877964 3.9495262422 3.4880652941 3.1292796531 2.8294523526 2.5760009978 2.3992932392 2.3128352514 2.4103538774 2.4829827363 2.5741706258 2.6673355319 2.8549472625 3.1103981585 3.4536094062 3.9217444905
1.6734326091 1.7026012086 1.7521335448 1.682958135 1.6082531664 1.5246446156 2.2597326366 1.4728638208 1.4733654784 1.5234498867 1.7159923388 1.785570341 1.9649570219 2.2119794216 2.4579402602 2.6723255301 2.8060901158 3.2242354608 2.8646753339 2.9976250067 3.193653057 3.626601837 3.5014621055 3.7522837792 4.3888214787 4.4013081526 4.7743578802 5.8950567342 5.3419086779 5.1667570884 5.066169358 5.5304506456 4.8851616568 4.7665761947 4.6724367798 4.4319783865 4.184409841 3.8373962696 3.5553057042 4.1088113438 3.0087206303 2.7906095874 2.6179243984 2.5484957406 2.5636290962 3.2593166864 2.6272017002 2.74389519 3.0450876994 3.1361947599 3.4593987422 4.7059469419
1.7285122113 1.7593541502 1.8099175074 2.1120542077 1.7351060992 1.7433479045 1.6935050986 1.7002937873 1.5996444496 1.657396723 1.7575501707 1.9108415338 2.0875910463 2.3456566099 2.6278828965 2.8795521785 3.203991422 2.8759300924 2.8768306413 2.9312515694 3.4864542523 3.253738598 3.3949689706 3.6355499157 3.9350656836 4.2485652382 4.6117828115 4.8908328499 5.0443854421 5.0047376065 4.991493508 4.9891330101 4.915073185 4.7862450518 4.5726378803 4.7603403894 4.1934770394 3.9646370762 3.5690685934 3.3233703032 3.2005090101 3.0506447967 2.8991535468 2.763963206 3.2392062407 2.7739072173 2.9912908929 2.7558997093 3.289173534 3.1245145679 3.5108565575 3.9329123817
