Models/Synthetic/Density/temp_raster_pop.asc
NCOLS 101
NROWS 101
XLLCORNER 3302900
YLLCORNER 3112000
CELLSIZE 4386.138614
NODATA_VALUE NaN
[rows 0 to 22 of 101, columns 0 to 51 of 101]
2.5056266255 2.636820711 2.6284848217 2.6256373927 2.6338540714 2.7028650011 2.8531896362 3.0297209896 3.1795037099 3.286960826 3.43888006 3.3174994388 3.2072295898 2.8656609726 2.9781594764 2.365382954 2.0796703637 1.6124935965 1.2418949352 0.9908457667 0.841273689 0.7725996474 0.7671474446 0.8194100921 0.9614711887 1.3936598329 1.1852240386 1.2869348159 1.5230819227 1.8858795385 2.4451777745 3.7002353935 3.9929685024 4.9861071244 6.1074814092 8.2669735551 9.6251292603 14.3912876008 15.9818427039 18.7317120406 18.2527534113 20.0427706325 19.6089723783 19.0059976475 16.8287153211 15.1442039056 12.6726625478 10.3005357408 8.3873451483 7.0057711121 6.0142788379 5.2805016977
3.7167732304 3.1864420437 3.1891984601 3.1615008239 3.1075672736 3.0914851467 3.14384186 3.247757027 3.3164313515 3.3693414614 3.3736853522 3.5492625325 3.884255762 2.8478532287 2.5572767303 2.3273548696 1.9818214121 1.6340557277 1.2798339211 1.0306727028 0.8804875169 0.8139449633 0.8222678889 0.8772327761 1.0070193912 1.1056602089 1.2421613116 1.3574965676 1.5945020843 1.9625962714 2.5217292646 3.1822281071 3.9742285224 4.916977825 6.1160021795 7.7295968255 9.4781158882 11.8802951351 15.7856660083 16.09166618 17.3254311887 18.7250186142 19.476783954 18.0167189868 17.6946419763 14.7794678292 12.78124251 11.2062977304 8.9036287464 7.6127191524 6.1804763764 5.4386643252
4.2513849531 4.4208539196 4.4690309661 4.3357114495 4.1253296861 3.8741875709 3.7777896669 3.7168784878 3.6759494087 3.5325035672 3.4899060243 3.3420877198 3.1086253457 2.7667169746 2.4807667912 2.2300897143 1.9843982171 1.6303463034 1.3178516337 1.0823540335 0.9330740206 0.8706292187 0.884222987 0.9596356676 1.0157322121 1.1110574649 1.2452626547 1.4690697202 1.6418360941 1.994810416 2.5775682465 3.1483390623 3.8719514266 4.8089721332 6.4241027575 7.1050635333 9.3426056383 10.7340229237 13.5441965345 14.5359302376 17.0393239464 17.2901607648 17.1433184852 16.3525397979 15.1522591272 14.9113066656 11.7259032576 10.7776878897 8.5387191955 7.2892844308 6.5725854434 5.5692356748
6.1525407264 6.8244297203 6.4808379599 6.5335413281 5.6825658492 5.1045884369 4.7663415497 4.8298061064 4.1717803931 3.8966532508 3.6937566636 3.59196238 3.1029601745 2.7721930403 2.4813689275 2.2196523899 1.9412544321 1.6403397338 1.3594999874 1.1416760868 1.0007796249 0.9380414488 0.949508198 1.0010522231 1.0733201497 1.1535762654 1.2803032151 1.469784856 1.6862434549 2.0096522891 2.4400316982 3.0824713595 3.8256634761 4.5885691675 5.5345802866 6.5299818558 7.85916143 9.5931319109 11.3430595415 13.2299662867 14.6392099647 15.8084360478 15.475655364 16.7525125005 13.3854475737 11.8894412251 11.2143259704 9.711166283 8.0427943845 7.2479838804 6.4921351551 6.1068488955
9.3678726937 9.426318149 10.6744183525 8.7318374473 7.7615005559 7.0376906544 6.1283887298 5.8289249285 4.8567519415 4.4304487801 4.1642941768 3.6111424842 3.2124699752 2.8537593878 2.54358165 2.2379247119 2.8779758417 1.6397827037 1.3948106934 1.2100957107 1.0856577101 1.0259864373 1.026414696 1.0700250952 1.1638556366 1.2365836986 1.3222971854 1.4564124612 1.9357321135 1.9284922976 2.3055983138 2.8948173707 3.6588356741 4.2134516407 4.8967178849 5.8359845767 7.4511011118 8.4932567947 9.9478873791 11.955476803 13.4847236283 14.2142888564 13.3587436211 13.2263033149 11.5004068471 10.2022066276 9.3326747103 8.084612283 7.3401031864 6.8309167313 6.3604431379 5.4315351192
13.6803154744 13.9255018196 14.2792672314 12.2411337231 10.9573442009 9.3267595398 8.21986237 6.9747478467 5.7102438583 4.9772769991 4.4137085803 3.8281198727 3.3310700417 2.9964693681 2.6804106847 2.3220432722 1.9496081215 1.6636505668 1.4452999597 1.2893566426 1.1849339893 1.1547131697 1.1539123393 1.187113379 1.2461083169 1.4431656848 1.3553397611 1.4575341693 1.6136587398 1.8549363442 2.1652113386 2.6473996777 3.1897375273 3.7494310886 4.4124210483 5.1939342881 6.1637520232 7.2861659097 8.7493792483 9.6666502219 10.5580493975 11.0784363734 11.8975824681 10.9223616028 9.9319257809 8.6432976289 7.6451206103 6.9065372359 7.2476768315 6.7045804947 5.6506277615 5.5760886072
21.3580532616 20.5312571889 19.520473708 17.7709682959 15.7949598243 14.3613503677 10.1459156798 8.3770722961 6.7204307907 5.7807827369 4.8759765146 4.1121639827 3.4961390045 3.148140362 2.9760640568 2.427179978 2.0114819774 1.7285727095 1.5299578317 1.3897816606 1.3083004898 1.2926588437 1.3629692661 1.3148943147 1.3528478859 1.3815157401 1.4214803332 1.4616635779 1.5825552471 1.7732918561 2.0448307455 2.3948031487 2.811709715 3.2950438658 3.8798445143 4.9413782635 5.2626215756 6.1285960441 7.010415369 7.8159072087 8.7472569382 8.9797330778 8.8235810719 8.6590810343 9.0421522993 7.162380881 6.3953730567 5.8502724725 5.5225713494 5.2301177717 5.2523242782 4.5570689892
30.1118742761 27.7873603329 27.3252270437 24.0301536347 19.9360727591 16.2226020613 13.8482598965 10.7758838722 7.9548298133 6.4332922462 5.5505886827 4.3746262851 3.6707753534 3.2637546302 3.0630960528 2.5240510074 2.1272562684 1.8587795623 1.66778295 1.5411077444 1.471771524 1.4704671668 1.479840592 1.4952345258 1.4865203146 1.5019427409 1.546126063 1.5923919451 1.6675443039 1.7791106005 1.964478374 2.2122902973 2.5226054073 2.9135561695 3.4591115279 3.9685546293 4.5271154539 5.0178237425 5.6621244799 6.9682435665 6.7009470178 7.237643783 7.5731285287 6.7154229305 6.2736157352 5.7729682171 5.3690992554 5.0919837468 4.621981975 4.3601930055 4.1471346507 3.9601905563
39.9328343943 36.8231631185 33.6001225755 31.5049978004 27.1466312612 20.451600749 16.7591290807 12.0752376627 9.3400759919 7.265236009 5.7365779465 4.6301888805 3.8223400357 3.3431283583 2.9741866621 2.6391462101 2.3205228369 2.0539892128 1.8815354581 1.7648803147 1.7118530814 1.7070342358 1.7353787329 1.7566489454 1.7639878505 1.762011464 1.7889485578 1.877833794 1.8207027813 1.8529865372 1.9567187378 2.1007392017 2.3252046394 2.6620299858 3.0735309749 4.0507046144 3.7640882152 4.1111244257 5.0606274199 4.9230429007 5.1901141821 5.5830349477 5.2678545967 5.2827021335 4.8551568793 4.650815846 4.4486533827 4.4890769942 3.9445762266 3.6701753885 3.5454250398 3.4069244688
49.5359181467 48.2509147851 43.0993006157 39.7570603618 31.4038493722 24.7344253655 19.6440583301 13.8143100671 10.477970998 8.2267221466 6.1715948338 4.8058489789 3.9511841007 3.3791754378 3.0270745989 2.8543009504 2.5132565187 2.3171964613 2.1628244884 2.080267509 2.0519404828 2.0777353355 2.1309979044 2.1840961459 2.1820259188 2.17015197 2.1682233324 2.140238539 2.1194150717 2.0660545398 2.0621586373 2.0976352651 2.2422355984 2.5017393375 2.9236558069 3.0881861221 3.2642667391 3.4667127758 3.689634456 3.9647753156 4.0331974181 4.0595926014 4.0681322572 3.9685122461 3.8999133558 3.824203082 3.8010729696 3.6454438835 3.4745392197 3.2596976361 3.2018344031 3.2074418024
61.314191639 56.5104146219 52.7858629162 44.2988606856 36.9618560291 27.8951255101 20.957855688 15.5614548362 11.7153346312 8.7384635478 6.5482083598 5.0338064789 4.0349050876 3.4307086093 3.0880764114 2.8783146065 2.7202058312 2.5856227363 2.518891068 2.4878913481 2.5173392064 2.5885307045 2.6933559135 2.7487111461 2.7562632473 2.7411994174 2.7082608237 2.6622231113 2.5586720723 3.1518529718 2.3632468448 2.2852741033 2.3469776799 2.4745218486 2.6650476264 2.8471152646 3.5714959623 3.0189184447 3.1528640432 3.3341301964 3.4218565755 3.4234801661 3.3586996383 3.3172595093 3.2947877507 3.3056923969 3.5071517794 3.8929907682 3.0875651509 3.2975090457 2.9263764589 3.0356079741
66.4493438748 61.8550982434 57.9255373325 49.9728823822 40.0572344141 31.8406747079 23.1530795616 17.4220052902 13.0510939873 9.4700727038 7.0405058009 5.2887404048 4.1642007267 3.5059914834 3.1377841971 2.9606161167 2.9416844844 2.8682762201 2.9157868109 3.0037463759 3.0983306769 3.2452317827 3.382861781 3.5020714852 3.4317031107 3.3991268064 3.8700976209 3.2994831683 3.2608131012 3.007677307 2.7885572088 3.195856376 2.5106046396 2.5598354707 2.7571439274 2.8176580804 2.8369690378 2.9247000588 2.9827923831 3.1155013307 3.4839347007 3.1793092751 3.1158960554 3.0703535343 3.0278088159 3.8919327958 3.0001517668 2.9069600774 2.8378908367 2.7545177493 2.6302239987 2.4656474535
71.053094447 69.0572165354 59.7919640829 50.8586392824 41.6497220547 33.0890256546 25.8114000461 19.7711257233 13.9340891356 10.3953920953 8.4682572445 5.7107506542 4.4124927557 3.6605566473 3.2885339391 3.0845764471 3.04310404 3.1429908506 3.3198325149 3.5807636004 3.7054817564 3.8960398678 4.2197134429 4.2749272516 4.2619083305 4.2070951784 4.0704889975 4.7423507087 3.8342977252 3.949038294 3.5602415399 2.9656590723 2.826239041 2.839268799 3.7567321789 2.9939856264 2.9966797859 3.0664936893 3.7433242338 3.1918161183 3.1861466316 3.2048961115 3.2000587089 3.1101523972 3.0371202689 2.9500546436 2.8139583598 2.7312532323 2.6413042333 2.5434409603 2.3546036771 2.2004997173
72.982585186 67.6657800262 59.8709984623 51.6912429913 42.7363783699 36.0288904299 26.7058222226 19.6393241198 15.7048991991 11.2763068471 8.7645823569 6.2523619858 4.5821025176 4.0712212116 3.4235995009 3.2460990315 3.2177270888 3.3131915228 3.6720866998 3.8946433912 4.1982925934 4.6022512452 4.8816503656 5.135117208 5.4416037648 5.0708294506 4.9054110515 4.6496458838 4.3724942373 4.1384976667 4.3076739027 3.4136674107 3.3468673355 3.4183221113 3.5222584203 3.5250270951 3.5457220302 3.5712274903 3.5855905058 3.5530236433 3.490672073 3.4642540276 3.4028853554 3.3408525066 3.4515507568 3.050605829 2.874476449 2.7465255472 3.1187012229 2.4175000278 2.246137905 2.1019218145
70.6644706161 66.9450847282 58.8234502395 49.6879278336 41.3494253125 32.3330214541 25.9287861566 19.3957058827 15.6962168846 12.7384253975 8.711805858 6.3062534754 4.7005308567 3.8200448145 3.4467830403 3.4956125549 4.1912015538 3.3927652598 3.6695133306 4.1238759771 4.8625536361 5.1851535688 6.2062543314 5.9759368759 6.1024736471 6.1025491243 5.8386929857 5.6417220389 5.0171565426 4.5972780368 4.2950410479 4.1542336927 4.2043426371 4.6935366033 4.437928434 5.1273389399 4.5132233139 4.4902944603 4.4322419348 4.3388110302 4.2131308743 4.1169370312 3.9997789513 3.8472135924 3.6261023497 3.3664679349 3.1196799219 3.6951752413 2.6522122222 2.4199707929 2.2216144243 2.1110587389
66.2726536916 61.2698183046 56.8724940011 49.2439634933 39.036883488 33.1597970915 24.6566227372 18.7407479524 15.9833206339 11.8382964722 8.7519274097 6.2962812502 5.2301357571 3.7728131075 3.4040084981 3.251866881 3.3107423867 3.4153486466 3.7917092166 4.3558352938 5.0474605241 5.9077730186 6.2702124409 6.6911584575 7.1239013026 6.9600588168 6.9254804359 6.3380643755 5.8556778973 6.1822266868 5.2014006591 5.2199564782 5.6156408827 5.7164758211 5.9721232509 6.1086691394 6.1342434605 6.0544717342 5.9216697144 5.6739502341 5.4657274568 5.2150149492 5.0889632663 4.7837226388 4.1813607379 3.943379975 3.580700498 3.2166111339 2.8057055842 2.4796458201 2.272776006 2.083060707
59.586199443 57.3386800358 51.6946791509 46.5632400185 37.8963384229 31.1590579747 24.7258912214 18.3748113592 14.210654369 11.7928690169 9.4143700484 6.2650843666 4.6191391219 3.8706934327 3.2967395091 3.2399645471 3.1795367813 3.6968179786 3.8465366534 5.1291569867 5.393450945 6.019642331 6.7102610443 7.1699167374 7.4195074159 8.3460347327 7.3994085165 7.5110577003 6.7823128797 6.486764763 6.5247690268 6.8965438953 7.2027406755 8.5183127507 8.5190292097 8.5370644333 8.7615177333 8.4776795272 8.1581806678 7.7175639539 7.2706292197 7.1327103572 6.2310744066 6.438444193 4.9625376342 4.4912646283 4.649145824 3.6162542494 3.0494524044 2.6567386435 2.3537102458 2.1129977829
54.01102663 53.3519892474 46.3344847464 40.9615585671 36.085857822 29.9503582554 24.3765256096 17.8756726409 14.5043064506 10.9287320972 9.3765033154 6.2653950214 4.571347212 3.6527094924 3.2541859416 3.0367327998 3.1038313064 3.3324193918 3.8482512902 4.5199962863 6.1505245708 6.0173167336 6.721514173 7.2584782397 7.5730523591 7.7576450305 7.8913422262 7.8508420292 7.8368053018 7.9507585529 8.279047171 9.5441538675 9.7198168432 11.4063113138 11.5029842302 12.1320249523 12.3668886674 12.40361958 11.7067751829 10.7652838241 9.8195124389 9.5659964901 7.9937767263 6.8281222711 5.9637834918 5.2181419604 4.5941315587 3.968255748 3.3559136571 2.878851672 2.4670997014 2.1460556378
49.0937802569 45.1530174508 41.4616700025 39.0428277111 32.612772854 28.3369659738 21.5774461354 17.1735893664 13.4268005248 11.4394096695 9.0692485768 6.2076012706 4.5250557395 3.584834995 3.1248259724 2.9717113614 3.0095076943 3.2442790343 3.7379149884 4.3236807715 4.9889644834 5.7524853138 6.5823484147 7.076436231 7.4937962353 7.8104897547 8.2103204233 9.0174694034 8.9569909819 9.6757932944 10.7410516198 11.8675546882 13.3321835736 15.0712470728 16.2363115291 17.2521523265 17.6739538884 19.2061026324 17.2271544798 15.3724432238 13.3171850302 11.8582853395 9.8508073117 8.8831203798 7.1258087174 6.0186895231 5.0917855198 4.4484009287 3.5322721617 2.9809142358 3.6110840611 2.1752258782
40.1843102753 39.0588776897 36.6904418549 31.3262331387 27.868601214 23.4102975291 21.0206246576 17.0371626638 12.6407805039 10.2015055212 7.9035591563 6.0159826342 4.4842298195 4.4548997881 3.0656133681 2.8865998529 2.9391222474 3.5584346828 3.4716260257 3.9569219499 4.6154786355 5.9872669592 6.0196787037 6.6715561413 7.3701981813 7.6995638713 8.2760886594 8.9841866078 10.045834078 11.6261024695 13.926214564 15.8584943269 19.2281995519 20.9866351251 23.8456552892 24.2383901761 25.5953195311 24.7260599427 24.6350700989 21.4083191975 17.9434755023 14.7087020576 12.2687486377 10.5378384944 8.3708089884 6.7587535664 5.7091795145 4.5478514988 3.6833567269 3.0319249651 3.3859615205 2.1909730341
31.6690892825 33.2786386696 30.0375388992 26.4942782317 23.625932731 21.5447008473 17.6456382397 15.4729932553 11.9050544872 9.4694216622 7.4335278438 5.7664106983 4.4759393217 3.5907267788 3.0560817967 2.8170928364 2.828569182 2.9440487934 3.2032431033 3.5966350708 4.2004388387 4.8339092088 5.4784275531 6.1202150276 6.8238843367 7.4879367125 8.3629156257 9.9866363718 11.2644520568 14.1093883683 17.3717319346 21.3646612817 25.4595231025 28.7906472463 31.3049426548 33.6238031013 34.2614986902 32.0302555355 29.4778023978 28.0257016354 22.6461522195 18.5893343749 15.5130676432 12.7203350448 9.4587287897 7.3951970488 5.8512893119 4.8140755689 3.7319917148 3.0422606822 2.546849462 2.1581501513
26.9624165703 25.5524766533 24.89231964 22.3604596957 22.64391003 18.7954559886 15.9978071471 13.8026277091 11.6432130645 8.9657850045 7.122307658 5.5912882159 4.6239039153 3.6685663308 3.0638865221 2.823517456 2.7748976993 2.825638364 2.9616467542 3.2815754316 3.7512857458 4.3503126336 5.0130365981 5.6003204288 6.308869626 7.32827374 8.4379703437 10.7918441811 12.6402547006 16.9056055286 21.2271520987 26.052652419 31.083676039 35.7162759783 41.4122073021 45.0522788467 43.6907696634 40.9635005716 37.4344830046 33.2398513447 28.0252717678 23.2318390236 18.1390965129 13.9965553566 11.5299994817 8.0099748565 6.0050243766 4.6260581118 3.6776322201 3.0674548323 2.4657300845 2.0762733501
20.2146730286 20.4325464242 19.051962248 18.4894635506 17.0677182051 15.2587281228 13.4017393443 12.3801092016 11.6944335928 8.4641593797 6.7649985444 5.5296800366 4.4560875416 3.6923047788 3.1136871604 2.8695030358 3.0102120978 2.8021607323 2.8425584735 3.0312150153 3.3929280998 3.8962414804 4.5504004091 5.5703171264 5.8647844831 6.8480629408 8.3568288268 10.6104096797 14.2161704921 18.6933305804 23.5772207336 30.4026954415 37.2652279155 42.5053590273 50.1974879391 54.1214341862 51.7375038582 49.3912148693 44.2788754918 40.1808383788 34.6830554882 26.5166670579 20.819621373 15.7580551838 12.2874727067 8.4206996736 6.1077514466 4.5474010654 3.5119866848 2.8029389311 2.3117509354 1.9468702686
