Models/Synthetic/Density/temp_raster_dens.asc
NCOLS 100
NROWS 100
XLLCORNER 3302900
YLLCORNER 3112000
CELLSIZE 4430
NODATA_VALUE NaN
[rows 23 to 45 of 100, columns 0 to 51 of 100]
0.0000299729 0.0000236865 0.000041294 0.0000901046 0.0001610947 0.0001428929 0.0000869476 0.0000397813 0.0000311512 0.0000424412 0.0000295741 0.0000316841 0.0000380336 0.0000433744 0.0000354883 0.0000297338 0.0000313255 0.0000481771 0.0000651071 0.0000622565 0.0000418292 0.000051355 0.0000530904 0.0000626843 0.00007321 0.0000711471 0.000078978 0.000049192 0.0000546942 0.0000761305 0.0001073713 0.0000988308 0.0000715574 0.0000474154 0.0000424694 0.0000438062 0.0000618012 0.0000787498 0.0000701804 0.0000584603 0.0000607279 0.0000684467 0.0000382205 0.00004264 0.0000554447 0.0000737375 0.0000680979 0.0000842341 0.0000703388 0.000067128 0.0001180408 0.0001498895
0.000021938 0.0000243402 0.000037893 0.0000732492 0.0001149273 0.0001509762 0.0000896344 0.0000722078 0.0000376077 0.0000413093 0.0000320542 0.000044762 0.0000606287 0.0000710315 0.0000465546 0.0000292815 0.0000287975 0.0000432709 0.0000576567 0.0000840939 0.0000881756 0.0000644559 0.0000755383 0.0000639781 0.0000545379 0.0000496119 0.0000425908 0.0000521493 0.0000992249 0.0000885175 0.0001295858 0.0001130971 0.0000881239 0.0000620421 0.000054838 0.0000462661 0.000050266 0.0000551181 0.0001016422 0.0000705796 0.0000578526 0.0000676032 0.0000564906 0.0000401828 0.000057579 0.0000712133 0.0000889966 0.000082085 0.0000888241 0.0000835548 0.0000861558 0.0001195542
0.0000346771 0.0000533248 0.0000595241 0.0000842119 0.0001727006 0.0002221217 0.0001332403 0.0000677987 0.0000433605 0.0000397155 0.0000616702 0.0000531994 0.0000869088 0.0000730579 0.0000484886 0.0000387489 0.0000639486 0.0000535408 0.0000792576 0.000111003 0.0001240553 0.0001170067 0.0000790292 0.0000821316 0.0000589267 0.0000359767 0.000035967 0.0000701456 0.0000961634 0.0001084725 0.0001357808 0.000110349 0.0001154589 0.0000983771 0.0000822172 0.0000674 0.0000542692 0.0000773946 0.0001029151 0.0000949687 0.0000922524 0.0000792127 0.0000728633 0.0000577201 0.000054223 0.0000615692 0.0000934015 0.0001035851 0.0000706006 0.0000965302 0.0001088109 0.0001047835
0.000125727 0.0000922706 0.0001068434 0.0001018101 0.0001778752 0.0001543289 0.0001295346 0.0001062214 0.0000622407 0.0000447797 0.0000676981 0.0000695046 0.0000874328 0.0000827358 0.0000765245 0.0000478908 0.000074936 0.000094142 0.0000789707 0.0000904452 0.0001362758 0.0001061009 0.0000814233 0.0000828155 0.0000611786 0.0000565579 0.0000423027 0.0000677739 0.0000965536 0.0000987913 0.000083691 0.0001264502 0.0001249258 0.0000984659 0.0000909794 0.0001171105 0.0001034483 0.0000823931 0.0001192065 0.0001467995 0.0001165125 0.0001231056 0.0001207528 0.0000833721 0.0000768333 0.0000595441 0.0000614372 0.000061029 0.000080324 0.0001382344 0.0001431762 0.0001277866
0.0001264742 0.0001792541 0.0001155016 0.0001629436 0.0001375519 0.0001896886 0.0000872212 0.000079112 0.0000733112 0.0000469162 0.0000512825 0.0000716803 0.0000699712 0.0000761548 0.0000698509 0.0000510002 0.0000748421 0.0001090866 0.0001005099 0.0001058088 0.0001118117 0.0000848382 0.0000888169 0.0000891701 0.0000821265 0.000103394 0.0000515411 0.0000491853 0.0000684865 0.0000945503 0.0000936703 0.0001275673 0.0001322618 0.0001127388 0.0001070055 0.0001155264 0.0001293592 0.0001259814 0.0001838991 0.0001719058 0.0001255758 0.0000991525 0.0000767276 0.0000823377 0.0001154867 0.0000773661 0.0000740075 0.0000629309 0.0000971357 0.0001493511 0.0001844218 0.0001797274
0.0000941489 0.0001047186 0.0001308834 0.0001374319 0.0002305492 0.0001070473 0.0000972697 0.0000546628 0.0000595622 0.0000402051 0.0000386121 0.000044899 0.0000797113 0.0000691754 0.0000585123 0.0000686278 0.0000570547 0.0000889293 0.0001324319 0.0000909323 0.0000932263 0.0000984693 0.0001583791 0.0001349351 0.0001438117 0.0001016781 0.0000805927 0.0000529021 0.0000532767 0.0000752079 0.0001492168 0.0001260615 0.0000712427 0.0000599685 0.0000681541 0.0001015174 0.00009548 0.0001123726 0.0001472158 0.0001708094 0.0000768717 0.0000580741 0.000084823 0.0000854615 0.0000915896 0.0001618149 0.0000834749 0.0000989947 0.0001130635 0.0001257157 0.0001425123 0.0001561363
0.0000724396 0.0001299036 0.0001196411 0.0001284091 0.0001346682 0.000136553 0.0000815767 0.0000461913 0.000043868 0.0000335445 0.0000320359 0.0000437876 0.0000588479 0.0001137867 0.0000946809 0.0000718764 0.0000812678 0.0000836374 0.0000989126 0.0001372898 0.0001057087 0.0001209811 0.0001559718 0.0001776245 0.0001716147 0.0001355873 0.0001385398 0.0000761798 0.000059299 0.0000755209 0.000098285 0.0000818897 0.0000594679 0.0000350192 0.0000451095 0.0000710484 0.0000754662 0.0001174659 0.0002096358 0.0001225891 0.0000753414 0.0000731698 0.0000798832 0.0001006629 0.0001185052 0.0001011466 0.0001494037 0.0001143308 0.0001502128 0.0001023672 0.0000832997 0.0000920603
0.0000750977 0.0001367573 0.0001821949 0.0001183364 0.0000925258 0.0000965726 0.0000575497 0.0000433921 0.0000335803 0.0000318442 0.0000469688 0.0000371548 0.0000510121 0.0000871979 0.0001440593 0.0001152728 0.0001411633 0.0001157775 0.0001415365 0.0001882937 0.0001207421 0.0001520017 0.0000910189 0.0001269801 0.0001792065 0.0001894587 0.0001022615 0.0000855244 0.0000771303 0.0000816202 0.0000774508 0.0000721269 0.0000489541 0.0000303507 0.0000420626 0.0000645107 0.0000801059 0.0001777651 0.0001660495 0.0001532616 0.0000937591 0.0000875498 0.0001092023 0.0001025233 0.0000836959 0.0000789983 0.0001107745 0.0001913018 0.0000995739 0.0000899693 0.0000640673 0.0000613176
0.0001098191 0.0001340241 0.0001549902 0.0001255153 0.0000796409 0.0000696837 0.0000497905 0.0000754545 0.0000384865 0.0000381211 0.0000543908 0.0000444559 0.0000662792 0.0000948409 0.0001134165 0.0001650079 0.0001641447 0.0001304784 0.0001244104 0.0001910161 0.0001389142 0.0000798231 0.0000750505 0.0000913362 0.000101704 0.0001176369 0.0000827045 0.0000881517 0.0000595135 0.0000679552 0.0000801075 0.0000588974 0.0000408104 0.0000458789 0.0000483717 0.0000573192 0.0001156727 0.0001268985 0.0001971159 0.0001483545 0.0001133203 0.000172605 0.0001423899 0.000139726 0.000081213 0.0000879473 0.000105953 0.0000975284 0.0000865445 0.0000776511 0.000082276 0.0000582589
0.0001506007 0.0001622574 0.0002037142 0.0001272222 0.0001052657 0.0000662318 0.0000867087 0.0000739178 0.0000846235 0.0000786393 0.0000574041 0.0000619124 0.0000495367 0.0000776704 0.0001577557 0.0001379969 0.0001382979 0.0000933509 0.0001180662 0.0001290404 0.0000961321 0.0000646788 0.0000754502 0.0000799357 0.0001127395 0.0001144298 0.0000993043 0.0000871333 0.0000520894 0.0000494786 0.0000406447 0.0000379065 0.0000636759 0.0000465456 0.0000452892 0.0000764484 0.0000888225 0.0001186441 0.0001070311 0.0000965788 0.0000953321 0.0000949128 0.0001135907 0.0001014961 0.0001015287 0.0001030919 0.0000962131 0.0000843947 0.0000675583 0.0000674949 0.0000756887 0.0000677188
0.0001942816 0.0002732045 0.0001621092 0.0001267632 0.0001004053 0.0000917166 0.0000833672 0.0001254363 0.0002070683 0.0001220443 0.0000886529 0.000053181 0.000053426 0.0000712337 0.0000670329 0.0001248795 0.0000709747 0.0000556786 0.0000646661 0.0000596085 0.0000784518 0.0000869322 0.0000678135 0.0000908058 0.0000974614 0.0001223922 0.0001346141 0.0001122183 0.0000589395 0.000052141 0.0000302159 0.000038601 0.0000461647 0.0000492577 0.000064128 0.0000704591 0.0000733045 0.0000996485 0.0000837658 0.000094177 0.0000518411 0.0000525789 0.0000606747 0.0000740343 0.0001732583 0.0001445436 0.0001663665 0.0001000173 0.0000597161 0.0000550328 0.0001086119 0.0001035753
0.0002600385 0.0001965795 0.0001424568 0.0001189863 0.0001005434 0.000120571 0.000089396 0.0001106698 0.0001498715 0.0001505928 0.000134904 0.0000570192 0.0000486553 0.0000397156 0.0000458644 0.0000469278 0.0000632403 0.0000517951 0.0000455346 0.0000449373 0.0000765359 0.0000570569 0.0000793563 0.0000653952 0.0001189654 0.0001362528 0.0001265541 0.0001162841 0.0001242368 0.0000489461 0.0000617961 0.0000607325 0.0000702774 0.0000952969 0.0000708492 0.0000834253 0.0000907715 0.000069779 0.0000951934 0.0000754782 0.0000513024 0.0000478141 0.0000574374 0.0000838976 0.0001033158 0.0002294074 0.0001649156 0.0000988678 0.0000533796 0.0000676088 0.0000795911 0.0000708398
0.0001906724 0.0002167744 0.0001465872 0.000080278 0.000085539 0.0001261792 0.0001102125 0.000118487 0.0001339126 0.000082679 0.0000774298 0.0000877738 0.0000627966 0.0000592415 0.0000398589 0.0000542695 0.0000562086 0.0000834596 0.0000847461 0.0000499689 0.000052993 0.000092699 0.000083993 0.0000694704 0.0000992227 0.000124407 0.0001152865 0.0000968171 0.0000876239 0.0000664811 0.0000727338 0.0001089836 0.0001414264 0.0001355988 0.0000712307 0.0000653583 0.0000761795 0.000089633 0.0000915104 0.0000681758 0.0000652509 0.0000866451 0.0001292811 0.0001306608 0.000139876 0.0001147635 0.0001129241 0.0000942832 0.0000836196 0.0000567626 0.0000416821 0.0000596104
0.0002822188 0.0002255951 0.0001416089 0.0001045263 0.0001050786 0.0001705458 0.000195012 0.0001448358 0.0001138386 0.0000837641 0.0000701032 0.0000708546 0.0000885925 0.000074251 0.0000559722 0.000061374 0.0001031184 0.0001194353 0.0001200237 0.0000945179 0.0000671698 0.0000896031 0.0000817826 0.0000774381 0.0000762692 0.0001149147 0.0000941554 0.0000874881 0.0000641772 0.0000675849 0.0000902648 0.0001449265 0.0001592845 0.0001327429 0.0001302759 0.0000592782 0.0000788323 0.0001110797 0.0001123241 0.0001258545 0.0000885038 0.0001386395 0.0001125899 0.0001444902 0.0000788764 0.000070674 0.0000583942 0.000101454 0.0000870487 0.0000560122 0.0000328966 0.0000302201
0.0004067274 0.000317296 0.0001558924 0.0001084268 0.0001077993 0.000173778 0.0001941822 0.0001859551 0.0001086787 0.00008636 0.0000719782 0.0000917405 0.000070829 0.0000627814 0.0000580457 0.0000725514 0.000128868 0.000182546 0.000149076 0.0001355766 0.0000917816 0.0001024474 0.000080824 0.000051452 0.0000691291 0.000079295 0.0000683199 0.0000803965 0.0001058459 0.0001112015 0.0000904753 0.0001298984 0.0001181647 0.0001059883 0.000104972 0.0001015468 0.0001078907 0.0001533032 0.0001618751 0.0001706627 0.0001408549 0.0001266573 0.0001347127 0.000082842 0.0000499788 0.0000377853 0.0000530454 0.0000662546 0.0000863653 0.0000675517 0.0000403844 0.000046261
0.0005938587 0.0002694024 0.0001368086 0.0001085786 0.0001151958 0.0001745684 0.0002008549 0.0001597043 0.0001055426 0.000086441 0.0000691693 0.0000538265 0.0000486436 0.0000688315 0.0000622043 0.0000911745 0.0001213058 0.0001134394 0.000131563 0.0001220641 0.0001312369 0.0001245082 0.0000619883 0.0000516011 0.0000660897 0.0000562024 0.0000728166 0.0001030756 0.0001052819 0.0000894367 0.0001222004 0.0001170617 0.0000784679 0.0000686659 0.0000839391 0.0001463312 0.0002179778 0.0001572324 0.0001877734 0.0001463982 0.0001457159 0.0000924786 0.0001288338 0.0000676651 0.0000583407 0.0000437983 0.0000529115 0.0000528228 0.0000665347 0.0000840727 0.0000531766 0.0000755352
0.0001903692 0.00015175 0.0000883738 0.0001059894 0.0001920613 0.0002443711 0.0002321841 0.0001451337 0.0001070186 0.0000783685 0.0000831998 0.0000448359 0.0000412402 0.0000662737 0.0001137034 0.0001678919 0.0001346185 0.0001177578 0.000087936 0.0000957944 0.0001070219 0.0000924984 0.0000726194 0.000056838 0.0000774933 0.0000853292 0.0000670831 0.0000975759 0.0000753666 0.0000637002 0.0000556923 0.0000560277 0.0000519453 0.0000544883 0.0001100203 0.0001391307 0.0001679448 0.0001623085 0.0001725488 0.0001538207 0.0000824744 0.0000874084 0.0000825844 0.0000827072 0.0000709462 0.0000869672 0.0000670126 0.0000555948 0.0000582072 0.0000670868 0.0001054248 0.0000699839
0.0000769238 0.0000866275 0.0000813856 0.0000902087 0.0001729253 0.0002532994 0.000192816 0.0001471882 0.0000902 0.0000792332 0.0000744782 0.0000754506 0.0000429539 0.0000902502 0.0002714795 0.0002812619 0.0002232963 0.0001280941 0.0000761903 0.0000767215 0.0000912355 0.0000702785 0.0000834696 0.0000651295 0.0000901272 0.0000961517 0.0001160351 0.0001220142 0.0000996109 0.0000566772 0.0000419245 0.0000450897 0.0000580498 0.0000951215 0.0000889886 0.0001188225 0.0001032021 0.0001205195 0.0001201472 0.0001148194 0.0000925332 0.0000756269 0.0000694767 0.0000550051 0.0000836418 0.000087972 0.0001103136 0.0001048596 0.0000616858 0.0000797088 0.0000739182 0.0000688908
0.0000595878 0.0000796425 0.000109885 0.0001036891 0.0001035438 0.0001506812 0.0001730483 0.0001217722 0.0001021767 0.0000740618 0.0000609585 0.0000512502 0.0000551697 0.0001261953 0.0002657709 0.0003946029 0.0002267156 0.000114047 0.0000725069 0.0000836151 0.0000801166 0.0001243858 0.0000775201 0.0000600609 0.0000843401 0.0001152703 0.0001363736 0.0001153425 0.0001060176 0.000082622 0.0000529617 0.0000546013 0.0000984332 0.0001103649 0.0001111406 0.0000996417 0.0001280666 0.0000926523 0.0001192066 0.0001481234 0.0000726318 0.0000573844 0.0000596265 0.0000717578 0.0000803913 0.0000986209 0.0001385167 0.000146353 0.0000619007 0.0000472305 0.0000663454 0.0000801002
0.0000499451 0.0001108349 0.0001942254 0.0001286643 0.0000817394 0.0000888409 0.0001087292 0.0001027441 0.0000832356 0.0000597523 0.0000619362 0.0000811869 0.0001013375 0.0001046214 0.0001801136 0.0002080832 0.0001763217 0.0000987392 0.0000760226 0.0000819005 0.0001241615 0.0001145956 0.0000967667 0.0000645767 0.00008689 0.0001236014 0.0001442796 0.0001685714 0.0001372252 0.0000803423 0.0000737432 0.0001106027 0.0001086312 0.0001107902 0.0001484689 0.0001135435 0.0001444258 0.0001114882 0.0001506965 0.0001194032 0.0000697046 0.0000675249 0.0001020951 0.0001201034 0.0000986555 0.0001062095 0.0001370981 0.0000897764 0.0000585194 0.00004414 0.0000712866 0.0001110684
0.000063598 0.0001229638 0.0001574336 0.0001298441 0.0001053263 0.0001002557 0.000090777 0.0000972525 0.0000634999 0.0000861145 0.0000751639 0.0001245026 0.0001139167 0.0000974613 0.0001334827 0.0001298513 0.0001610691 0.0000896788 0.000072403 0.0001100947 0.0001211078 0.0001382021 0.0000887208 0.0000666808 0.0000731085 0.0001276599 0.000190972 0.0001800674 0.0001266278 0.0000786738 0.0001137827 0.0001039836 0.0001122829 0.0001296685 0.0001336901 0.0001579426 0.0000975668 0.0001032269 0.0001368988 0.0001328993 0.0000871441 0.0000727884 0.0000994394 0.0001321589 0.0001307866 0.0000916529 0.000111639 0.000058827 0.0000458428 0.0000486439 0.000096735 0.0001949931
0.0001230657 0.0001544311 0.0001391728 0.0001193404 0.0000912359 0.0001302904 0.0000832588 0.0000683076 0.0000575328 0.0000540946 0.0001059407 0.0001032079 0.000126413 0.0001003454 0.0000900906 0.0001339713 0.0001175604 0.0001232817 0.0000771208 0.0000975632 0.0001622012 0.0001025171 0.0000815795 0.0000780311 0.0000830601 0.0001063103 0.0001628498 0.0002047996 0.0001351794 0.0001027813 0.000104866 0.0001290525 0.000132303 0.000117205 0.000173723 0.0001612164 0.0001370934 0.0001196198 0.0001183227 0.0001244721 0.0001411837 0.0001115872 0.0000994426 0.0000896 0.0001064289 0.000105134 0.000086793 0.0001016285 0.0000395317 0.0000446994 0.0000977746 0.0001332643
0.0002040868 0.0001940574 0.0001084931 0.0000871341 0.0000899108 0.0000608508 0.0000747972 0.0000539293 0.0000494594 0.0000672889 0.0000759606 0.0000905273 0.0000847501 0.0001009931 0.0000836933 0.0001027908 0.0001041365 0.0000754132 0.0000763064 0.0001383697 0.0001735042 0.0000953619 0.0000604401 0.0000855461 0.0000878806 0.0000949185 0.0001431668 0.0001691599 0.0001233213 0.0001146237 0.0001248272 0.0001743827 0.000139162 0.0001545458 0.0001735839 0.000157416 0.0001661528 0.0001215081 0.0001050828 0.000105995 0.0001729212 0.0001765694 0.0001241315 0.0001026874 0.0000978891 0.0001182793 0.0000682105 0.0000621751 0.0000581628 0.0000523675 0.0000805865 0.0000978924
