Models/Synthetic/Density/temp_raster_dens.asc
NCOLS 101
NROWS 101
XLLCORNER 3302900
YLLCORNER 3112000
CELLSIZE 4386.138614
NODATA_VALUE NaN
[rows 0 to 22 of 101, columns 0 to 51 of 101]
0.0001227181 0.0001222229 0.0001210324 0.0001184274 0.0001157932 0.0001150299 0.0001134946 0.0001127951 0.0001046319 0.0001057772 0.0000972773 0.0000922863 0.0000880483 0.0000850487 0.0000808548 0.0000834173 0.0000751897 0.0000724701 0.0000703378 0.0000693332 0.0000688042 0.0000687742 0.0000692693 0.0000685523 0.0000689733 0.0000703117 0.0000716628 0.0000737149 0.0000761268 0.0000791795 0.0000830483 0.0000877969 0.0000931015 0.0000984198 0.000101779 0.0001033698 0.0001061189 0.0001090123 0.0001111242 0.0001130838 0.0001148545 0.0001166739 0.0001178883 0.0001181002 0.0001185528 0.0001177971 0.0001160349 0.0001132069 0.0001112279 0.0001124204 0.0001074957 0.0001033963
0.0001226373 0.000124007 0.0001203629 0.0001179081 0.0001154903 0.0001129035 0.0001105986 0.0001078003 0.0001096142 0.0001014249 0.0000971559 0.0000920607 0.0000877975 0.0000837487 0.0000807265 0.0000777694 0.0000756518 0.0000730996 0.0000711783 0.0000698805 0.0000700113 0.0000689377 0.0000682533 0.0000686203 0.0000710871 0.0000708675 0.0000721834 0.0000740898 0.0000760909 0.0000792638 0.000083766 0.0000887951 0.0000938182 0.000098357 0.0001004611 0.0001032632 0.000106445 0.0001095751 0.0001116328 0.0001132299 0.0001152445 0.0001168968 0.0001175354 0.0001178456 0.000118072 0.0001192477 0.0001160075 0.0001137974 0.0001119179 0.0001090637 0.0001060775 0.0001036566
0.000125315 0.0001213298 0.000119944 0.0001176672 0.0001153823 0.0001122148 0.0001095313 0.0001094373 0.0001048436 0.000101287 0.0000964763 0.0000917883 0.0000871682 0.0000831428 0.0000797559 0.0000772831 0.0000757752 0.000074369 0.0000725402 0.0000711141 0.0000700347 0.000068822 0.0000678498 0.0000683095 0.000069202 0.0000708848 0.000076469 0.0000739619 0.0000759142 0.0000795502 0.0000840525 0.0000902564 0.0000947687 0.0000961978 0.0000988566 0.0001020868 0.0001065492 0.0001095824 0.0001112919 0.0001150648 0.0001154385 0.0001169062 0.0001176213 0.0001174791 0.0001173221 0.0001168726 0.000115594 0.0001177436 0.0001148137 0.0001075924 0.0001047866 0.0001029825
0.000120573 0.0001206216 0.000118154 0.0001184976 0.0001154448 0.0001124766 0.0001091179 0.0001068648 0.0001058289 0.000100766 0.000096407 0.0000914169 0.0000869184 0.0000828679 0.0000795069 0.0000770992 0.0000757896 0.0000752624 0.0000728292 0.0000753654 0.0000715061 0.0000682305 0.0000674491 0.000067697 0.0000685788 0.0000702111 0.0000717645 0.0000738316 0.0000758508 0.0000793538 0.0000876621 0.0000876393 0.0000909849 0.0000938743 0.0000967676 0.0001003235 0.0001040657 0.0001076059 0.0001105796 0.0001128585 0.0001152293 0.0001170962 0.0001177341 0.0001166878 0.0001159103 0.0001152506 0.0001182415 0.0001119063 0.0001089518 0.0001062224 0.0001037808 0.000102517
0.0001235289 0.0001172496 0.000116221 0.0001155295 0.0001139154 0.0001108244 0.0001079355 0.0001057722 0.0001031744 0.0001013462 0.0000953632 0.0000912084 0.0000870621 0.0000829928 0.0000793676 0.0000768696 0.0000754416 0.0000739203 0.0000725246 0.0000707602 0.0000692173 0.0000677523 0.0000669571 0.0000671934 0.000068023 0.0000690622 0.0000705962 0.0000728893 0.0000763409 0.000078999 0.0000821249 0.0000855776 0.0000884394 0.000091596 0.0000947468 0.0000981186 0.0001016811 0.0001054186 0.0001094875 0.0001113991 0.0001133191 0.0001149288 0.0001156231 0.0001153428 0.0001144321 0.000113638 0.0001116714 0.000109187 0.0001063525 0.0001042388 0.000102339 0.0001012336
0.0001199565 0.0001139394 0.0001128282 0.0001142974 0.0001131584 0.0001081336 0.0001057782 0.0001076305 0.0001008862 0.0000974183 0.0000939943 0.0000907249 0.0000875406 0.0000828213 0.0000791262 0.0000766475 0.0000753023 0.0000738011 0.0000720068 0.0000697252 0.000068045 0.0000668892 0.0000663525 0.0000664609 0.0000670562 0.0000680541 0.0000695899 0.0000720962 0.0000751853 0.0000784285 0.0000814161 0.0000842769 0.0000871918 0.0000900186 0.0000929919 0.0000962321 0.0000996728 0.0001033391 0.0001065936 0.0001093406 0.0001109659 0.0001123162 0.0001131939 0.0001132261 0.0001126491 0.0001111835 0.0001090515 0.0001066285 0.0001046619 0.0001025569 0.0001004929 0.0000991071
0.0001108215 0.0001106876 0.0001099614 0.0001093162 0.0001077777 0.0001052749 0.0001025757 0.0001003976 0.0001025488 0.0000951727 0.0000921601 0.0000897973 0.0000861146 0.0000824875 0.0000792751 0.0000765158 0.0000752055 0.0000757201 0.0000719127 0.0000694838 0.0000675211 0.0000662366 0.0000655834 0.0000655616 0.0000660602 0.0000670369 0.0000685868 0.0000709927 0.0000743445 0.0000783614 0.0000812738 0.0000836945 0.000086152 0.0000886838 0.0000915819 0.000094767 0.0000979822 0.0001010681 0.0001039866 0.0001064311 0.0001084475 0.0001098815 0.0001107037 0.0001110559 0.0001105274 0.0001091452 0.0001068827 0.0001045251 0.0001025053 0.0001013956 0.000097913 0.0000961173
0.000108592 0.0001086777 0.0001075739 0.0001056249 0.0001039358 0.0001020717 0.0000991823 0.0000970903 0.0000954738 0.0000950742 0.0000906225 0.0000874548 0.0000849928 0.0000864219 0.0000792412 0.00007671 0.0000750416 0.0000734032 0.0000716519 0.0000688864 0.0000668538 0.0000654685 0.000064775 0.0000647108 0.0000655382 0.0000664849 0.0000679687 0.0000699114 0.0000732325 0.0000770527 0.0000805415 0.0000823222 0.0000848926 0.0000876395 0.0000908835 0.0000937598 0.0000967037 0.0000991091 0.00010141 0.0001041162 0.0001061359 0.0001078998 0.0001083993 0.0001087097 0.0001087641 0.0001073251 0.0001053602 0.0001025945 0.0001002621 0.000097624 0.0000951961 0.0000930198
0.0001061043 0.000108492 0.0001052753 0.0001032145 0.0001013385 0.000098899 0.0000965072 0.000094097 0.0000925709 0.000092237 0.0000881385 0.0000861748 0.0000852716 0.0000814276 0.0000802481 0.0000770018 0.0000746793 0.0000723077 0.0000700932 0.0000678097 0.0000658094 0.0000649393 0.0000643291 0.0000643447 0.0000647682 0.0000675372 0.0000669833 0.000069019 0.0000717565 0.0000748359 0.0000772925 0.0000799115 0.0000829362 0.0000902872 0.0000893682 0.0000930531 0.0000953505 0.000097001 0.0000989227 0.0001014079 0.0001077129 0.0001051022 0.0001064144 0.0001057123 0.0001054666 0.0001065837 0.0001033086 0.0001007146 0.0000977917 0.0000951047 0.0000924938 0.0000907232
0.0001026052 0.0001030015 0.0001027876 0.0001018577 0.0000987361 0.0000962102 0.0000938656 0.0000918041 0.0000897813 0.0000875276 0.0000854679 0.000083307 0.0000817445 0.0000802293 0.000078937 0.0000785918 0.0000742384 0.0000716467 0.0000687295 0.0000664497 0.0000646852 0.0000639396 0.0000677814 0.0000635502 0.0000639412 0.0000646872 0.0000658162 0.0000675511 0.0000716755 0.0000722106 0.0000744334 0.0000772204 0.0000807187 0.0000838006 0.0000872087 0.0000905647 0.0000932172 0.0000951259 0.0000961033 0.0000983635 0.0001004507 0.0001016866 0.0001019343 0.0001021145 0.0001019479 0.0001012774 0.0000999944 0.0000978726 0.0000962445 0.0000929362 0.0000912284 0.0000894413
0.0000985162 0.0000992083 0.0001019211 0.0000990563 0.000096791 0.000093564 0.0000913678 0.000089211 0.0000870828 0.0000850096 0.00008288 0.0000809729 0.0000795897 0.000080058 0.0000769782 0.0000751956 0.000074879 0.0000702266 0.0000679138 0.0000657597 0.0000641313 0.0000630439 0.0000625502 0.0000626266 0.0000627295 0.000063203 0.0000641676 0.0000660148 0.0000679175 0.0000700316 0.0000720755 0.0000748549 0.0000778261 0.0000808484 0.000083808 0.0000873209 0.0000950444 0.0000918798 0.0000930049 0.0000946535 0.0000961782 0.0000972968 0.0000979276 0.000098187 0.0000981181 0.0000977286 0.0000966153 0.0000952283 0.0000929627 0.0000909874 0.0000894245 0.0000927813
0.0000955934 0.0000962803 0.000097037 0.0001024489 0.0000940745 0.0000911179 0.0000888786 0.0000868355 0.0000849114 0.0000830958 0.0000813984 0.0000796174 0.000078189 0.0000764327 0.0000747533 0.0000730052 0.0000709345 0.000068758 0.0000667601 0.0000693547 0.0000635807 0.0000620624 0.0000614077 0.0000612582 0.000061454 0.0000619902 0.0000629022 0.0000642467 0.000065877 0.0000677289 0.0000699204 0.0000724836 0.0000753354 0.0000780547 0.0000808195 0.0000840528 0.0000864156 0.0000884703 0.0000897442 0.0000914731 0.0000928137 0.0000937248 0.0000942932 0.0000946228 0.0000945279 0.0000948542 0.0000958892 0.000092722 0.0000904947 0.0000887195 0.0000874306 0.0000852361
0.0000930893 0.0000934761 0.0000947732 0.000094063 0.000092321 0.0000889738 0.0000867891 0.0000848384 0.0000831341 0.0000820088 0.0000806136 0.0000790612 0.0000769448 0.000074882 0.0000729626 0.0000707708 0.000068856 0.0000670031 0.000065781 0.00006486 0.0000636802 0.000062105 0.0000607189 0.0000601944 0.0000601694 0.0000606928 0.0000617721 0.000062994 0.0000643314 0.0000658105 0.0000677876 0.0000701892 0.0000727735 0.0000755035 0.0000780678 0.0000804304 0.0000824313 0.000084495 0.0000870451 0.0000891051 0.0000904724 0.0000907969 0.0000910289 0.0000910652 0.0000910484 0.0000918649 0.0000956677 0.0000903492 0.0000881948 0.0000871612 0.0000849406 0.00008247
0.0000906309 0.0000911969 0.0000919748 0.0000956693 0.0000896983 0.000087251 0.0000851826 0.0000832509 0.0000817038 0.0000812357 0.0000818774 0.0000782069 0.0000755516 0.00007512 0.0000711306 0.0000689193 0.0000672612 0.0000658258 0.0000646177 0.000063851 0.0000671465 0.0000614115 0.0000596882 0.0000588967 0.0000587453 0.0000592297 0.0000603277 0.0000618215 0.0000626247 0.0000639069 0.0000658485 0.0000681092 0.0000706098 0.0000730825 0.0000760461 0.0000779155 0.0000796563 0.0000812783 0.0000840562 0.0000877121 0.0000881263 0.000088182 0.000087942 0.0000877391 0.0000876241 0.000088177 0.0000896161 0.0000870278 0.0000858978 0.000085198 0.0000871425 0.0000798601
0.0000882114 0.0000887322 0.0000895367 0.0000888405 0.0000879126 0.0000859635 0.0000840593 0.0000818864 0.0000802667 0.000079917 0.0000830364 0.0000766032 0.0000737072 0.0000712993 0.0000691731 0.0000670874 0.0000658492 0.0000649624 0.0000638869 0.0000632364 0.0000612408 0.0000597235 0.0000580993 0.000057309 0.0000571048 0.000057514 0.000058502 0.0000596208 0.0000607821 0.0000620054 0.0000638395 0.000066683 0.0000691302 0.0000715808 0.0000738616 0.0000796593 0.0000768024 0.0000782487 0.0000808647 0.0000837235 0.0000855769 0.0000856491 0.0000848682 0.0000844776 0.0000843811 0.000084314 0.0000839066 0.0000833531 0.0000827226 0.0000861562 0.0000799303 0.0000773015
0.0000860091 0.0000862572 0.0000861302 0.000085812 0.0000853634 0.000086167 0.0000827235 0.0000805331 0.0000787738 0.0000778093 0.0000765662 0.000074198 0.0000712888 0.0000689566 0.0000669072 0.0000653268 0.0000642954 0.0000637897 0.0000633389 0.0000608799 0.0000590151 0.0000573931 0.0000562846 0.0000555919 0.000055415 0.000055746 0.0000565515 0.0000577175 0.0000590281 0.0000603973 0.0000619944 0.0000641124 0.0000685511 0.0000735941 0.0000716957 0.0000729453 0.0000747628 0.0000759617 0.000077876 0.0000797849 0.0000837257 0.0000826093 0.0000820404 0.0000812609 0.0000809284 0.0000810636 0.0000806593 0.0000801334 0.0000793542 0.0000780795 0.0000764318 0.0000742286
0.0000843154 0.0000837773 0.0000836262 0.000083455 0.0000835296 0.0000827885 0.0000818402 0.0000795961 0.0000775724 0.0000753934 0.0000735747 0.0000716547 0.0000694648 0.0000673488 0.0000653925 0.0000638022 0.0000626704 0.0000618445 0.0000606631 0.0000593323 0.0000575553 0.0000560603 0.0000547022 0.0000540233 0.0000538846 0.0000546112 0.0000553766 0.0000566223 0.0000581085 0.0000595289 0.0000606187 0.0000616954 0.0000637159 0.0000661666 0.0000698806 0.0000697114 0.0000717428 0.0000785002 0.0000749101 0.0000761044 0.0000780384 0.0000809238 0.0000788914 0.0000782407 0.0000779475 0.000078001 0.0000819139 0.0000769528 0.0000756996 0.0000745338 0.0000731122 0.0000716715
0.000082026 0.0000822372 0.0000822752 0.0000818759 0.000081675 0.0000813955 0.0000801625 0.0000802134 0.0000760134 0.0000734339 0.0000714466 0.0000698033 0.0000685864 0.0000667891 0.0000651995 0.0000628695 0.0000613292 0.0000597485 0.0000586136 0.0000581029 0.000057624 0.0000552977 0.0000534517 0.0000528002 0.0000527863 0.0000535028 0.0000584972 0.0000552604 0.0000567716 0.0000603566 0.0000591551 0.000059336 0.0000600338 0.0000620192 0.0000640806 0.0000661026 0.0000685551 0.0000714389 0.0000721113 0.0000726903 0.0000740992 0.0000752943 0.0000758065 0.0000761019 0.0000758963 0.0000758122 0.0000746062 0.0000738685 0.0000726406 0.0000716038 0.0000704463 0.0000693077
0.0000802223 0.0000853368 0.0000814163 0.0000810186 0.0000804783 0.0000796272 0.0000786206 0.0000766299 0.0000743622 0.0000717114 0.000069721 0.0000681993 0.0000674711 0.0000706694 0.0000643334 0.0000635608 0.0000598165 0.0000580107 0.0000569076 0.0000567099 0.0000599808 0.0000541363 0.0000522112 0.0000519497 0.0000523044 0.0000529823 0.0000531069 0.0000536092 0.0000546582 0.0000561258 0.000057926 0.0000568914 0.0000572748 0.0000585923 0.0000604664 0.0000624489 0.0000646302 0.0000667872 0.0000701423 0.0000693437 0.0000702838 0.0000714568 0.0000726098 0.0000736098 0.0000762295 0.0000726489 0.0000712828 0.000070498 0.0000697808 0.0000689324 0.0000680181 0.0000671767
0.0000794794 0.0000803727 0.0000817951 0.0000805095 0.0000795878 0.0000783142 0.000076666 0.0000746764 0.0000724429 0.000070256 0.000068288 0.0000667773 0.0000665156 0.0000653931 0.0000634114 0.0000602912 0.0000583594 0.0000564708 0.0000552309 0.0000547464 0.0000539971 0.0000523312 0.0000508127 0.000050705 0.0000519998 0.000052231 0.0000512407 0.0000511264 0.0000516537 0.0000530773 0.0000539076 0.0000544067 0.0000545962 0.000056236 0.0000580642 0.0000599355 0.000061462 0.000063431 0.0000648214 0.0000659565 0.000066775 0.0000679777 0.0000692574 0.0000712613 0.0000704114 0.0000696105 0.0000683143 0.000067688 0.0000671661 0.0000665746 0.0000659529 0.0000653603
0.000079399 0.0000803472 0.0000808863 0.0000807689 0.0000793452 0.0000776684 0.0000757324 0.0000735514 0.0000713134 0.0000695754 0.0000676233 0.0000659784 0.0000646229 0.0000673947 0.0000611211 0.0000585723 0.0000570883 0.0000554258 0.0000539807 0.0000524174 0.0000512364 0.0000501278 0.000049178 0.000049056 0.0000493219 0.0000495167 0.0000493634 0.00004882 0.0000489719 0.0000498696 0.000051555 0.0000514092 0.0000520765 0.0000537783 0.0000574871 0.0000574568 0.0000588265 0.0000603842 0.0000614049 0.0000623509 0.0000634117 0.0000645378 0.0000657569 0.0000663594 0.0000664649 0.0000659439 0.0000655304 0.0000651455 0.0000648619 0.0000646943 0.0000643597 0.0000643863
0.0000810462 0.0000819091 0.0000826441 0.0000820554 0.0000803811 0.0000782646 0.0000759951 0.000073522 0.0000711818 0.0000693648 0.0000716737 0.0000650938 0.0000634507 0.0000620348 0.0000601162 0.0000576461 0.0000558449 0.0000584509 0.0000525321 0.0000506802 0.0000493899 0.0000483041 0.0000475308 0.0000469163 0.0000467059 0.0000467467 0.0000467372 0.0000465002 0.0000464877 0.0000472431 0.0000484258 0.0000492744 0.0000500434 0.0000514156 0.0000532099 0.0000549369 0.0000566166 0.0000578752 0.0000588589 0.0000593311 0.0000603325 0.0000613418 0.0000621711 0.0000627398 0.000063028 0.0000631142 0.0000630603 0.0000629635 0.0000629365 0.0000630916 0.0000633989 0.0000631883
0.0000839336 0.0000844901 0.0000857761 0.0000883237 0.0000820119 0.0000795886 0.0000786392 0.0000738459 0.0000712234 0.0000735684 0.0000670694 0.0000646684 0.0000628995 0.000061474 0.0000603686 0.0000569301 0.0000549115 0.0000530029 0.0000513997 0.0000495071 0.0000481061 0.000046849 0.0000457939 0.0000450522 0.0000446215 0.000044888 0.0000447706 0.0000446382 0.000044279 0.0000447911 0.000046039 0.0000489158 0.0000481168 0.0000492644 0.0000508064 0.0000524463 0.0000538566 0.0000593325 0.0000560625 0.0000567503 0.0000577099 0.0000586149 0.0000592607 0.0000598866 0.0000603733 0.0000607998 0.0000610205 0.0000611739 0.0000617161 0.0000621119 0.0000625341 0.0000623333
