Models/Synthetic/Density/temp_raster_pop.asc
NCOLS 101
NROWS 101
XLLCORNER 3302900
YLLCORNER 3112000
CELLSIZE 4386.138614
NODATA_VALUE NaN
[rows 46 to 68 of 101, columns 0 to 51 of 101]
3.0112241249 3.1385685536 3.2601126633 3.4789225475 3.6918393838 4.0249456985 4.3988857641 4.6510929999 5.1816739295 4.9555849366 4.8543835633 4.824565973 4.7134348763 4.6471821096 4.5604277276 4.6693379136 4.5316086356 5.0385232328 4.091875708 3.8226039296 3.6581677561 3.4772884582 3.3368081103 3.1191605525 2.9339729478 2.6516708944 2.4785536041 2.3599520688 2.5876150799 2.3639618806 2.4077718518 2.4917605925 1.7870773595 1.6835571608 1.6092552279 1.5193831653 1.459199042 2.1549449493 1.3595308118 1.3434042725 1.40286448 1.4841712722 1.5855617515 1.7547319946 2.4517363151 2.172634364 2.4001897564 2.6418663512 2.9228403125 3.2933078451 4.0902880263 4.0625596129
3.1072976365 3.2469514479 3.7745533706 3.6144283435 4.1900742588 5.0471342636 4.5522360661 4.7527473106 4.8829222667 5.0523283899 4.9024358158 4.808352044 5.4447510334 4.5766954725 4.5488551516 4.504951432 4.5607002697 5.1692365716 4.2922802233 4.0607564248 4.1129362995 4.3595667258 3.5426224285 3.844717908 3.0947952587 3.2245200696 2.6171619989 2.507177772 2.4410340026 2.3737068388 2.2231411228 2.0740957643 1.9615491655 1.8634306505 1.7674048492 1.6600598553 1.5941686858 1.5253568241 1.4776749054 1.4361031203 1.4604711995 1.5236568461 1.5958900638 1.7229053877 1.8286273262 1.9831325447 2.1286714634 2.3483170996 2.6201597984 3.0267326491 3.5771764232 3.7968985207
3.2364565964 3.3532801704 3.5179870014 3.8374015593 4.1347244207 4.7510326643 5.0537397132 4.7671903652 4.9357553576 5.0893970255 5.0364428196 4.8861578459 5.3685495958 4.5295014072 4.4651272102 5.6901437448 4.5254083417 4.4841295763 4.4422217485 4.3555823312 4.0831329135 3.892445846 3.7467345823 3.5192229477 3.2792470885 2.9718154908 2.8022392586 2.7016006673 2.6024482567 2.4880925695 2.3882770559 2.3059691688 2.252027054 2.1350668296 1.9953516444 1.863749413 1.777482812 1.7046186187 1.6321145166 1.5733382727 1.5824320779 1.6470127859 1.7316258902 1.7448661586 1.7669632444 1.8280049666 1.9561059595 2.1331481683 2.380247576 2.7660095641 3.1588199163 3.5418208758
3.3869945477 3.4472065289 3.6085400811 4.7285233212 5.7990620967 4.6256718106 4.7540859655 4.9254953561 5.0475034337 5.1241972167 5.1494961899 5.4816392229 4.6760679974 5.2223723598 4.4053076842 4.4329703419 5.3140763634 5.1610826983 4.4818828304 4.3686492429 4.1888399263 4.050929925 4.0807842774 3.733684285 3.4919191035 3.1806458185 3.0011604923 2.9302966102 2.997831795 2.7679402013 2.7515643179 3.2107272904 2.7981498004 2.591172934 2.2972967977 2.1126853766 2.0592076092 2.0108139508 1.8805840597 1.7533896035 1.7479819092 1.9249760951 2.0138039868 2.0122783053 1.8452876161 1.7962078819 1.8450751242 1.9794144971 2.1767718324 2.4707610857 3.1429111345 3.5681457614
3.5860412401 3.653418629 3.8109200168 4.1679490349 5.2309859511 4.7510258072 5.3696582127 5.4204910643 5.0712397768 5.1935565986 4.9548849204 4.8165043205 5.4349157041 4.4324576767 4.2987951992 4.9415973396 4.5014949577 4.4174385736 4.4219284581 4.4105698968 4.8897462174 4.1950921543 4.175935126 4.3084384488 3.8361718127 3.5265909339 3.2925919114 3.2250793457 3.1798721023 3.1513545842 3.222055478 3.5082544089 4.5236987236 3.13826576 2.6130904006 2.4148139129 2.3523109704 2.4845017582 2.1446396262 1.9830177163 1.9560496424 2.1072131936 2.8037552989 2.2554848045 1.9843115826 1.8032553169 1.8107567743 1.894632244 2.022249672 2.2173102348 2.4585681264 2.6597718621
3.8875129904 3.9726405093 4.0936158428 4.3628444803 4.652524913 5.2856461099 5.8017128586 5.8380532 5.5278728558 4.8499254956 4.7466866926 4.7121083565 4.6603399996 4.8762732 4.2065745067 4.1715762772 4.2140617023 4.2511168086 4.3252072335 4.6159469764 4.4287684337 4.3242558809 4.2489850817 4.3792091474 4.3336191098 3.8355612809 3.6156309317 3.550530076 3.5779945843 3.5880608004 3.6613551828 3.8649885834 4.1985703419 3.4083393463 3.0206543803 2.77822126 2.7248756615 2.6547200539 2.5068622193 2.2903003445 2.1531408136 2.2712686199 2.3207327517 2.4466568451 2.0055809996 1.844972857 1.828430465 1.9048656646 1.9267229667 1.9792882062 2.0610581791 2.1688923042
4.2331847826 4.3863193539 4.4781814632 4.5241655979 4.9526483295 5.0650342398 4.7794600538 4.7497807403 4.91452095 4.6406097017 4.5797791179 4.9600546545 4.5568067841 4.2614284933 4.0634825042 4.0177517657 4.1149122907 4.1074659497 4.3107601815 4.496402232 4.6132031346 4.4086247088 4.3349143616 4.3058245707 4.20222369 4.0487265636 3.9413431433 3.933189033 3.9933923937 4.1244373927 4.0428442132 4.0459986248 3.9612959414 4.0602028024 3.4407794798 3.2776545151 3.1729427187 3.1682500156 3.2519059587 2.5668473808 2.3652785153 2.2782212705 2.3038750496 2.1510498294 2.0365595362 1.9293009487 1.9108304214 1.920318086 1.9100273799 1.8790494629 1.8458181569 1.8745076241
4.4845296751 4.6838637613 4.6465135175 4.6624405146 4.6897583977 4.6556342877 4.5246490693 4.4546988003 4.5159307474 4.9729866437 4.302543273 4.816790805 4.1325218557 3.9284670549 3.9266304884 3.8352097924 3.8734181471 3.9931647956 4.2401234013 4.8944798108 4.7488046133 4.6140040006 4.5095727119 4.4334924467 4.3518113378 4.2585710392 4.2195322148 4.2985145586 4.3834822355 4.4093499237 4.4095971367 4.3730080371 4.6472842039 4.2044718907 3.9882362319 3.861127907 4.5143483123 3.5136799036 3.1756763349 2.8744882801 2.5913045239 2.4289254576 2.2922385675 2.2052523348 2.1347763371 2.1008279745 2.0476749736 2.0015698915 1.9887701126 1.8570031765 1.7627518395 1.7148914803
4.4816896581 4.5787054486 4.6187690291 4.5968116086 4.641187146 4.3662632144 4.229129409 4.2495434536 4.0296628941 3.9391672855 3.9761859915 3.9288258248 3.8450355615 3.7129844679 3.6730693317 3.7157963035 3.7424042895 3.8673163213 4.1424313603 4.6477073349 5.0323150314 4.9127810536 4.6661869863 4.7244064504 4.7583851325 4.5710490157 4.5285840809 4.5880979741 4.6699768603 5.431617039 4.7952372099 4.8469978021 4.8478231157 4.6934735122 4.684686726 4.4963533768 4.3224856658 3.9175398333 3.5134278246 3.1645759894 2.8860485286 2.6545989407 2.4720382073 2.3500609404 2.3364421193 2.2888158927 2.182011551 2.0818190487 2.1069273546 1.9962365698 1.8557933874 1.659754708
4.4867215998 4.6010185637 4.6586999304 4.4405562008 4.2636640519 4.1026305727 3.9778713645 3.7616879971 3.6593062614 3.5950355594 3.6142213547 4.0877048272 3.6956618405 3.4862355064 5.0347210986 3.6869904008 3.6546844887 3.7942309849 4.0105802732 4.2822855134 4.5289317321 4.6796782141 5.5018274625 4.8272479454 5.3996906477 4.9082822355 5.1154412118 5.0411630023 5.0834208182 5.2198327453 5.6496823133 5.2411706901 5.4281627145 5.2012787335 5.173908921 5.3155241769 4.7893455916 4.4018882869 3.9422686581 3.5517376533 3.2151496878 2.9598176953 2.7354713381 2.5616975873 2.4189463993 2.3100385532 2.1967287711 2.1289265557 2.1297063685 2.7540973832 1.8500752689 1.6447040937
4.5793660484 4.7245713239 4.5217038072 4.2737159374 4.025790326 3.8162118681 3.6457023062 3.4846568107 3.4092674025 3.5001719633 3.7527365293 3.2533390474 3.2590471747 3.3161798654 3.481400645 3.4794216736 3.6402447431 3.7389790351 3.9262340196 4.1001754419 4.3403932411 4.5454250039 4.7414645193 4.9436938116 5.1004927751 5.2031496737 6.5188003186 5.4412309891 6.3933625937 5.5826265457 5.6244575034 5.7286224139 5.7157091916 5.6848326077 6.0339501192 5.7173421956 5.266756041 4.8261340008 4.9588780128 3.9049432145 3.5194454241 3.2527172307 3.0369939962 2.7669026005 2.5293125854 2.3517842584 2.2287533213 2.1144842778 2.1360915517 1.9883621134 1.8962570378 1.6598010151
4.5783081062 4.8253515351 4.430345367 4.1463965736 3.8228691174 3.5384907023 3.3463321525 3.5548353027 3.9062796199 3.3412676525 2.9770598622 2.8917277314 2.9481132729 3.2443337954 3.1661058622 3.3226393091 3.4898309228 3.8634953575 3.8086596425 4.0337537876 4.2633780501 4.5106543586 4.7884773548 5.1626998277 5.3249883555 5.606978091 5.7269651527 6.8509967194 5.9807342296 6.0281905556 6.068987907 6.3342043734 6.1899732453 6.2869095157 6.0959730983 5.9889513473 6.1608508105 5.1239093578 4.617401538 4.1619421627 3.7829771878 3.512330167 3.2646213535 2.9916918443 2.6940223946 2.4474039229 2.3027886251 2.1720435606 1.9681113669 1.9743177327 1.7788317757 2.1823872056
4.4360471447 4.2499164345 4.2036516984 4.1127134073 3.5521939549 3.2101215429 3.0264485281 2.892634535 2.7885970638 2.8806143363 2.6346507366 2.6359788641 2.8362533131 2.8907716531 3.0125777779 3.1667371416 3.8029165539 3.537777852 3.7024438064 3.9646284074 4.7208571222 4.5296317109 4.8435391347 6.0101544485 5.5844703758 5.8341052994 6.7954094289 6.523486987 6.5259681044 6.7324982218 6.5841511692 6.5861522832 6.6644413904 6.6641830992 6.3657653498 6.1126684921 5.8191586972 5.4865564055 4.9209684101 4.4496990167 4.0164537298 3.7156449313 3.4732998169 3.1902607964 2.8717853586 2.5791136628 2.3019654655 2.0649564807 1.9203895767 1.8183163195 1.8297039075 1.718506336
4.5690143128 3.7399902592 4.1192028994 4.4175070324 3.1850993132 2.8762149437 2.6688103958 2.4842271949 2.3859808996 2.3208637094 2.363132304 2.5132274954 2.5880214395 2.7430333183 2.9637435691 3.1883942206 3.3399963698 3.4425329382 3.6262315871 3.9435143044 4.2820849556 4.5379313446 4.9397441542 5.1469988135 5.5893895323 6.0413844178 6.1647969412 6.4108470633 6.7389471853 6.9782746303 7.0734354494 7.2773720042 6.8739781063 6.8974303687 6.7475324982 6.385741096 5.9521682332 5.7632891709 5.8807354612 4.8364738324 4.2300541055 3.9053295084 3.587751834 3.3008279726 3.0627397495 2.6855998964 2.3684888465 2.0780589984 1.8766895817 1.754956904 1.7688809922 1.7267830394
3.0319550723 3.2532240442 3.1865084112 3.0519013136 2.7634798696 2.581455097 2.3894687242 2.2204492552 2.1133822778 2.085946972 2.1508753301 2.2695894122 2.4480036446 2.6611395064 3.0305415287 4.6467736589 3.4165492792 3.4636293918 3.6899206325 4.0061956487 4.2923439513 4.5804171455 4.840426662 5.0531530897 5.3435307816 5.682448729 6.0273837701 6.3949503181 7.2169775248 7.0133822132 7.0149476647 6.9873756658 7.0212239862 7.3315896566 8.9207782698 6.6486513123 7.0326271029 5.9254972215 6.6984526174 5.0977612437 4.4686667911 4.0793716847 3.7323027632 3.478350877 3.1330107867 2.8481595031 2.4953141896 2.4807367605 1.8785040339 1.7333992014 1.7344864701 1.8452828475
2.4711044593 2.5682700028 2.8781431197 2.4914348099 2.3616206955 2.3018020697 2.1621142538 2.0393928109 1.9896428755 1.9813323102 2.0369838337 2.14578325 2.3612364397 2.7162400669 3.1601875039 3.6685149282 3.6408106594 3.7272996272 3.9389200783 4.1844520024 4.462741211 5.0847676654 4.9477001769 5.1883336746 5.4729807955 5.7321443519 6.0210660221 7.0297365766 7.6557260263 6.871384192 6.9982864415 6.9997651734 6.9973556807 7.1543396443 7.9143291399 6.9267383912 6.7342674555 5.8746349653 5.5228131112 5.9166587031 4.6278957382 4.1490176613 4.4881844859 3.5110778179 3.3877487488 3.7874352044 2.7601203396 2.2007762195 1.9490848822 1.8070145968 1.8312438132 1.8382940041
1.9637632323 2.0867496473 2.1229361213 2.1121643821 2.0354970835 2.0020501769 1.96709903 1.9159242469 1.8993078049 2.8055387781 1.9954142367 2.1272283782 2.3895234283 2.8178771696 3.4830185042 3.6316716422 3.9858296362 4.1168178967 4.3035214138 4.5330951926 4.7831253613 4.9687770822 5.6819543135 5.8900589818 5.984516473 6.4960273426 6.3735305832 6.4539114251 6.6708185797 6.8755906079 6.9750917393 6.8466893333 6.7902981057 7.0926901548 6.7251075787 6.5848006425 6.061802472 5.6209800304 5.3370486641 5.1875660812 4.5598863784 4.778193382 3.8112631831 3.5378821289 3.214294265 2.8552711266 2.481737563 2.1959521926 2.0807306219 2.0694218732 2.0711958039 2.134285791
1.6211529038 1.7104761882 1.7830313012 1.8433794438 1.848994553 1.8571727437 1.8329022584 1.8297450727 1.8615242134 1.9126837298 2.028912085 2.2274518375 2.5329392154 2.9738648205 3.4919815618 3.983027861 4.0405006086 4.4227902336 4.7148314147 4.8773751409 5.0279873698 5.5780939106 5.4327003405 5.7123281855 6.1314129898 7.5153437796 7.5997585288 6.4692924768 6.6241390557 7.4607912017 6.9230249904 6.6871323728 6.515033335 6.3686384872 6.2152248897 5.9299192815 5.6623770084 5.3622611628 5.2943507967 5.399783304 4.37043574 3.9519568247 3.6778819375 3.5640083339 3.062375356 2.7239891167 2.4113441811 2.2142594927 2.1829192866 2.6999177897 2.3827830398 2.1591178518
1.4239319651 1.5174159044 1.6735889136 1.7327098133 2.4486791625 1.8460909171 1.8538855399 1.8743658901 1.8853075918 1.9714661746 2.1333562382 2.3869833727 2.8055044154 3.1208652494 3.4936632913 3.8455678412 4.2659399223 4.7905040318 5.3697650203 5.0760072576 5.3016284872 5.4134139297 5.6372610691 6.1274093965 6.3781212237 6.4763523818 6.5508109371 7.3388338955 6.7606807357 7.6343424013 7.0610535944 6.4655169114 6.247749427 6.0519720789 5.748445997 5.432120214 5.2079185034 5.2780620168 4.830002303 4.5402273193 4.2036331249 3.8351066835 3.5458166299 3.2633177894 2.9655295262 2.6501907202 3.0311270078 2.2551235095 2.2668017705 2.3286344058 2.3216967599 2.2563714758
1.3807720449 1.4681019061 1.5763072151 2.363139156 1.846858728 1.9642646981 2.1531588826 2.0048559586 2.0325581683 2.1585010607 2.3341786835 2.6212085012 2.9388923326 3.2699755787 3.6261209854 4.8298386044 4.5476140095 5.0264481695 5.1551706815 5.3094995382 5.4241692385 5.7251177213 5.8461640976 6.070695695 6.2084471284 6.5895153931 6.2847266336 6.3502624301 6.4620613791 6.7228239777 6.4415738231 6.2986556161 5.9518060092 5.801475403 5.3668312103 5.0090544479 4.8379762983 4.687818418 4.6060862071 4.3516066587 4.100062998 3.7081368746 3.3581363102 3.0845630011 2.8679191468 2.5885566235 2.3389569654 2.2277777696 2.510774647 2.2227331852 2.233288137 2.8308952057
1.5232879507 1.5656507934 1.6643668453 1.7344290197 1.9343378234 2.3857142591 2.2027123173 2.2151304212 2.278514991 2.4318241692 2.656998987 2.9170465036 3.2201470444 3.5567723598 3.9084806368 4.3484054331 5.1879836662 5.2238196758 5.4636540793 5.4832870999 5.7055840082 5.8354658523 6.2308790491 6.0572538364 6.1706615566 6.2513012374 6.2320547365 6.2433226831 6.3501606 6.2953273184 6.3446210826 5.8533467593 5.6364851968 5.2374775618 4.9288571432 4.6336857043 4.4389008384 5.0311817738 4.3611453652 4.4819007462 3.8578561736 3.4607949635 3.1477662839 2.899448389 2.6810284572 2.5016609925 2.2378319672 2.1401581028 2.118687707 2.1926205578 2.2602404896 2.3874126002
1.6904742164 1.9192037187 1.8077822575 1.8981257919 2.1110366824 2.2997894593 2.4053470752 2.4737775248 2.5658989934 2.8400088423 3.183961498 3.3732999287 3.5899390963 3.9634840106 4.2588460122 4.654623202 5.105587804 6.3536223423 5.6833658811 5.714299719 5.8094873057 6.0272039132 6.1745992923 6.0444791984 5.9850080174 6.7998430685 6.4562289575 6.0225264396 6.5005527908 5.9134381101 6.2365200559 5.3904264281 5.0053723543 4.7167709412 4.4529035241 5.0777525098 4.0873284724 3.9993027249 4.4351090597 3.8803065822 3.5134384444 3.1751201139 2.9057287163 2.6813242179 2.4836325105 2.3225116678 2.1746940701 2.0705262086 2.0335861882 2.1272429553 2.8141186557 2.4135361105
1.8355909029 1.9148640224 2.0434591325 2.2103317988 2.3984158817 2.5650827848 2.662856415 2.8031413578 2.9813058826 3.2935306229 3.9304846332 3.8175436028 4.0329813737 4.3460022688 4.7592592117 4.9844742218 5.3829085343 5.9742634702 6.372626819 5.8426987751 6.3211215406 6.6415420278 6.1028913748 6.0045518047 6.7223136932 5.8341537844 5.8589018401 5.734625352 5.4795226305 5.6077096873 5.2124022431 4.9278986413 4.5171475238 4.2085038029 3.9439807428 3.7532411049 4.5099248156 3.581740992 3.4787225186 3.35819112 4.0004328852 2.933629556 2.6851484232 2.4880059922 2.3102117327 2.1594312503 2.1963164189 2.0374388356 2.0391203876 2.1574542736 2.2857889723 2.4792079693
