Models/Synthetic/Density/temp_raster_dens.asc
NCOLS 100
NROWS 100
XLLCORNER 3302900
YLLCORNER 3112000
CELLSIZE 4386.138614
NODATA_VALUE NaN
[rows 23 to 45 of 100, columns 0 to 51 of 100]
0.0000974438 0.0000843455 0.0000827578 0.0000549734 0.0000508057 0.0000508057 0.0000508057 0.0010127411 0.0012979281 0.0001111376 0.0001111376 0.0000809717 0.0000508057 0.0000508057 0.0000508057 0.0000531873 0.0000539811 0.0000539811 0.0000539811 0.0000539811 0.0000698579 0.0000837501 0.0000623164 0.0000533857 0.0000730333 0.0000730333 0.0000730333 0.0000730333 0.0000730333 0.0000730333 0.0000730333 0.0000563626 0.0000071446 0.0000533857 0.0000635072 0.0000635072 0.0000635072 0.0000984361 0.0001333651 0.0001333651 0.0000635072 0.0000635072 0.0000635072 0.0000635072 0.0000722394 0.0000904977 0.000062118 0.000062118 0.0000508057 0.0000508057 0.0000772009 0.0000660872
0.000103993 0.0001123283 0.0000623164 0.0000539811 0.0000523934 0.0000508057 0.0000545765 0.0001073668 0.0008339287 0.000658887 0.0000847424 0.000062118 0.0000508057 0.0000508057 0.0000508057 0.0000539811 0.0000539811 0.0000539811 0.0000539811 0.0000539811 0.0000619195 0.0000813686 0.0000551719 0.000044455 0.0000551719 0.0000730333 0.0000730333 0.0000730333 0.0000730333 0.0000730333 0.0000730333 0.0000730333 0.0000101215 0.0000635072 0.0000635072 0.0000635072 0.0000635072 0.0000809717 0.0001333651 0.0001333651 0.0000853378 0.0000635072 0.0000635072 0.000158768 0.0001004207 0.00009407 0.0001095499 0.0000942685 0.0000627133 0.0000587441 0.0000690641 0.0000635072
0.0000539811 0.0000623164 0.0000539811 0.0000581488 0.0000623164 0.0000587441 0.0001035961 0.0001111376 0.0000678733 0.0000545765 0.0000583472 0.0000508057 0.0000508057 0.0000341351 0.000029769 0.0000539811 0.0000539811 0.0000539811 0.0000539811 0.0000539811 0.0001135191 0.0000795824 0.000044455 0.000044455 0.000044455 0.0000551719 0.0000730333 0.0000730333 0.0000730333 0.0000730333 0.0000730333 0.0000712471 0.0000641026 0.0000635072 0.0000635072 0.0000635072 0.0000635072 0.0000722394 0.0001246328 0.0001333651 0.000128999 0.0000766055 0.00009923 0.0008994205 0.0014995634 0.0001246328 0.0000984361 0.0000635072 0.0000635072 0.0000635072 0.0001159006 0.0000766055
0.0000539811 0.0000664841 0.0000956577 0.0000998254 0.0000700564 0.0000510042 0.0000583472 0.0000839486 0.0000063507 0.0000424704 0.0000313567 0.0000341351 0.000039692 0.0000252044 0.0000259983 0.0000539811 0.0000539811 0.0000539811 0.0000539811 0.0000533857 0.0000567595 0.000044455 0.000044455 0.000044455 0.0000480273 0.0000658887 0.000069461 0.0000730333 0.0000730333 0.0000730333 0.0000730333 0.0000676748 0.0000635072 0.0000635072 0.0000635072 0.0000635072 0.0000635072 0.0000635072 0.0000897039 0.0001028023 0.0001333651 0.0013068588 0.0014495515 0.0028355958 0.0028355958 0.0011030404 0.0000678733 0.0000635072 0.0000635072 0.0001071684 0.0001028023 0.00009407
0.0000539811 0.0000539811 0.0000525919 0.0000831547 0.0000641026 0.0000508057 0.0000658887 0.0000791855 0.0000381043 0.0000230214 0.0000508057 0.0000508057 0.000039692 0.0000432643 0.0001135191 0.0001055807 0.0000738271 0.0000456458 0.000044455 0.0000450504 0.000034929 0.0000134953 0.0000325474 0.000044455 0.0000801778 0.0000730333 0.0000551719 0.0000676748 0.0000730333 0.0000730333 0.0000706517 0.0000635072 0.0000635072 0.0000635072 0.0000635072 0.0000635072 0.0000635072 0.0000635072 0.0000635072 0.0000722394 0.0000897039 0.0000678733 0.0023158292 0.0007565293 0.0014495515 0.0000635072 0.0000635072 0.0000635072 0.0000635072 0.0001071684 0.0001159006 0.0000678733
0.0000748194 0.0000581488 0.0000095261 0.000116496 0.0000998254 0.0000559657 0.0000508057 0.0000508057 0.0000508057 0.0000508057 0.0000508057 0.0000508057 0.0000508057 0.0001133206 0.0001174883 0.0001095499 0.0000579503 0.0000456458 0.0000335397 0.000044455 0.000044455 0.0000420735 0.0000277844 0.0000777963 0.0001016115 0.0000766055 0.000044455 0.000056958 0.0000730333 0.0000730333 0.0000670795 0.0000635072 0.0000635072 0.0000635072 0.0000635072 0.0000635072 0.0000635072 0.0000635072 0.0000635072 0.0000635072 0.0000635072 0.0004100183 0.0014495515 0.0000635072 0.0000635072 0.0000635072 0.0000635072 0.0000635072 0.0000635072 0.0000635072 0.0000635072 0.0000635072
0.0000873224 0.0000553703 0.0000261967 0.0000539811 0.0000523934 0.0000885131 0.0000583472 0.0000508057 0.0000508057 0.0000508057 0.0000508057 0.0000508057 0.0000734302 0.0001129237 0.0001174883 0.0001174883 0.000084147 0.0000236167 0.000044455 0.000044455 0.000044455 0.000044455 0.0000587441 0.0000920854 0.0001016115 0.0000873224 0.000044455 0.000069461 0.000069461 0.0000730333 0.0000664841 0.0001071684 0.0001028023 0.0000635072 0.00009407 0.0001159006 0.0000897039 0.0000635072 0.0000635072 0.0000635072 0.0000635072 0.0004100183 0.0002367627 0.0000635072 0.0000722394 0.0000897039 0.0001115345 0.0001071684 0.0000635072 0.0000635072 0.0000635072 0.0000635072
0.0000539811 0.0000539811 0.0000539811 0.0000535842 0.0000514011 0.0000508057 0.0000508057 0.0000508057 0.0000508057 0.0000508057 0.0000508057 0.0000583472 0.0001067715 0.0001174883 0.0001174883 0.0001174883 0.0000494165 0.0000420735 0.000044455 0.000044455 0.000069461 0.000069461 0.0000623164 0.0000373105 0.0000801778 0.0001016115 0.0000515996 0.000044455 0.000044455 0.0000515996 0.0000539811 0.0000722394 0.000128999 0.0000809717 0.0000809717 0.0000809717 0.0000678733 0.0000635072 0.0000635072 0.0000635072 0.0000635072 0.0000635072 0.0000635072 0.0000635072 0.0000722394 0.0000984361 0.0000635072 0.0000722394 0.0000635072 0.0000635072 0.0000635072 0.0000635072
0.0001123283 0.0000730333 0.0000754148 0.0000746209 0.0000508057 0.0000508057 0.0000508057 0.0000508057 0.0000508057 0.0000508057 0.0000508057 0.0000851393 0.000089307 0.0000857347 0.0000857347 0.0001135191 0.0000698579 0.000039692 0.0000480273 0.0000515996 0.0000730333 0.0000718425 0.0000480273 0.0000373105 0.0000373105 0.0000480273 0.000044455 0.0000551719 0.000044455 0.000044455 0.000044455 0.0000515996 0.0000853378 0.0001333651 0.0001071684 0.0000809717 0.0000635072 0.0000635072 0.0000635072 0.0000635072 0.0000635072 0.0000635072 0.0000635072 0.0000635072 0.0000635072 0.0000635072 0.0000631103 0.000062118 0.0000615226 0.0000625149 0.0000627133 0.0000627133
0.0001063745 0.0000956577 0.0000825593 0.0000825593 0.000064301 0.0000508057 0.0000508057 0.0000508057 0.0000508057 0.0000508057 0.0000545765 0.0001135191 0.0000658887 0.0000539811 0.0000539811 0.0000897039 0.0001133206 0.0000623164 0.0001016115 0.0001016115 0.0001016115 0.0001016115 0.0000908947 0.000069461 0.000039692 0.0000182583 0.0000480273 0.0000801778 0.0000480273 0.0000623164 0.000039692 0.000034929 0.0000539811 0.0000809717 0.0001115345 0.0000853378 0.0000635072 0.0000635072 0.0000635072 0.0000635072 0.0000635072 0.0000635072 0.0000635072 0.0000627133 0.0000625149 0.0000613241 0.0000603318 0.0000603318 0.0000811701 0.0000728348 0.0000603318 0.0000603318
0.0000825593 0.0000825593 0.0000825593 0.0000825593 0.0000877193 0.0000545765 0.0000508057 0.0000508057 0.0000508057 0.0000508057 0.0000623164 0.0000873224 0.0001016115 0.0000777963 0.0000579503 0.0001174883 0.0001381281 0.0001016115 0.0000944669 0.0000801778 0.0000873224 0.0000908947 0.0000515996 0.000044455 0.000044455 0.0000230214 0.000044455 0.0000658887 0.0000766055 0.0000658887 0.000044455 0.0000158768 0.0000208383 0.0000635072 0.0000722394 0.0000635072 0.0000635072 0.0000635072 0.0000635072 0.0000635072 0.0000635072 0.0000633087 0.0000609272 0.0000603318 0.0000603318 0.0000603318 0.0000603318 0.0000686671 0.0000853378 0.0001145114 0.0000603318 0.0000603318
0.0000825593 0.0000825593 0.0000825593 0.0000825593 0.0000825593 0.0000779948 0.0000732317 0.0000968485 0.0000690641 0.0000531873 0.0000537826 0.0000539811 0.0000539811 0.0012649837 0.0001016115 0.000121259 0.0001347543 0.0000980392 0.0000623164 0.0000908947 0.000044455 0.000044455 0.0000623164 0.0000873224 0.0000480273 0.0000420735 0.000044455 0.000044455 0.0000873224 0.0000801778 0.0000515996 0.0000373105 0.0000254029 0.0000623164 0.0000635072 0.0000635072 0.0000635072 0.0000766055 0.0000809717 0.0000766055 0.0000635072 0.000079384 0.0000908947 0.0000756132 0.0000646979 0.0000603318 0.0000603318 0.0000811701 0.0001270144 0.0001145114 0.0000603318 0.0000603318
0.0000825593 0.0000825593 0.0000825593 0.0000825593 0.0000825593 0.0000825593 0.0001109391 0.0001174883 0.0000817655 0.0000539811 0.0000658887 0.0000817655 0.0000646979 0.001682345 0.0011427324 0.0001361435 0.0000551719 0.000069461 0.0000623164 0.0000944669 0.0000730333 0.0000515996 0.000069461 0.0000873224 0.000044455 0.000044455 0.0002171152 0.000044455 0.0000730333 0.0000908947 0.0000801778 0.000069461 0.0000873224 0.0001151068 0.0000853378 0.0000635072 0.0000766055 0.0000897039 0.0001333651 0.0000766055 0.0000849409 0.0000952608 0.0000952608 0.0000952608 0.0000930777 0.0000603318 0.0000603318 0.0000686671 0.0001228467 0.0000686671 0.0000603318 0.0000603318
0.0000825593 0.0000825593 0.0000825593 0.0000825593 0.0000825593 0.0000978408 0.0001174883 0.0001174883 0.0001055807 0.0000539811 0.0000897039 0.0001135191 0.0000825593 0.0019151385 0.0021473367 0.0011530523 0.0003361912 0.000069461 0.0000766055 0.0000766055 0.0000658887 0.0000837501 0.0000801778 0.0000515996 0.0002746686 0.0005802969 0.0005802969 0.0000837501 0.0000801778 0.0000980392 0.0000944669 0.0001016115 0.0000730333 0.000069461 0.0001178852 0.0001071684 0.0001115345 0.000128999 0.0001028023 0.0001059776 0.0001000238 0.0000952608 0.0000952608 0.0000952608 0.0000952608 0.0000777963 0.0000603318 0.0000644995 0.0000686671 0.0000603318 0.0000603318 0.0000603318
0.0000825593 0.0000825593 0.0000825593 0.0000825593 0.0000829563 0.0000875208 0.0000817655 0.0001016115 0.0001174883 0.0000976423 0.0000976423 0.0001260221 0.0001295943 0.0025581488 0.0017496229 0.0015507661 0.000158768 0.0001409066 0.0000730333 0.0000480273 0.000044455 0.0000587441 0.0000873224 0.0000325474 0.0000456458 0.0000980392 0.0002095737 0.0000885131 0.0000527903 0.0000559657 0.0000732317 0.0000587441 0.0000587441 0.0000801778 0.0000623164 0.0001047869 0.0001202667 0.0000984361 0.0000635072 0.0000797809 0.0000952608 0.0000952608 0.0000952608 0.0000952608 0.0000952608 0.0000952608 0.0000908947 0.0000712471 0.0000625149 0.0000603318 0.0000603318 0.0000603318
0.0000825593 0.0000825593 0.0000825593 0.0000825593 0.0000873224 0.0000539811 0.0000936731 0.0000738271 0.0001174883 0.0001095499 0.0000897039 0.0001220529 0.000388783 0.0014668175 0.0005564817 0.000158768 0.0001397158 0.0001492419 0.0001492419 0.0000968485 0.0000539811 0.0000861316 0.0000599349 0.0000087322 0.0000539811 0.0000480273 0.000056958 0.0000476304 0.0000928793 0.0000702548 0.0000740256 0.0000474319 0.0000464396 0.000044455 0.000044455 0.0000777963 0.0000988331 0.0000682702 0.0000730333 0.0000698579 0.0000762086 0.0000952608 0.0000952608 0.0000952608 0.0000952608 0.0000952608 0.0000952608 0.0000952608 0.0000843455 0.0000625149 0.0000603318 0.0000603318
0.0000825593 0.0000825593 0.0000825593 0.0000916885 0.0000857347 0.0000936731 0.0000857347 0.0001095499 0.0001135191 0.0000619195 0.0000664841 0.0001629356 0.000064301 0.0000369136 0.0000748194 0.000084147 0.0000416766 0.0000460427 0.0001020084 0.000074224 0.0000095261 0.0000644995 0.0000063507 0.0000063507 0.0000063507 0.0000113122 0.0000750179 0.0000853378 0.0000928793 0.0000650949 0.0000785901 0.0000639041 0.0000573549 0.0000464396 0.000044455 0.0000480273 0.0000785901 0.0000698579 0.0000698579 0.0000698579 0.0000698579 0.000079384 0.0000952608 0.0000952608 0.0000952608 0.0000952608 0.0000952608 0.0000952608 0.0000952608 0.0000926808 0.0000686671 0.0000603318
0.0000740256 0.0000801778 0.000066881 0.0000777963 0.0001135191 0.0001135191 0.0000857347 0.0000619195 0.0000619195 0.0000875208 0.0003262682 0.0001329682 0.0000414781 0.0000095261 0.0000095261 0.0000095261 0.0000095261 0.0000095261 0.0000140907 0.0000188537 0.0000281813 0.0001307851 0.0000373105 0.0000087322 0.0000134953 0.0000446535 0.0000891085 0.0001079622 0.0001079622 0.0000855362 0.0000662856 0.0000603318 0.0000603318 0.0000603318 0.0000599349 0.0000698579 0.0000698579 0.0000698579 0.0000698579 0.0000698579 0.0000698579 0.0000690641 0.0000285782 0.0000603318 0.0000952608 0.0000952608 0.0000952608 0.0000952608 0.0000952608 0.0000861316 0.0000603318 0.0000978408
0.0001135191 0.0000976423 0.0001016115 0.0001174883 0.0001174883 0.0001016115 0.0000777963 0.0000539811 0.0000875208 0.0004254981 0.0001978646 0.0000833532 0.000015083 0.0000095261 0.0000095261 0.0000095261 0.0000095261 0.0000188537 0.0001121299 0.0000934746 0.0000700564 0.0001540049 0.000158768 0.0000968485 0.000062118 0.0000476304 0.000081567 0.0001079622 0.0000740256 0.0000589426 0.0000758117 0.0000603318 0.0000603318 0.0000603318 0.0000639041 0.0000698579 0.0000698579 0.0000698579 0.0000698579 0.0000698579 0.0000698579 0.0000698579 0.0000142891 0.0000500119 0.0000746209 0.0000904977 0.0000952608 0.0000952608 0.0000952608 0.0000922839 0.0000895054 0.0001103437
0.000091887 0.0001174883 0.0001174883 0.0001174883 0.0001174883 0.0001174883 0.0001016115 0.0000698579 0.0000579503 0.0000452489 0.0000547749 0.0000696594 0.0000436612 0.0000563626 0.0000988331 0.0000710487 0.0000885131 0.0000309598 0.0001260221 0.0001111376 0.0001206637 0.0000968485 0.0001349528 0.0000807732 0.0000891085 0.0000777963 0.0001004207 0.0001079622 0.0000853378 0.0000740256 0.0000476304 0.0000593395 0.0000603318 0.0000603318 0.0000615226 0.0000698579 0.0000698579 0.0000698579 0.0000698579 0.0000698579 0.0000698579 0.0000341351 0.0000301659 0.0000658887 0.0000714456 0.0000952608 0.0000952608 0.0000952608 0.0000952608 0.0000972454 0.0001063745 0.0001270144
0.0000910931 0.0001174883 0.0001174883 0.0001055807 0.0001174883 0.0001174883 0.0001174883 0.0001174883 0.000071644 0.0000412797 0.0000547749 0.0000885131 0.000071644 0.0000952608 0.00009923 0.0000952608 0.000084147 0.000084147 0.000086727 0.0000825593 0.0000825593 0.0001301897 0.0001349528 0.0000607287 0.0000476304 0.0000476304 0.0001041915 0.0000853378 0.000081567 0.0000551719 0.0000476304 0.0000515996 0.0000603318 0.0000603318 0.0000603318 0.0000680718 0.0000698579 0.0000698579 0.0000698579 0.0000698579 0.0000579503 0.0000658887 0.0000698579 0.0000698579 0.000079384 0.0000952608 0.0000952608 0.0000952608 0.0000952608 0.0000952608 0.0001031992 0.0001242359
0.0000916885 0.0001055807 0.0000857347 0.0000738271 0.0001174883 0.0001174883 0.0001174883 0.0000883147 0.0000132968 0.0000629118 0.0000952608 0.0000952608 0.0000952608 0.0000952608 0.000084147 0.0000341351 0.0000063507 0.0000063507 0.0000254029 0.0000825593 0.0000968485 0.0001397158 0.0001349528 0.0000627133 0.0000476304 0.0000476304 0.0000664841 0.0000589426 0.0000928793 0.0000664841 0.0000476304 0.0000508057 0.0000563626 0.0000603318 0.0000603318 0.0000650949 0.0000698579 0.0000698579 0.0000698579 0.0000420735 0.0000103199 0.0000658887 0.0000698579 0.0000698579 0.0000857347 0.0000952608 0.0000952608 0.0000952608 0.0000952608 0.0000952608 0.0000865285 0.0000881162
0.0000897039 0.0000942685 0.0000857347 0.0000539811 0.0001095499 0.0001037946 0.0000410812 0.0000063507 0.0000174645 0.0000952608 0.0000952608 0.0000952608 0.0000885131 0.0000547749 0.0000817655 0.0000504088 0.0000238152 0.0000085338 0.000044455 0.0000825593 0.0001063745 0.0001016115 0.0001095499 0.000081567 0.0000476304 0.0000476304 0.0000777963 0.0000891085 0.0001041915 0.0000672779 0.0000563626 0.0000603318 0.0000603318 0.0000603318 0.0000603318 0.0000674764 0.0000698579 0.0000698579 0.0000698579 0.0000698579 0.0000698579 0.0000698579 0.0000698579 0.0000698579 0.0000730333 0.0000936731 0.0000952608 0.0000952608 0.0000952608 0.0000928793 0.0000833532 0.0000825593
