Models/Synthetic/Density/temp_raster_pop.asc
NCOLS 100 
NROWS 100 
XLLCORNER 0 
YLLCORNER 0 
CELLSIZE 0.01 
NODATA_value -9999 
[rows 40 to 59 of 100, columns 0 to 43 of 100]
2.85952476994413 6.81007936710327 4.73658004851445 4.46093361242293 2.84616678925555 0.603507841500654 0.946833879977981 0.260072781752225 0.209584185840269 0.172158697886419 0.104436494948916 0.0774536916139683 0.0767179451821067 0.163221303064473 0.318990648556512 0.463819776646244 0.586723242661504 0.467478067134247 0.349344793764279 0.404084658545978 2.89183623826687 14.346091869504 38.8015984247266 6.85256743362796 1.6521440657452 0.231286196333174 0.0360169034664769 0.013423492630915 0.0326020355255193 0.0948197833242764 0.257366740189094 0.465747878788489 0.472837754251701 0.318997534254216 0.0990615493131272 0.0455478083717569 0.0707768926931763 0.0760046782135892 0.0640679641342893 0.0266883985599555 0.0596642208426591 0.206304842178935 2.09973712901117 2.95446345920454
11.9562627091944 6.80260127375673 8.28997711764154 3.32037452781173 2.11241871101279 0.652791508877599 1.69921643529919 1.01788471490718 1.50582230080151 0.305699411601995 0.166264705903038 0.159658148443557 0.183265015531738 0.340611763694165 1.23047790908727 2.21025361353201 2.21907284106525 0.402171253015186 0.196382340630692 1.25594063591479 2.05572974352563 11.2991017908489 12.0041964913866 5.91662951444262 1.06687825085416 0.195986002943788 0.0253350788810811 0.0061847496983693 0.0190025862801065 0.140978445033653 0.266610399924506 0.651143355337276 0.509306621660971 0.403221878158374 0.141344414362535 0.0479384919857438 0.0759256991354826 0.218899289527524 0.0673329213342636 0.0231165687794543 0.0206796692533975 0.116497180318306 0.712225438784496 0.399904821417185
2.8457604616957 4.63888355262703 3.74193683841237 2.75775294751614 1.08393047266141 0.99998412416876 2.19651966547784 5.7873024836993 1.93219755618171 0.409899109547841 0.214151896956507 0.985360384622207 0.306287501301339 0.576223877854727 3.34070734757784 3.80437903092832 1.98042510695203 0.544488572312628 0.281724456905901 0.641275462287003 1.40721561531076 2.7859302583404 4.4707329783878 2.09864277119737 0.536647459738462 0.0952715720813509 0.0166259853176729 0.00542455868235319 0.0244838472654491 0.148672307655446 1.23295522169196 0.512145584672077 1.94416987240927 0.598288079800689 0.159315085738933 0.0632465857890136 0.0772748526238699 0.076733193882446 0.0593516233185461 0.0162949417284812 0.0103586071720804 0.054077905103702 0.0747484008900973 0.137989834995682
0.675363102090894 1.79308226107718 6.31249533612606 3.79517632980654 4.31166140469136 1.54538223314303 4.17709697107373 7.24327468556324 1.49951709194448 0.438624321930022 0.239725043064453 0.274268184943908 0.646682141430762 0.528864530225455 1.58914834890328 2.75503925963771 1.90213138228999 1.26955588895057 0.525027073178457 0.757501835419892 3.32158584274637 0.911828179745847 0.651401943433687 0.428564757123737 0.176041767916095 0.052392269252339 0.015772346728914 0.0084494937771292 0.0273460626319552 0.168116177556634 0.243060151110823 0.440982366287119 0.407834889515495 0.385932212218299 0.254226010739276 0.211661130896464 0.176253518434889 0.0911496802948666 0.0385205079541631 0.013813170181411 0.00812929559146718 0.014244523956782 0.0272782380170689 0.0809668776985585
0.788010567461129 1.96578812646598 9.06962847375388 15.3505096280853 5.42094887968701 2.10144071734512 4.06316349241446 2.04467298035091 1.76596752150113 0.418278612722947 0.144433970327879 0.163960343089532 0.193690495338562 0.364713764948382 0.74756097113698 2.58657998880977 6.26064820711963 1.22143536188374 0.864566094281289 1.48452317377482 0.643315152167635 0.639010059460791 0.247497836102782 0.199789125099588 0.198986588130131 0.132802055385419 0.0649651709155382 0.0153413487153344 0.0301845956136453 0.0968568591238729 0.285021571316397 0.195472958378448 0.242024701313665 0.301404589818372 0.758085508048248 1.53337682230673 0.889787672998437 0.4030784755143 0.117748206667597 0.0531549487904919 0.0160668693102279 0.0392332522932699 0.114310759938393 0.153972073778008
2.24180941360584 3.66024601054498 5.52597868732858 6.65109596123297 2.88251009795983 1.13610611736159 0.743210310481089 0.638696342069663 0.312379248137407 0.175362721756615 0.0964121325162124 0.0534540777489743 0.062853528068553 0.127909135708538 1.22926368563469 2.36233305353286 1.22703496329926 1.04295552944254 0.465398160314029 0.323788892186626 0.267499538547813 0.168942675269229 0.254705942822782 0.915390219449384 1.00870495998813 0.850516610384317 0.128211247402546 0.03222470608104 0.0424458976738917 0.111370352652906 0.186156494227192 0.284424468196548 0.52749182659138 1.21583442531158 1.23260329402539 6.58983533246122 3.50432512374983 1.11934292647154 1.01169931092503 0.111235651975924 0.0581370973056467 0.128679728670302 0.38978865922502 0.864953947414726
0.903320084896682 3.06829735523231 2.67596190092525 4.32887588973084 1.47931298048692 0.661812788327747 1.75888347616558 0.335283194726179 0.260621922227679 0.180594062850692 0.108986922697709 0.0261883271685793 0.0168462369458702 0.0529960096304937 0.187418042082557 0.278429279165356 0.359616951167964 0.744043940672268 0.186011294971157 0.0833834254384888 0.0629189749217141 0.113683100984497 0.284439808788829 1.7956712952252 6.88825050593148 0.971597247393061 0.205931160375246 0.0692783376956569 0.162122910331087 0.296878216472548 0.456506615631606 0.620805964397834 1.0771586302927 1.84631064665984 1.54783037449395 3.91427531443237 9.52446576354045 3.65475024361485 0.867657098520876 0.366953512314076 0.266045172107858 0.301950236952363 1.53483214570257 2.57323432562624
0.455038073648785 1.16123458260411 5.10878057590766 4.36820618040464 2.80487646970449 0.851753845693063 0.583350350927357 0.91045221011852 0.81818427873777 1.38264835561825 0.149609565882929 0.0261647108180529 0.00782997863835645 0.0118719251015173 0.0254034987664491 0.0492775583472885 0.101921412897583 0.109078143306427 0.0896100406439217 0.0352257413662074 0.027719765092165 0.089537600020389 0.6327068881791 0.945695380672375 1.74777729073984 1.08571874586012 0.424961389503933 0.205957490908537 0.302991825450716 1.35981890858447 1.97622406709339 1.78265877357559 0.681431883696743 0.659371183494219 1.83418750289846 4.87762855370949 17.2375937163079 5.31799775296359 2.29161775237201 1.32631212995894 1.33135644257045 0.817844219938127 0.667495699226651 2.39244139195152
0.211122213739949 0.84018756057986 2.02138639099466 6.17228636219276 3.39638676958124 2.30721531495175 2.3493043650303 1.09576878213624 4.09823083946953 0.831074047764152 0.227930336601308 0.0495533704673159 0.00815573130924457 0.00300045341310079 0.00632393425265188 0.0223589054177258 0.077661318570127 0.10768822167783 0.113709206095917 0.07310210635516 0.0518045903222442 0.085735633336926 0.142725694518446 0.273727269089373 0.537927124174865 1.96681309840913 1.23286962542637 0.962596824437266 0.455919328743227 1.17280766686474 5.26197022950746 1.57176066724752 0.498180215650765 0.363462509116331 1.00133707584456 4.2575765008414 11.8636096385228 4.2508190644382 2.02174947579172 1.25454761232858 2.84869507723494 0.386545590651514 0.422559219798631 0.686613771548175
0.188747085586785 0.473633479225323 2.11107695249077 5.83174416943103 10.0286449172522 4.81210450605937 1.10631365898094 1.99789181016064 1.7260460543024 0.979203767870842 0.401943620814914 0.0716842776092727 0.0112166080539145 0.0020755725942088 0.00412426406513409 0.0218360070489424 0.087812424763047 0.362382980255433 0.36697627012918 0.34419640815041 0.211989848202587 0.0900737439571736 0.10207704890091 0.177348684943137 0.492319812563464 1.8480253268306 6.84334185852047 1.15435851591319 0.640829273112653 1.13873919693479 1.19810129155488 1.33510629013142 1.03498765828165 0.234953443022358 0.651544263138529 1.95573043697236 2.31893168499039 2.10641532640087 0.942783174385921 0.658863283415692 0.384341158312209 0.270112858528891 0.160025037918398 0.350393338413477
0.147320331967139 0.47263444503894 1.8026604699279 1.53607413429889 1.87879050667672 2.52959136322469 0.821462936685548 0.446024917477332 0.630950726566375 1.68806954710568 0.37430939533257 0.0821703480692806 0.0123279968119209 0.00209858104508353 0.0033807425366442 0.0171156999846396 0.0814771972109745 0.248901304925237 1.43959768166208 1.5840577639455 0.366237490122785 0.140467729396075 0.342352160754493 0.471127799367425 0.638978564205923 1.21230624092068 1.13513691341607 1.07491660868226 1.13271262112156 1.5191743950157 0.409865312583546 0.279354580771814 0.204047847468891 0.206653398994096 0.640601103489185 1.16272860842416 1.43027439673112 1.6971295123587 2.56438630159228 0.709511061556797 0.428785533296313 0.248217895958427 0.217061950471563 0.240499767292379
0.105422912448456 0.196715491633495 0.310912090225649 0.398786052767446 0.469939261122808 0.424092940986767 0.308700675888647 0.187600786888414 0.334036097316902 0.350597139665296 0.286928715597896 0.0599033967256285 0.0115108048864771 0.0022465947072884 0.00220951334947157 0.0101356639327612 0.0370027201191867 0.187832488571974 0.464119419174123 0.995799357314023 0.36523390982825 0.174117281730541 0.403782697883376 1.57562425051897 0.735183310093043 0.421934543084782 0.381514088112251 1.20084664984957 0.384043890132999 0.304749097689738 0.171794153335458 0.082650789304003 0.0907933761117221 0.233280901701317 0.658228699017367 2.20726212030762 1.34760117819608 0.976183308885981 2.91771913845648 1.38816780551839 0.479338573899063 0.621095887710255 0.439977357648208 0.422408216389112
0.0311591326397855 0.0484370853820561 0.085768195948831 0.955524915826188 0.230080129750802 0.321865202989944 0.300304666478399 0.194877672600187 0.096951942387555 0.0962647687329524 0.0769129734125002 0.0435755236405115 0.0133415085863248 0.00270161757362701 0.00130706691026543 0.00374011513793743 0.0179369703327363 0.0666379052228978 0.211535625433973 0.247793908251366 0.221773838119855 0.172321791593132 0.380148324526179 0.473751361027202 0.453159292397454 0.374004670242104 0.165126170975496 0.11184372818741 0.0962721038221635 0.0726946251074231 0.0913818027398051 0.202440732914254 0.266400140295756 0.376803667217949 0.83782202994202 0.873172132631995 1.28151399590314 2.11773562462147 0.760927096292239 1.08382443259022 0.401481687080212 0.295998269232041 0.780334705993494 1.61338852849864
0.00619577700061939 0.0102761846728392 0.0341156062997603 0.0720469099808741 0.234176147541079 0.6484947769058 0.904214161830894 0.188939155634951 0.0765043637471893 0.0904533632464242 0.0879396789279836 0.0672650362438234 0.0172872666936665 0.00384668505405508 0.00116369870028046 0.00171408075704729 0.00651481221777936 0.0247720808016327 0.0463155800568376 0.0627149039812104 0.069387186076955 0.123721263777683 0.290737036924196 0.175083591297329 0.157060083763155 0.12257852526293 0.081062554142869 0.0310397663343912 0.0203456812954632 0.0361386247924907 0.143845143048005 0.560611922407275 1.57767237450307 0.776763193205801 0.526776291186367 0.526072266626382 0.453790436362332 0.365145585921338 0.323225153779213 0.190752451445576 0.157760098381146 0.161887947806631 0.306499560442471 0.35553139359932
0.00104169562395512 0.0024307232446536 0.0080387775542347 0.0370254498080712 0.181249201357476 0.890404765782886 0.34701423762611 0.258357124172073 0.175007312130591 0.163152772000636 0.257958674668352 0.075194500162242 0.0231225225868598 0.0072271353567979 0.00370824154084427 0.00232939516021599 0.00280319047573825 0.0052540400314261 0.0090959751232299 0.0133595421888676 0.0258597689328555 0.0721250716323751 0.0939641755315338 0.101725408697274 0.071295990789527 0.0585858684172793 0.0383209778764097 0.0214327682778031 0.0134027233777784 0.0361888294461781 0.167513916816859 0.736724854914458 2.98539003955813 0.753469626637273 1.06479492758119 1.26558762340117 0.271664765724927 0.143051898571494 0.0752591785923368 0.0711527953006123 0.0818112204739313 0.0970715496357307 0.0950477113082088 0.0824715297731929
0.00023407538855996 0.000808382910933809 0.00390775202753006 0.0197793439007955 0.0832269800770109 0.147229071665021 0.34599809778195 0.608884770333508 0.622104001961061 0.448878413291867 0.144803930582557 0.077854600200999 0.0339525279461112 0.0273743940297271 0.0192581461667631 0.0106618223601731 0.00345271080185458 0.00200889901712311 0.00203990512645816 0.00366941925386151 0.0113908218694037 0.0306516724387624 0.123790083100688 0.184023847949077 0.25901664773391 0.193355543640077 0.143189325914523 0.0619484985632639 0.0419180769130108 0.0456240644709307 0.131253299809507 0.429858025330224 0.511276984230653 0.566368911150219 0.433891415889577 0.697030470175125 0.400757505712315 0.112083877373592 0.0580775954050234 0.113623901398889 0.221100978714927 0.231857608059714 0.163667958187408 0.0551397017172607
0.000433257167850238 0.00105112287574109 0.00271390290065074 0.00779788043667495 0.0222630155025864 0.0911238681847859 0.37813616169486 1.3448798907239 2.05509389697393 0.487096303189275 0.140170310970344 0.0549000861587746 0.117712307817499 0.127922137882078 0.115538217389329 0.0333205374665297 0.0173033685039371 0.00907161401097436 0.00426668143171109 0.00237732209549292 0.00680171467724794 0.0388257878283231 0.186986281027991 1.21305109419957 0.757361593053767 1.13599526753186 0.36919768906434 0.273663799258164 0.225056556907965 0.0771236283801216 0.0731235138461673 0.100479916695273 0.129420200990542 0.142076709386193 0.222730478585208 0.379735652247172 0.207618349032994 0.0950725544679478 0.0615492783629012 0.175674362754507 0.458908339430051 0.68565562577616 0.291792945877029 0.152061237808371
0.00290983741403157 0.00639203537754314 0.010549596139861 0.0134104160189338 0.022505546081413 0.0861175368220183 0.448664636046109 1.6037788864567 0.970341490274616 0.625316768904117 0.172920957144289 0.0696668529357814 0.15522066188954 0.912027044890536 0.202900119266551 0.144982208299073 0.102208780123105 0.0661177907954035 0.0146304749289939 0.00963962644174447 0.0146899037772992 0.0560357628541769 0.382278598234815 0.886908850945365 2.71432107356258 0.763419276723148 0.547731053364704 1.25244382643039 0.376544518927581 0.155244291313784 0.103922945683535 0.0611084849189831 0.0469244598151099 0.0504937622179571 0.0892943703204956 0.10233228305106 0.0892105696106631 0.0458195370871969 0.059626092482421 0.174462592274446 0.465327736123418 0.646765824172423 1.17012180093115 0.433421741267785
0.0138668715111204 0.0406306522233916 0.0704053912334639 0.0819684994278042 0.0675080901709452 0.0972595090570021 0.347282616100863 1.39852183038868 1.87067945773114 0.895604180855491 0.319484096812318 0.0829425880477249 0.16915367406387 0.46061622945198 0.507701996669881 0.437933132943771 0.567593706775286 0.113845248635753 0.0570815616447306 0.0831007184410156 0.0772519130086852 0.112157057776442 0.335382315019063 2.45734588649107 0.84475607809362 1.3403190145642 0.461495654626755 0.705173286243889 0.404415816347626 0.358484680327438 0.219844622845247 0.155629918612849 0.100284528206967 0.0338185267154691 0.0239955266476866 0.0261781061983822 0.0244186159086248 0.035173790341778 0.10557706883696 0.189388289898879 0.276857696530835 0.561690518700687 2.18688929473386 0.457879051528879
0.0270518318895304 0.163240134942476 0.366345286888393 0.417869333092545 0.289071155210479 0.127063669663385 0.269513478907324 0.834716480702222 2.87912820698915 1.6893245805699 0.334283082171286 0.092453333710738 0.1194842149964 0.426724566532134 1.88125211640436 0.466862044947709 0.3209527825387 0.291280498069696 0.288303637086663 0.211501323146323 0.653265438790098 0.117420265050187 0.250593394552328 0.329091538988671 0.388194006082365 0.25650486919769 0.288337018594561 0.252760152185238 0.303460256719025 0.480571592190817 0.548362819663279 0.584361598962345 0.158736902800713 0.0397593426174012 0.0108814120969908 0.00897722029538307 0.0154335537284561 0.0451421543902017 0.193614104678508 0.860997720245768 0.317829479093854 0.440114320670987 0.422639105147419 0.403383650126847
