Models/Synthetic/Density/temp_raster_dens.asc
NCOLS 101
NROWS 101
XLLCORNER 3302900
YLLCORNER 3112000
CELLSIZE 4386.138614
NODATA_VALUE NaN
[rows 23 to 45 of 101, columns 0 to 51 of 101]
0.0009730586 0.0009485866 0.0009181613 0.000865486 0.0008145877 0.0007551237 0.0006941774 0.0006241851 0.0005665348 0.0004990634 0.0004220698 0.000378481 0.0003043943 0.0002512213 0.0002065878 0.0001742197 0.0001369747 0.0001115049 0.0000910008 0.0000743717 0.0000609938 0.0000502293 0.0000423603 0.0000367051 0.000032772 0.0000301771 0.0000285951 0.000027788 0.00002759 0.0000279021 0.0000286872 0.0000300384 0.0000322293 0.0000363396 0.0000373091 0.0000397398 0.0000427207 0.0000460677 0.0000503615 0.0000552056 0.0000637736 0.000067105 0.0000742647 0.0000819918 0.00008939 0.0000961736 0.0001030524 0.0001109571 0.0001194903 0.00012889 0.0001386237 0.000135086
0.0009312586 0.0009221544 0.0008690053 0.0008369087 0.0007792442 0.0007247281 0.0006691406 0.0006029907 0.0005429012 0.0004747379 0.0004141227 0.0003465559 0.0002918526 0.0002440103 0.0002014709 0.0001654977 0.0001355824 0.0001103884 0.0000905526 0.0000760462 0.0000610065 0.0000504882 0.0000427376 0.0000371323 0.000033252 0.0000307103 0.0000291634 0.0000283534 0.0000281441 0.000028438 0.0000292302 0.0000306395 0.0000329755 0.0000355817 0.000038715 0.0000420937 0.0000444808 0.0000478094 0.0000519735 0.0000573114 0.0000630711 0.0000699246 0.0000774931 0.0000861195 0.0000941073 0.0001013248 0.0001082075 0.0001160446 0.0001281836 0.0001307546 0.0001363678 0.0001424075
0.0008725271 0.0008653347 0.000840412 0.0007993654 0.0007401479 0.0006943129 0.0006298045 0.0005747794 0.0005228416 0.0004581696 0.0003920995 0.0003411458 0.0002785926 0.0002328888 0.0001946512 0.0001662038 0.0001330032 0.0001085992 0.0000972736 0.0000732898 0.0000606114 0.0000504875 0.0000429388 0.0000373532 0.0000335325 0.000031078 0.0000295668 0.000028795 0.0000285938 0.0000288864 0.0000297077 0.0000312052 0.0000334852 0.0000362654 0.0000396027 0.000042999 0.0000460632 0.0000496122 0.0000539998 0.0000591846 0.0000652932 0.0000726062 0.0000811431 0.0000908935 0.0001001758 0.000107901 0.0001140523 0.0001213531 0.0001292319 0.0001356799 0.0001424012 0.0001503844
0.0008288024 0.0008043496 0.0007746783 0.0007491563 0.0006961744 0.0006432968 0.0005876393 0.0005358232 0.0004766966 0.0004189985 0.0003773266 0.0003154908 0.0002745229 0.0002295156 0.0001870416 0.0001565221 0.0001289819 0.0001126202 0.0000865443 0.0000712631 0.0000592387 0.0000500908 0.0000426934 0.0000372618 0.0000335474 0.0000311759 0.0000297828 0.0000290748 0.0000289026 0.0000291841 0.0000300423 0.0000320035 0.0000344406 0.0000376835 0.0000402468 0.0000436061 0.0000474426 0.0000516246 0.0000565579 0.0000617728 0.0000681323 0.0000760935 0.0000851941 0.0000957336 0.0001077014 0.0001140373 0.0001203403 0.0001270476 0.0001342097 0.0001415075 0.0001490718 0.0001584477
0.0007444008 0.0007505684 0.0007076888 0.0006822118 0.000638399 0.000592476 0.0005392293 0.0004865826 0.0004389672 0.0003951527 0.0003378984 0.0002959245 0.0002511312 0.0002169473 0.0001783789 0.0001483774 0.0001232559 0.0001011807 0.0000832917 0.0000688253 0.0000577027 0.000048912 0.0000420557 0.0000368832 0.0000333505 0.0000311789 0.0000299635 0.0000293795 0.00002916 0.0000293777 0.0000302157 0.0000322381 0.0000403991 0.0000378129 0.0000408157 0.0000444995 0.000048987 0.0000539192 0.000058823 0.0000646605 0.0000708132 0.0000791748 0.000092233 0.0000995832 0.0001099203 0.0001196929 0.0001267464 0.000133851 0.0001410014 0.0001485039 0.0001560901 0.000164482
0.0006749683 0.0006662597 0.0006421944 0.000613233 0.0005773151 0.0005346115 0.0004926361 0.0004427966 0.000398484 0.0003530642 0.0003103846 0.0002721333 0.0002366351 0.0002018202 0.0001685117 0.000139828 0.0001163566 0.0000965089 0.0000801172 0.0000665799 0.0000560642 0.0000477445 0.0000412465 0.0000364295 0.0000331421 0.0000312083 0.000030391 0.000029876 0.0000295621 0.0000294599 0.0000302282 0.000032248 0.0000347281 0.0000379121 0.0000412882 0.0000455251 0.0000504501 0.0000561731 0.0000606617 0.0000663012 0.0000733435 0.0000821095 0.0000918468 0.0001025488 0.0001132434 0.0001240413 0.0001338957 0.0001418806 0.0001493783 0.0001572778 0.0001644587 0.0001721764
0.0005925766 0.0006007342 0.0005858935 0.0005533428 0.0005189005 0.0004811248 0.0004452203 0.0004004694 0.0003594013 0.0003257582 0.0002810798 0.0002457579 0.0002139071 0.0001835909 0.0001556201 0.0001303766 0.0001092026 0.0000949104 0.0000769335 0.0000645858 0.0000548441 0.0000468806 0.0000408045 0.0000362619 0.0000331051 0.0000313513 0.0000306202 0.0000305764 0.0000296251 0.000029414 0.0000301129 0.0000317352 0.0000342185 0.0000375736 0.0000417594 0.000046491 0.0000520231 0.0000574447 0.0000627065 0.0000684333 0.0000756979 0.0000843569 0.0000944441 0.0001054859 0.0001171834 0.0001293068 0.0001410076 0.0001494032 0.0001634454 0.0001663561 0.0001780292 0.0001808081
0.0005188167 0.0005167476 0.0005098165 0.0004889814 0.000466104 0.0004303833 0.0004118183 0.0003650196 0.0003255362 0.0002963839 0.0002546204 0.0002234318 0.0001963303 0.0001681661 0.0001434007 0.000121046 0.0001024089 0.0000863529 0.0000734712 0.0000630843 0.0000534586 0.0000467048 0.0000418093 0.0000375091 0.0000338152 0.000031276 0.0000306115 0.000029861 0.0000293438 0.0000291507 0.0000298818 0.0000314857 0.0000339474 0.0000373975 0.0000421294 0.000047543 0.000053137 0.0000600368 0.0000681816 0.0000701502 0.0000774681 0.0000868339 0.0000973395 0.0001090276 0.0001217462 0.0001350668 0.0001475593 0.00015617 0.0001649135 0.0001733143 0.000183648 0.0001887621
0.0004482406 0.0004506429 0.0004526493 0.0004343537 0.0004041038 0.0003856908 0.0003822425 0.0003228302 0.0002960882 0.0002681703 0.0002395552 0.000212615 0.0001870082 0.0001625949 0.0001329125 0.0001209192 0.0000957806 0.000081304 0.0000696306 0.0000598196 0.0000517726 0.0000457691 0.0000486864 0.0000458963 0.0000337339 0.0000310903 0.0000299485 0.0000292546 0.0000287697 0.0000288154 0.0000295863 0.0000311545 0.0000335721 0.0000370132 0.0000418271 0.0000485953 0.0000535396 0.0000615198 0.0000654678 0.0000711048 0.0000790983 0.0000892451 0.0001006711 0.0001131048 0.0001259281 0.0001423248 0.0001564529 0.0001674719 0.0001692397 0.0001849419 0.0001882864 0.0001985092
0.0003895695 0.0003887328 0.0003792028 0.00036604 0.0003525185 0.0003445502 0.0003126014 0.0002847184 0.0002635745 0.0002349077 0.0002172142 0.0001966242 0.0001653553 0.0001442367 0.0001259147 0.0001066311 0.0000908428 0.0000773555 0.000066569 0.0000574598 0.0000500012 0.0000444238 0.0000404475 0.0000367411 0.0000333901 0.0000309401 0.0000297678 0.0000293814 0.0000288328 0.0000288921 0.0000292515 0.0000307618 0.0000331223 0.0000364973 0.0000411719 0.0000465968 0.0000529303 0.000060782 0.0000645602 0.0000714548 0.0000801974 0.0000918107 0.000107315 0.0001168028 0.0001312817 0.0001417728 0.0001539941 0.0001644514 0.0001745418 0.0001851099 0.0001963268 0.000212158
0.0003437893 0.0003333265 0.0003255649 0.000319793 0.0002984593 0.0002832756 0.0002655108 0.0002477407 0.0002404639 0.0002147586 0.0001957406 0.0001709825 0.0001570359 0.0001338898 0.0001179487 0.0001020362 0.0000869017 0.0000741051 0.000064209 0.000063693 0.0000485225 0.0000425947 0.0000381043 0.0000347203 0.00003245 0.0000309749 0.0000302008 0.0000292738 0.0000326072 0.0000286387 0.0000289361 0.0000303768 0.0000326792 0.0000360182 0.0000405799 0.0000460579 0.0000526042 0.0000580935 0.0000642878 0.0000717457 0.0000850712 0.0000919875 0.0001069689 0.0001171536 0.0001298378 0.0001434976 0.0001564298 0.0001685996 0.0001802379 0.0001919532 0.0002082097 0.0002157047
0.0002796026 0.0002790874 0.0002732413 0.0002635384 0.0002537824 0.0002424801 0.0002295272 0.0002155979 0.0002029043 0.0001869964 0.00017275 0.0001556417 0.0001367574 0.0001245658 0.0001087682 0.0001041116 0.0000820466 0.0000707571 0.0000630273 0.0000547104 0.0000479235 0.0000417682 0.0000373066 0.000034146 0.0000325405 0.0000315591 0.0000301271 0.0000290966 0.0000283885 0.0000283636 0.0000289074 0.0000303153 0.0000325602 0.0000356042 0.0000404989 0.0000465481 0.0000520094 0.0000582175 0.0000729014 0.0000727727 0.000081177 0.0000918494 0.0001038093 0.000117015 0.0001319334 0.0001474783 0.0001621612 0.0001836467 0.000185462 0.0001985041 0.0002144996 0.0002209906
0.0002401208 0.0002422579 0.0002299448 0.0002225742 0.0002154773 0.0002061217 0.0001966173 0.0001877085 0.0001760274 0.0001711693 0.0001496978 0.0001360326 0.0001227811 0.0001102047 0.0001005149 0.0000869642 0.0000765431 0.0000670983 0.0000595856 0.000056804 0.0000469841 0.000041474 0.0000372756 0.0000342624 0.0000323374 0.0000359028 0.0000297664 0.0000283216 0.0000277239 0.0000277128 0.0000286637 0.0000371184 0.0000322332 0.0000351938 0.000040017 0.0000469683 0.0000515364 0.0000585644 0.0000715154 0.0000749054 0.0000810922 0.0000913325 0.0001036684 0.00011883 0.000133378 0.0001599777 0.0001709666 0.0001767445 0.0001899031 0.0002026088 0.0002148592 0.0002259526
0.0002047201 0.0002048681 0.0001937298 0.0001874787 0.0001813114 0.0001748704 0.0001698963 0.0001615171 0.0001590048 0.0001420953 0.0001307483 0.0001197611 0.0001176324 0.0000989762 0.0000882317 0.0000791398 0.0000707976 0.0000633221 0.0000570318 0.0000507594 0.0000454443 0.0000407711 0.0000394067 0.0000340477 0.0000320407 0.000030589 0.0000296369 0.000028315 0.0000277353 0.000027542 0.0000285039 0.0000298934 0.0000320114 0.0000347789 0.0000391779 0.0000447089 0.0000508122 0.0000576807 0.0000647694 0.0000725555 0.0000811305 0.0000914541 0.0001039288 0.0001178395 0.0001446103 0.0001492814 0.0001634704 0.0001769382 0.000191506 0.0002063422 0.0002194006 0.0002290612
0.0001690838 0.0001679024 0.0001630515 0.0001579927 0.0001529519 0.0001492478 0.0001448494 0.0001442746 0.000131364 0.0001227115 0.0001136994 0.0001060277 0.0000974716 0.0000891478 0.0000807102 0.0000730605 0.0000663788 0.0000653073 0.0000539641 0.0000491489 0.000044469 0.0000406741 0.0000365 0.0000338259 0.000031644 0.000030204 0.0000293127 0.0000362888 0.0000277478 0.0000275282 0.0000282352 0.0000296666 0.0000317912 0.0000346077 0.0000383823 0.0000435006 0.0000517973 0.0000561118 0.0000643169 0.0000712668 0.0000806202 0.000091644 0.0001037488 0.0001250974 0.0001310293 0.000146727 0.0001600553 0.0001752241 0.0001922551 0.0002246687 0.000221798 0.0002312055
0.0001439702 0.0001410561 0.0001424846 0.0001335427 0.0001299616 0.0001274502 0.0001337157 0.0001195346 0.0001136482 0.0001069542 0.0001006758 0.0000936564 0.0000869018 0.0000807988 0.0000748677 0.0000697605 0.0000628212 0.0000567944 0.0000515095 0.0000473355 0.0000507602 0.0000398578 0.000035936 0.0000419682 0.0000314883 0.0000303266 0.0000295517 0.000028608 0.0000279685 0.0000276054 0.0000283596 0.0000300958 0.0000322333 0.0000351851 0.0000383751 0.0000434613 0.0000486171 0.0000556591 0.0000622921 0.0000706983 0.0000799815 0.0000914746 0.0001040461 0.0001157209 0.0001289381 0.0001426828 0.0001582443 0.0001759187 0.0001918245 0.0002082642 0.0002199972 0.000230685
0.0001213055 0.0001210056 0.0001160253 0.0001221279 0.0001110757 0.0001181743 0.0001068941 0.0001036821 0.0000993509 0.0001006464 0.0000898729 0.0000842941 0.0000789896 0.0000744693 0.0000729248 0.0000657186 0.0000600485 0.0000542192 0.0000489416 0.0000455421 0.0000422833 0.0000428733 0.0000352776 0.0000326524 0.000031223 0.0000301427 0.0000293576 0.0000288181 0.0000278872 0.0000277515 0.0000285614 0.0000303526 0.0000333242 0.0000352164 0.0000399113 0.0000425355 0.000050923 0.0000539534 0.0000631883 0.0000694291 0.0000790042 0.0000902092 0.000102331 0.0001238401 0.0001273323 0.0001404468 0.0001555561 0.0001814006 0.0001914949 0.0002034947 0.0002157529 0.0002295102
0.0000991264 0.0000989753 0.0000976839 0.000095912 0.0000951331 0.0000938846 0.0000919605 0.0000903282 0.0000913408 0.0000850833 0.0000807202 0.0000766211 0.0000724678 0.000068881 0.000066727 0.0000629537 0.000058463 0.0000517635 0.0000469537 0.0000430728 0.0000401641 0.0000371594 0.0000345696 0.0000321477 0.0000307562 0.0000298618 0.0000292571 0.0000286188 0.0000280537 0.0000279218 0.0000287981 0.0000304816 0.0000323509 0.0000347976 0.000037832 0.0000420847 0.0000466618 0.0000527648 0.0000597184 0.0000684318 0.0000777831 0.0000885116 0.0001003416 0.0001133358 0.000127091 0.0001371272 0.0001511711 0.0001733481 0.0001867189 0.0001984669 0.0002120372 0.0002254157
0.0000819586 0.0000825449 0.0000826246 0.0000821097 0.0000819103 0.000083977 0.0000799347 0.0000793401 0.0000799321 0.0000759969 0.0000727443 0.0000699227 0.0000667374 0.0000634711 0.0000607051 0.0000620814 0.0000537118 0.0000492195 0.0000451373 0.0000417777 0.0000387469 0.0000360382 0.0000337026 0.0000318611 0.0000305044 0.0000296778 0.0000296634 0.0000292107 0.0000287194 0.0000281155 0.0000288238 0.0000304156 0.0000315741 0.0000335222 0.0000366895 0.0000418885 0.00004525 0.0000508591 0.0000581609 0.0000669241 0.0000769026 0.0000865698 0.000097917 0.0001100291 0.0001218676 0.0001331728 0.000146176 0.0001611756 0.000178121 0.0001989295 0.0002074271 0.0002215986
0.0000700815 0.0000708295 0.0000710827 0.0000782239 0.0000713789 0.0000706713 0.0000702212 0.0000700336 0.0000695634 0.0000685094 0.0000664175 0.0000643442 0.0000616948 0.0000588207 0.0000561665 0.0000530977 0.0000500175 0.0000466032 0.0000437516 0.0000409578 0.0000382483 0.0000356917 0.0000335074 0.0000317624 0.0000304553 0.0000296774 0.0000297479 0.0000324168 0.0000289709 0.000028336 0.0000287584 0.0000296255 0.0000308285 0.0000326191 0.0000356884 0.0000394212 0.0000440906 0.0000499803 0.0000575515 0.0000660776 0.000075014 0.0000839826 0.0000949112 0.0001079156 0.0001178105 0.0001359337 0.0001408211 0.0001546531 0.0001701735 0.0001877938 0.0002013201 0.0002187428
0.0000664526 0.0000621908 0.0000627458 0.0000631971 0.0000627944 0.0000624958 0.00006231 0.000062426 0.0000666409 0.0000625678 0.0000605701 0.0000591283 0.0000573392 0.0000549891 0.0000525512 0.0000497321 0.0000471763 0.0000448193 0.0000427113 0.0000405121 0.0000380409 0.0000356445 0.0000335659 0.0000319062 0.0000306441 0.0000298148 0.0000298055 0.0000294211 0.0000290872 0.0000284167 0.0000287301 0.0000291523 0.0000301293 0.0000318835 0.0000345424 0.0000381819 0.000042802 0.0000489259 0.0000625393 0.0000686288 0.0000720997 0.0000805628 0.0000908135 0.000105758 0.0001168714 0.00012433 0.0001381235 0.0001489912 0.0001677872 0.0001825592 0.0001904013 0.0002043904
0.0000537751 0.0000553381 0.0000585571 0.0000560387 0.0000560972 0.0000563245 0.0000564803 0.0000564314 0.0000563156 0.0000559995 0.000055129 0.0000542363 0.0000530116 0.0000520875 0.0000499632 0.0000565402 0.0000451351 0.0000434397 0.0000419848 0.0000401683 0.0000379782 0.0000357392 0.0000337941 0.0000322419 0.0000310949 0.0000302695 0.0000296128 0.0000290852 0.0000286778 0.0000288155 0.000028864 0.000029191 0.0000297302 0.0000313216 0.0000338478 0.0000373601 0.0000422152 0.0000481554 0.0000550623 0.0000620377 0.000077961 0.0000768997 0.0000861242 0.0000962668 0.0001067567 0.0001184863 0.000132347 0.0001425722 0.0001563319 0.0001674221 0.0001801872 0.0002028387
0.0000472657 0.0000484141 0.000049376 0.0000502498 0.0000508485 0.0000510232 0.0000510601 0.0000509902 0.0000510653 0.0000508316 0.0000504456 0.0000495644 0.0000489067 0.0000483221 0.0000536875 0.0000451051 0.0000431469 0.0000424058 0.0000416077 0.0000401461 0.0000378836 0.0000358811 0.0000341164 0.0000327126 0.0000317054 0.0000313069 0.0000309816 0.0000302715 0.0000295984 0.0000291947 0.0000300636 0.0000291635 0.000029594 0.0000310248 0.0000333907 0.0000367636 0.000041436 0.0000483252 0.0000527453 0.0000590469 0.0000657881 0.0000732789 0.0000890141 0.0000899067 0.0000997039 0.0001115881 0.0001224675 0.0001346937 0.0001553674 0.0001586921 0.0001710329 0.0001933155
