Models/Synthetic/Density/temp_raster_pop.asc
NCOLS 501
NROWS 301
XLLCORNER 3551300
YLLCORNER 2778253.213573
CELLSIZE 833.932136
NODATA_VALUE NaN
[rows 253 to 275 of 301, columns 416 to 467 of 501]
0.5964493417 0.4059232939 0.239850401 0.1262279409 0.051050212 0.0171589532 0.0047935731 0.0011759745 0.0002756082 0.0000807989 0.0000479589 0.000064354 0.0001552109 0.0004838618 0.0015340789 0.0044737704 0.0113309324 0.023778364 0.0366526105 0.0430191352 0.0367613864 0.0239863905 0.011611659 0.0047819856 0.0018289027 0.0008923057 0.0022491109 0.0154042381 0.067612392 0.2837512862 0.0675725057 0.0152956285 0.0019957565 0.0002877083 0.0002621069 0.0006142404 0.0014894067 0.0037993175 0.0099868716 0.0249308771 0.0542411144 0.1001057048 0.1524062913 0.1980544426 0.1899146973 0.1428442611 0.0755511374 0.0403855046 0.0369484392 0.0641764547 0.1210466482 0.1705736271
0.6836241219 0.4606966934 0.2934977846 0.1428589678 0.0584102082 0.0190841515 0.0053270637 0.0013454151 0.0003714217 0.0001632428 0.0001221936 0.0001171658 0.0001487464 0.000300927 0.0008076305 0.0021670497 0.0050803945 0.009391626 0.0137066243 0.0154928153 0.0137935148 0.0095536126 0.0052927828 0.0023945113 0.0010217463 0.0006123002 0.0018990935 0.0113293805 0.0595892504 0.0675904472 0.0595428221 0.0112224249 0.0016931398 0.0002003971 0.0001032473 0.0002538693 0.0007334518 0.0021478947 0.005953689 0.0146304515 0.030836837 0.0544571768 0.0816196591 0.0988648353 0.0975926307 0.0753476484 0.0484582754 0.0303099479 0.0313425781 0.0532395488 0.0900141833 0.1309644674
0.5963610611 0.4113859858 0.2426712633 0.1274746841 0.0518296263 0.0177863556 0.0052965712 0.00157603 0.0006390677 0.0004524553 0.0004303769 0.000414268 0.0003808475 0.0003709595 0.0004915224 0.0009226513 0.0017953994 0.0030301946 0.0041927637 0.0047597821 0.0044497683 0.0035096628 0.0024217597 0.0015808849 0.0010597517 0.0008372699 0.0014222968 0.0061164513 0.0113926787 0.015371445 0.0112532824 0.0058173769 0.0009331703 0.0001209066 0.000045092 0.0001181456 0.0003824874 0.0011700023 0.003199717 0.0075888129 0.0153023382 0.0263154424 0.0380968422 0.046535764 0.0475385292 0.0412222638 0.031532562 0.0251914264 0.0279864245 0.043420176 0.0710129192 0.1028375519
0.4059096751 0.2827766014 0.1685199445 0.087501852 0.0406358901 0.0163298372 0.0061830169 0.0025034778 0.0014197136 0.0013888332 0.0015868055 0.0017106821 0.0016285647 0.001306336 0.0009148266 0.000660815 0.0006949175 0.0009853806 0.0014210982 0.0018779946 0.002292679 0.002633829 0.0028635118 0.0029095846 0.0027101214 0.0023039187 0.002007295 0.0019914717 0.0022737814 0.0022474102 0.0017967541 0.0009656494 0.0003603263 0.000055864 0.0000220293 0.0000593611 0.0001971799 0.0005964153 0.0015889384 0.0036766803 0.0074111989 0.0130401225 0.0201098283 0.0270800402 0.0315758975 0.0319454523 0.029096887 0.0269176172 0.0305262916 0.043907355 0.0681919688 0.0994838693
0.2249058822 0.1737913179 0.1135769026 0.0697195558 0.043051457 0.024614121 0.01233069 0.0046691219 0.0033017933 0.0040209997 0.0054377227 0.0068910057 0.0070438556 0.0057055067 0.0033646321 0.001533297 0.0006556772 0.000706679 0.0012933049 0.0023771539 0.0039656901 0.0058811649 0.0076792704 0.0087689857 0.0087108386 0.0074930201 0.0055663433 0.0035797369 0.0020161098 0.0010223601 0.0004783403 0.0002072414 0.000076556 0.0000244544 0.0000133395 0.0000325923 0.0001019113 0.0003006617 0.0008032985 0.0019380418 0.0042368691 0.0083866681 0.0148514216 0.0229928947 0.0304669035 0.0339900073 0.0337273074 0.0363973028 0.0450717045 0.0627898543 0.0848074518 0.1106904258
0.1514403526 0.1419364881 0.1211479676 0.0984706195 0.0834877305 0.0646835617 0.0203912875 0.0084222223 0.0069869865 0.0092445843 0.0159994337 0.0229673309 0.0265579099 0.0201601618 0.0110804444 0.0033739056 0.001122147 0.001167091 0.002504498 0.0052554791 0.0097098213 0.0156290229 0.0218122758 0.026253527 0.0270268425 0.0236011781 0.0172815245 0.010509322 0.005241776 0.0021456579 0.0007276905 0.0002181569 0.0000620646 0.0000216828 0.0000170326 0.0000289074 0.0000673723 0.0001786151 0.0004861113 0.0012764458 0.0031181539 0.0068855727 0.0133620059 0.0222281825 0.0309333586 0.0361281355 0.0373931217 0.045953009 0.1019698015 0.1267656452 0.1464017143 0.1293448507
0.1030910988 0.2586432328 0.1536050703 0.1456124854 0.2375185478 0.0753793352 0.0273705737 0.0130015092 0.0128742581 0.017308413 0.029761761 0.062043186 0.0686953297 0.0564298776 0.0199082859 0.0056344552 0.0017696753 0.0020858063 0.0048946367 0.0109859314 0.0216440178 0.0374082899 0.0562767878 0.0724611621 0.078425504 0.0697659833 0.0502827035 0.0286832612 0.0129297454 0.0045730601 0.0013954018 0.0003825049 0.0001058075 0.0000462076 0.0000459543 0.0000635628 0.0000962103 0.0001733935 0.0003940235 0.0010109634 0.0025468845 0.0058122869 0.0115407524 0.0194150898 0.0273573401 0.0323407312 0.0355271822 0.0504522698 0.114203851 0.3901504718 0.1641520898 0.1408522874
0.0713718035 0.0856037238 0.131763779 0.6243909357 0.1236921665 0.0679006213 0.0253679918 0.0177956545 0.0203396148 0.0263439621 0.0422329664 0.0771148939 0.1448223778 0.0677199859 0.0256860972 0.0067529699 0.0023497149 0.003322248 0.0083861455 0.0198540002 0.0414493488 0.0766403832 0.1272334769 0.1806848726 0.2087235869 0.1894660429 0.1298233282 0.0670105146 0.0251638814 0.0080751327 0.002286888 0.0006038141 0.0001820486 0.0001153559 0.0001463211 0.0002025708 0.0002612425 0.0003305021 0.0004814171 0.0009147767 0.0020386262 0.0044539238 0.0086386871 0.0143090784 0.019941902 0.0241336884 0.0283736553 0.0428196324 0.1059517868 0.136403544 0.156433962 0.1377336351
0.0191982272 0.0274035831 0.0724865236 0.0764181001 0.0736464375 0.0266167175 0.0211881062 0.0217163486 0.0274666936 0.03366883 0.044264665 0.0722797558 0.0746200367 0.0593054024 0.0211401645 0.0062611133 0.0026564274 0.0046325023 0.0123935808 0.0308865506 0.0675499959 0.1318616421 0.2370645691 0.3885836728 0.4868945767 0.4377725019 0.2744072002 0.1121437895 0.0389140361 0.0116268149 0.0031652952 0.0008354232 0.0003072076 0.0002922295 0.0004381036 0.0006289228 0.0007936936 0.0008897902 0.0009454328 0.001112991 0.0016950376 0.0030836887 0.0055343126 0.0088048075 0.012181523 0.015219582 0.0194259997 0.0308116191 0.0494348429 0.0738652576 0.093482681 0.1122451766
0.0073180817 0.0081602907 0.0103791638 0.0132101224 0.0136674792 0.0151251168 0.0184701229 0.0254165845 0.0324110135 0.0370682474 0.0401638135 0.0400501236 0.0364840943 0.0250151227 0.0131763781 0.004452183 0.0026720944 0.005646944 0.0157682335 0.0408731001 0.0953188255 0.190778911 0.3525985154 0.6259837084 0.9020771041 0.7606005591 0.3574410996 0.1436103227 0.0470047172 0.0137972766 0.003716223 0.0010302986 0.000518901 0.0006963614 0.0011630885 0.0017350531 0.0022163012 0.0024244941 0.0023094611 0.0020229883 0.0018802869 0.0022126452 0.0031806011 0.0046648962 0.0063854951 0.0083919779 0.011760968 0.0184046848 0.0299875394 0.0455060442 0.0614816081 0.0779738727
0.007746875 0.004940853 0.0055231866 0.0082490706 0.012725109 0.0187947614 0.0261170978 0.0334544614 0.0385427999 0.0390174527 0.0345046161 0.0269198143 0.0186020307 0.011354094 0.0058004584 0.0027740033 0.0024555978 0.0060164597 0.0172094882 0.0459096898 0.1109412165 0.2435557233 0.422948519 0.6977182422 1.0575346388 0.6547793532 0.3489330019 0.1347815872 0.0456121107 0.0135445062 0.0037383222 0.0011607151 0.0008612974 0.0014784635 0.0026654527 0.0041375039 0.0053958887 0.0059088558 0.00544689 0.0042871977 0.003016286 0.0021694524 0.0019562937 0.0022864932 0.0029968769 0.0041767987 0.0064176113 0.0107262051 0.0178096455 0.0270149126 0.0369012293 0.049026206
0.0120568142 0.0087142297 0.0119369338 0.0198838457 0.0315390785 0.0448027173 0.056466069 0.0622996616 0.0601893057 0.0506465542 0.0373425936 0.0241434402 0.01381961 0.0070291217 0.0032649347 0.001703642 0.0021087054 0.0055934363 0.0160868181 0.0430858118 0.1067604103 0.2295498967 0.4445483744 0.5508326027 0.5524226056 0.4472140772 0.2276081805 0.1001983132 0.0355499731 0.011173209 0.0032620817 0.0012310058 0.0013457807 0.0027018837 0.0051800969 0.008361812 0.011188721 0.0123302936 0.0112175438 0.0085244203 0.0055100113 0.0032319691 0.001854989 0.0013296171 0.0013535388 0.0019348823 0.003217625 0.0056122935 0.0093153985 0.0139968188 0.019553669 0.0302479873
0.0179579992 0.0182046248 0.0311354834 0.0551934043 0.0873762559 0.1231214046 0.1484338442 0.1526354338 0.129186009 0.0922053506 0.0554683096 0.0298657317 0.0144061569 0.0062586598 0.0025398666 0.0012654942 0.0016838253 0.0045342267 0.0128288366 0.0337385781 0.0802422156 0.171118291 0.2537465185 0.3008962654 0.2749518292 0.2072622656 0.1263387684 0.0583457735 0.0232026391 0.0078669328 0.0025414238 0.001268264 0.0019046694 0.0041933138 0.0083924823 0.0140996375 0.019324447 0.0215336859 0.019356465 0.0143377736 0.0260022081 0.0219941726 0.0194719382 0.0011145101 0.0006784531 0.000866194 0.0014698498 0.0025817044 0.004225533 0.0063041261 0.0093398708 0.0177033409
0.0253879988 0.037908511 0.0790995643 0.1477552956 0.2386367025 0.3277824914 0.3958756973 0.3813779606 0.300775964 0.1821260292 0.0956563767 0.0445830927 0.0185842453 0.0069841095 0.0024646574 0.0010632216 0.0012596409 0.003217443 0.0087388594 0.0217692431 0.0485022766 0.0848687818 0.1198373446 0.1338233556 0.12295294 0.0926907525 0.0583310822 0.0304421751 0.0131431272 0.0050258136 0.0019186086 0.0013219144 0.0024025611 0.0055060845 0.0113064986 0.0194445242 0.0273895609 0.0306717726 0.0274731761 0.0198476816 0.0291537967 0.861947728 0.0200885264 0.0012176559 0.0004597348 0.0004200202 0.0006442968 0.0010855264 0.0017173136 0.0025462607 0.0040798788 0.0088235753
0.0355216091 0.0749913182 0.17619505 0.3656661445 0.6157955575 0.8755790354 0.9833884411 0.9145466795 0.5994570097 0.3273843037 0.1563844575 0.0663893892 0.0250608665 0.0085024485 0.0027016174 0.0010169018 0.0009543511 0.0020819885 0.0051551348 0.0117994717 0.0228929117 0.0370804505 0.0494792597 0.054948118 0.0509218058 0.0398591372 0.0265204603 0.015226316 0.0077006248 0.0035901143 0.0017924637 0.0015104855 0.0027405135 0.006180899 0.0126911235 0.0220180398 0.0311477012 0.0354241768 0.0314010563 0.0226013429 0.0306255241 0.024159725 0.0202850353 0.0012582541 0.000464585 0.0003350694 0.0004229927 0.0006105206 0.0008403979 0.0011232318 0.0017338244 0.0036999948
0.0491032742 0.1300943803 0.3631418184 0.7473284397 1.3238556904 2.3053386047 2.4588692832 1.704351556 1.0134339149 0.5126027463 0.2264356067 0.0891414248 0.0315470819 0.0101001149 0.0031144195 0.0012168551 0.001000323 0.00154917 0.0029600472 0.0056575141 0.0098321416 0.0148576844 0.0192901347 0.0215535477 0.0209834448 0.0181425142 0.0142568483 0.0103784575 0.0070278651 0.0044278656 0.0027214829 0.0021317208 0.0030383776 0.0061406078 0.0121646194 0.0207282056 0.0291989586 0.0329244107 0.0298966409 0.021909222 0.0133996838 0.0070697829 0.0032483429 0.0013909508 0.000670523 0.0006243063 0.0008423453 0.0011083145 0.0012637168 0.0012635116 0.001255269 0.0015587496
0.0659884849 0.1934053909 0.5501337452 1.4691147837 2.8104183274 2.8466822404 3.5231961059 2.6503218065 1.5295508651 0.7251564953 0.2844877713 0.1052001129 0.0355095754 0.0111293456 0.0037190364 0.0019862059 0.0019062682 0.0022084371 0.0026399916 0.0033281044 0.0044325075 0.0059036197 0.0074987744 0.0090743628 0.0108069232 0.0127021047 0.0141886728 0.0140863075 0.0119975448 0.0086328411 0.0055593907 0.0038045882 0.0038525548 0.0059997721 0.0106232358 0.0173271924 0.0238953724 0.0272847362 0.0255731525 0.0198707603 0.0129186902 0.0072001754 0.0035458069 0.0017203541 0.0012151245 0.0016105919 0.0025305178 0.0034503299 0.0038490028 0.003473994 0.0025958317 0.0018016757
0.0853061456 0.2615027944 0.7036135765 1.5123443009 2.5193246785 3.8557871529 4.868295628 3.5744681102 2.4359990829 0.8376959223 0.3102747838 0.1088251132 0.0355386825 0.0113584834 0.0048009828 0.0040364871 0.0047233833 0.0051975689 0.0049331985 0.0041496688 0.0033772447 0.0030922404 0.0036156385 0.0054634841 0.0094835276 0.0160482486 0.0226473484 0.025806341 0.0230929458 0.0170945295 0.0111984106 0.0077403463 0.0064319363 0.0070365469 0.0098147988 0.0146408709 0.0200705649 0.0236633655 0.0235387706 0.0196893865 0.0139137611 0.0084040137 0.0045021218 0.0025059015 0.0022995333 0.0038621113 0.0067417591 0.0097371454 0.010958148 0.0096747415 0.0066131168 0.0036842083
0.100798518 0.3407284705 0.8804835232 1.6384989112 2.8116695045 5.0502568766 5.3193195343 3.5436333267 1.9326037656 0.8196171702 0.2928446673 0.0994516412 0.0319380255 0.0110187921 0.0067990582 0.0083086767 0.0110007538 0.0122519793 0.0111179897 0.0082155471 0.0051740849 0.0032093368 0.0029787878 0.00517129 0.0112001054 0.0218932461 0.0348776687 0.0409412929 0.0377886112 0.0281091772 0.0205012954 0.0158410735 0.0127784291 0.0107735343 0.0110836659 0.0144419185 0.0198739638 0.0246085224 0.0259408864 0.0229041723 0.017021363 0.0108297684 0.0062604456 0.0039647003 0.0041881627 0.0075577526 0.0145197447 0.0218839951 0.0253865828 0.0216248467 0.0139889453 0.0067537603
0.1031100441 0.3881103412 1.0979768271 2.0786041972 2.710869581 4.4796213863 4.1981824172 3.2628190635 1.5389877437 0.655564294 0.243078009 0.0822576349 0.0263182188 0.0104912457 0.0096880906 0.0150987922 0.0214710112 0.0245805008 0.0219725189 0.0157305431 0.0092491396 0.0051638241 0.0039070453 0.0058816166 0.0124916743 0.0250700877 0.0402918855 0.0508534801 0.046100684 0.0384367983 0.0330861899 0.0297290939 0.0241441939 0.0178340654 0.0142831755 0.0162565721 0.0222257084 0.0285314942 0.0310467401 0.0282170742 0.0216051211 0.0146390793 0.0095565896 0.0070736781 0.0076020425 0.0125976239 0.0235209144 0.0384492983 0.0441046326 0.0375517612 0.0217113047 0.0099567681
0.0861557042 0.326138494 1.1246470366 1.8096588426 2.0198802911 2.3768498917 2.4959564431 1.8545685503 1.0829432532 0.4820806307 0.1917171601 0.0639330474 0.0205335873 0.0099292498 0.0127109665 0.022399685 0.0342438012 0.039881633 0.0363440798 0.0258822309 0.0160323314 0.0096559998 0.0069044561 0.0075805008 0.0126238936 0.0227592543 0.0358058201 0.043216343 0.0441094861 0.0425885117 0.046002233 0.0457067241 0.0381785208 0.0252342704 0.0179636857 0.0187328896 0.025204911 0.0324849345 0.035900153 0.0333005516 0.0271681723 0.0210215714 0.0168845281 0.0148868108 0.0152098555 0.0197411062 0.0313457129 0.0472071153 0.0583052891 0.0443866298 0.0256573069 0.011512177
0.0570303096 0.2018401749 0.4406778506 0.777483473 1.0584024348 1.2830872369 1.7228432882 1.0530261584 0.6824438478 0.3936518033 0.1502423205 0.0491723966 0.0155998934 0.0092772723 0.0147148098 0.0277249331 0.0434560223 0.0541570967 0.0507146647 0.0401744585 0.0289557593 0.0207620077 0.0155943603 0.0131581194 0.0139611279 0.0184608263 0.024502062 0.0295186694 0.0329457302 0.0392998019 0.0487577585 0.0553453212 0.0436572061 0.0289018253 0.0203528219 0.0216615301 0.029247893 0.0370454672 0.0404037033 0.0388091308 0.035595537 0.0340684282 0.0344930093 0.0348512903 0.0341166483 0.0342554284 0.0386576971 0.0474938317 0.0487286704 0.0396030822 0.0225840797 0.0107102166
0.0302005863 0.0779815836 0.1783401041 0.3383264372 0.5642143578 0.5988637989 0.6384923449 0.633346528 0.636889169 0.2984189851 0.1196057604 0.0365925956 0.0117001204 0.0085361486 0.015513084 0.030127729 0.0494004639 0.0647285152 0.0709342621 0.0673115695 0.059433817 0.0499279699 0.0399077474 0.0302868485 0.0226426922 0.0182028853 0.0169585069 0.0180190363 0.0218151998 0.0296054338 0.0403883071 0.0439207303 0.0378809582 0.0258666895 0.0207146928 0.0262060909 0.0374710217 0.0474971461 0.0500069827 0.0495240114 0.0516716734 0.0611733096 0.0732364005 0.0808628207 0.0786511022 0.0683383391 0.056199814 0.0459547219 0.0371499257 0.0266357711 0.0160680037 0.0082951233
