Models/Synthetic/Density/temp_raster_pop.asc
NCOLS 101
NROWS 101
XLLCORNER 3302900
YLLCORNER 3112000
CELLSIZE 4386.138614
NODATA_VALUE NaN
[rows 23 to 45 of 101, columns 0 to 51 of 101]
97.3058574401 94.8586574066 91.816129885 86.5486011327 81.4587736578 75.51237229 69.4177449599 62.4185085144 56.6534835269 49.9063447704 42.2069795318 37.8481040318 30.4394339233 25.1221294707 20.6587817742 17.4219678736 13.6974716076 11.1504930168 9.1000845925 7.4371740421 6.0993808796 5.0229348445 4.2360251035 3.6705089255 3.2772004613 3.0177130046 2.8595079388 2.7787951701 2.7589962394 2.7902095349 2.868715426 3.0038389257 3.2229344773 3.6339638169 3.7309142755 3.9739778349 4.272072867 4.6067702241 5.0361498731 5.5205646019 6.377358783 6.7105012043 7.426466899 8.1991799395 8.9390028139 9.6173641253 10.3052352399 11.0957120065 11.9490303302 12.8889972798 13.8623738425 13.5086004559
93.1258601161 92.2154357071 86.9005293766 83.6908666178 77.924418727 72.4728094196 66.9140585004 60.2990650266 54.2901190826 47.4737878674 41.4122707305 34.655585321 29.1852589307 24.4010310551 20.1470901032 16.5497747174 13.5582390239 11.0388389315 9.0552578064 7.6046248486 6.1006454092 5.0488187628 4.2737584141 3.7132332309 3.3251973712 3.0710258986 2.9163352725 2.8353417697 2.8144141361 2.8437992651 2.9230182145 3.0639459821 3.2975505039 3.5581671329 3.8715023486 4.209365368 4.4480811753 4.7809414705 5.1973475501 5.7311396004 6.3071052705 6.9924643263 7.7493097029 8.611953953 9.4107280078 10.1324841095 10.8207453418 11.6044563894 12.8183575207 13.0754567968 13.6367834459 14.2407482579
87.2527120362 86.5334653107 84.0412001384 79.9365412385 74.0147867152 69.4312895703 62.9804487303 57.477938269 52.2841585512 45.8169622095 39.209950842 34.1145766103 27.8592588439 23.2888759654 19.465117699 16.6203800544 13.3003173328 10.8599155168 9.7273632126 7.3289771214 6.0611407236 5.0487480151 4.2938798476 3.7353175765 3.3532521988 3.1078017175 2.9566825744 2.8795042295 2.8593770966 2.8886420911 2.9707743588 3.1205161633 3.3485230139 3.6265435535 3.9602739494 4.2998985461 4.6063193071 4.961224896 5.3999811742 5.9184646738 6.5293213255 7.2606208758 8.1143079008 9.0893537477 10.0175840051 10.790097134 11.4052258482 12.1353094504 12.9231867824 13.5679889373 14.2401166608 15.0384396685
82.8802354815 80.4349606497 77.4678286987 74.9156337393 69.6174385843 64.3296763484 58.7639287824 53.5823197877 47.6696562062 41.899847748 37.7326597662 31.5490773859 27.4522916436 22.9515618741 18.7041561458 15.6522125451 12.8981949364 11.2620236093 8.6544328668 7.1263093309 5.923865726 5.0090781786 4.2693364089 3.7261832933 3.3547351756 3.1175861656 2.9782783198 2.9074800726 2.8902580974 2.9184054139 3.0042336898 3.2003477077 3.4440554482 3.768347828 4.0246761347 4.3606116801 4.7442623369 5.162462489 5.6557857929 6.1772817681 6.8132326585 7.6093527953 8.5194061447 9.5733557117 10.7701375108 11.4037340426 12.0340292375 12.7047574983 13.4209654381 14.150753898 14.9071771267 15.8447662547
74.4400800675 75.0568406442 70.7688810773 68.2211801582 63.8399042728 59.2476033727 53.9229323825 48.6582614672 43.8967188666 39.515267778 33.7898350659 29.592448003 25.1131184195 21.6947338852 17.8378880203 14.8377443061 12.3255904407 10.1180682546 8.3291732631 6.8825269747 5.7702664242 4.8911955899 4.2055742325 3.6883163312 3.3350487201 3.117889203 2.9963474816 2.937945412 2.915996091 2.9377746133 3.0215734086 3.2238141942 4.0399097988 3.7812907425 4.0815730968 4.4499464058 4.8986955837 5.3919226232 5.8823036512 6.4660514278 7.0813192327 7.9174812327 9.2232994093 9.9583246059 10.9920262512 11.9692850808 12.6746432707 13.3850952195 14.1001406343 14.8503949861 15.6090078041 16.4481955943
67.4968260694 66.6259673931 64.2194433412 61.323300056 57.7315071022 53.4611510156 49.2636135511 44.2796555225 39.8484000402 35.3064157513 31.0384588839 27.2133304618 23.6635124062 20.1820201974 16.8511674543 13.9828007169 11.6356570113 9.6508878147 8.0117189658 6.6579853097 5.6064183015 4.7744485175 4.1246472279 3.6429542322 3.3142100297 3.1208255393 3.039099123 2.9875969289 2.9562125583 2.9459905767 3.0228190437 3.2248001084 3.472811753 3.791210397 4.1288157482 4.5525099614 5.0450148921 5.6173120451 6.066171375 6.6301202085 7.33435023 8.2109542507 9.1846765341 10.2548811597 11.3243381765 12.4041252379 13.3895708934 14.1880635498 14.9378269694 15.7277772266 16.4458672382 17.2176397825
59.2576579625 60.0734228158 58.5893480756 55.3342806882 51.8900498042 48.1124778725 44.5220264549 40.0469407472 35.9401316028 32.5758154507 28.1079787757 24.5757944162 21.3907073307 18.3590919402 15.5620091637 13.0376611965 10.9202592513 9.4910389386 7.6933454399 6.4585759411 5.4844097616 4.6880600994 4.0804453966 3.6261919261 3.3105058931 3.1351258011 3.0620196997 3.0576388485 2.9625104506 2.9414032325 3.0112856935 3.173516533 3.4218542043 3.7573612204 4.1759415545 4.649095114 5.2023106421 5.7444738547 6.2706523196 6.8433303441 7.5697865005 8.4356864091 9.4444146702 10.5485916368 11.7183392082 12.9306785572 14.1007552004 14.9403232594 16.3445418493 16.6356138615 17.8029150664 18.0808101542
51.8816679472 51.6747581073 50.9816522379 48.8981353601 46.6103972822 43.0383250075 41.1818260388 36.5019620741 32.5536181696 29.6383892618 25.4620420717 22.3431829469 19.6330296504 16.8166059935 14.3400729342 12.1045966327 10.2408920556 8.6352876799 7.3471210892 6.3084256124 5.3458607641 4.6704767285 4.1809332463 3.750906803 3.3815215026 3.1276027845 3.0611527325 2.9860998083 2.9343760936 2.91506752 2.9881791066 3.1485724174 3.3947395764 3.7397457754 4.2129448678 4.7542966194 5.3136987274 6.0036832372 6.8181603987 7.0150152855 7.7468140538 8.6833860159 9.7339456946 10.9027563154 12.1746184965 13.506683724 14.7559300767 15.6169950972 16.4913524634 17.331433267 18.3647962431 18.8762124164
44.8240647432 45.0642871487 45.2649278904 43.4353716121 40.4103799241 38.5690756652 38.2242510755 32.2830232684 29.6088157017 26.8170341123 23.9555206229 21.261500956 18.7008206658 16.2594900779 13.2912495657 12.0919194922 9.5780614358 8.1303959589 6.9630612627 5.9819610969 5.1772608929 4.5769084289 4.8686388664 4.5896282155 3.3733929912 3.1090284667 2.9948539778 2.9254556232 2.8769700126 2.8815394833 2.958628168 3.1154516011 3.3572143083 3.7013207043 4.1827133346 4.8595270739 5.3539570777 6.1519790479 6.546780546 7.1104785088 7.9098340494 8.9245084982 10.0671130138 11.3104785614 12.5928110425 14.2324765303 15.6452892007 16.7471941456 16.9239734952 18.4941943749 18.8286378141 19.8509198284
38.956951658 38.8732757981 37.9202825533 36.6040013831 35.2518473183 34.4550189315 31.2601392772 28.4718378187 26.3574509962 23.490767142 21.7214172728 19.6624201915 16.5355331567 14.4236723726 12.5914687092 10.6631074746 9.0842847329 7.7355478717 6.6568974446 5.745979481 5.0001185445 4.4423755027 4.0447494296 3.6741072741 3.3390069807 3.0940145564 2.9767793843 2.9381403938 2.8832795714 2.8892095976 2.9251514631 3.0761816394 3.3122342361 3.6497315746 4.1171912944 4.6596843136 5.2930326948 6.0782045759 6.4560223963 7.1454833673 8.019735206 9.1810739514 10.7315028754 11.6802790204 13.1281659301 14.1772778877 15.3994101181 16.4451407371 17.4541824996 18.5109935693 19.6326840408 21.215802964
34.378929135 33.3326491469 32.5564869388 31.9792988522 29.8459325071 28.3275608179 26.5510832137 24.7740742683 24.0463945874 21.4758578601 19.5740558021 17.0982482079 15.7035874853 13.3889771198 11.7948730859 10.2036185657 8.6901738527 7.4105099301 6.4208985963 6.3692987123 4.8522533415 4.2594688165 3.8104292894 3.4720274581 3.2450043199 3.0974912942 3.0200810929 2.9273818919 3.2607168248 2.8638720292 2.893608398 3.0376820871 3.2679172405 3.6018215253 4.0579900148 4.6057932144 5.2604174112 5.809346841 6.4287819621 7.1745683524 8.507122491 9.1987466694 10.696891463 11.7153558413 12.9837793536 14.3497552183 15.64298386 16.8599595216 18.0237893609 19.1953190975 20.8209746463 21.5704658854
27.9602605246 27.9087421013 27.3241321477 26.3538430516 25.3782391171 24.2480052932 22.9527152016 21.5597867157 20.290433304 18.6996395909 17.2749956629 15.5641729988 13.6757406451 12.4565846956 10.8768194954 10.4111555618 8.2046601299 7.0757067639 6.3027313044 5.4710436207 4.7923494168 4.1768179299 3.7306606972 3.4145962273 3.2540490416 3.1559115634 3.0127061272 2.9096557781 2.8388524207 2.836364893 2.8907394679 3.0315262548 3.2560249844 3.5604207881 4.0498895422 4.6548071379 5.2009379746 5.8217475442 7.2901400287 7.2772672838 8.1176977496 9.1849441328 10.380931555 11.7015007661 13.1933388101 14.7478306875 16.2161176122 18.3646728863 18.54620297 19.8504059494 21.44995954 22.0990593439
24.0120813173 24.2257926078 22.9944771112 22.257424805 21.5477336177 20.6121747661 19.6617349783 18.7708479566 17.6027386067 17.1169280442 14.969781842 13.6032612124 12.2781087822 11.0204712644 10.0514889573 8.696422815 7.6543129741 6.7098342422 5.9585562767 5.6804038905 4.6984106068 4.1474039902 3.7275555496 3.4262403433 3.2337418656 3.5902838058 2.9766398164 2.8321629271 2.7723871878 2.7712781677 2.8663676313 3.7118373499 3.2233212121 3.5193827794 4.0017004627 4.6968256232 5.1536418909 5.8564385296 7.151542448 7.4905436526 8.1092198296 9.1332481867 10.3668416797 11.8829955858 13.3378040661 15.9977652936 17.0966629999 17.6744543822 18.9903100584 20.2608782467 21.4859219164 22.5952561766
20.4720095708 20.4868141022 19.3729840281 18.7478726301 18.1311447118 17.4870391281 16.9896311139 16.1517105536 15.9004758035 14.209527608 13.074830272 11.9761137059 11.7632361787 9.8976230067 8.8231693373 7.9139840912 7.0797567907 6.3322114868 5.7031804549 5.0759440765 4.5444253414 4.0771055611 3.9406723596 3.4047740105 3.2040737687 3.0589009436 2.9636921656 2.8314960282 2.7735287695 2.7541961417 2.850386572 2.9893381082 3.2011359238 3.47788993 3.9177892836 4.4708931489 5.0812160713 5.7680679708 6.4769444356 7.2555510213 8.1130454253 9.1454056689 10.3928777229 11.7839535015 14.4610327788 14.9281361143 16.3470364877 17.6938192376 19.1506039233 20.634217607 21.9400604956 22.9061228152
16.9083848143 16.7902416323 16.3051456597 15.7992651233 15.2951949911 14.924784689 14.4849395909 14.4274609552 13.1363952986 12.2711470274 11.3699401481 10.6027709222 9.7471646857 8.9147842687 8.0710219556 7.3060546969 6.6378766677 6.5307264676 5.3964053206 4.914893029 4.4468997819 4.0674109634 3.6499992021 3.3825947642 3.1644049832 3.0203987597 2.9312705418 3.6288798063 2.7747849482 2.7528184187 2.8235201451 2.9666622094 3.1791154259 3.4607675281 3.8382315839 4.3500552338 5.1797320278 5.6111775613 6.4316929075 7.1266801799 8.0620191551 9.1643954396 10.3748763243 12.5097430819 13.1029250477 14.6727033434 16.0055328745 17.5224148148 19.2255087687 22.4668674163 22.1797977197 23.1205496403
14.3970176891 14.1056090291 14.2484569062 13.3542696081 12.9961569222 12.7450232039 13.371565049 11.9534630747 11.364820745 10.6954242308 10.0675822297 9.3656423388 8.6901812942 8.079878107 7.4867680877 6.9760450945 6.2821201392 5.6794416244 5.15095337 4.7335477303 5.0760154253 3.9857761726 3.5936025704 4.19681742 3.1488275983 3.0326636947 2.9551656252 2.8607997046 2.7968546147 2.7605401171 2.835959438 3.0095847706 3.2233318156 3.5185079482 3.8375142898 4.3461319808 4.8617070011 5.5659119329 6.2292119121 7.0698337158 7.9981464349 9.1474588863 10.4046063329 11.5720859758 12.8938053998 14.26828247 15.8244270669 17.5918707913 19.1824510134 20.8264213721 21.999723324 23.0684991655
12.1305486595 12.1005573869 11.6025286892 12.2127905512 11.1075682774 11.8174331296 10.6894061764 10.3682063744 9.935092206 10.0646389102 8.9872935536 8.4294134605 7.8989594301 7.4469349129 7.2924761905 6.5718618892 6.0048510117 5.4219173588 4.8941630753 4.554206756 4.2283260112 4.2873332374 3.527758749 3.2652439787 3.1222994392 3.0142703721 2.9357611566 2.8818061216 2.7887247159 2.7751459513 2.8561407038 3.0352629123 3.3324183581 3.5216394168 3.9911307095 4.2535547528 5.0923010333 5.395341804 6.3188336119 6.9429084037 7.9004213631 9.0209195782 10.2331012183 12.3840113268 12.7332300273 14.0446756995 15.5556073292 18.1400569798 19.149487401 20.3494718635 21.5752916275 22.9510176194
9.9126382131 9.897526578 9.7683857449 9.5911975549 9.5133110056 9.388455226 9.1960504054 9.0328232994 9.1340811309 8.508328787 8.0720227123 7.662109026 7.2467808352 6.888098964 6.672695371 6.2953741903 5.8462990166 5.1763469741 4.6953733773 4.3072805017 4.0164101737 3.7159437338 3.4569573173 3.2147743469 3.0756150383 2.9861772451 2.9257108911 2.8618831885 2.8053709596 2.7921793619 2.8798066446 3.0481645342 3.2350893002 3.4797588725 3.783202415 4.208473404 4.6661823636 5.2764803443 5.971844622 6.8431807759 7.7783073919 8.8511643765 10.03415758 11.3335825452 12.7091025926 13.7127207041 15.1171135182 17.3348074421 18.6718874935 19.8466939749 21.2037152013 22.5415652895
8.1958578378 8.2544872833 8.2624588123 8.2109697088 8.1910334493 8.3977036921 7.9934719197 7.9340090333 7.9932088862 7.5996909687 7.2744261025 6.9922680791 6.67373571 6.347105039 6.0705054274 6.2081439227 5.3711817549 4.9219486715 4.5137299374 4.1777689539 3.8746910871 3.6038178822 3.3702581502 3.1861130332 3.0504369368 2.967775865 2.966337823 2.9210724702 2.871944206 2.8115520431 2.8823847484 3.0415581978 3.1574117543 3.3522195659 3.6689537422 4.1888510663 4.5250044884 5.0859074098 5.8160940843 6.6924144764 7.6902601975 8.6569804981 9.7917026133 11.0029128559 12.1867627638 13.3172812117 14.6176038727 16.1175588918 17.8121001973 19.8929524306 20.742711625 22.1598622229
7.0081479642 7.0829460453 7.1082749797 7.8223852073 7.137886621 7.0671296472 7.022119726 7.0033588453 6.9563420016 6.8509371163 6.6417481645 6.4344242612 6.1694846255 5.8820685519 5.6166470331 5.3097748368 5.0017476653 4.6603189161 4.3751566556 4.095779327 3.8248327319 3.5691660149 3.3507397122 3.1762424495 3.0455277497 2.9677388184 2.9747853114 3.2416764871 2.8970912422 2.8335992713 2.8758412488 2.9625466372 3.0828518595 3.2619080767 3.5688433246 3.9421228509 4.4090582594 4.9980307326 5.7551497618 6.607764151 7.5013970161 8.3982550719 9.4911201404 10.7915639812 11.7810527889 13.5933674573 14.0821062713 15.4653124573 17.0173483053 18.7793769073 20.1320146007 21.874280975
6.6452637168 6.219080778 6.274582578 6.3197146878 6.2794413231 6.2495793029 6.2310033923 6.2426009894 6.6640945497 6.2567772788 6.0570063785 5.9128317297 5.7339231245 5.4989137316 5.2551223914 4.9732125763 4.7176325813 4.4819320938 4.2711293014 4.0512138029 3.8040855087 3.5644523646 3.356585143 3.1906204098 3.0644079741 2.9814847475 2.980554706 2.9421126279 2.9087200938 2.8416695377 2.8730057603 2.9152286416 3.0129253977 3.1883520987 3.4542425087 3.8181918048 4.2801955752 4.8925856618 6.2539272967 6.8628772721 7.2099702068 8.0562811711 9.0813534415 10.5758024198 11.6871388106 12.4330006413 13.8123477833 14.8991165982 16.7787196425 18.2559235363 19.0401275157 20.4390389895
5.3775128864 5.5338071847 5.8557127461 5.6038713869 5.6097244745 5.6324526708 5.6480324654 5.643143518 5.6315641093 5.5999484875 5.5129012702 5.4236320087 5.3011623115 5.2087452134 4.9963175308 5.6540234895 4.5135094875 4.3439739236 4.1984825354 4.0168273262 3.7978174315 3.5739220235 3.3794064618 3.2241877657 3.109489291 3.026954334 2.9612782897 2.9085171634 2.8677767583 2.8815519806 2.8863966799 2.9191033289 2.9730188874 3.1321645134 3.3847824248 3.736010099 4.2215205556 4.8155432616 5.5062267562 6.2037685676 7.7960963083 7.6899676064 8.6124163955 9.6266847467 10.675666628 11.8486319039 13.2347041966 14.2572163853 15.6331890682 16.7422147842 18.0187225165 20.2838669229
4.726570829 4.841410857 4.9375954881 5.0249765103 5.0848546987 5.1023189857 5.1060117684 5.0990163452 5.1065345104 5.0831644749 5.0445624128 4.9564365449 4.8906723332 4.8322109297 5.3687495583 4.5105116005 4.3146866996 4.2405797292 4.1607674464 4.0146142475 3.7883566046 3.5881126977 3.411643359 3.271263322 3.1705353228 3.1306948284 3.0981614029 3.0271473137 2.9598415411 2.9194695816 3.0063557605 2.9163469711 2.9594011734 3.1024803146 3.3390659451 3.6763643754 4.143596464 4.8325182241 5.2745275022 5.9046934387 6.5788144093 7.3278927238 8.9014095378 8.9906662886 9.9703878796 11.1588146977 12.2467503419 13.4693735997 15.5367379104 15.8692069315 17.1032866738 19.331549064
