Models/Synthetic/Density/temp_raster_pop.asc
NCOLS 101
NROWS 101
XLLCORNER 3302900
YLLCORNER 3112000
CELLSIZE 4386.138614
NODATA_VALUE NaN
[rows 23 to 45 of 101, columns 0 to 51 of 101]
16.2038553235 16.2913643129 15.9879478612 14.3929022555 13.4997424396 13.3109498321 11.0706974994 9.9193154528 8.7571062916 7.9152229845 7.0482616624 5.6464094133 4.7883885185 3.641672698 3.1698186672 3.6377124969 2.8986781418 2.9075376145 2.8394389573 2.8748628823 3.1293852073 3.5351597483 4.0562779278 4.6902837157 6.2823809267 6.5482039962 8.259549418 11.0502657848 15.9430640831 20.0917042291 27.5045580231 34.2962504435 41.7496535858 50.9711713362 54.5466493976 61.0393923563 59.0743070562 55.1938945311 50.7170114583 44.9754570436 38.7133611388 28.7790458369 22.9001800693 16.9564947035 13.2272322699 8.745336691 6.1758353399 4.4627937462 3.3261389041 2.5896943733 2.1105632081 1.7938057383
11.5707251544 11.9390834145 13.5088007882 11.3871065235 10.7519039194 10.0581197853 9.3530879994 8.8042344153 7.606437611 6.6037435718 5.7919905346 5.0898407785 4.2694508744 3.6687288252 3.871680333 3.0009181384 2.942776936 3.8283351872 2.8441573444 2.8105464896 2.9951861558 3.3215640172 3.7637634762 4.401027054 5.994977213 6.387101675 8.2552212386 11.436235841 16.2440962695 21.7850409277 28.2034181245 37.1252854653 46.0184494946 54.6816775945 61.5947418766 65.2258819019 62.539374708 59.8203113544 53.4970484366 46.6727595115 39.3638815091 31.5265417109 23.2733634204 18.5745998833 13.0308285597 8.799231003 6.1358829789 4.3487068659 3.1677630593 2.4261235714 1.9594761035 1.6556600498
9.7286880995 9.0047297007 9.8464504974 9.1122108135 8.8354313977 8.474291029 8.3941316653 8.6751429672 6.8769568869 6.0036962779 5.367394062 4.7708122083 4.2149512439 3.7408445736 3.355610562 3.1080963521 3.0116707202 2.9640033473 2.876874496 2.8450879637 2.9996105334 3.2802244844 3.7268250108 4.3390076658 5.1996144934 6.2974360064 8.294629008 11.6350764927 16.9709152933 22.8468934538 30.5916878995 38.202617645 48.3035749933 57.7370478247 63.8697009735 64.0388817189 64.0303422477 60.6498782623 55.9090789894 50.1924389979 40.7529529423 30.9439298474 25.2758998423 17.1344694046 12.8891338542 8.6407732541 6.0730685388 4.1990895738 3.0084682719 2.2906713307 1.8060730582 1.5267753458
6.4340764026 7.1628873211 7.1190373888 7.5889112022 7.2838821903 7.504266043 8.0795526885 7.7015546829 6.3331205776 5.7192710739 5.2654297227 4.8170924461 4.3606887856 3.9116949402 3.5400249691 3.2729068697 3.1020937854 2.9963488087 2.9566195781 3.0216137505 3.1680091431 3.4194351495 3.7965690616 4.5042922376 5.1491747676 6.2745406173 8.2189994922 12.0274603327 16.1898917137 22.2449224949 29.9589044229 37.4489833509 46.4159001977 56.3708208227 60.1818763017 63.1826001668 61.3923500344 59.7188309956 52.7015705698 46.2368611907 40.0400099466 31.1205472493 22.4382957995 16.4157398341 11.4626162344 8.4131614602 6.1898357286 4.1309906091 2.764576971 2.0497082486 1.6378506209 1.3865980404
4.9602934035 5.2674035479 5.7618295801 5.8822438738 6.1479194298 6.223628136 6.3391560618 6.1815109905 5.9623322435 5.615325576 5.3486452643 5.0889558415 4.6714554592 4.259724409 3.8899716547 3.5565277828 3.3644421306 3.2625026237 3.2358897649 3.3383492697 3.6047269123 3.7030687263 3.9975380633 4.4889995537 5.3269272325 6.4672753091 8.1309642386 10.8676780071 14.9876079486 21.1341024729 27.2190358855 34.3892035319 42.6870172571 48.989454196 54.9651028465 56.3008453372 56.9607143791 54.1794246476 50.8401291897 43.1206644629 35.0509040172 27.9732043712 20.7593549647 15.0380770053 10.4704338632 8.1266395847 5.158417546 3.5244868993 2.4855294311 1.8249586947 1.453723768 1.2541392519
4.0186882108 4.2774098757 4.5544211005 4.8519664764 5.1332576302 5.7092751348 5.6233221635 5.8456369306 5.7465822343 5.6578687842 5.561535216 5.3238546173 5.0700469995 4.9114238783 4.3325140232 4.007091817 3.8517917056 3.7651528545 4.6946401585 3.8060414986 3.9949776817 4.0716765759 5.1233755364 4.6584020935 5.490335604 6.7310218511 8.1269250605 10.4513645049 13.8841570222 18.4534461819 23.8606827084 30.5286472592 36.9831659113 43.0200111247 46.963864804 49.6761452653 49.6537062357 48.7868831578 45.6324848852 38.7464907077 33.8976582935 25.3864469858 18.280559546 13.8679444685 9.5743194386 6.3846844226 4.4155275328 3.1000656805 2.201228324 1.6351641905 1.3111214195 1.1520362544
3.5099839917 3.6643685232 3.8954249677 4.1587617188 4.533045769 4.9348621002 5.3068498051 5.5474806446 5.7164853193 5.8500249268 5.7879323549 6.1699340537 5.585142039 5.3166116957 4.997064848 4.7049665948 4.5584910177 4.6606781245 4.4781967568 4.5270009892 4.552567072 4.6158035971 4.6590427835 4.9467908949 5.720683963 7.6975708303 8.7076269642 9.6913350423 12.3702050323 16.1003376748 21.0780310097 25.7169361611 31.2288375561 37.5677321833 40.8943531526 40.1762743452 40.4053164952 40.6046867217 36.9479497822 34.2703718124 29.0818461972 21.477127994 15.5524885311 11.1163505944 7.9867224769 5.6081843905 3.9385622819 2.785066839 1.99010872 1.4932413463 1.23041261 1.1047223475
3.2155523808 3.3966037809 3.5011579556 3.8170259115 4.1975140286 4.6727511473 5.4067190648 5.5103709623 5.8154908253 6.0439762386 6.1523889696 6.1991432883 7.3738209753 6.8518540654 5.8942622907 5.7361947078 5.5795727684 5.4975080171 6.1039232605 5.4609712038 5.5191527368 5.3481399721 5.2393487614 5.4037151062 6.0399355373 7.1224050939 7.9284054368 9.0097422398 11.608468312 15.2501447861 19.5365453205 21.6324038534 25.1393439048 30.6292766541 31.493177888 32.7120341336 33.9400891425 31.632722213 30.4309958803 26.2207997436 22.4048482095 17.0104955874 13.1322733929 9.2400615547 6.7460982624 5.2209060224 3.5750350357 2.5150901148 1.8486209516 1.4255369185 1.2093090075 1.1170585563
3.7514786924 3.0905575397 3.285522005 3.6391073419 4.3584784938 4.5784430014 5.0992258159 5.6726053713 6.3088306316 6.4378724865 6.6954603368 6.8600881491 6.8863267555 6.9349569691 7.529061512 7.0478103866 6.9923029868 6.8713954189 6.7381262643 6.6463250396 6.5099053586 6.4026763426 6.0408616349 6.0428679894 6.8212381132 6.8489416785 7.4217491498 8.4119398361 10.2207880433 11.8933247596 14.4455785239 17.8064257008 20.1436912817 23.6482441283 24.9223727189 27.058296123 26.3865398313 25.2851239019 22.7385702706 20.4983786592 18.024616699 13.6702418153 10.3458265456 7.7057481 6.0672745859 4.5958905193 3.3219142381 2.2692485409 1.6884977766 1.5733390979 1.1679765421 1.0519890946
2.7229453497 2.887957873 3.1829969997 3.6051446051 4.0785168241 4.5942922011 5.1890121235 6.3217960785 7.1437409379 6.9261764437 7.5568632846 7.858481414 7.8663584197 8.0137925712 8.2997881489 8.5782750203 9.2428216436 8.6648404191 8.4386309804 8.3134864945 7.8385678539 7.8345234935 7.2812122021 6.6760084507 6.704386485 7.0609970523 7.3837050266 8.0407301161 9.403530462 10.1461085266 11.7647171355 13.7735908408 15.9260477824 17.8525396826 19.2002850099 20.1201454494 20.6013587757 21.0007158981 17.7291385105 16.1469193845 13.4686735839 11.3156949065 8.6334093756 6.5408806069 5.094426825 4.2414969793 2.959160566 2.0450452298 1.5458701639 1.2629373252 1.1153041339 1.024847395
2.5192369529 2.7186208581 3.0926182171 3.6954424239 4.1331670324 4.7597685062 5.5227558895 6.2597170471 6.9423387789 7.5768693866 8.1757143784 8.8972236201 9.1904605318 9.5103137829 9.9057867556 10.4999499955 11.2513143817 10.8705090194 11.3368287218 10.0601383888 9.8263202542 8.7428667915 8.0074430123 7.5264255626 7.2872674273 7.3505490037 7.6242990038 8.2420101919 8.8863425612 9.1839092197 10.1507827649 11.485478641 13.0512839709 14.6100926438 14.9910334605 15.6118305505 15.8987489883 15.4550131089 14.7478705322 12.6501244796 11.2785807093 9.2097174857 7.7964595014 5.6234179767 4.4118496789 4.0491589445 2.6019180557 1.8350161414 1.3956560414 1.1580804416 1.0469995068 1.0361298659
2.4486939261 2.6563315447 3.0705012595 3.6160842965 4.3232732878 5.1042284197 6.0617920896 7.0019393169 7.7128390322 8.5351983975 9.2506649531 10.1557915946 11.3741295221 11.2526923172 12.6021619032 12.6015064683 13.6214243614 14.0515193825 12.7214637337 12.0360515201 11.8909028666 10.2309714412 9.8073685151 8.5495572949 8.1846287575 8.0463924172 8.1697712417 8.4503023326 8.5774768298 8.8753116305 9.4724108634 10.9144986649 11.4749503098 11.5599979597 12.0308284236 12.446944565 13.0990038449 12.3346679088 11.6094513562 10.6058263391 10.6142476567 7.8414544503 6.2804512091 4.9447285286 3.8794449969 3.0069727387 2.3018266002 1.6869545437 1.3227505035 1.127377282 1.0570315034 1.0897231514
2.4564067073 2.7182631094 3.1452945242 3.7751661104 4.5974848313 5.7041229569 6.6910035844 7.7590646333 9.1210315475 10.2704374517 11.3654129761 12.4647274504 12.3099340227 13.2598328876 14.2024484677 15.6069388539 15.4394323744 15.6106454177 15.6596703581 14.0315876147 12.9880513801 12.0207999931 10.7497922708 9.8088923082 9.254510026 9.1590751651 8.9016403239 9.7471245064 9.0232742592 9.1452859409 9.4715223462 10.1213961503 9.8754359753 9.9407986569 10.1970576845 10.3435216375 10.6301930674 10.337130843 9.7188320825 9.0189594699 8.010256674 6.8108188338 5.5274336344 4.4025802396 3.4503138929 2.6899703892 2.0657400342 1.6098898251 1.3121657149 1.1638529878 1.1325767569 1.2063854537
2.5327496712 2.8245491407 3.5147136441 4.0996198247 5.0915248288 6.4191447874 8.4515598924 9.1406874963 10.3562300077 12.1638754967 13.0015357338 13.3633312078 15.1808514579 15.2954693641 16.2939508355 17.3228350636 17.6310213711 18.9289521785 17.7436172905 16.7157726405 14.9616194929 13.7037942488 13.0289019397 11.1110404977 10.4351484226 10.5863658815 9.7544002684 9.7503128596 9.8920338636 10.0382835842 9.964139255 9.8171460925 9.5668373329 9.1066799789 8.9663712014 8.9984537883 9.0001504194 8.8653168941 8.4487407223 7.8613944385 7.0266741886 6.0077739041 4.9763076628 4.013558687 3.1845382462 2.503362321 1.9768528194 1.5956384665 1.3931243315 1.2903147714 1.3191903332 1.3915741977
2.6763606381 3.0519597513 3.6194766215 4.5448198401 5.9588464125 7.2623792234 9.5394884634 10.7538041838 12.1397362308 13.738142486 15.966728885 15.250263684 16.2040747313 17.5195405893 19.1336343965 19.5820019877 19.5828566017 21.0532167487 19.6590837156 17.6586907998 17.0755322649 14.9214290474 13.3622646872 12.3808801095 11.4231915659 11.5019212419 10.7557533981 10.5852265168 11.3643983524 11.5680916487 10.4643240556 10.350435254 9.4026483409 8.9516286563 8.3518091612 8.1066470729 8.2290117241 8.2500532652 7.4426309605 6.9408428933 6.2506070719 5.4129930084 4.5378612063 3.7133533819 2.9874120112 2.3955000293 1.9481317021 1.6423190738 1.4943509113 2.0626139964 1.4894307574 1.7061895407
3.7269758565 3.2435677038 4.3460016038 4.9850539982 6.4084225256 8.215153256 10.184908684 12.5344821639 14.3973738214 16.1327649591 16.0044850952 16.9573910364 18.816113945 20.0511965586 21.7816901218 23.0944022468 21.1888257719 21.7950508794 21.1588288005 18.1966022745 16.7836582051 16.3417263776 13.9712174746 12.6948843824 12.1355180719 11.9247442888 12.2946918411 11.5518219227 11.5779378354 11.6113521085 10.9736811593 10.2358736089 9.0984506649 8.712856982 7.8346982113 7.5148052801 7.3783723907 6.9868345022 7.5797079773 6.2210095887 5.6557906836 4.9784892636 4.2170944495 3.4927684456 2.8532094261 2.3464959598 1.9809073224 1.7439314208 1.6398394917 1.5973132492 1.6631991457 1.8194526155
3.1588970273 3.4449906312 4.242400443 5.4840381155 7.1344805786 9.2127871994 11.2309299481 14.3771563501 15.3892181519 16.8671852195 17.7567072394 18.7060137971 20.5782154794 20.4607371868 21.338786269 21.8926137297 22.0982641636 21.0873808119 19.9602871541 18.8954146585 16.5183142191 16.8659451349 14.006635798 12.8457813749 12.5856191888 13.1285489168 12.798498531 14.0282455932 12.807031223 12.796258385 11.2761847676 10.1201894867 9.0317684888 8.0849601671 7.4370037456 6.9486460511 6.5493033164 6.2068313556 6.7683272872 5.6416319482 5.3087626656 4.6212272858 3.9666103029 3.3133789104 2.7670850771 2.3538606383 2.0919894121 1.911256306 1.804267379 1.7380506172 1.7743280924 1.9498336569
3.1148189109 3.5709824275 4.5151062613 6.4009653044 7.8256942372 9.9933253048 12.3291262905 14.2671030781 17.1610516265 18.6124550418 18.8186162143 19.399134495 19.7990267414 21.2581261515 21.1665747019 21.9140003279 20.7106831339 21.7066192282 19.6960194804 17.1295353495 15.9390666176 15.1242850911 13.3245891034 12.7949161823 13.1634492022 12.8476296504 13.2781772598 12.7727941434 12.5242880725 12.1537277245 11.7698619714 10.418998385 9.1995069289 7.9789427039 7.115918676 6.5153184645 5.977484478 5.5639123581 5.3159777105 5.3665179542 4.7543174603 4.2240003975 3.6222891773 3.1317602022 2.7406220219 2.4254591443 2.2578660802 2.2193247357 2.0046954966 1.9040770733 1.9193301097 2.0349646815
3.2148374232 3.7686000779 4.8372686079 6.4062574861 8.3650156647 10.8306712325 13.1135232401 14.9320365416 16.8965783622 19.8420317229 19.4935407026 19.7239930205 20.5525163135 21.1652071464 21.4980798359 19.3225748262 18.8744707213 18.319603207 17.2490197541 16.4097705242 14.3464164442 13.6734543667 12.5801959495 13.4167186439 12.5501596323 13.411170611 13.6055033773 13.2955480171 12.9300538059 13.3370129544 11.8736591517 10.7409600492 9.5122882268 7.9319127429 6.9174656048 6.2163939773 5.5123583979 5.0364245926 4.7535793524 4.5318463422 4.4162080771 3.7588784089 3.2988273575 2.9590445414 2.7232384807 2.6134377352 2.3531939939 2.8607634266 2.1605069232 2.0605563747 2.0534819253 2.1180517809
3.3634631189 4.6717324623 5.3508286181 6.541467356 9.9489218148 10.8352307385 13.1471229739 14.8836536797 17.7846002921 18.6376380251 19.5011811846 20.8462857298 20.2906459951 19.0791700684 18.0865089156 17.6102758533 17.3413281068 16.2593216515 15.1004196528 13.8821282819 13.2395652825 12.0722209742 11.8064779388 12.7921045473 13.3544585322 13.2970948976 13.482136038 13.846043487 14.0682118191 13.2812642165 12.7294504099 10.5693472737 9.0268029127 7.9489690586 6.9627602455 5.7361343991 5.1444380499 4.5874496014 4.2007555728 3.9860064112 3.7028669589 3.3760952202 2.9968025238 2.8134558392 2.7796586524 2.548151729 2.4424027571 2.3273035574 2.3065298714 2.1898071704 2.1799295022 2.2251424747
3.573364062 3.9783286686 4.9079280283 6.4250307934 8.3327819163 10.5877801036 12.8140342311 14.3471336846 16.0015856815 17.7636891467 19.2447554926 21.8131713408 18.709449385 17.9491035658 16.584177856 14.8711914156 13.8743975226 13.1539356837 12.3511595917 11.6919325982 11.419143247 12.0359195963 11.3229648496 11.710156959 13.345332857 13.0377795796 14.1709411482 14.3747390023 14.3575408751 14.1085260669 12.2499272945 10.2029992089 8.6601429289 7.3983817923 6.262828411 5.3521092062 4.6181506416 4.1292322487 3.7566600917 3.4988206482 3.3392247596 3.0004426574 2.7654380618 2.6648703388 2.754984991 2.8553751072 2.4031269482 2.5361208658 2.3457592858 2.3146863788 2.314033521 2.3404206563
3.6074542287 3.774441944 4.6113322812 6.0646812336 7.8903838495 10.1793447957 11.6002786731 13.5070073632 15.4494008666 15.9946063414 17.8424750117 17.3034155653 17.8981151116 15.1596746332 13.3154399943 12.0898389803 11.3346499239 10.601081396 10.1542848946 10.7724464309 10.1886270865 11.8106106578 11.3581491342 11.6861958658 12.5416275189 13.358849809 13.6798452149 14.1180272252 13.7895024441 13.8196942197 12.1491690817 9.8457394225 8.3758888996 7.0330263116 5.9716378381 4.9030298302 4.1962173292 3.7068426907 3.3788832568 3.1481627762 2.9386452757 2.7625095372 3.515040233 2.5503980264 2.5297793837 2.4699685828 2.4388685542 2.4180876711 2.4508864962 2.4562800337 2.4571136824 2.4624468499
2.9174469543 4.2045391335 4.445781081 5.2632636517 6.8458260449 8.8297258364 10.4818158319 12.1539187064 13.6049229135 13.9761617199 14.6943559777 14.7909730265 14.2168409258 12.6670034609 11.7658728623 9.8931749299 9.0036128095 8.6536058516 9.658699438 8.6449356991 9.149905036 11.0824021642 11.2276551837 11.7972118031 13.253361159 13.3748409543 14.2896352611 13.599198962 13.586521858 12.3953314654 11.0938612936 9.6135906312 8.1138981096 6.9169735056 5.5235395976 4.562270892 3.8616251726 3.3825301739 3.1013476712 2.9129515174 2.768228617 2.6459602293 2.575047357 2.5465260622 2.5233150321 2.5071458694 2.4981632353 2.5284435321 2.6055383514 2.5914753993 2.6011726215 2.5587620349
