Models/Synthetic/Density/temp_raster_pop.asc
NCOLS 100
NROWS 100
XLLCORNER 3302900
YLLCORNER 3112000
CELLSIZE 4430
NODATA_VALUE NaN
[rows 46 to 68 of 100, columns 0 to 51 of 100]
15.5135174002 11.9177895497 7.0011360578 3.6652790783 2.0053337316 1.5128977284 1.3739315465 1.191278438 0.904319842 0.7023844559 0.6079429944 0.5927445354 0.6037723183 0.5960619755 0.5764476932 0.6107399437 0.812439045 1.154539046 1.4950491754 1.6016122575 1.5004829732 1.2834421568 1.0238529912 0.8260373924 0.6869216176 0.6246386038 0.6112362382 0.5777442782 0.4773795434 0.3290539388 0.2223069737 0.2135912402 0.3238739552 0.5349927242 0.7710712878 0.9738651656 1.1190660559 1.2325734053 1.281818017 1.2113323967 1.0246925166 0.7647834389 0.5190833743 0.3433444871 0.2393223405 0.1823801463 0.1568605447 0.1529435211 0.1602223032 0.1578695054 0.1566598113 0.1688928317
8.048752497 7.0310471151 4.7245285239 2.684076953 1.6266105112 1.2772237565 1.1888307944 1.0059456649 0.7700842852 0.5746862516 0.4803550215 0.4548025433 0.4529285212 0.4437910592 0.4334658112 0.4801755737 0.6478100504 0.9471444967 1.2545848289 1.4651931736 1.5010559568 1.3237193501 1.1120774859 0.8920604018 0.7387978 0.6723763911 0.6971949877 0.7088368327 0.592415225 0.4187812585 0.2933328454 0.2959121136 0.4638332888 0.7897036178 1.1908239797 1.5112900155 1.7499667283 1.9447884941 2.0930811332 2.0796472893 1.7647615581 1.2720392789 0.7768058916 0.4224685297 0.2243033112 0.1376494485 0.112904476 0.1176965249 0.1252965734 0.1249620567 0.1184181678 0.1211232221
3.7740929778 3.6881123473 2.8474461505 1.9083237795 1.3057091423 1.0655449112 0.9570417579 0.8282478817 0.6478811984 0.4968733686 0.4050898168 0.3652447052 0.3463665138 0.3337882898 0.3321874727 0.3732975991 0.4895560589 0.681290828 0.9152819271 1.1196311518 1.1921704499 1.1387820213 0.990888832 0.8456024536 0.6896290447 0.630265237 0.6655611511 0.6945191292 0.6219136448 0.4819220041 0.3852052615 0.4091867226 0.6088566532 1.0105129578 1.5482474057 2.0942224977 2.6066173912 3.2008221889 3.7874755748 3.8869558582 3.3385578766 2.2678414023 1.272717804 0.5954691986 0.2532045512 0.1188860839 0.0844781839 0.0884570373 0.1004415336 0.1074229349 0.112846855 0.126837319
2.5912225978 2.6249701407 2.2496802635 1.7479040777 1.3255018696 1.0643739078 0.9148344789 0.7979819037 0.6858343519 0.5697732153 0.4657794767 0.3801079063 0.3235575834 0.2900872843 0.2891423987 0.3133046695 0.3672422331 0.4567597956 0.582116659 0.7022952321 0.7752970697 0.775685937 0.7273060551 0.6320907755 0.5416997902 0.4972411874 0.5308462962 0.584454636 0.6054437127 0.5928448696 0.5930221363 0.6551196363 0.8413506011 1.2101311731 1.7728182374 2.5123887755 3.5292870558 5.1063401377 6.6141063005 7.2351698051 5.8986294007 3.8796511301 1.9897098726 0.8445387504 0.3139389366 0.12238503 0.0774124479 0.0867666875 0.1103483874 0.1307779421 0.1478063563 0.1720196693
3.1122490475 2.9370726588 2.628557122 2.1877236038 1.7737177339 1.4169993522 1.1708587069 1.024430618 0.9436768414 0.8437000685 0.6759492191 0.4933625202 0.3488977461 0.2816976466 0.2680509046 0.280515422 0.2888542633 0.3092268123 0.3462415951 0.3909581839 0.4272238307 0.4447167919 0.4325572714 0.3928615109 0.3481094551 0.3415344314 0.3999080589 0.5335422945 0.7327685186 0.9725731114 1.1879933554 1.3421751605 1.4583946195 1.6431593518 2.0132985761 2.7419430602 4.2470729982 6.8450576114 10.1614543228 10.7673776892 9.0097832849 5.5433195092 2.6989122041 1.0804411509 0.377708005 0.138360061 0.091107881 0.1182770808 0.1666319299 0.2069104851 0.2264588748 0.2422864113
3.7132013881 3.3847020484 3.1294302783 2.8074189117 2.443058084 2.823857766 1.6656749345 1.426477739 1.362446385 1.2216111784 0.9636978945 0.6263940372 0.3850765457 0.2678751647 0.2375021143 0.2315592309 0.2279484355 0.2211165166 0.2153022171 0.2153197721 0.220302197 0.2270742708 0.2255308018 0.2127117906 0.2037984607 0.2363215478 0.3715809709 0.6958054153 1.271772159 2.0462948793 2.7789081464 3.1695689541 3.1388437776 2.859930708 2.6672152433 3.0278327078 4.5510452919 7.5739489414 10.9847817625 12.8744739503 10.8902798267 6.3147545673 3.0029113604 1.1879811198 0.4114337262 0.1569188542 0.118109445 0.168896608 0.254738792 0.3176843968 0.3343308079 0.3141770719
3.0571909427 3.0535130288 3.1021339321 3.0269156514 2.8139122197 2.904156988 2.1163280938 1.826779957 1.6580621706 1.5018012305 1.1081805384 0.6979274249 0.3943705289 0.242760655 0.1880982622 0.1738661131 0.1669148407 0.1583801413 0.1468925539 0.1319959787 0.1240043665 0.1235234565 0.1254017134 0.1262944088 0.1403235323 0.2173860327 0.47766319 1.1439143311 2.4824576728 4.4148868667 6.3735561428 7.3397656122 6.9391767239 5.5311188089 4.1283467604 3.5359302984 4.3649866105 7.1436316363 10.1083055731 10.4973086414 8.9299729098 5.5563432283 2.7288120391 1.0991952643 0.3993639302 0.1738722499 0.1503652511 0.21768382 0.3231372444 0.4148134163 0.416898264 0.3657458322
1.9586994062 2.1760357368 2.4100943947 2.5580313861 2.6012768537 2.493650802 2.3187532135 1.9685701892 1.6934000338 1.390244214 1.0443433565 0.6578367243 0.3755226775 0.2185707054 0.1512742883 0.1271583804 0.1186508276 0.1137740059 0.1069089716 0.100912697 0.1010499833 0.1112568528 0.1254277949 0.1382035071 0.1651625754 0.2798190679 0.6850577179 1.812104678 4.2707420469 8.379520616 12.5892534697 14.9408643102 13.373607267 9.8239713264 6.2260896522 4.1986467501 3.8924175638 4.9389532716 6.3598093505 6.7074343526 5.6682370816 3.8526665892 1.9967270994 0.8640352556 0.3535620957 0.1930249687 0.1868440082 0.2490548408 0.3457618563 0.4222262345 0.4382016382 0.3674037514
1.0490706824 1.2712937462 1.5320779827 1.7867849714 2.0123418229 2.1694991759 2.108609878 1.8466993848 1.4601370982 1.1281867397 0.8357085965 0.5743699532 0.3608789797 0.2226586182 0.1481421105 0.1136818073 0.1006430108 0.0968228797 0.0996800124 0.1136748945 0.1465198171 0.1967298934 0.2476065969 0.2797778264 0.3046380618 0.4224863987 0.9248722966 2.4567053444 6.0557267014 12.4204972433 20.3622325166 23.6166343943 21.2069432974 14.0283660812 8.1597151698 4.7024717548 3.3188709764 3.1468450093 3.404443398 3.4401372121 2.9547487411 2.0898780108 1.2182273281 0.5974362596 0.3061635411 0.222362087 0.2288847263 0.273283108 0.332257366 0.3890793333 0.3981817343 0.3579245362
0.5048384721 0.6665637862 0.8854295139 1.1650939537 1.4898430138 1.7563699211 1.8045547657 1.5488932715 1.1977702091 0.8995398582 0.6997551067 0.5443867081 0.3965326546 0.2704896092 0.1833432851 0.1398206593 0.1237010452 0.1235853349 0.1389908405 0.1874446557 0.2873813775 0.4313014632 0.5712182741 0.6424436475 0.6364048814 0.6793304734 1.1375111599 2.7881894393 6.9089600335 14.4164779705 24.4709221101 29.232234458 24.1346099932 16.0737284655 9.555058559 4.6531004281 2.7427260188 2.0075145961 1.7599131096 1.6128193363 1.3688597736 1.0212268509 0.6704525674 0.4174078827 0.2922654519 0.2644160904 0.2843708898 0.318251959 0.3776177248 0.4497647409 0.5059305562 0.5252094115
0.2853268042 0.4002386261 0.582198019 0.8572647919 1.1951892801 1.4758854194 1.5273840831 1.3418826141 1.0439529239 0.822519334 0.7086298559 0.6161833834 0.4937478119 0.3488394203 0.247607917 0.2000349334 0.1933078318 0.203167278 0.2353533939 0.332955079 0.5544754168 0.8889622377 1.2170501553 1.3693429806 1.2791539373 1.1132115917 1.3162718439 2.6626189688 6.2730630781 13.2743029427 20.355161863 24.0006790045 20.8369431149 13.6318840948 7.5834991215 3.8959838172 2.1599147913 1.4016499097 1.080242105 0.9058598116 0.7467183666 0.5867604825 0.4519559485 0.3672377779 0.3331856732 0.3356542702 0.3774223325 0.4966951879 0.7345205429 1.0820392546 1.4654895086 1.765318641
0.3022028919 0.3973393213 0.5582769534 0.8190704629 1.1589447194 1.4277926761 1.5042146109 1.3486529067 1.1144712356 0.9276807755 0.8285683287 0.7572014167 0.6068346919 0.4443004674 0.3277104014 0.2900912722 0.3035384905 0.3332807078 0.3772564885 0.5307110444 0.9184597695 1.5720399019 2.2360073682 2.5378951755 2.2783278206 1.7364236584 1.4660406349 2.1771881786 5.4868644684 8.6387843211 13.0255436123 14.8617490112 13.2566375389 9.3886493351 5.3989350731 2.8493511145 1.6049848213 1.1194345568 0.941083397 0.8199314645 0.6871235658 0.5473990176 0.4508950801 0.4166439463 0.4174425617 0.4558106364 0.6274149532 1.1646507888 2.3112881641 4.1497777164 6.3550604696 8.240991401
0.4942541758 0.5831513146 0.7358084003 0.9719517391 1.2888540593 1.6096029191 1.7237512737 1.6502211362 1.4619094652 1.2320782829 1.0611754692 0.8930207228 0.7409474497 0.565348781 0.4362844938 0.3968409896 0.4342178854 0.4740006326 0.5260462765 0.7130073939 1.2644943133 2.2561444092 3.3982415454 3.8726179018 3.4057184217 2.3282179642 1.5474117717 1.5871867019 2.660391473 4.5907604756 6.6064562915 7.6911538415 7.1786680236 5.4280800701 3.3909682718 1.9202665103 1.2255954342 1.0583953979 1.0798520823 1.0611767763 0.9032882821 0.6928201739 0.5270971307 0.4730057599 0.5056397807 0.6367529242 1.2411510833 3.2347054685 8.0010376693 16.4534446216 27.6323652764 37.6210368467
0.7763247442 0.8871832999 1.049479068 1.2428074263 1.5104663796 1.8166685061 2.0949711926 2.1138990344 1.930230755 1.8022031592 1.2978251928 1.0856737359 0.9326822856 0.7527944346 0.5886247946 0.511537807 0.5273830577 0.5748676232 0.6033900181 0.809738283 1.4365232897 2.6255779339 4.0248082289 4.7641112535 3.9566855044 2.5599335808 1.4771037846 1.0805194336 1.3560098966 2.1164756303 3.0407776259 3.700438019 3.7413975488 3.0020590051 2.0488100379 1.3351371962 1.0569235929 1.1346308416 1.3544103181 1.3981246499 1.1948546943 0.8365379684 0.5771206032 0.4841084062 0.5417513888 0.9140846856 2.4813094307 8.0920127352 24.3978714985 57.9945142256 107.0974541195 155.828736221
1.0300620927 1.1882521385 1.3828161509 1.5510378696 1.7167081979 2.0221040025 2.3653460268 2.5503049128 2.2929282957 1.8655394685 1.519323947 1.3211517692 1.1870280567 1.0003106342 0.7721818219 0.6300771421 0.5860612211 0.5714784598 0.6000653056 0.796271844 1.3853292126 2.4498244814 3.755805154 4.5523032015 3.5474879944 2.2466896154 1.2280268649 0.7240064698 0.687821903 0.9782361389 1.4378910902 1.8689371969 1.9854427409 1.7590697525 1.3530275196 1.081101583 1.0507409947 1.2386408652 1.4942125056 1.5948474174 1.2868642086 0.8682601487 0.5528686184 0.4441759102 0.578846516 1.3062085038 4.4505511223 16.8997046231 57.9501602588 169.9613111917 355.278553557 556.8380170558
1.145622968 1.3241212112 1.5800386006 1.7083340769 1.9008934237 2.2204440018 2.6428379707 2.8129260773 2.5900032135 2.0920405936 1.6889318598 1.48994536 1.3991837856 1.188382971 0.9572041646 0.7739076635 0.6458674608 0.5616420666 0.5518055706 0.7246476044 1.1908238302 1.9548621456 2.7114879284 2.93358618 2.4654578101 1.6022556362 0.8735365893 0.4818088485 0.4034541972 0.5491681664 0.8173037642 1.063391534 1.173863777 1.1230178076 1.0355998135 1.0202504646 1.0989592737 1.2437712373 1.3871384449 1.3609535052 1.1195594979 0.7424356326 0.4692799391 0.3950308822 0.6280154565 1.7775196797 6.8433059356 28.2320354816 108.7244234078 353.1621264282 954.6495302228 1671.7469114184
1.1007472189 1.2679250322 1.4770108077 1.7144812137 2.0752375251 2.679209199 3.3080616028 3.5845916284 3.2889213142 2.6152145728 1.9699607769 1.6075730956 1.4235978605 1.2811611191 1.1151677718 0.9426317505 0.760855689 0.5878502508 0.5269242222 0.6520034387 0.9846041892 1.440635665 1.7730132357 1.7836105298 1.4426312301 0.9573324596 0.5449239979 0.323021343 0.3043959302 0.4444774113 0.651311559 0.8164993907 0.8680511147 0.8538712211 0.870768031 0.9651879264 1.0739739093 1.1029358585 1.0796385844 0.989469239 0.8002133514 0.5673015167 0.3852657006 0.362199997 0.6703386412 2.1388064799 8.9433905308 38.597430425 154.8865806398 559.8560843557 1641.4687138934 3964.6281305476
1.0392924771 1.1666806053 1.3223404071 1.702554288 2.4672867457 3.6891475043 4.9142181113 5.4607100421 4.8845082082 3.6605124761 2.4868783494 1.8073435822 1.5097599214 1.361875495 1.2495928043 1.1110766347 0.8717406533 0.6432901748 0.5270041966 0.5884784538 0.8130435325 1.0732755477 1.2292163772 1.1121043712 0.8367736433 0.5362834357 0.320315876 0.233564754 0.2869853219 0.4639816278 0.6970162083 0.8364932407 0.8327545611 0.7552066409 0.7500954367 0.8290107961 0.8961281728 0.8991825126 0.8414055029 0.7649570258 0.6619830548 0.5307442095 0.4109919145 0.3905555897 0.6843313384 2.2458028981 9.6726591719 43.9074175893 177.6107998301 646.1873973737 2049.3246153948 4891.5792807621
2.5489853952 1.1450894615 1.3925146458 2.0345025419 3.2964417188 5.2727616291 7.441489816 8.2205882315 7.2141056488 5.0097200112 3.2465500068 2.3010630751 1.9108187687 1.6794234047 1.4662776676 1.2081080579 0.945274982 0.6887784699 0.5341156989 0.5351403336 0.6535305903 0.8021586847 0.8366464171 0.7253042495 0.5093301176 0.3162405317 0.2054372987 0.1962576241 0.2948155394 0.4957353575 0.7322993289 0.8849947652 0.8191067944 0.6977803574 0.6418681246 0.6746206291 0.7544563992 0.8359618492 0.9216441174 0.9891848008 1.0027754298 0.9023264817 0.7228379245 0.5712763663 0.7187797269 2.0660472648 8.8689728044 38.5529268163 156.4488224313 565.9183715711 1680.6276877145 4017.7414687383
1.152624665 1.4603902908 2.1047648255 3.3034209384 5.1779548245 7.7229097295 10.1987751322 11.1557472911 9.0753083208 6.199311385 4.0868078541 3.1022193983 2.7074314839 3.0566663312 1.7980822092 1.3202993414 0.9794201231 0.7219416103 0.5727764862 0.5350633542 0.5708862606 0.6044951331 0.5789830324 0.4722174742 0.329664038 0.2091797725 0.15784329 0.1884648773 0.2991377971 0.477496976 0.6728659291 0.7679327449 0.7375856862 0.637014458 0.5950766845 0.6557164037 0.8364802608 1.1887307259 1.6214015139 2.0341238879 2.1910695334 2.0352736424 1.5477060666 1.0396172057 0.8519554185 1.7537452401 6.81060742 28.5925749453 108.064849735 355.1376220099 956.640989937 1674.8256109093
1.3960132442 2.3699419704 4.2290879603 7.0700286917 10.2511894211 13.1273150429 14.7023244387 14.2778945029 10.5753949551 6.9741129805 4.8393367682 4.0939334104 3.746705141 3.118189699 2.2247191631 1.466950349 1.0147714749 0.7954789326 0.715154738 0.6951173956 0.6682119449 0.5986625867 0.4910833434 0.3654258276 0.2474780231 0.1656845574 0.1421148567 0.1860024676 0.2890923256 0.420095947 0.5412034842 0.6142485335 0.6301869495 0.6335570529 0.6873821678 0.8638216959 1.2594993714 2.0235461119 3.3010431218 4.2181543264 4.7005812262 4.2200516261 3.0896817791 1.8506848183 1.1280454094 1.4436835648 4.5583828376 17.0403018628 58.5263448294 168.1571342818 359.7053758276 567.1955457865
1.9318347483 3.993019593 9.0846974348 15.6133031578 24.3045648766 27.8031644537 25.6578262132 20.7546959403 13.1002813331 7.9357259434 5.5452650341 4.938409895 4.6661768701 3.7198183194 2.5378797754 1.5952820234 1.0839461111 0.9548692555 1.0178026878 1.0806101076 1.0025876236 0.811465741 0.5834085385 0.3926698588 0.2514255528 0.164099136 0.1414782877 0.1799624684 0.2596286784 0.3550808377 0.438379896 0.525917759 0.6224741418 0.7430846794 0.932857914 1.2882984584 1.9746645232 3.265318422 5.263332709 7.9083646425 8.3752933733 7.4253599025 5.1027271744 2.8490648766 1.4821609912 1.2216207926 2.6620053865 8.4085013426 24.8565340243 59.0461010394 111.398553957 159.7158623964
2.6189650225 6.239751516 15.1426500588 31.4739687379 46.7859020645 56.3341218333 48.6970044118 34.087683424 18.2557580805 9.4722414293 6.2334431004 5.4743183072 4.9609420178 3.8691811992 2.6039833418 1.6275337201 1.1580475471 1.1540575104 1.4164749763 1.5670688256 1.4577979004 1.1063459559 0.7618491696 0.4948366461 0.3008986916 0.1904111727 0.1552481633 0.1765337647 0.2317024086 0.2993877704 0.3888923492 0.5210639233 0.710721912 0.9286521009 1.2260913534 1.7536885297 2.7561714621 4.4942329359 7.2243416428 10.3542761856 12.4058605501 10.2787519241 6.7777027752 3.6499053516 1.7671812145 1.0680021733 1.4585338995 3.4832247598 8.4381123712 17.4107995678 29.3829418937 40.2154316233
