Models/Synthetic/Density/temp_raster_pop.asc
NCOLS 100
NROWS 100
XLLCORNER 3302900
YLLCORNER 3112000
CELLSIZE 4430
NODATA_VALUE NaN
[rows 69 to 91 of 100, columns 0 to 51 of 100]
0.1595441607 0.1948122213 1.8952968894 2.7298843359 2.0570778379 2.0486802133 2.0356668365 0.2733053667 1.9025604573 0.1231843971 0.1658492927 2.6005460475 0.1186208717 0.0533469748 2.6408841788 0.877237783 1.0091007925 1.8671779418 1.0102767856 0.9745040467 0.8858092075 0.2938868638 0.3569111842 4.7397003427 2.0103790128 0.3047139162 0.2102329393 0.2306685801 2.6897061895 1.9105758234 1.8340953873 0.1983793871 1.8898286701 0.2435444686 0.1320390765 0.1386423131 0.0854338884 0.2351304601 2.7638839981 2.0109850848 3.6299275389 2.8020454687 0.0968458901 0.0519350623 0.0962603375 0.9417541899 0.1071148811 0.2112066274 4.5004943208 0.154553954 0.0060655066 0.0722186526
0.1482886242 5.495094468 0.2980150396 0.3090725534 5.514973417 7.3971006621 3.0200110789 5.5018300506 1.9184060872 1.8817971141 1.0659412123 0.9322245076 0.10426241 0.0722005915 0.0938433272 0.1777171317 0.1908221491 1.0484056227 3.5334140194 0.1405705866 0.0538900018 0.2291763431 11.4817308874 0.4634716651 6.3450159199 2.6953854027 0.900935833 0.9218612718 0.9679922581 1.8890282568 0.9700425916 0.2464874321 3.5730425079 3.6248287887 0.1332017887 0.0413738669 0.8754007148 0.2251995829 4.6278602076 0.3758101093 3.6622437954 1.0031988477 0.1099504885 0.0965749961 0.1868551998 0.9988661578 2.6223785095 0.1911541119 3.5913338173 0.1884497566 0.0607906601 0.0590501575
1.0737650139 2.0097442508 4.5101563472 0.2413439553 0.279539105 2.1047286154 4.6512582908 0.3435503194 1.940277028 0.2250428042 2.7226201996 0.1082857072 0.0704318514 0.8371872905 0.0279497645 0.1559231008 5.3275298804 0.2606359155 0.1123341038 0.0958638739 0.0758400719 0.3298721773 0.3464760336 2.0811039126 0.2043088833 0.1884818707 0.164074346 0.1537388324 0.1890020698 0.1315000875 0.1337158089 2.7447711946 1.0910256414 2.7224405697 0.1526556629 0.0747434564 1.029613358 1.8149974466 1.0155667602 2.7292618073 0.1910826262 0.1888219724 0.1210333827 1.8321888923 2.6351775081 2.7885171833 0.165927515 0.1534230484 0.0983678451 0.1522511543 2.5624371654 0.0591429456
2.8399260413 1.0383274982 1.9515270808 0.2400159734 0.9730154507 0.2143689268 0.9832963212 0.2590606528 0.9598384213 1.890565885 0.1099142575 0.0954209483 0.8597917887 0.0473735691 0.0277067267 0.2229996671 2.820500556 1.2411549271 0.1700138642 0.06381421 0.9001558697 2.7373136657 3.6389952597 0.1350852167 0.0409403753 0.005546495 0.0650151085 3.6236143895 1.0391928745 1.0026337605 0.1562381538 0.0981318793 0.1534064191 0.897381559 0.0850937321 0.1002344254 1.8901761741 1.0244698978 0.1981032514 0.1202059604 1.7985773461 0.1663160128 2.6680898561 0.2324828509 0.1777666963 0.1765415169 1.799326813 0.0734284276 0.039764263 1.7726979367 0.0952269672 0.0815794191
0.0746196025 0.1564834022 0.2256873398 5.3820891223 0.2462952573 0.9651176224 0.9220080615 0.1655447259 3.5582480625 0.2001176278 0.1103238171 0.8744441269 0.1061060193 0.0838002589 0.0306679727 0.1556117241 3.6404826253 6.2072524821 0.2386920319 1.8118094709 0.2213719363 0.2342860352 1.8891166924 0.1188699151 0.0034687636 0.0243069742 0.0854729508 0.1902773342 4.4961260177 3.7160439613 0.9473301537 0.0753220906 0.0286420173 0.0716014648 0.0733141186 0.1899298989 2.7827721473 2.7824500074 0.0772756855 0.0750985621 0.0969283313 0.9879551465 2.7329327504 1.8215991577 0.0428696777 0.0957430089 1.7731562097 0.0930272935 0.0595599225 0.0942978675 0.1302471059 0.0979623952
0.0275379481 0.0757592744 2.7351820723 1.0150820834 1.0465244907 2.6326895541 0.142778139 0.1885832079 1.0031406019 2.7463477358 0.1784043831 0.1656937663 1.8652672419 1.0006337626 0.1787428432 0.246176456 1.003805102 0.2359690593 0.2685780435 3.5463768078 0.2112328999 1.7453994423 0.9200872451 0.0840169854 0.0052238257 0.047990877 0.9082304106 0.2013983537 0.2741330622 0.3194310672 2.8376034828 0.1542673593 0.0622263549 0.1512454099 1.7334498494 0.2487871089 3.7198999405 0.263046281 0.167701133 0.0842150771 1.7845229161 0.1310270761 0.1105388723 0.1539890467 0.1086971911 0.1285541847 0.8519287504 0.0614264508 0.0284855794 0.8527817293 1.868209861 1.9588517521
0.988219711 0.17734443 0.0968180017 0.1307668477 1.8192142188 0.1530324522 0.1320192928 1.844524301 1.8791606842 0.2019676295 0.2140654075 5.2150822492 0.168786205 0.2141809106 7.8277512278 0.2261777321 0.1257387496 0.1016915214 0.9584530029 0.9470061995 1.8772160339 0.1537305911 0.9631324965 0.1404295475 0.0959609862 0.117666226 0.9442960556 3.6047404461 0.2628122137 2.7539949393 2.7931954152 1.8134290406 0.0987773512 0.9776584519 4.434949704 0.2260732571 1.0839378665 5.370074983 0.1665009889 0.9185309524 0.9094034209 0.176519868 0.1225111804 0.2000767848 3.4784616505 0.163293166 0.1089737066 0.1750453436 0.1756577818 0.1522840412 0.2121754984 5.3944269907
4.6552064669 0.9567193723 0.0508130947 0.0611678194 0.0620586428 0.09545465 1.7745998853 0.1648401005 1.8692347641 0.9827590139 1.9745416182 0.2840729814 0.2493215871 0.2243333392 0.2243825214 2.8124443322 0.188836822 2.7655430463 0.232482041 0.1993156182 0.1650414903 0.9552007359 0.1868152579 2.6438993691 1.7979591117 0.1526783713 1.8667826794 0.2813114595 5.3944041894 1.915925588 0.1997708838 0.177095005 0.1879642388 1.9139129941 0.2374582299 0.2145610569 0.9929107155 0.1772893552 1.7441773974 0.162383517 0.154793313 1.8897620611 4.3695248454 0.2025028937 2.713082458 0.1654224374 0.9007411955 3.6328370889 3.5348010625 0.9092921474 0.1217671522 0.1893869829
1.9266684018 0.1664867586 0.0719798942 0.8834116151 0.0726859543 0.1060780243 0.8520268136 0.0981256374 0.2034995168 3.6940688313 0.2753870014 4.5615018455 3.5385424021 0.1106891353 0.0761688291 0.8880124392 1.0120120459 1.7916978969 2.6924782959 1.8594549375 0.9577626799 0.9580304218 1.8772663402 0.9783668013 0.1541017472 0.131740513 2.5797336437 0.2490133076 0.1947735317 0.1805634261 0.0646064061 0.8873897574 3.5111105695 0.2606280177 1.0849713764 3.6161352143 0.1329313057 0.073178193 0.0525572323 0.1202465208 3.5356502726 0.2575583949 0.1921081938 0.3066903431 0.2506729114 1.0585073646 0.1111070119 0.198992111 0.9900492361 0.1405691788 0.0287252358 0.0276736238
0.1337302919 0.1553141233 0.931786636 0.0947395616 2.6392460473 0.105485463 0.0953513558 0.1886372968 0.2729176514 4.4859596976 0.2773215978 0.2414859081 1.9185549617 0.1331018632 0.0518571283 0.0725789123 0.129161026 1.888218831 0.222653573 0.2248732219 3.6794696595 0.2248247299 0.2127239122 1.8687999435 0.1563152376 0.1640572122 0.1310979033 1.0650754797 2.7105108272 0.118088363 0.0930080436 0.1169309618 0.1200808033 1.0157534967 6.2837012062 1.9284478736 0.1240861693 0.1458609459 0.1561482293 0.2227558333 0.1661483795 3.521998069 0.1348690376 0.2515081199 9.631065852 0.2171821863 0.0680022145 0.1677471983 0.9920635393 0.1879470076 0.0634862821 0.0486900374
0.0985543679 5.3002699795 0.167095475 0.1196230561 0.0511623299 0.0839387941 1.7522256091 1.8458656145 5.3490345346 0.2057433863 0.2156537608 3.6726952765 0.2842755943 0.3187809 1.0256626877 0.1444377425 0.0627664853 0.1426405168 2.7104657909 0.1465450303 0.1680734005 4.413335629 0.1566384485 1.0444351641 4.4003044603 0.1309453151 0.8661126422 1.8001849901 0.1435423749 1.6975700629 0.8611288718 0.085785746 0.1088199246 0.2469081205 0.2248928099 0.2718254349 1.0465053012 0.2701533343 7.0137484432 0.9687888814 0.0991912015 0.0976984518 0.9555931034 1.9612995793 1.2307983617 0.3086060465 0.251478576 1.9516939777 4.5191586287 1.9023903398 0.9539593707 0.1497849443
0.1443203113 0.1903817769 2.7789849262 0.1200111766 0.0731715212 0.0837697429 0.0728875878 0.1656432734 0.199323832 0.1909716167 1.0829121802 1.8905629485 2.945161407 4.4681940257 7.1490638886 0.1451579854 0.0278905311 0.8957587355 1.7854095519 0.086150795 0.1088665603 0.9206362106 0.1436240238 0.142102977 0.9097627347 0.1506630468 0.1639124324 0.1652111384 0.1982022597 0.1059598343 0.1034553568 0.0842199266 3.5409748459 0.9100639555 1.7429655177 0.133963299 4.390407111 1.0810842086 1.0124660978 0.2563803216 0.1428877183 0.1417168581 0.1306012309 1.8228341589 0.204420208 4.4518959032 1.9994823654 5.4887905366 0.320956896 0.2703543203 2.6672288956 1.744299378
0.0865908666 2.6999140702 0.1209209686 0.9432165352 2.6742958745 0.1185649295 0.039846565 0.0626913643 0.1084434218 2.5245439929 0.3280027366 5.4666320051 2.0762435623 0.3195735042 0.2355038795 0.1430544465 0.0474695474 0.0800635085 0.0596818748 0.1054596622 0.0965447212 0.1984624897 0.92276457 0.1304375214 0.0287677269 0.0500887651 0.932959823 4.4119602372 0.2026453428 1.7665181056 0.0641338828 0.0626742841 0.0842824177 0.1387952584 0.082345941 0.1401903611 0.130817352 0.9425404194 0.0750153223 0.1102259092 4.3665850326 1.798788937 0.0748360175 0.075548898 1.8343608918 0.2143053233 2.0195982356 2.0084923788 1.9185529098 0.1680021542 1.8213688691 0.2351264716
1.9009128318 0.1200535365 0.1077709005 0.1081288839 1.8087979252 0.1430350866 1.7752734522 0.0979870336 0.96509508 1.0894894001 1.1183244705 3.709097292 0.251017577 0.8905391581 0.0643801512 0.0290045822 0.8164841207 0.0250543198 0.0040629646 0.0715053527 3.4323499322 0.2452456994 4.4585819092 0.2101443944 0.0618181716 0.0487198911 0.1635659806 1.890389529 1.0386406731 1.9669980048 0.1207119564 0.094446085 0.0398609867 0.0600615906 0.8168798422 0.0488090541 0.0838005545 0.0835659099 0.1070262713 0.1312148043 0.1862408335 0.1409368731 0.1074728927 0.1659763505 0.1687813752 0.1811784882 0.9618737641 1.9171722291 1.8594712425 0.111580265 0.0994763581 0.1932600622
0.0968837452 1.8085089109 0.0749379882 0.1090247182 0.1649172909 0.9899212087 0.2698614042 1.8830385314 0.2737402818 1.8721380526 1.9273250859 0.1458466308 0.142789131 1.7638767529 0.1642255831 0.1644908023 0.1406309694 0.058959376 0.0036355529 0.1043679858 0.1088184513 0.2567535297 3.5700509294 1.8897546291 0.0848159596 0.8513517085 0.0966187745 0.1665978837 2.8051051865 0.2595640614 2.6375249848 0.1520188194 1.7742176301 0.1147905569 0.0271712674 0.1063559917 0.9105623 1.7990619159 0.0868250917 2.6197165725 0.0955531616 0.8401564539 0.0964301131 2.7462896112 4.4273581766 0.2850157946 0.2962270789 2.0066630904 0.2587140844 0.1234909143 0.2115296816 2.6941062186
0.9179621573 0.1434176606 1.847069184 0.1699547274 1.8573015205 3.4916350904 0.3052066959 6.2417198379 0.3301942751 3.6152454925 0.1766780343 0.852544145 0.1068405768 0.1345395837 1.0723723707 4.4836944043 1.8678394474 0.0730188828 0.0381461926 0.0933907345 1.7416871335 0.1316792896 0.1670605677 0.9554477158 0.1642055789 0.1074973897 1.7857319634 0.13167942 1.0032861082 4.5139871797 0.2140892594 0.1878748535 2.5998655466 0.1288655853 0.0406676933 0.1744995551 3.6335145805 0.2568158409 0.1668995503 0.131091221 0.1272109553 0.8718083483 0.1281246316 0.1782756883 2.8153188288 0.3313627866 7.1205741055 3.5973460177 0.192459781 4.3699780804 0.2469835762 3.5470121328
0.1106194608 0.2260445023 2.8746569772 2.8732401951 0.2595641697 0.1592486442 0.2510323427 3.6108331854 0.3659961922 0.9832280332 0.1418070815 0.0268601409 0.0715921866 2.7004842749 2.0936064552 3.6743188518 0.2357233128 0.0858904609 1.7174861371 0.1398175412 0.8987466363 0.1645151631 0.1210372242 1.8321069357 0.143840709 2.6872172469 0.0867038775 0.1067378887 0.9781299346 1.8684547696 0.1817827529 1.867400719 0.1879375692 0.1630672826 1.7196770704 0.1544893169 2.6716129822 0.282639004 4.4131240965 0.0860113769 0.0602409441 1.7382574039 0.060174567 0.0525678819 0.1222000076 3.6062603056 0.3051087863 0.2365023391 0.1887641668 0.2138680086 1.9601989244 0.2248097299
0.0877605345 5.4035216025 1.987761042 2.7641586586 2.782280934 0.2039527461 0.2056489691 0.3903127214 3.6999252493 1.9509606076 0.0848682585 0.0042227229 0.0490843344 0.1106721267 1.8926153876 1.8944433183 1.0449292924 0.107881525 0.0625220958 0.1635802266 2.6904044289 0.2001361941 2.6480829333 0.2008396905 1.8470971448 0.154741633 0.120949198 0.119360226 0.9117471837 0.2631336821 0.2760791757 1.0642241439 3.4905649391 0.1319761569 0.0864351993 0.1416958998 0.1679005848 4.4689120208 0.1663176478 0.083620334 0.0369139207 0.0586712996 0.0592107019 0.0266276169 0.1310967439 0.1336930015 0.1671720165 1.7201895471 0.0415758463 0.1338747874 5.2689165923 0.2016742037
0.0864261366 0.157548513 0.2839498564 1.9494852073 0.9926656433 0.202982619 6.9496293708 0.3669570267 7.2103594107 1.1301829869 0.1086155532 0.0491820119 0.0254226198 0.062157949 0.1436925077 0.1686249002 1.8331649672 0.0964748866 0.896226163 0.2103927351 1.8809541069 1.1344994986 1.0249367932 2.8226306343 0.2025585894 0.1553949637 3.511381797 0.165881603 0.2264644734 2.0124052694 9.0104337877 0.2632084565 0.1891912559 0.2006947993 0.9915424384 1.0042805704 0.2378851502 0.1677217621 0.0850181155 0.0033037874 0.0155210636 0.0832927375 0.8745133155 0.107455522 0.099237051 3.5547054963 0.0978346668 0.0602108719 0.0812484406 0.139873157 0.1538646501 0.178407255
0.0383981991 0.0768512794 1.9047119767 1.9156848351 0.2013336966 0.176110008 0.1338360257 0.2951518993 2.7622380898 0.2383445065 2.6418447749 0.0500461104 0.0724682313 0.9680075092 0.2268088755 2.7604570259 0.132226217 0.8967443836 0.1286222082 2.6326709926 2.7225566614 0.1441861641 0.9681366134 3.5233019212 0.1691184726 2.6893707313 0.1679912663 1.8576680027 1.9185265011 5.4909831839 0.3235941015 1.019960823 0.1568309541 3.5478204544 1.9594112973 2.8725625564 4.4928593776 0.1215433168 0.004907161 0.048616695 0.0625109382 1.0192601366 2.6871821365 0.1879350482 1.9150049412 0.2363471159 0.1565233952 0.0626550094 0.8402524163 0.8405890498 0.0629589048 1.7992232802
0.0834420227 1.8322302422 0.290900916 4.4814296186 0.9554172783 0.0287702745 0.0188082308 0.0863883367 0.1097915274 0.1753665826 0.1071611806 0.0840752039 0.074229994 2.8045854812 6.3201137976 0.2861466011 0.1886045911 0.9189220761 0.1275136666 0.1074305789 0.1064514827 0.0738253614 0.0964765036 0.1439006528 0.2259014592 0.1803014119 0.1795128356 1.0427197617 1.0708832174 0.3170415224 1.0843536246 0.1804963055 1.9002562249 1.0138302394 0.2929939396 2.7516119028 1.9376505135 0.1545618227 0.0396646988 0.0968714257 2.7357127832 0.2152326489 0.1589226479 1.8465886436 2.7483468176 3.6370195674 1.8354715408 0.1670266201 0.220927807 0.1650506916 0.1298862803 0.0973787298
0.108224545 1.7460241605 1.9471129237 0.9805279608 0.1305885339 0.0486651053 0.0840892485 0.9957159953 0.8980421614 0.8743592635 1.7625537601 0.0628622123 0.0981643111 0.2387902693 3.7081252593 1.1509005381 2.6457204612 0.9538144803 0.0848299362 0.0062093688 0.0264392849 0.0496388499 0.0976216852 0.1465464734 2.7841127795 3.6477214527 0.9247518385 0.0868054784 0.9117165254 2.6584598441 3.6359479776 1.8358973166 0.1333463259 1.8457909146 0.9791361696 0.1888872866 0.1543089223 1.8093710731 0.0982109269 0.1775189877 2.7698006836 3.7033970833 0.1694289239 0.190116496 0.2137742535 0.214257177 0.2703723425 2.7411079004 2.8734875488 3.5608871364 0.1435546236 0.1306747267
0.1569916643 1.0825787603 1.0676738298 0.1896901846 0.085196787 0.0629467298 0.9319991016 2.6987498417 0.1766314917 0.1304222704 0.1518480472 0.9764080198 0.1770745097 1.0143758456 0.1366795058 0.1911543912 0.9999877697 1.875385502 0.1512492101 0.0622174391 0.0847599567 0.9118513269 1.0168730607 2.8747553436 1.1666426005 1.9716234961 0.1894193246 0.1056997142 0.1514444231 0.2102703526 0.1895425488 0.1677861665 0.1436174508 0.1762244037 2.6756208083 0.0958558366 0.8532510039 0.1661001808 1.9290541631 1.0743473546 1.0304887624 0.2034057188 3.5717951033 0.1921795725 1.8353890002 1.7563072813 0.179455168 4.5066010599 2.8956226091 0.2263678015 1.8216835926 1.7747180252
