Models/Synthetic/Density/temp_raster_dens.asc
NCOLS 100
NROWS 100
XLLCORNER 3302900
YLLCORNER 3112000
CELLSIZE 4386.138614
NODATA_VALUE NaN
[rows 69 to 91 of 100, columns 0 to 51 of 100]
0.0000766055 0.0001333651 0.000128999 0.0000897039 0.0000635072 0.0000635072 0.0000635072 0.0000635072 0.0000635072 0.0000635072 0.0001180837 0.0001597603 0.0001746448 0.0001299913 0.0001498373 0.0001547988 0.0001498373 0.0001349528 0.0001647218 0.0001547988 0.0001002223 0.0001002223 0.0001647218 0.0001151068 0.0000702548 0.0000666825 0.0000712471 0.0000986346 0.0001305866 0.0001397158 0.0001214575 0.0001260221 0.0001305866 0.0001351512 0.0001351512 0.0001351512 0.0001123283 0.0001168929 0.0001077638 0.0000885131 0.0000644995 0.0000611257 0.00009149 0.0001186791 0.0000770025 0.0000603318 0.0000603318 0.0000603318 0.0000603318 0.0000603318 0.0000603318 0.0000531873
0.0001246328 0.0001333651 0.000128999 0.0000897039 0.0000635072 0.0000635072 0.0000635072 0.0000635072 0.0000635072 0.0000773994 0.0001250298 0.0001710725 0.0001540049 0.0001051838 0.0001299913 0.0001547988 0.0001051838 0.0001051838 0.0001101453 0.0001696833 0.0001647218 0.0001399143 0.0001250298 0.0001647218 0.0000998254 0.0000684687 0.0000666825 0.0000986346 0.0001168929 0.0001397158 0.0001168929 0.0000666825 0.0000666825 0.0001077638 0.0001305866 0.0001123283 0.0000758117 0.0000984361 0.000111733 0.0001244344 0.0000978408 0.0000644995 0.0000603318 0.0000603318 0.0000603318 0.0000603318 0.0000603318 0.0000603318 0.0000603318 0.0000603318 0.0000603318 0.0000555688
0.0001333651 0.0001333651 0.0001159006 0.0000722394 0.0000635072 0.0000635072 0.0000635072 0.0000635072 0.0000635072 0.0001073668 0.0001119314 0.0001160991 0.0001174883 0.0001160991 0.0001174883 0.0001147099 0.000109153 0.0001426927 0.0001547988 0.0001051838 0.0001299913 0.0001430896 0.0001119314 0.000106573 0.0000897039 0.0000726363 0.0000726363 0.0001087561 0.0001397158 0.0001397158 0.0000666825 0.00009407 0.0001077638 0.0001397158 0.0001031992 0.0000758117 0.0000986346 0.0000978408 0.0000603318 0.0001145114 0.0001270144 0.0001103437 0.0000686671 0.0000853378 0.0000728348 0.0002964992 0.0005326665 0.0000603318 0.0000603318 0.0000603318 0.0000603318 0.0000597364
0.0001333651 0.0001202667 0.0000809717 0.0000635072 0.0000635072 0.0000635072 0.0000635072 0.0000635072 0.0000910931 0.0001174883 0.0001174883 0.0001174883 0.0001174883 0.0001174883 0.0001174883 0.0001174883 0.0001174883 0.0001159006 0.0000930777 0.000113916 0.0001293959 0.0001444788 0.0001397158 0.0001301897 0.0001016115 0.0001016115 0.0001540049 0.000393943 0.0030689847 0.0021830595 0.0000849409 0.0000803763 0.0001077638 0.0001397158 0.0000986346 0.0000758117 0.0000887116 0.0000926808 0.0000770025 0.0000936731 0.0001020084 0.0000895054 0.0001061761 0.0000603318 0.0002661348 0.0028943399 0.0021858379 0.0002964992 0.0000603318 0.0000603318 0.0000603318 0.0000603318
0.0000897039 0.0000678733 0.0000635072 0.0000635072 0.0000635072 0.0000635072 0.0000635072 0.0000635072 0.000103993 0.0001174883 0.0001174883 0.0001174883 0.0001174883 0.0001174883 0.0001174883 0.0001043899 0.0001022069 0.0001063745 0.0001301897 0.0001063745 0.000158768 0.000158768 0.000158768 0.0003439311 0.0001397158 0.0001111376 0.0001301897 0.000158768 0.0012191395 0.0001397158 0.0001260221 0.0001351512 0.00009407 0.0001305866 0.0001123283 0.0000895054 0.0000712471 0.0001159006 0.0001119314 0.0001103437 0.0000603318 0.0000603318 0.0000895054 0.0000468365 0.0000097245 0.0002964992 0.0007688338 0.0000603318 0.0000686671 0.0000895054 0.0000603318 0.0000603318
0.0000635072 0.0000635072 0.0000635072 0.0000635072 0.0000635072 0.0000635072 0.0000635072 0.0000635072 0.000103993 0.0001174883 0.0001174883 0.0001174883 0.0001174883 0.0001174883 0.0001131222 0.0000825593 0.0001159006 0.0001397158 0.0000920854 0.0001492419 0.000158768 0.000158768 0.000158768 0.001640073 0.0023616734 0.0004671747 0.0001301897 0.000158768 0.0001446773 0.0001260221 0.0001031992 0.0000758117 0.0000849409 0.0000666825 0.0000666825 0.0000666825 0.0000666825 0.0000666825 0.0000666825 0.0000623164 0.0000603318 0.0000603318 0.0000603318 0.0000502104 0.0000502104 0.0000603318 0.0000603318 0.0000811701 0.0001186791 0.0000686671 0.0000603318 0.0000603318
0.0000897039 0.0000635072 0.0000635072 0.0000635072 0.0005576725 0.0000331428 0.0000432643 0.000066881 0.0001107407 0.0001174883 0.0001174883 0.0001174883 0.0001174883 0.0001174883 0.0001174883 0.0000869255 0.0001349528 0.0000825593 0.0000825593 0.0000920854 0.0003105898 0.000158768 0.0010845836 0.0008994205 0.0025563626 0.0001063745 0.0001397158 0.0001349528 0.0000881162 0.0000712471 0.0000666825 0.0000666825 0.0000712471 0.0000666825 0.0000666825 0.0000666825 0.0000666825 0.0000666825 0.0000666825 0.0000650949 0.0000623164 0.0000603318 0.0000603318 0.0000603318 0.0000603318 0.0000603318 0.0000728348 0.0001186791 0.0001020084 0.0000603318 0.0000603318 0.0000603318
0.0000635072 0.0000635072 0.0000533857 0.0000432643 0.0022872509 0.0017728427 0.0000398905 0.0000770025 0.0000797809 0.0001026038 0.0001143129 0.0001174883 0.0001174883 0.0001174883 0.0001242359 0.0001111376 0.0001540049 0.0001444788 0.0001063745 0.000842264 0.0021765103 0.0014549099 0.001640073 0.000158768 0.0002963007 0.0000920854 0.0001349528 0.0001349528 0.0000968485 0.0001051838 0.0001119314 0.0000758117 0.0000666825 0.0000666825 0.0000666825 0.0000666825 0.0000666825 0.0000658887 0.0000623164 0.0000627133 0.0000619195 0.0000603318 0.0000603318 0.0000603318 0.0000603318 0.0000603318 0.0000770025 0.0000811701 0.0000603318 0.0000603318 0.0000603318 0.0000603318
0.000089307 0.0000635072 0.0000196475 0.0000432643 0.0005576725 0.0020334207 0.0007811384 0.0008440502 0.0001349528 0.0000857347 0.0000825593 0.0000891085 0.0000912916 0.0000938716 0.0000873224 0.0000825593 0.0001206637 0.0001444788 0.0001254267 0.000842264 0.0019818211 0.0025563626 0.0008994205 0.000158768 0.0001206637 0.0000873224 0.0001540049 0.0001444788 0.0001162975 0.0001409066 0.0001651187 0.0001127253 0.0000736286 0.0000777963 0.0000805747 0.0000777963 0.0000658887 0.0000603318 0.0000603318 0.0000603318 0.0000603318 0.0000603318 0.0000603318 0.0000603318 0.0000603318 0.0000603318 0.0000770025 0.0000686671 0.0000603318 0.0000603318 0.0000603318 0.0000603318
0.0001047869 0.000089307 0.000029769 0.0000567595 0.0000635072 0.001546003 0.0025605303 0.0001115345 0.0001246328 0.0001230452 0.0000952608 0.0000825593 0.0001016115 0.0001301897 0.0001063745 0.0000825593 0.0001254267 0.0000968485 0.0001063745 0.0002724855 0.0014263317 0.0017966579 0.0004624117 0.0001063745 0.0000920854 0.0000825593 0.000089307 0.000148845 0.0001591649 0.0001603556 0.0001651187 0.0001603556 0.0000936731 0.0000889101 0.0000889101 0.0000889101 0.0000728348 0.0000639041 0.0000603318 0.0000603318 0.0000603318 0.0000603318 0.0000603318 0.0000603318 0.000056958 0.000056958 0.0000603318 0.0000603318 0.0000603318 0.0000603318 0.0000603318 0.0000603318
0.0001047869 0.0001047869 0.0001022069 0.000084147 0.0003149559 0.0013469477 0.0001246328 0.0000853378 0.0000678733 0.0001115345 0.0000873224 0.0001397158 0.0001397158 0.0001540049 0.0001159006 0.0000920854 0.0001492419 0.0001540049 0.0001016115 0.0001063745 0.0001540049 0.0006952052 0.0000825593 0.0000829563 0.0000897039 0.0001250298 0.0000984361 0.0001508296 0.0001651187 0.0001651187 0.0001651187 0.0001651187 0.0000889101 0.0000984361 0.0000889101 0.0001127253 0.0001270144 0.0000781932 0.0000603318 0.0000603318 0.0000603318 0.0000603318 0.0000603318 0.0000367151 0.0000265936 0.0000434627 0.0000603318 0.0000603318 0.0000603318 0.0000603318 0.0000603318 0.0000603318
0.0001047869 0.0001047869 0.0001047869 0.000091887 0.00009407 0.0001333651 0.0000984361 0.0000722394 0.0000635072 0.0001162975 0.0000968485 0.0001111376 0.0001159006 0.0001016115 0.0001159006 0.0001301897 0.000158768 0.000158768 0.0001444788 0.000158768 0.0001492419 0.0001254267 0.0000873224 0.0001004207 0.0001555926 0.0001651187 0.0001174883 0.0000984361 0.0001460665 0.0001651187 0.0001651187 0.0001413035 0.0000936731 0.0001508296 0.0001174883 0.0001508296 0.0001460665 0.0000889101 0.0000746209 0.0000710487 0.0000686671 0.0000603318 0.0000623164 0.0000200445 0.0000065492 0.0000553703 0.0000603318 0.0000603318 0.0000603318 0.0000603318 0.0000603318 0.0000502104
0.0001047869 0.0001047869 0.000091887 0.0000660872 0.0000635072 0.0000766055 0.0000635072 0.0000635072 0.0000658887 0.0000789871 0.0000789871 0.0000825593 0.0001111376 0.000158768 0.000158768 0.000158768 0.000158768 0.0001111376 0.0001444788 0.000158768 0.0001063745 0.0000825593 0.0001123283 0.0001504326 0.0001603556 0.0001651187 0.0001555926 0.0001651187 0.0001603556 0.0001651187 0.0001651187 0.0004606255 0.0013519092 0.0001651187 0.0001651187 0.0001270144 0.0000984361 0.0000889101 0.0000889101 0.0000871239 0.0001424942 0.0000883147 0.0000871239 0.0000587441 0.0000085338 0.0000127014 0.000054378 0.0000817655 0.0001055807 0.0000603318 0.0000603318 0.0000573549
0.0001022069 0.0000764071 0.0000635072 0.0000635072 0.0000635072 0.0000635072 0.0000635072 0.0000635072 0.0000635072 0.0000635072 0.0000635072 0.0000658887 0.000074224 0.0001444788 0.000158768 0.0001444788 0.0001206637 0.0000968485 0.0001063745 0.0001444788 0.0000873224 0.0000889101 0.0001174883 0.0000936731 0.0001317774 0.0001651187 0.0001651187 0.0001651187 0.0001651187 0.0001460665 0.0001365404 0.0001651187 0.0031678177 0.0028580218 0.0001031992 0.0000889101 0.0000889101 0.0000889101 0.0000889101 0.0000936731 0.0001460665 0.0001365404 0.0000889101 0.0000889101 0.0000641026 0.0000541796 0.0000839486 0.0001222513 0.0001174883 0.0001073668 0.0000799794 0.0000508057
0.000089307 0.0000722394 0.0000809717 0.0000635072 0.0000809717 0.0000766055 0.0000853378 0.0000635072 0.0000635072 0.0000635072 0.0000635072 0.0000635072 0.0000714456 0.0001000238 0.0000873224 0.0000873224 0.0000825593 0.0001301897 0.0001540049 0.000158768 0.0001492419 0.0000861316 0.0001174883 0.0001174883 0.0001317774 0.0001460665 0.0001127253 0.0001460665 0.0001651187 0.0001460665 0.0000889101 0.000708502 0.0034442724 0.0016664682 0.0001079622 0.0000889101 0.0000889101 0.0000889101 0.0000889101 0.0000889101 0.0001079622 0.0001174883 0.0000889101 0.0000889101 0.0000889101 0.0000889101 0.0000889101 0.0000889101 0.0000889101 0.000393943 0.0006846868 0.0000508057
0.0000660872 0.0000897039 0.0001246328 0.0000853378 0.0000984361 0.0001333651 0.0001333651 0.0000984361 0.0000635072 0.0000635072 0.0000635072 0.0000766055 0.0001159006 0.0001115345 0.000074224 0.0001349528 0.0000825593 0.0001301897 0.0001540049 0.000158768 0.0001166945 0.0001170914 0.0001127253 0.0001413035 0.0001031992 0.0001031992 0.0000889101 0.0001079622 0.0001651187 0.0001555926 0.0001174883 0.0001365404 0.000398706 0.0010564023 0.0001079622 0.0001270144 0.0000889101 0.0000889101 0.0000889101 0.0000889101 0.0000889101 0.0000889101 0.0000889101 0.0000889101 0.0000889101 0.0000889101 0.0000889101 0.0000889101 0.0000889101 0.0025291736 0.0046644042 0.0010820037
0.0000678733 0.0000766055 0.0000678733 0.0000722394 0.000128999 0.0001333651 0.0001333651 0.00009407 0.0000635072 0.0000635072 0.0000635072 0.0000853378 0.0001159006 0.00009407 0.0000635072 0.0000956577 0.0001476542 0.000158768 0.000158768 0.0001301897 0.0000869255 0.0000984361 0.0001174883 0.0001603556 0.0001460665 0.0001460665 0.0001031992 0.0001079622 0.0001651187 0.0001651187 0.0001555926 0.0001508296 0.0001651187 0.0001555926 0.0001460665 0.0001317774 0.0000889101 0.0000889101 0.0000889101 0.0000889101 0.0000889101 0.0000889101 0.0000889101 0.0000889101 0.0000889101 0.0000889101 0.0000889101 0.0000889101 0.0000889101 0.0000889101 0.0031392395 0.0028342066
0.000178614 0.0001333651 0.0000766055 0.0000809717 0.0001071684 0.0001159006 0.0001333651 0.0001028023 0.0000635072 0.0000635072 0.0000635072 0.0000678733 0.0000853378 0.0000635072 0.0000635072 0.0000984361 0.0001444788 0.000158768 0.0001254267 0.0000968485 0.0000857347 0.0001413035 0.0001270144 0.0001555926 0.0001651187 0.0001651187 0.0001603556 0.0001603556 0.0001651187 0.0001365404 0.0001079622 0.0000984361 0.0001603556 0.0001651187 0.0001651187 0.0001555926 0.0000889101 0.0000889101 0.0000889101 0.0000889101 0.0001174883 0.0001031992 0.0000889101 0.0000889101 0.0000889101 0.0000889101 0.0000889101 0.0000889101 0.0000889101 0.0006989759 0.0040686275 0.0010040089
0.0002222751 0.0002222751 0.0001929031 0.0001718663 0.000079384 0.0000797809 0.000074224 0.0001159006 0.0000678733 0.0000635072 0.0000635072 0.0000635072 0.0000678733 0.0000678733 0.0000635072 0.0000853378 0.0001262205 0.000158768 0.0001016115 0.0000837501 0.0000885131 0.0001460665 0.0001651187 0.0001651187 0.0001651187 0.0001651187 0.0001651187 0.0001651187 0.0001651187 0.0001460665 0.0001079622 0.0000889101 0.0001365404 0.0001651187 0.0001706756 0.0001555926 0.0000936731 0.0000889101 0.0000889101 0.0001270144 0.0001651187 0.0001555926 0.0000889101 0.0000889101 0.0000984361 0.0001365404 0.0001127253 0.0001079622 0.0001031992 0.0010421132 0.0004368104 0.0000889101
0.0002222751 0.0002222751 0.0002222751 0.0005914107 0.000119076 0.0000952608 0.0000932762 0.0000734302 0.0000714456 0.0000698579 0.0000646979 0.0000637056 0.0000809717 0.0001202667 0.0000635072 0.0001202667 0.0000984361 0.0000988331 0.0000885131 0.0001123283 0.0001079622 0.0001603556 0.0001651187 0.0001651187 0.0001651187 0.0001651187 0.0001651187 0.0001651187 0.0001651187 0.0001460665 0.0001174883 0.0001031992 0.0001317774 0.0001651187 0.0002095737 0.0002095737 0.0001555926 0.0000984361 0.0001460665 0.0001651187 0.0007656585 0.0001651187 0.0000936731 0.0000889101 0.000168294 0.0001762324 0.0001817893 0.0001222513 0.0001413035 0.0001651187 0.0001508296 0.0000936731
0.0002222751 0.0002222751 0.0040644598 0.002452965 0.000119076 0.0001428912 0.000119076 0.0000952608 0.0000952608 0.0000845439 0.0000666825 0.0000553703 0.0000436612 0.0000821624 0.0000781932 0.0001131222 0.0001121299 0.0000678733 0.0000825593 0.0001555926 0.0001651187 0.0001651187 0.0001651187 0.0001651187 0.0001651187 0.0001651187 0.0001651187 0.0001651187 0.0001651187 0.0001651187 0.0001651187 0.0001651187 0.0001603556 0.0001651187 0.0001651187 0.000242915 0.0004876161 0.0037683575 0.0016664682 0.0016664682 0.0049694372 0.0031678177 0.0013090418 0.0001087561 0.0002318012 0.0002373581 0.0001381281 0.0000889101 0.0000833532 0.0001031992 0.0000984361 0.0000889101
0.0033023736 0.0009922998 0.0044574105 0.0059895213 0.0013773121 0.0002222751 0.0002222751 0.0001428912 0.0000952608 0.0000899024 0.0000773994 0.0000309598 0.0000174645 0.0000801778 0.0000710487 0.0001234421 0.0001361435 0.0000899024 0.0001047869 0.0001651187 0.0001651187 0.0001555926 0.0001651187 0.0001413035 0.0001460665 0.0001651187 0.0001456696 0.000116496 0.0001365404 0.0001365404 0.0001651187 0.0001365404 0.0001222513 0.0001651187 0.0001651187 0.0002262443 0.0017275939 0.0049694372 0.0040686275 0.0046691673 0.0049694372 0.0007656585 0.0016664682 0.0001222513 0.0001127253 0.0001555926 0.0001079622 0.0001413035 0.0000373105 0 0.0000388982 0.0000889101
0.001675002 0.0040723982 0.0059974597 0.006382472 0.0059974597 0.0052274351 0.0032944352 0.0001746448 0.0000952608 0.0000952608 0.0000952608 0.0000613241 0.0001031992 0.0001365404 0.0001365404 0.0001365404 0.0001365404 0.0001119314 0.0000889101 0.0001079622 0.0001222513 0.0001460665 0.0001127253 0.0000936731 0.0000889101 0.0001458681 0.0000775978 0.0000484242 0.0000970469 0.0001270144 0.0001222513 0.0000984361 0.0001365404 0.0001651187 0.0001651187 0.0010714853 0.0017275939 0.0049694372 0.0046747241 0.0049694372 0.0049694372 0.0010659284 0.0001603556 0.0001174883 0.0001127253 0.0001317774 0.0000889101 0.0000889101 0.0001174883 0.0001079622 0.0000889101 0.0000889101
