Models/Synthetic/Density/temp_raster_dens.asc
NCOLS 101
NROWS 101
XLLCORNER 3302900
YLLCORNER 3112000
CELLSIZE 4386.138614
NODATA_VALUE NaN
[rows 0 to 22 of 101, columns 0 to 51 of 101]
0.0000197042 0.0000200347 0.0000202115 0.0000200834 0.0000196554 0.0000189799 0.0000182369 0.0000175269 0.0000168896 0.0000162908 0.0000157288 0.0000153006 0.0000151199 0.0000150598 0.0000143197 0.000013805 0.0000138083 0.0000144219 0.000015517 0.0000147585 0.0000145313 0.0000148994 0.0000157113 0.0000170073 0.0000185581 0.0000204784 0.000022576 0.0000250076 0.0000280177 0.0000323902 0.0000435942 0.00004262 0.000048054 0.0000564717 0.0000593078 0.0000682412 0.0000776071 0.0000755713 0.0000810803 0.0000884064 0.0000969746 0.0001053487 0.000114406 0.0001155716 0.0001278741 0.0001204298 0.0001223123 0.000122893 0.0001233746 0.0001248709 0.0001211426 0.000118617
0.0000205198 0.0000211898 0.0000213469 0.0000211522 0.0000202861 0.0000196068 0.0000188846 0.0000181638 0.0000174797 0.0000168268 0.0000162152 0.0000157116 0.0000153599 0.0000149557 0.000014502 0.0000140951 0.0000140639 0.0000144622 0.0000147447 0.0000148805 0.0000148985 0.0000153017 0.0000161004 0.0000173714 0.0000278004 0.0000207516 0.0000227939 0.0000253298 0.0000284558 0.0000328374 0.0000376188 0.0000429722 0.0000480772 0.0000534235 0.0000675003 0.0000658532 0.0000711395 0.0000770311 0.0000830151 0.000091414 0.0001000863 0.0001112891 0.0001129255 0.0001168571 0.0001194869 0.0001223259 0.0001242305 0.00013071 0.0001248357 0.000123413 0.0001220738 0.0001240123
0.0000220206 0.0000227109 0.0000253511 0.0000226043 0.0000216925 0.0000209769 0.0000202328 0.0000194624 0.0000186913 0.0000179271 0.0000171822 0.0000165064 0.0000159075 0.0000153769 0.0000149028 0.0000145725 0.0000144673 0.0000145524 0.000014787 0.0000154572 0.0000158331 0.0000163358 0.0000167654 0.0000180456 0.0000195578 0.0000213182 0.0000233055 0.0000258611 0.000029061 0.0000329951 0.0000376513 0.0000426279 0.0000475927 0.000052996 0.0000586725 0.0000648226 0.0000712907 0.0000785364 0.0000866067 0.0000958006 0.000111406 0.0001124727 0.0001150909 0.0001187589 0.0001222811 0.0001252103 0.0001298212 0.0001279341 0.0001272843 0.0001251644 0.0001236072 0.0001208414
0.0000242955 0.0000249564 0.0000250785 0.0000248751 0.0000240162 0.0000232501 0.0000224118 0.0000215132 0.0000206219 0.0000196555 0.0000186861 0.0000177738 0.0000169833 0.0000163008 0.0000157441 0.0000153448 0.0000151287 0.0000150885 0.0000152737 0.0000160327 0.0000196948 0.0000171526 0.0000176502 0.0000190543 0.0000205801 0.0000222815 0.0000241368 0.000026708 0.0000299491 0.0000338533 0.0000383087 0.0000430609 0.0000480082 0.0000532913 0.0000591765 0.0000658332 0.0000733681 0.0000818579 0.0000910785 0.0001012433 0.0001126686 0.0001143741 0.0001187947 0.0001232005 0.0001270069 0.0001298271 0.0001309934 0.0001317685 0.0001303232 0.0001286375 0.0001257248 0.0001237246
0.0000275483 0.0000277006 0.0000277797 0.0000279001 0.0000274771 0.0000266347 0.0000253166 0.0000243877 0.0000233116 0.000022087 0.0000206926 0.0000195711 0.0000186284 0.0000178161 0.0000170713 0.0000164857 0.0000160953 0.0000159406 0.0000160434 0.0000167796 0.0000173267 0.0000180217 0.0000186275 0.000020119 0.0000224254 0.0000236757 0.0000255875 0.0000281722 0.0000312441 0.0000351644 0.0000395931 0.0000443657 0.0000493902 0.0000549367 0.0000613235 0.0000685223 0.0000767464 0.0000860848 0.0000957537 0.0001049204 0.0001123048 0.0001183392 0.0001237764 0.000130304 0.0001335294 0.0001353597 0.0001357348 0.0001354855 0.0001386687 0.0001321847 0.0001294401 0.0001263742
0.0000316243 0.0000317679 0.0000315965 0.0000316488 0.0000323541 0.0000302582 0.0000287718 0.0000276136 0.0000267551 0.000024809 0.0000231438 0.0000218107 0.000021005 0.0000200321 0.0000190504 0.0000179269 0.0000173236 0.0000170356 0.0000170372 0.0000173054 0.0000178407 0.0000185834 0.0000196278 0.0000211554 0.0000228535 0.0000252854 0.0000352871 0.0000300299 0.0000328812 0.0000368986 0.0000417811 0.0000466838 0.0000519007 0.0000574221 0.0000643275 0.0000723558 0.0000810028 0.0000907775 0.0001020643 0.0001096627 0.0001167654 0.0001234891 0.0001306315 0.0001359398 0.0001467057 0.0001416233 0.0001413657 0.0001406345 0.0001386855 0.0001367407 0.000133755 0.0001302522
0.0000369246 0.0000366946 0.0000360094 0.0000358169 0.000035196 0.0000341478 0.0000325237 0.0000311721 0.0000296048 0.0000278651 0.0000259688 0.0000244428 0.0000234249 0.0000234886 0.000020995 0.0000196166 0.0000187904 0.0000183567 0.0000182411 0.0000184673 0.0000189879 0.0000197584 0.0000207271 0.0000220267 0.000023938 0.0000265765 0.0000302953 0.0000317022 0.0000346585 0.0000388739 0.000043922 0.0000506522 0.0000545625 0.0000604318 0.0000676732 0.0000847365 0.0000852173 0.0001028186 0.0001063882 0.0001152525 0.0001228226 0.0001298044 0.0001367915 0.000144768 0.0001469589 0.0001496378 0.0001481125 0.0001461175 0.0001437829 0.0001413584 0.0001396135 0.0001344245
0.0000442158 0.0000419373 0.0000410214 0.0000402789 0.000039429 0.0000382411 0.0000368139 0.0000351597 0.0000333662 0.0000313518 0.0000293089 0.0000274186 0.0000260448 0.0000245434 0.0000230819 0.000021523 0.000020536 0.0000199619 0.0000197531 0.0000199571 0.0000206737 0.0000213728 0.0000221808 0.0000231471 0.0000250124 0.0000279893 0.0000301439 0.0000330066 0.0000363493 0.0000406925 0.0000459382 0.0000513276 0.0000573722 0.0000637136 0.0000712504 0.0000796297 0.0000982366 0.0001000803 0.0001164986 0.0001221239 0.0001296036 0.0001376712 0.0001441079 0.0001539971 0.0001683919 0.0001558384 0.0001554849 0.0001533744 0.0001499 0.0001472264 0.0001438883 0.0001412488
0.0000481606 0.0000478991 0.0000469405 0.0000460274 0.0000449528 0.0000435478 0.0000419196 0.0000404779 0.0000384445 0.0000361202 0.0000332524 0.0000308584 0.0000287395 0.0000269245 0.0000253231 0.0000239309 0.0000227568 0.0000219706 0.0000220029 0.0000221264 0.0000227226 0.0000237611 0.0000235186 0.0000243491 0.0000260966 0.0000283171 0.0000310151 0.0000340917 0.0000379231 0.0000423769 0.0000473976 0.0000530896 0.0000595779 0.0000671587 0.0000747149 0.0000835127 0.0000933216 0.0001043256 0.0001156452 0.0001273086 0.0001433921 0.0001452825 0.0001519362 0.0001627262 0.0001615269 0.0001641499 0.0001674899 0.000160187 0.0001565349 0.0001530311 0.0001502495 0.0001436057
0.0000549754 0.0000551001 0.0000540753 0.0000533182 0.0000518326 0.0000501137 0.0000479848 0.0000462276 0.0000465404 0.0000413072 0.0000378791 0.0000347529 0.0000320825 0.0000300901 0.0000287004 0.0000272909 0.0000261264 0.0000247073 0.0000244566 0.0000278493 0.0000247281 0.0000246515 0.0000248613 0.000025625 0.0000271314 0.0000292741 0.0000320375 0.0000354173 0.0000394012 0.0000439404 0.0000490986 0.000054988 0.0000618221 0.0000694344 0.0000783327 0.000088001 0.0000981709 0.0001088396 0.000119855 0.0001322073 0.0001458694 0.0001531754 0.0001599928 0.0001720783 0.0001774963 0.0001706895 0.0001697732 0.0001680458 0.000163366 0.0001592786 0.0001536102 0.0001571883
0.000065974 0.0000627459 0.0000629598 0.0000607901 0.0000600934 0.0000571429 0.0000543755 0.0000524356 0.000049971 0.0000470661 0.0000429014 0.0000390791 0.0000357834 0.0000333296 0.0000322694 0.0000322281 0.0000289522 0.0000308449 0.0000262986 0.0000260611 0.0000322914 0.0000258537 0.0000260769 0.0000270006 0.0000284677 0.0000305375 0.0000332452 0.000036723 0.0000407461 0.0000454612 0.0000508504 0.0000569721 0.000063903 0.0000717594 0.000081073 0.0000951332 0.0001072481 0.0001130624 0.0001242596 0.0001368278 0.0001490922 0.0001597641 0.0001656422 0.0001706609 0.000173961 0.0001764168 0.0001791111 0.0001738573 0.0001730547 0.0001637704 0.0001570343 0.0001501811
0.0000709488 0.000071066 0.0000698551 0.0000684581 0.0000666249 0.0000640685 0.0000611288 0.0000580604 0.0000556866 0.0000526506 0.0000484192 0.0000440596 0.0000397278 0.0000367178 0.0000342593 0.0000323275 0.0000307791 0.0000287991 0.0000274832 0.0000266854 0.0000266546 0.0000272253 0.000027253 0.0000282414 0.0000298224 0.0000317385 0.000034392 0.0000377599 0.0000418867 0.0000468021 0.0000528601 0.0000593176 0.0000664012 0.0000746163 0.0000840461 0.0000948724 0.0001074045 0.0001169313 0.0001285224 0.0001407623 0.0001528544 0.0001706413 0.0001706985 0.0001757951 0.0001851604 0.0001820514 0.0001822508 0.00017957 0.0001749856 0.0001687253 0.0001605225 0.0001514662
0.0000801016 0.0000798715 0.0000782553 0.0000759876 0.0000734759 0.0000748657 0.0000670084 0.0000635954 0.000060905 0.0000579856 0.0000583239 0.0000478719 0.0000447733 0.0000393763 0.0000368057 0.0000344948 0.0000324865 0.0000302567 0.0000284309 0.0000273671 0.0000271061 0.0000273444 0.000028056 0.0000291417 0.0000306291 0.0000327158 0.000035369 0.0000387387 0.0000428076 0.0000478025 0.0000541274 0.0000645916 0.0000682829 0.0000765248 0.0000914194 0.0000963246 0.0001074853 0.0001217292 0.00013228 0.0001439795 0.0001560943 0.0001660432 0.0001747692 0.0001872613 0.0001851119 0.0001878189 0.0001875418 0.0001831845 0.000178083 0.0001764681 0.0001630719 0.0001524084
0.0000924003 0.0000901128 0.0000877707 0.000084233 0.0000805696 0.0000766162 0.0000727068 0.0000686085 0.0000651658 0.0000612469 0.0000561421 0.0000508845 0.000045748 0.000041927 0.000039305 0.0000454633 0.0000345546 0.000031858 0.0000300115 0.0000286281 0.0000277797 0.000027799 0.0000284385 0.0000295387 0.0000311231 0.0000333082 0.0000363603 0.0000397183 0.0000437078 0.0000487129 0.0000548591 0.0000618572 0.0000689396 0.0000777017 0.0000874156 0.0000972217 0.0001085855 0.0001222626 0.0001344275 0.000147645 0.0001573141 0.0001678697 0.0001785294 0.000183644 0.000188776 0.0001938022 0.0001921844 0.0001860644 0.0001797392 0.0001732712 0.0001647707 0.0001525734
0.0001035753 0.0001001737 0.0000976944 0.0000921223 0.0000876132 0.0000829743 0.0000783883 0.0000735766 0.0000690774 0.000064424 0.000058509 0.0000528856 0.0000479821 0.0000440412 0.0000416062 0.0000393103 0.0000363839 0.0000334545 0.0000319356 0.0000297446 0.0000285972 0.0000283486 0.0000288198 0.0000298554 0.00003143 0.0000336828 0.0000370116 0.0000412113 0.0000443483 0.000048918 0.0000608752 0.0000614886 0.0000749703 0.0000772891 0.0000864663 0.0000970314 0.0001084332 0.0001207973 0.00013371 0.0001462127 0.0001606078 0.0001674514 0.0001760492 0.0001836682 0.0001966384 0.0001915209 0.0002011263 0.0001890775 0.0001782588 0.0001771772 0.000161805 0.0001538276
0.0001144019 0.0001091435 0.0001042723 0.0000997809 0.000094989 0.0000961474 0.0000846173 0.0000791319 0.000073732 0.0000678714 0.0000616737 0.0000557935 0.0000507215 0.0000465614 0.0000432416 0.0000402332 0.0000374138 0.0000349003 0.0000325255 0.0000307096 0.000029398 0.0000289883 0.0000293087 0.0000302534 0.0000317563 0.0000338615 0.000037031 0.0000473893 0.0000442392 0.0000487899 0.0000544374 0.0000617426 0.0000693227 0.0000777241 0.0000864247 0.0000962921 0.0001074762 0.0001194807 0.0001318754 0.0001442616 0.0001552915 0.0001673938 0.0001734663 0.0001812029 0.0001854191 0.0001883028 0.0001873093 0.0001840038 0.000176508 0.0001744997 0.0001598488 0.0001499332
0.0001232121 0.0001168027 0.0001123399 0.000107906 0.0001033109 0.0000974254 0.0000914672 0.0000851178 0.000079314 0.0000721676 0.0000658789 0.000059582 0.000054207 0.0000494283 0.0000455014 0.0000420301 0.0000386936 0.0000357553 0.0000333101 0.0000313917 0.0000301779 0.0000296615 0.0000298541 0.000030699 0.0000321133 0.0000339987 0.0000366569 0.0000396837 0.0000434808 0.0000479183 0.0000539153 0.000060893 0.0000710105 0.0000795213 0.0000863075 0.0000962781 0.0001065026 0.0001178445 0.0001303466 0.0001418041 0.0001525835 0.0001602436 0.0001682346 0.0001743537 0.0001795438 0.0001851216 0.0001948302 0.0001815558 0.0001816491 0.0001670619 0.0001580928 0.0001550453
0.0001270192 0.000124667 0.0001202325 0.0001207265 0.0001117725 0.0001047622 0.0000980246 0.000091583 0.0000839578 0.0000774843 0.0000699066 0.0000673113 0.0000575631 0.0000521935 0.0000482634 0.0000436164 0.0000398354 0.0000366783 0.0000341074 0.0000321889 0.0000309354 0.0000303417 0.0000304003 0.000031139 0.0000324418 0.0000341394 0.0000361398 0.0000387524 0.00004226 0.0000467707 0.0000526227 0.0000650223 0.000067152 0.0000756155 0.0000895001 0.0000953934 0.0001063806 0.0001149264 0.0001263233 0.0001414551 0.000147321 0.0001618605 0.0001619533 0.0001679639 0.000173055 0.0001818952 0.0001801453 0.000185367 0.0001739801 0.0001679819 0.000155033 0.0001432447
0.0001368071 0.000132324 0.0001282475 0.0001233124 0.000117896 0.0001119611 0.0001049908 0.0000971648 0.0000897398 0.0000814103 0.0000743352 0.0000672265 0.0000692244 0.0000545098 0.0000493949 0.0000450121 0.0000409442 0.0000376121 0.0000349259 0.0000329616 0.0000317015 0.0000310594 0.0000310098 0.000031554 0.0000328182 0.0000342705 0.0000359022 0.0000379241 0.0000410302 0.0000452062 0.0000507435 0.0000568131 0.0000638713 0.0000724377 0.0000824565 0.0000933319 0.0001020887 0.0001106304 0.0001206414 0.0001314531 0.0001432013 0.0001496203 0.0001572921 0.0001634951 0.0001667194 0.0001686792 0.0001780797 0.0001793216 0.0001679266 0.0001608349 0.0001489326 0.0001372182
0.0001434819 0.0001412457 0.0001360803 0.000129939 0.0001233186 0.0001166546 0.000110373 0.0001079465 0.0000944509 0.0000868198 0.0000835977 0.0000697154 0.0000624672 0.0000563416 0.0000508088 0.0000461982 0.0000421731 0.0000384334 0.0000356268 0.0000336113 0.0000323673 0.0000319309 0.0000317936 0.0000321187 0.0000328726 0.0000345363 0.0000352812 0.000036905 0.0000395932 0.0000438059 0.0000485886 0.0000542216 0.0000603678 0.0000684916 0.0000846016 0.0000925408 0.0000975445 0.0001046961 0.0001136818 0.0001242219 0.0001353587 0.0001449082 0.0001598441 0.0001693306 0.0001600536 0.0001613408 0.000171229 0.0001609374 0.0001567961 0.0001495797 0.0001408517 0.0001298953
0.0001515625 0.0001495537 0.0001440724 0.0001357677 0.0001279853 0.0001209639 0.0001143388 0.0001089262 0.0000983781 0.0000896649 0.0000802671 0.0000715643 0.0000666383 0.0000574669 0.0000517942 0.0000479399 0.0000428669 0.0000390491 0.0000361388 0.0000340757 0.0000328358 0.0000324542 0.0000329542 0.000032335 0.0000328639 0.0000336092 0.0000345938 0.0000357321 0.0000380929 0.0000419478 0.0000499428 0.0000516638 0.0000573776 0.0000648747 0.0000741263 0.0000839935 0.0000910963 0.0000986565 0.0001074209 0.0001176341 0.0001284607 0.0001441801 0.0001500941 0.0001512462 0.0001535997 0.0001578598 0.0001542449 0.0001575244 0.0001502608 0.000140269 0.0001318112 0.0001227101
0.0001566374 0.0001509945 0.0001469681 0.0001388142 0.0001366442 0.0001235874 0.0001162494 0.0001078776 0.0000998975 0.0000938618 0.000081458 0.000072656 0.0000650013 0.000058412 0.0000525508 0.0000476266 0.0000433332 0.0000394705 0.0000365611 0.0000344223 0.0000330728 0.0000325788 0.0000324174 0.0000323191 0.0000325017 0.0000334908 0.000033584 0.0000346019 0.0000366616 0.0000401993 0.0000443238 0.0000494872 0.0000547887 0.0000612301 0.0000688693 0.0000814849 0.0000843981 0.0000924494 0.0001026183 0.0001115208 0.0001219701 0.0001321902 0.0001378354 0.0001447114 0.0001472048 0.0001452305 0.000150195 0.0001411769 0.0001396913 0.0001315447 0.0001243506 0.0001151649
0.0001532054 0.0001533462 0.0001463918 0.0001399484 0.0001329976 0.0001343822 0.0001168181 0.0001084462 0.0001012616 0.0000915309 0.000082177 0.0000732057 0.0000655621 0.0000589026 0.0000534402 0.0000483283 0.0000439129 0.0000402762 0.0000373692 0.0000351477 0.0000331981 0.0000323049 0.0000319548 0.0000322496 0.0000325354 0.0000326958 0.0000327579 0.0000335689 0.0000358579 0.0000386837 0.0000427385 0.0000471299 0.0000530804 0.0000579517 0.0000643355 0.0000710024 0.000078092 0.000086236 0.0000997692 0.000104978 0.0001171053 0.0001212854 0.0001281896 0.0001324814 0.0001347804 0.000134834 0.0001327497 0.0001312862 0.000132805 0.0001229082 0.0001155429 0.0001082618
