Models/Synthetic/Density/temp_raster_dens.asc
NCOLS 101
NROWS 101
XLLCORNER 3302900
YLLCORNER 3112000
CELLSIZE 4386.138614
NODATA_VALUE NaN
[rows 46 to 68 of 101, columns 0 to 51 of 101]
0.0000926331 0.0000965505 0.0001002896 0.0001070207 0.0001135706 0.0001238178 0.0001353212 0.0001430797 0.0001594018 0.0001524467 0.0001493335 0.0001484162 0.0001449975 0.0001429594 0.0001402906 0.000143641 0.0001394041 0.0001549981 0.0001258768 0.0001175933 0.0001125348 0.0001069705 0.0001026489 0.0000959535 0.0000902567 0.0000815723 0.0000762468 0.0000725983 0.0000796018 0.0000727216 0.0000740693 0.000076653 0.0000549752 0.0000517906 0.0000495049 0.0000467402 0.0000448888 0.0000662917 0.0000418227 0.0000413266 0.0000431558 0.000045657 0.000048776 0.0000539801 0.0000754218 0.0000668359 0.0000738361 0.0000812707 0.0000899142 0.0001013107 0.0001258279 0.0001249749
0.0000955886 0.0000998847 0.0001161151 0.0001111892 0.0001288976 0.000155263 0.0001400386 0.0001462069 0.0001502114 0.0001554228 0.0001508117 0.0001479174 0.0001674947 0.0001407911 0.0001399346 0.000138584 0.000140299 0.0001590192 0.0001320417 0.0001249194 0.0001265246 0.0001341116 0.0001089803 0.0001182735 0.000095204 0.0000991946 0.0000805107 0.0000771273 0.0000750926 0.0000730214 0.0000683896 0.0000638046 0.0000603424 0.000057324 0.00005437 0.0000510678 0.0000490408 0.0000469239 0.0000454571 0.0000441783 0.0000449279 0.0000468717 0.0000490937 0.0000530011 0.0000562533 0.0000610063 0.0000654835 0.0000722404 0.0000806029 0.0000931102 0.0001100433 0.0001168025
0.0000995618 0.0001031556 0.0001082224 0.0001180485 0.0001271949 0.0001461541 0.0001554662 0.0001466512 0.0001518367 0.0001565631 0.0001549341 0.0001503109 0.0001651506 0.0001393393 0.0001373589 0.0001750436 0.0001392133 0.0001379435 0.0001366543 0.0001339891 0.0001256078 0.0001197418 0.0001152593 0.0001082605 0.0001008782 0.0000914208 0.0000862042 0.0000831083 0.0000800581 0.0000765402 0.0000734696 0.0000709376 0.0000692782 0.0000656802 0.0000613822 0.0000573338 0.00005468 0.0000524385 0.0000502081 0.0000484 0.0000486797 0.0000506664 0.0000532693 0.0000536766 0.0000543564 0.0000562342 0.0000601749 0.0000656212 0.0000732226 0.0000850897 0.0000971735 0.0001089556
0.0001041928 0.0001060451 0.0001110081 0.0001454617 0.0001783943 0.0001422977 0.0001462481 0.0001515211 0.0001552744 0.0001576337 0.0001584119 0.0001686295 0.000143848 0.0001606538 0.0001355187 0.0001363697 0.0001634748 0.0001587683 0.0001378744 0.000134391 0.0001288596 0.0001246172 0.0001255356 0.0001148579 0.0001074205 0.000097845 0.0000923235 0.0000901436 0.0000922211 0.0000851491 0.0000846453 0.0000987703 0.0000860784 0.0000797112 0.0000706708 0.0000649917 0.0000633466 0.0000618579 0.0000578517 0.0000539388 0.0000537725 0.0000592173 0.0000619499 0.0000619029 0.0000567659 0.000055256 0.0000567593 0.0000608919 0.0000669632 0.000076007 0.0000966841 0.0001097655
0.000110316 0.0001123887 0.0001172338 0.000128217 0.0001609188 0.0001461539 0.0001651847 0.0001667484 0.0001560045 0.0001597673 0.0001524252 0.0001481682 0.0001671922 0.0001363539 0.0001322421 0.0001520164 0.0001384777 0.0001358919 0.00013603 0.0001356806 0.0001504213 0.000129052 0.0001284626 0.0001325388 0.0001180106 0.0001084871 0.0001012887 0.0000992118 0.0000978211 0.0000969439 0.0000991188 0.000107923 0.0001391608 0.0000965412 0.0000803855 0.000074286 0.0000723632 0.0000764297 0.0000659747 0.0000610028 0.0000601732 0.0000648234 0.0000862508 0.0000693846 0.0000610426 0.0000554728 0.0000557036 0.0000582838 0.0000622097 0.0000682102 0.000075632 0.0000818215
0.00011959 0.0001222088 0.0001259303 0.0001342125 0.0001431238 0.0001626002 0.0001784758 0.0001795937 0.0001700518 0.0001491963 0.0001460204 0.0001449567 0.0001433642 0.0001500069 0.0001294052 0.0001283286 0.0001296355 0.0001307754 0.0001330546 0.0001419986 0.0001362405 0.0001330254 0.0001307098 0.0001347159 0.0001333134 0.0001179919 0.0001112262 0.0001092236 0.0001100684 0.0001103781 0.0001126328 0.0001188971 0.000129159 0.0001048494 0.0000929232 0.0000854653 0.0000838243 0.0000816661 0.0000771176 0.0000704556 0.0000662362 0.0000698701 0.0000713918 0.0000752655 0.0000616969 0.0000567562 0.0000562473 0.0000585986 0.000059271 0.0000608881 0.0000634035 0.0000667208
0.0001302238 0.0001349346 0.0001377605 0.0001391751 0.0001523564 0.0001558136 0.0001470286 0.0001461156 0.0001511835 0.0001427572 0.0001408859 0.0001525842 0.0001401792 0.0001310926 0.0001250033 0.0001235965 0.0001265854 0.0001263564 0.0001326102 0.000138321 0.0001419141 0.0001356208 0.0001333533 0.0001324584 0.0001292713 0.0001245494 0.000121246 0.0001209951 0.0001228472 0.0001268784 0.0001243684 0.0001244655 0.0001218598 0.0001249024 0.0001058473 0.0001008292 0.000097608 0.0000974636 0.0001000371 0.0000789629 0.0000727621 0.000070084 0.0000708732 0.0000661719 0.0000626499 0.0000593503 0.0000587821 0.000059074 0.0000587574 0.0000578045 0.0000567822 0.0000576647
0.0001379558 0.0001440879 0.0001429389 0.0001434288 0.0001442692 0.0001432194 0.00013919 0.0001370381 0.0001389218 0.000152982 0.0001323574 0.000148177 0.0001271271 0.0001208499 0.0001207934 0.000117981 0.0001191564 0.0001228402 0.0001304372 0.0001505669 0.0001460856 0.0001419388 0.0001387262 0.0001363858 0.0001338731 0.0001310047 0.0001298038 0.0001322335 0.0001348473 0.0001356431 0.0001356507 0.0001345251 0.0001429626 0.0001293405 0.0001226885 0.0001187784 0.0001388731 0.0001080899 0.0000976921 0.0000884267 0.0000797153 0.0000747201 0.0000705152 0.0000678393 0.0000656713 0.0000646269 0.0000629918 0.0000615735 0.0000611797 0.0000571263 0.0000542268 0.0000527545
0.0001378684 0.0001408529 0.0001420854 0.0001414099 0.000142775 0.0001343176 0.000130099 0.000130727 0.0001239629 0.000121179 0.0001223178 0.0001208609 0.0001182833 0.0001142211 0.0001129932 0.0001143076 0.0001151261 0.0001189687 0.000127432 0.0001429756 0.0001548071 0.0001511299 0.0001435441 0.000145335 0.0001463803 0.0001406174 0.000139311 0.0001411418 0.0001436607 0.0001670907 0.000147514 0.0001491063 0.0001491317 0.0001443835 0.0001441132 0.0001383195 0.0001329709 0.0001205137 0.0001080822 0.0000973506 0.0000887824 0.0000816624 0.0000760463 0.000072294 0.000071875 0.0000704099 0.0000671244 0.0000640422 0.0000648146 0.0000614094 0.000057089 0.0000510584
0.0001380232 0.0001415393 0.0001433137 0.0001366031 0.0001311614 0.0001262076 0.0001223697 0.0001157193 0.0001125698 0.0001105927 0.0001111829 0.0001257484 0.0001136882 0.0001072457 0.0001548811 0.0001134214 0.0001124276 0.0001167204 0.0001233759 0.0001317343 0.0001393217 0.0001439591 0.0001692505 0.0001484987 0.0001661086 0.0001509915 0.0001573643 0.0001550793 0.0001563793 0.0001605757 0.0001737989 0.0001612321 0.0001669844 0.0001600049 0.0001591629 0.0001635194 0.0001473327 0.0001354136 0.0001212745 0.0001092607 0.0000989064 0.0000910517 0.0000841502 0.0000788045 0.0000744131 0.0000710628 0.0000675771 0.0000654913 0.0000655153 0.0000847232 0.0000569131 0.0000505954
0.0001408732 0.0001453401 0.0001390994 0.0001314706 0.0001238438 0.0001173966 0.0001121513 0.0001071971 0.0001048779 0.0001076744 0.000115444 0.0001000812 0.0001002568 0.0001020143 0.000107097 0.0001070361 0.0001119834 0.0001150207 0.0001207812 0.0001261321 0.0001335218 0.0001398291 0.0001458598 0.0001520809 0.0001569044 0.0001600624 0.0002005353 0.0001673864 0.0001966765 0.0001717361 0.000173023 0.0001762273 0.0001758301 0.0001748803 0.00018562 0.0001758803 0.0001620191 0.0001484645 0.000152548 0.0001201262 0.0001082673 0.0001000621 0.0000934258 0.0000851171 0.0000778082 0.000072347 0.0000685623 0.000065047 0.0000657117 0.0000611672 0.0000583338 0.0000510598
0.0001408407 0.0001484404 0.000136289 0.000127554 0.0001176014 0.0001088532 0.0001029419 0.000109356 0.0001201673 0.0001027861 0.0000915821 0.0000889571 0.0000906916 0.0000998042 0.0000973977 0.000102213 0.0001073563 0.0001188512 0.0001171643 0.0001240888 0.0001311526 0.0001387595 0.000147306 0.0001588181 0.0001638105 0.0001724853 0.0001761764 0.0002107545 0.000183983 0.0001854428 0.0001866979 0.0001948566 0.0001904197 0.0001934017 0.000187528 0.0001842357 0.0001895238 0.0001576248 0.0001420433 0.0001280322 0.0001163742 0.0001080484 0.0001004283 0.0000920322 0.0000828751 0.0000752885 0.0000708398 0.0000668177 0.0000605442 0.0000607352 0.0000547215 0.0000671359
0.0001364644 0.0001307385 0.0001293153 0.0001265178 0.0001092747 0.0000987517 0.0000931014 0.000088985 0.0000857845 0.0000886152 0.0000810487 0.0000810896 0.0000872505 0.0000889277 0.0000926747 0.0000974171 0.0001169876 0.0001088313 0.0001138968 0.0001219623 0.0001452259 0.0001393433 0.0001489999 0.000184888 0.0001717929 0.0001794723 0.0002090445 0.0002006795 0.0002007558 0.0002071092 0.0002025456 0.0002026072 0.0002050156 0.0002050076 0.0001958275 0.0001880416 0.0001790125 0.0001687808 0.0001513818 0.0001368843 0.0001235566 0.0001143029 0.0001068478 0.0000981407 0.0000883436 0.0000793403 0.0000708145 0.0000635234 0.0000590762 0.0000559361 0.0000562865 0.0000528657
0.0001405548 0.0001150518 0.0001267174 0.000135894 0.000097982 0.0000884799 0.0000820996 0.0000764213 0.000073399 0.0000713958 0.0000726961 0.0000773134 0.0000796143 0.0000843829 0.0000911725 0.0000980833 0.000102747 0.0001059013 0.0001115523 0.0001213128 0.0001317281 0.0001395986 0.0001519594 0.0001583351 0.0001719442 0.0001858487 0.0001896452 0.0001972144 0.0002073076 0.0002146699 0.0002175973 0.0002238709 0.0002114615 0.0002121829 0.0002075717 0.000196442 0.0001831042 0.0001772938 0.0001809067 0.0001487825 0.0001301275 0.0001201381 0.0001103686 0.0001015421 0.0000942179 0.000082616 0.0000728609 0.0000639265 0.0000577319 0.000053987 0.0000544154 0.0000531203
0.0000932708 0.0001000776 0.0000980253 0.0000938844 0.0000850118 0.0000794123 0.0000735063 0.0000683068 0.0000650131 0.0000641692 0.0000661665 0.0000698185 0.000075307 0.0000818636 0.0000932274 0.0001429469 0.000105102 0.0001065503 0.0001135116 0.000123241 0.0001320437 0.0001409056 0.0001489041 0.0001554482 0.0001643809 0.0001748069 0.000185418 0.0001967253 0.000222013 0.0002157499 0.0002157981 0.0002149499 0.0002159911 0.0002255388 0.0002744264 0.0002045298 0.0002163419 0.0001822837 0.0002060619 0.0001568204 0.0001374678 0.0001254921 0.0001148154 0.0001070031 0.0000963796 0.0000876168 0.0000767624 0.0000763139 0.0000577877 0.0000533239 0.0000533573 0.0000567657
0.0000760176 0.0000790067 0.0000885392 0.000076643 0.0000726496 0.0000708094 0.0000665123 0.000062737 0.0000612066 0.0000609509 0.0000626629 0.0000660099 0.0000726378 0.0000835586 0.0000972156 0.0001128531 0.0001120008 0.0001146614 0.0001211714 0.0001287246 0.0001372855 0.0001564207 0.0001522041 0.0001596067 0.0001683631 0.0001763357 0.0001852237 0.000216253 0.0002355101 0.0002113817 0.0002152855 0.000215331 0.0002152569 0.0002200861 0.0002434654 0.0002130845 0.0002071636 0.0001807191 0.0001698961 0.0001820118 0.0001423661 0.0001276346 0.0001380682 0.0001080099 0.000104216 0.0001165114 0.0000849085 0.0000677016 0.0000599589 0.0000555885 0.0000563338 0.0000565507
0.0000604105 0.0000641939 0.000065307 0.0000649757 0.0000626172 0.0000615883 0.0000605131 0.0000589388 0.0000584277 0.0000863057 0.0000613841 0.0000654391 0.000073508 0.0000866852 0.0001071467 0.0001117197 0.0001226145 0.000126644 0.0001323875 0.0001394498 0.0001471414 0.0001528525 0.0001747917 0.0001811936 0.0001840993 0.0001998347 0.0001960664 0.0001985391 0.0002052118 0.0002115111 0.000214572 0.000210622 0.0002088873 0.0002181896 0.0002068818 0.0002025656 0.0001864768 0.000172916 0.0001641815 0.000159583 0.000140274 0.0001469897 0.0001172444 0.0001088345 0.0000988801 0.0000878356 0.0000763447 0.0000675532 0.0000640087 0.0000636608 0.0000637154 0.0000656562
0.0000498709 0.0000526187 0.0000548507 0.0000567072 0.0000568799 0.0000571315 0.0000563848 0.0000562877 0.0000572653 0.0000588391 0.0000624146 0.0000685222 0.0000779198 0.0000914838 0.0001074224 0.0001225283 0.0001242963 0.0001360565 0.0001450405 0.0001500408 0.000154674 0.0001715967 0.000167124 0.0001757261 0.0001886182 0.0002311916 0.0002337884 0.0001990123 0.0002037758 0.0002295134 0.0002129703 0.0002057136 0.0002004194 0.0001959159 0.0001911965 0.0001824198 0.0001741895 0.0001649571 0.000162868 0.0001661114 0.000134446 0.0001215725 0.0001131412 0.0001096382 0.0000942066 0.000083797 0.0000741792 0.0000681164 0.0000671523 0.0000830565 0.0000733006 0.0000664201
0.0000438039 0.0000466797 0.000051484 0.0000533027 0.0000753277 0.0000567906 0.0000570303 0.0000576604 0.000057997 0.0000606474 0.0000656276 0.0000734298 0.0000863046 0.0000960059 0.0001074742 0.0001182997 0.0001312314 0.0001473684 0.000165188 0.0001561512 0.0001630919 0.0001665307 0.0001734168 0.0001884951 0.0001962076 0.0001992295 0.00020152 0.0002257616 0.0002079762 0.0002348523 0.0002172164 0.0001988961 0.000192197 0.0001861744 0.0001768372 0.0001671062 0.0001602091 0.0001623669 0.0001485835 0.0001396692 0.0001293147 0.0001179779 0.0001090786 0.0001003882 0.0000912274 0.0000815268 0.0000932454 0.0000693735 0.0000697327 0.0000716349 0.0000714214 0.0000694119
0.0000424761 0.0000451626 0.0000484913 0.0000726963 0.0000568142 0.0000604259 0.0000662368 0.0000616746 0.0000625268 0.0000664011 0.0000718054 0.0000806352 0.000090408 0.000100593 0.0001115489 0.0001485784 0.0001398965 0.0001546266 0.0001585865 0.000163334 0.0001668616 0.0001761195 0.0001798432 0.0001867504 0.000190988 0.0002027107 0.0001933346 0.0001953506 0.0001987898 0.0002068116 0.0001981596 0.0001937631 0.0001830931 0.0001784685 0.0001650977 0.0001540916 0.0001488288 0.0001442095 0.0001416952 0.0001338668 0.0001261286 0.0001140719 0.000103305 0.0000948892 0.0000882247 0.0000796307 0.0000719524 0.0000685322 0.000077238 0.0000683771 0.0000687018 0.0000870857
0.0000468603 0.0000481635 0.0000512003 0.0000533556 0.0000595053 0.0000733908 0.0000677612 0.0000681432 0.0000700931 0.0000748092 0.0000817362 0.0000897359 0.0000990601 0.0001094156 0.000120235 0.0001337683 0.0001595959 0.0001606983 0.0001680762 0.0001686802 0.0001755186 0.0001795141 0.0001916781 0.0001863369 0.0001898256 0.0001923063 0.0001917142 0.0001920609 0.0001953475 0.0001936607 0.0001951771 0.0001800642 0.000173393 0.0001611185 0.0001516245 0.0001425442 0.0001365522 0.0001547723 0.0001341602 0.0001378749 0.0001186777 0.0001064631 0.0000968335 0.0000891946 0.0000824754 0.0000769576 0.0000688415 0.0000658368 0.0000651764 0.0000674507 0.0000695309 0.000073443
0.0000520034 0.0000590397 0.0000556121 0.0000583913 0.000064941 0.0000707475 0.0000739947 0.0000760998 0.0000789337 0.0000873661 0.0000979469 0.0001037715 0.0001104359 0.0001219271 0.0001310132 0.0001431883 0.0001570612 0.000195454 0.0001748351 0.0001757867 0.000178715 0.0001854125 0.0001899468 0.0001859439 0.0001841144 0.0002091809 0.0001986104 0.0001852686 0.0001999739 0.0001819128 0.0001918516 0.0001658236 0.0001539783 0.0001451002 0.0001369829 0.0001562049 0.0001257369 0.000123029 0.0001364355 0.0001193683 0.0001080825 0.000097675 0.0000893878 0.0000824845 0.000076403 0.0000714465 0.0000668993 0.0000636948 0.0000625584 0.0000654395 0.0000865696 0.0000742467
0.0000564676 0.0000589062 0.0000628621 0.0000679956 0.0000737815 0.0000789086 0.0000819164 0.0000862319 0.0000917127 0.0001013176 0.0001209119 0.0001174376 0.000124065 0.0001336944 0.0001464072 0.0001533354 0.0001655923 0.0001837839 0.0001960386 0.0001797366 0.0001944542 0.0002043111 0.0001877408 0.0001847157 0.0002067959 0.0001794738 0.0001802351 0.000176412 0.0001685644 0.0001725078 0.0001603471 0.000151595 0.0001389592 0.0001294645 0.0001213271 0.0001154595 0.000138737 0.0001101837 0.0001070146 0.0001033067 0.0001230637 0.0000902461 0.0000826022 0.0000765375 0.0000710681 0.0000664297 0.0000675644 0.0000626769 0.0000627287 0.0000663689 0.0000703168 0.0000762669
