Models/Synthetic/Density/temp_raster_dens.asc
NCOLS 100 
NROWS 100 
XLLCORNER 0 
YLLCORNER 0 
CELLSIZE 0.01 
NODATA_value -9999 
[rows 38 to 56 of 100, columns 44 to 87 of 100]
0.0250037775574968 0.132553711829564 1.18431258583078 3.49349180534842 14.0015617383922 9.75613254478054 2.80751408914331 0.501614934971427 0.558563201173498 3.37169672388576 2.43660955100761 1.77552604136447 0.934129590857002 0.175566847851323 0.152690663853245 0.316528199378625 0.490330727771758 0.599770370917386 0.626581546896751 1.87641827678659 1.01587951552188 3.2381105620276 4.66499272924617 12.9218404989566 3.04862598943408 1.10616477095789 0.333596609582877 0.635685127008551 3.40975303521178 0.633708343984561 0.383107601231001 1.53923307842776 0.844003688714058 2.83438647034507 2.81284484228558 2.93501064175457 14.6870510149475 1.79785434717324 0.445014737776325 0.0649876183393152 0.0165207774687979 0.019778044521268 0.0735076212338364 0.0810997668056867
0.0261899169996171 0.122449851997117 0.644793838344663 4.54059919857965 12.1483174373532 4.08644732016033 1.16962229533507 0.425193496054212 0.648365427828489 3.98002956821285 13.2779203965592 2.44819667952921 0.779258299628152 0.337998813782888 0.188575304933589 0.165847527863395 0.199936758388421 0.203978844729175 0.354869497595667 1.1358317315967 5.48095078925058 4.66790539162674 7.6352564019417 2.3975457600964 4.53688249998217 0.648325539469421 1.06311140796031 1.42863444392821 1.68728634927467 1.43367081691622 0.231422492036157 0.166353880149117 0.322891379023069 0.589836768466998 0.641001345224473 2.27485507882413 1.86044789235425 1.80710107244028 0.38308366122339 0.104485334849903 0.0143098858689409 0.0132201098239186 0.0710844069333216 0.60509558128561
0.0582535456718969 0.0841399826956443 0.452442345073987 1.62829474136186 3.794793443181 3.04228271856093 0.535180761884947 0.269912555938413 0.858103572184357 1.6514718863467 1.96083071066953 3.01291853501977 1.49419808620285 1.60735364422616 1.10976759885265 0.626190641235603 0.695695043906625 0.590167860052526 0.286791910741111 1.1718248845522 8.39307285290135 15.2178691956992 2.75959459855954 1.18570391422057 0.455972744526965 0.483699293345124 3.25135189833465 7.53396318095482 1.09940637577164 0.517192017520089 0.144608688155964 0.0582910147996038 0.0995395688562549 0.153496466444694 0.368633132752134 0.499045380772273 0.623910549511257 0.627587371509552 0.860128025746689 0.094710132955737 0.0244184205223612 0.0250488364308003 0.0778727251174672 0.132993554043898
0.137397921343105 0.188147005223587 0.296829337737596 0.660791338614116 0.772715143728775 1.1494236892133 0.295745051416532 0.184938892440878 0.26537510986086 0.368293914834045 0.499296334987281 0.542072548900343 1.17683363895697 0.285581924814399 0.310921832855242 1.29933217331833 3.81589734510873 0.958123235816484 0.467402598569054 0.899967967094048 3.31549574256368 4.51736464175328 2.97540243339668 0.555562092899188 1.01582955984653 0.253108516022262 0.89341731561302 1.83108967949549 0.853709757999599 0.192354841545419 0.082387207552547 0.0306020431199227 0.0457644240886448 0.178387497250506 0.312933431976741 0.820536011725912 0.885379440840414 0.232292212769083 0.150781130669453 0.0948384723117771 0.100328067483628 0.11926786810529 0.135429951503238 0.13540065657041
0.560050760318786 0.411325281552871 0.87159498035644 0.241284663173922 0.257721475658747 0.278485989074688 0.243333111517143 0.128247317549239 0.0750939236170372 0.0753572229084635 0.0812242112083361 0.107216676091342 0.095309841414058 0.0897050332350823 0.197445286516173 0.802060642475029 2.29707697997604 2.12586196153035 0.413637994438153 0.747409410872556 0.798159242177835 1.57589219818508 1.1588351858635 0.453880332863933 0.167166080877225 0.150483275885698 0.153726385887398 0.185443686069007 0.145641021723373 0.0757320245491715 0.0244527664869962 0.0181336126731523 0.0872692040072146 0.293069189276472 1.32310222967205 0.394932731176353 0.217173494694339 0.117294380650882 0.10637376871436 0.118202129195722 0.19648466509115 0.722268066004589 0.460817484379908 0.404613845797473
2.650511717536 1.64941076960547 0.397620298370393 0.175795250865178 0.179296769329454 0.767226769891695 0.599774600933944 0.209986489644119 0.0869818312658424 0.0223219416574038 0.014083797191009 0.0181214672864386 0.0243683500712147 0.0382672850148982 0.0993298583083365 0.331303999386303 0.509430281477636 0.474202856079738 0.300162934185421 0.179111376192477 0.294592226935287 0.373555388332026 0.522534216553661 0.262386932062392 0.302426208252929 0.0940074764569861 0.0446632126360628 0.0295304812260548 0.0227557849247277 0.014735600817271 0.00906134363398699 0.0141160012851052 0.0910195801651686 0.777823316851979 1.08721582681933 0.299324503195815 0.164994441294653 0.136451723150639 0.166796372845834 0.342785211050557 0.275907719708964 0.648741355118132 2.76992234373986 1.05905423054408
12.0890777693411 2.18883772739562 0.390518300188218 0.117072209281526 0.275096050015872 1.02223382586888 1.14455706508241 0.920291282530601 0.159218950793276 0.0223861427050003 0.006341146375592 0.0154991076625382 0.0626383586667359 0.0771682417549321 0.0864213527645757 0.0724109647439518 0.0913721396665459 0.0961681650287202 0.0907065160106597 0.124901094676371 0.14008470748736 0.181740087738561 0.165544236472703 0.210875732531 0.189943750013325 0.163417080130821 0.0814192625921921 0.0384224300197224 0.0203890609499369 0.0226916355586685 0.0231144750453359 0.0245102737420107 0.0801560709317206 0.19969388722598 0.443690568203835 0.432426105797639 0.374142861208978 0.598365960534246 0.219686898424016 0.226458619121259 0.404633577262467 0.581680411531895 1.88410387552844 0.616813053555512
2.21568914420884 1.50968472810552 0.346145388412271 0.200776462321411 0.37585504451067 1.62909905885143 6.97039221072974 1.81595090592012 0.206202199035218 0.0282382072901005 0.00912552339729701 0.0238742177443203 0.0765479407879892 0.250503928210237 0.0737350359222977 0.0319407017168655 0.0489901346572903 0.129237078113156 0.21542422918013 0.248033044165208 0.347718674168562 0.120960514070823 0.229615023592569 0.457859669628198 0.75518682223884 0.636173073904653 0.387370506480011 0.0894875876141099 0.102418764191745 0.156571118332539 0.188106562480162 0.137598186301811 0.0872129137495733 0.086809057439928 0.334824478384827 2.04838169372273 0.372084312516801 0.285790445166016 0.432795516530159 0.279767436707257 0.192654573377668 0.348787968167985 0.32124857179916 0.320221108203624
1.35852265170202 0.379038696413673 0.226981749653178 0.362966781911409 0.610143005241123 0.976017590575077 1.37214710631696 0.909726652318927 0.207991417017157 0.0345818897539216 0.0274544148044562 0.051329203758588 0.104579548258342 0.102153905136483 0.0752966043259585 0.0272353077557244 0.0736018097877851 0.37497283524983 1.01916891004217 1.01237665837803 0.244044713667326 0.119112415038752 0.313921821547013 1.86614194232463 2.45826971454684 3.44945379517212 0.466496030670404 0.149790113070285 0.416372644333453 0.914764395613936 0.99238802806377 1.48862890575129 0.156026792909075 0.0617038073061088 0.258265432833339 0.298835954086801 0.282420465301637 0.211435576108771 1.18478253434708 0.210774287399315 0.807685256987256 0.114387745294779 0.100980121037929 0.0782605843668351
0.381514612404528 0.23910806599956 0.163834438044785 0.157213300390861 0.200664331673685 0.263831324181557 0.309904569761717 0.739747336786724 0.207773560604533 0.112594645139692 0.116912891946136 0.191893735913948 0.221247763907719 0.194698261267267 0.0495249676008246 0.0252705325372289 0.0938056247194347 0.459728105083677 1.60532488389126 0.992612320693893 0.251976204701402 0.134174880991974 0.368969965499057 2.88175488425591 5.03412507681208 1.28747946763625 0.481236478502784 0.176321042962642 0.573225311870147 3.3708216797565 4.5223492692197 1.4831565227024 0.220428757731592 0.046868034577994 0.044657499355181 0.0582868183599434 0.0569399897924738 0.122712981569825 0.123117592504787 0.137913688084464 0.0791220974787575 0.161551422291592 0.157939744225718 0.14205332145879
0.51309752587326 0.342653202173505 0.105919300878243 0.0544859515923245 0.0483238906193843 0.0572277647552156 0.123325105869791 0.155838639657077 0.234043214504185 1.44279829290919 0.156291767351945 0.218103644122442 0.845549758054075 0.197502322061993 0.0514160144469192 0.0206728803618 0.0750605872891835 0.370534709426844 0.894493505435471 0.483763260815578 0.902373371962592 0.165845561448716 0.596901234382419 1.26846430038996 2.6089411768594 0.993375214700971 0.342414061611733 0.157759143338648 0.535399354321958 1.67254102539184 1.56215265209241 1.12115436236042 0.215698090945537 0.0350961979392839 0.0105701556958008 0.00930747106187927 0.0124571194763227 0.0152665587375607 0.0183895815212693 0.0190413366126624 0.043127735235745 0.144886678170794 0.533566266041357 0.194602609426607
0.254296198140219 0.144593138189287 0.0794855498080275 0.0340417957398904 0.0284202275182686 0.0323346239412561 0.0867008540635713 0.427362625377607 0.547083520477538 0.490679152742157 0.171121960411405 0.183121072086767 0.201220471175082 0.17431790989958 0.0467256644371671 0.0234044635821942 0.0488688098252951 0.15041291979468 0.32386762870007 0.357670365195172 0.269398013444567 0.196389971239727 0.686943592557165 3.31123605430394 1.01680061654732 1.46827468884362 0.276811643097427 0.133722754545519 0.305282631668184 0.852171241415239 3.33060351879752 0.757050164623637 0.228348289810812 0.0387459698674764 0.0108284658172469 0.00507534665695581 0.0026053903828102 0.00286157944251655 0.00420672449698772 0.00904168472570509 0.0301309864132564 0.119006320171517 0.151989586936867 0.184283149324246
0.111726554073491 0.0539803926106461 0.0378540314778107 0.0701223804241593 0.0741339602385359 0.0725537992461085 0.10813087235499 0.472673985785767 2.32203133076723 0.448937201633929 0.115692666248685 0.0545105189265334 0.0765473058375229 0.09179934142713 0.124427696384506 0.0959900072405705 0.0760098694463975 0.0726689114792617 0.234816690868058 0.859589811496228 0.234070191655306 0.170065933579829 0.597731294451087 1.2808157815471 1.62631613584422 0.406750306641827 0.316091681203045 0.239509302572779 0.35042136928261 0.799776763055933 0.857710993980486 1.16955922870555 0.251322197718057 0.119852514610008 0.0843752972561017 0.0131075934116628 0.00441710057430518 0.00475669409804425 0.0115905439011548 0.0232594418795439 0.0429249114679371 0.0555586579492854 0.0665103783178043 0.0933166527432264
0.120225187001243 0.0609302826083549 0.0443293590605582 0.0749128432504234 0.245474646907298 0.0762931617703022 0.0866732848814161 0.385454572255276 0.444103253850742 0.380558557352378 0.0736943294946044 0.0275672076643558 0.0664238979515187 0.305271151644946 0.37887484911875 1.02501643359025 0.0934463008629886 0.0551469100322461 0.20398105683297 0.266343931739681 0.269048023187342 0.176652782958288 0.278605429694242 0.332119216628494 0.366653701792074 0.657412840108046 0.683663819005878 0.765658421117124 1.40499414728944 1.5865716723896 1.49635675358181 0.491018946445782 0.353104110919331 1.52850409074416 0.132369681384516 0.0268461997907122 0.0167508020040421 0.0213233014909621 0.0318146099180144 0.0987675852400881 0.173634241989281 0.221148990758211 0.167308299083012 0.104564165886097
0.328483883060511 0.283623068800603 0.0566083954272569 0.063150849298962 0.0683301495763327 0.0625010459608411 0.0492319008956952 0.0733505580817658 0.0954667457158382 0.0721838753174222 0.0410911019926382 0.0273629602026681 0.0913319800789703 0.35723780525413 1.5845341160033 0.35584819017532 0.107897299393027 0.0443186331644216 0.148836040920608 0.421475435812616 0.513305089485805 0.435048547534226 0.192939476509187 0.119924400230329 0.196828467202829 0.737743831756396 3.19608088611706 0.946047803068406 2.24948702605376 9.94105898059421 1.65186620675468 1.08251406716282 0.91427971324491 0.374430310569832 0.134852705770252 0.0358036326748804 0.0638774871827196 0.0743665053184367 0.0857417299811845 0.141991014218665 0.594644994150704 1.09307888026772 1.13593258610628 0.259073850394556
1.99906233115887 0.296385479904935 0.0650680058246076 0.0248864093453092 0.0267333226611161 0.0274989061466131 0.0266288214842402 0.0273773375990585 0.0286031223904927 0.0300954879054057 0.0305149140988849 0.0462275407052338 0.130893211189077 0.355515885797149 0.388231050390047 0.295582806232939 0.0688476410336421 0.0383211228712912 0.161901539180155 1.19503608560579 2.08714588044906 0.820616252996629 0.290746239204961 0.163424505014732 0.195208689418373 0.623185695049431 1.54174008602054 0.799823041386297 1.27368629049747 1.40580764700579 1.29177241531422 0.735256704813113 0.240390023398327 0.129651549926662 0.0677364504223489 0.0332227671681684 0.0724892155925728 0.247030380811324 0.0890964380603121 0.15103994595619 0.456386784159306 1.67177678257528 0.618963663850871 0.465473217211293
0.347093585687236 0.25866367616889 0.0466672033270379 0.0298534173197494 0.0820814095337993 0.103836661923317 0.122142365307776 0.106197910949072 0.118733307835397 0.12692949666237 0.137880802549192 0.131788722441408 0.164112390469467 0.337307618085856 0.1944370479896 0.147045553648145 0.0955417377650341 0.064605648843913 0.177174171463801 0.622063649146588 2.22625217602466 0.85461967210878 0.512782752861049 0.628629825841907 0.163577991924822 0.209604798526892 0.252054321455116 0.284495838859072 0.250577169220236 0.277635886455426 0.25720659215312 0.17714460636261 0.0941119623091568 0.0329557369318689 0.0187058802563288 0.0204118872082709 0.0578910791973007 0.0685922625623108 0.0712182057219106 0.0841905475197812 0.315332067212891 0.407918523709574 0.54193449762231 1.79342944423847
0.116620655631227 0.0486274687151116 0.028930244747242 0.0443874936449621 0.227875311118104 0.850979972293731 0.370997732691957 0.661470184965231 0.699457687589543 0.594536177299499 0.880418064402089 0.303301454979239 0.171565021166156 0.178201595172741 0.354456124698806 0.435925731842117 0.398578454544133 0.217887392641983 0.209985925165503 0.622515042341958 0.80906607653908 0.889636885882154 1.64278419663616 0.346521534034555 0.126766783163881 0.0636163443818177 0.081217679849358 0.096615819560012 0.0833675283302563 0.0628161488521216 0.0426531759721694 0.030487807548846 0.0177563121574424 0.00878711041758561 0.00488431391918702 0.00838616653374118 0.0138483371222246 0.0186233574538451 0.019919370534783 0.0403855577351766 0.0795925441502257 0.175400742199121 0.317442020376452 0.325102935771989
0.0464125439422378 0.0224143430605165 0.017615337392479 0.0577241342031651 0.252183499181675 0.894902462408356 0.42196092850989 2.0192632849446 4.19907938832967 0.619595925774154 0.19656432538547 0.125016874280329 0.128735740362203 0.845006885492846 0.355578935031054 1.28929347413976 2.15859336454885 0.320620423843916 0.34190029615752 1.49420699889085 1.81608474142844 1.43919303111189 0.498340401835722 0.260653968095958 0.0590979552185976 0.0547125249649751 0.240570157448002 0.274455700986258 0.237779052161823 0.0452449081008456 0.0114937841483324 0.00502654942897318 0.0029143520915203 0.0016320741558381 0.00127931513743655 0.00177212352262386 0.00276418601110083 0.00353713097183319 0.00526360729525346 0.0106564591491601 0.0323640149661475 0.101533161636526 0.293448471604593 0.130566283643764
