Models/Synthetic/Density/temp_raster_dens.asc
NCOLS 101
NROWS 101
XLLCORNER 3302900
YLLCORNER 3112000
CELLSIZE 4386.138614
NODATA_VALUE NaN
[rows 69 to 91 of 101, columns 0 to 51 of 101]
0.0000604928 0.0000638673 0.0000694339 0.000077036 0.0000885261 0.000090293 0.0000933013 0.0000980096 0.0001160028 0.0001163055 0.000123321 0.0001367475 0.0001377989 0.000146022 0.0001560848 0.0001819897 0.0001758802 0.0002078393 0.0001814794 0.0001837835 0.0002189529 0.0001886512 0.0001972067 0.0002095468 0.0001790666 0.0001742661 0.0001968533 0.0001601528 0.0001530603 0.0001510927 0.0001647915 0.0001372494 0.000125607 0.0001148714 0.0001067286 0.000101134 0.0000979283 0.0001085822 0.0000928753 0.0000899624 0.0000962691 0.0000805888 0.000075578 0.0000949024 0.0000666102 0.0000628854 0.0000614064 0.0000624624 0.0000651964 0.0000687539 0.0000728084 0.0000767735
0.000068538 0.0000713956 0.0000769578 0.0000861425 0.0000955032 0.0001027059 0.0001057671 0.0001112736 0.0001182079 0.0001282045 0.0001390438 0.0001451183 0.000177809 0.0001589329 0.0001670558 0.000176865 0.0001905358 0.0001868125 0.0001885396 0.0001860385 0.0001852408 0.0001871359 0.0001857017 0.0001831765 0.0001757152 0.0001940477 0.0001632664 0.0001596427 0.0001381105 0.0001344457 0.0001508222 0.0001207743 0.0001070785 0.0000998388 0.0000943661 0.0000873978 0.0000849829 0.0000826636 0.0000814458 0.0000829249 0.0000759384 0.0000719245 0.0000700551 0.0000683701 0.0000660716 0.0000613166 0.0000605008 0.000061745 0.0000674328 0.000077545 0.0000759903 0.0000798688
0.0000833031 0.0000786898 0.0000838191 0.000102596 0.0001017674 0.0001099621 0.0001165911 0.0001229638 0.0001318376 0.0001423689 0.0001606468 0.0001576163 0.0001632391 0.0001703546 0.000176995 0.0001850018 0.0001896775 0.0001949991 0.0001918009 0.0001900056 0.000187171 0.0001860719 0.0001836935 0.0001784757 0.0001735771 0.000163688 0.0001682797 0.0001395842 0.0001312282 0.0001176669 0.0001086521 0.0001003329 0.0000905653 0.0000844447 0.0000785217 0.0000753877 0.0000728588 0.0000712561 0.0000695023 0.0000676344 0.0000658377 0.0000640836 0.000064098 0.0000809498 0.0000635479 0.000068416 0.000059671 0.0000634413 0.0000699035 0.0000766114 0.0000800633 0.000083829
0.0000819722 0.000089093 0.0000888409 0.0000955421 0.0001053476 0.0001144123 0.0001240741 0.0001333585 0.0001450412 0.0001621516 0.0001634258 0.0001697845 0.0001752529 0.0001816408 0.0001881236 0.000191633 0.000194931 0.0001965471 0.000199788 0.0001925602 0.0002093242 0.0001863176 0.0001811816 0.0001762394 0.000168178 0.0001597913 0.0001421642 0.0001284446 0.0001182059 0.0001075535 0.0000964327 0.0000858108 0.0000777525 0.0000706599 0.0000659885 0.0000642215 0.0000662492 0.0000608203 0.0000581833 0.0000568664 0.0000576549 0.0000584071 0.0000620942 0.0000583863 0.0000584429 0.0000574259 0.0000590345 0.0000636383 0.0000916512 0.0000775529 0.0000887282 0.0000869689
0.0000838468 0.0000870714 0.0000920608 0.0000986255 0.000108713 0.0001192024 0.0001302506 0.0001407914 0.0001507248 0.000161919 0.0001780662 0.0001775266 0.0001839554 0.0001928894 0.0001956131 0.0002001678 0.0002045369 0.0002031876 0.0001989337 0.000195753 0.0001921276 0.0001876022 0.0001814297 0.0001737766 0.0001819871 0.0001516431 0.0001349503 0.0001204559 0.000110207 0.0001178085 0.0000893309 0.0000775312 0.0000710705 0.0000602932 0.0000551977 0.0000714233 0.0000536781 0.0000506646 0.0000483826 0.0000479008 0.000049751 0.0000693602 0.0000526186 0.0000522792 0.0000524452 0.0000541006 0.0000573027 0.0000638903 0.0000706597 0.0000789701 0.0000845495 0.0000913655
0.0000855046 0.0000891324 0.0000966396 0.0001008756 0.0001109214 0.0001330643 0.0001325303 0.0001413851 0.0001515369 0.0001629977 0.0001729436 0.0001821156 0.0001890107 0.0001969497 0.0002027507 0.0002070689 0.0002183754 0.000214402 0.0002069634 0.0001994002 0.0001956973 0.0002000568 0.000182708 0.000176827 0.0001672094 0.0001533025 0.0001443443 0.0001151191 0.0001036238 0.000093703 0.0000837635 0.0000724348 0.0000623981 0.0000539833 0.0000484243 0.0000453297 0.0000436929 0.0000413346 0.0000403725 0.0000405539 0.0000429152 0.0000446133 0.0000465536 0.0000474978 0.0000501197 0.0000531291 0.000057763 0.0000635385 0.0000703538 0.0000776222 0.0000858711 0.0000949036
0.000113393 0.0000915041 0.000095535 0.0001023 0.0001114275 0.0001209892 0.0001327649 0.0001426891 0.0001524562 0.0001598257 0.0001689584 0.0001791631 0.0001908644 0.0001993329 0.00021485 0.0002118167 0.0002142343 0.0002582331 0.0002141018 0.0002047758 0.0002127001 0.0001960324 0.0001860003 0.0001867448 0.0001682188 0.0001780808 0.0001336356 0.0001122336 0.0000980321 0.0000889739 0.0000798253 0.0000698263 0.0000598062 0.0000518724 0.0000457327 0.0000410518 0.0000375231 0.0000355959 0.0000349462 0.0000353827 0.0000366789 0.0000386465 0.0000411894 0.0000445726 0.000048217 0.0000539056 0.0000601245 0.0000672876 0.0000723545 0.0000785238 0.0000860649 0.0000963687
0.0000930005 0.0000940008 0.0000959822 0.0001019695 0.0001082172 0.0001160639 0.0001276759 0.000152468 0.0001559695 0.000155963 0.0001593968 0.0001698687 0.0001837415 0.0002016407 0.0002168485 0.0002021636 0.0002094361 0.0002195545 0.0002145459 0.0002264066 0.0002074599 0.0002126282 0.0001897673 0.0001778532 0.0001872747 0.0001522387 0.000131325 0.0001107921 0.0000995277 0.0000913369 0.0000842405 0.0000726505 0.0000627803 0.0000553758 0.0000506835 0.0000436054 0.0000379231 0.0000338427 0.0000326795 0.0000328296 0.0000341383 0.0000362582 0.000038998 0.0000425071 0.0000470186 0.0000524208 0.0000680767 0.0000701928 0.0000740232 0.000077675 0.0000851726 0.0000967537
0.0001022178 0.0000921704 0.0000954778 0.0000989778 0.0001052799 0.0001112902 0.0001226771 0.0001366896 0.0001630932 0.0001471846 0.0001480811 0.0001567453 0.0001686868 0.0001786383 0.0002045629 0.0001898316 0.0001983728 0.0002090948 0.0002105643 0.0002113086 0.0002120363 0.0002122086 0.0001972319 0.000179941 0.0001834429 0.000150185 0.0001306769 0.0001165736 0.0001053901 0.0000995787 0.0000890165 0.0000799979 0.0000693436 0.000062327 0.0000572051 0.0000684046 0.0000400831 0.0000352325 0.0000331959 0.0000331659 0.000034951 0.0000368426 0.000039251 0.0000416515 0.0000449041 0.000049993 0.0000558648 0.0000630494 0.000069033 0.0000758991 0.0000841727 0.0000954021
0.0000977947 0.0000851966 0.0000876581 0.0000997752 0.0000970286 0.000110585 0.0001119652 0.0001228687 0.0001579472 0.0001325373 0.0001331225 0.0001614383 0.0001546831 0.0001590993 0.0001682352 0.0001759771 0.0001866453 0.000202542 0.0002060294 0.0002104351 0.0002290734 0.0002035257 0.000191332 0.0001923676 0.0001691767 0.0001601893 0.0001459959 0.0001240869 0.0001187756 0.0001065151 0.0000976298 0.000087878 0.0000774681 0.0000696459 0.0000849442 0.0000526364 0.0000439365 0.0000380721 0.0000374559 0.0000371694 0.0000385965 0.0000410323 0.0000393885 0.0000412804 0.0000432932 0.0000459095 0.0000506632 0.0000572079 0.0000652673 0.0000743067 0.0000844408 0.0000967744
0.0000685253 0.0000726244 0.0000794682 0.0000829096 0.0000869273 0.0000898291 0.0000945894 0.0001012012 0.0001076307 0.0001118434 0.0001164695 0.0001242854 0.0001503959 0.0001414098 0.0001492714 0.0001597609 0.0001799953 0.0001839651 0.0001959556 0.0002163802 0.0002066207 0.0001980174 0.0001869384 0.000180767 0.0001898997 0.000163429 0.0001478287 0.0001367196 0.0001246307 0.0001169414 0.0001181855 0.0000974646 0.0000867595 0.0000777956 0.0000679128 0.0000579001 0.0000486598 0.0000440685 0.0000425869 0.0000512003 0.000042073 0.0000405213 0.0000395592 0.0000396535 0.000041759 0.0000447776 0.0000491735 0.0000569154 0.0000656121 0.0000758918 0.0000870982 0.0000986543
0.0000575557 0.000060964 0.0000648695 0.0000695591 0.0000794681 0.0000741023 0.0000763266 0.0000807414 0.0000864946 0.0001149511 0.0000975749 0.0001057654 0.0001157917 0.0001264623 0.0001349397 0.000145698 0.0001549254 0.0001685613 0.000185031 0.0001964909 0.000201234 0.0001896874 0.0001811145 0.0001798644 0.0002017094 0.0001695688 0.0001609513 0.0001484209 0.0001422117 0.0001295519 0.000119522 0.0001102758 0.0000996578 0.0000893258 0.0000772424 0.000067078 0.0000575102 0.0000512939 0.0000550656 0.0000455715 0.0000482487 0.0000409972 0.0000387887 0.0000410789 0.0000432497 0.000046328 0.0000498794 0.0000565975 0.0000726759 0.0000777131 0.0000888527 0.0001062885
0.0000504447 0.0000522438 0.0000546946 0.0000582103 0.0000599454 0.0000613452 0.0000621299 0.0000652886 0.0000702916 0.0000753396 0.0000813896 0.0000885111 0.0000989995 0.0001120839 0.0001313548 0.0001294602 0.0001375209 0.0001592198 0.0001679729 0.0001754701 0.0001835424 0.0001792327 0.0001767498 0.0001749486 0.0001764085 0.0001731401 0.0001725372 0.0001642153 0.0001551565 0.0001561535 0.0001319944 0.0001232116 0.0001273293 0.0001032131 0.000089786 0.0000788454 0.0000716062 0.0000607175 0.0000523873 0.0000485598 0.0000440416 0.0000420652 0.0000407056 0.0000423742 0.0000518959 0.0000470165 0.0000489596 0.000056441 0.000066832 0.000078585 0.0000922007 0.0001028693
0.0000456301 0.0000467681 0.0000489837 0.0000502938 0.0000509745 0.0000505869 0.0000515564 0.0000538087 0.0000576411 0.0000622304 0.0000675598 0.0000743427 0.0000846276 0.0001002581 0.0001100329 0.0001164367 0.000123392 0.0001355706 0.0001467354 0.0001568583 0.0001638316 0.0001687349 0.0001704548 0.0001738663 0.0001754915 0.0001793258 0.0001776737 0.0001909139 0.0001692421 0.0001588771 0.0001485947 0.0001390412 0.0001297635 0.0001178119 0.0001039622 0.0000919214 0.0001059693 0.0000689435 0.0000715317 0.0000519422 0.0000470679 0.0000479685 0.000043063 0.00004494 0.0000463041 0.0000477253 0.0000494268 0.0000561419 0.0000669865 0.0001026794 0.000091524 0.0001232649
0.0000430568 0.0000440951 0.0000457699 0.0000488474 0.000045582 0.0000459956 0.000045756 0.0000473652 0.0000490094 0.0000545247 0.0000588963 0.0000643745 0.0000727473 0.0000840013 0.0000948611 0.0001031101 0.0001306151 0.0001215234 0.0001434577 0.0001436441 0.0001526487 0.0001690662 0.0001660124 0.0001689255 0.0001888871 0.0001778193 0.0001842273 0.0001835264 0.0001840547 0.0001730029 0.0001703851 0.0001528883 0.0001401849 0.0001285034 0.0001198705 0.0001044291 0.0000904135 0.0000979439 0.0000680156 0.0000649995 0.0000531391 0.0000481219 0.0000475343 0.00004734 0.0000480938 0.0000482227 0.0000517895 0.000061259 0.000072051 0.0000829281 0.0000966478 0.0001027242
0.000042457 0.0000444043 0.0000457878 0.0000452656 0.0000431112 0.00004209 0.0000760857 0.0000410387 0.0000430173 0.0000486914 0.0000568985 0.0000577455 0.0000643541 0.0000745255 0.0000823612 0.0000925818 0.0001155394 0.0001102697 0.0001220681 0.0001350666 0.0001482016 0.0001608162 0.0001604295 0.0001637714 0.0001683528 0.0001759996 0.0001856806 0.0001922382 0.0001839448 0.0001884963 0.0001747562 0.0001674107 0.0001503239 0.0001366343 0.0001255246 0.000124668 0.000101923 0.0000844664 0.0000747392 0.0000867712 0.000060215 0.0000558903 0.0000536709 0.0000550164 0.0000534699 0.0000537929 0.0000557529 0.0000667326 0.0000860022 0.0000851586 0.0000901165 0.0001018108
0.0000429111 0.000044914 0.0000539414 0.0000436858 0.0000400182 0.000062261 0.0000369236 0.0000364364 0.0000377022 0.0000446757 0.0000467243 0.0000525182 0.0000663025 0.0000670222 0.0000763965 0.0000845943 0.0000925019 0.0001017632 0.0001127371 0.0001516915 0.0001429875 0.0001493624 0.0001616714 0.0001572601 0.0001609793 0.0001835039 0.0001784498 0.000181992 0.0001825456 0.0001796531 0.0001774487 0.0001788031 0.0001567946 0.0001411928 0.0001307181 0.0001189667 0.0001068753 0.0000924223 0.0000820315 0.0000733887 0.0000801508 0.0000635792 0.0000689811 0.0000606713 0.0000668132 0.0000586042 0.0000611166 0.0000712609 0.0000909874 0.0000856584 0.0000900037 0.0001015166
0.0000449021 0.0000464842 0.0000459596 0.0000433623 0.0000391062 0.000035201 0.0000327939 0.0000316576 0.0000340337 0.0000372581 0.0000417031 0.000048082 0.0000556804 0.0000625372 0.0000694776 0.0000789484 0.0000882025 0.0000945376 0.0001070729 0.0001169047 0.0001281011 0.0001397241 0.0001731205 0.0001521494 0.0001567015 0.000166521 0.0001763096 0.0001769004 0.0001774793 0.0001757176 0.0001744202 0.000188238 0.0001588673 0.0001452914 0.000134236 0.00012526 0.000111146 0.0001059631 0.0000888481 0.0000800611 0.0000732982 0.0000688714 0.0000697405 0.0000651785 0.0000635501 0.0000651803 0.0000666876 0.0000753733 0.000080925 0.000087768 0.0000933809 0.0001044502
0.0000475257 0.0000486469 0.0000477419 0.0000445923 0.0000392594 0.0000348201 0.0000320178 0.0000320058 0.0000331624 0.0000360571 0.0000397408 0.0000458348 0.0000524633 0.0000593975 0.0000668178 0.0000752361 0.0000825024 0.0000895441 0.0000966709 0.0001050635 0.0001167518 0.0001321889 0.0001414381 0.0001431043 0.0001520372 0.0001604248 0.0001691134 0.0001731391 0.0001734532 0.0001720607 0.0001703248 0.00016474 0.0001577197 0.00015063 0.0001397687 0.00013026 0.0001201749 0.0001078896 0.0000961177 0.0000856915 0.0000768551 0.0000707117 0.0000657073 0.0000649015 0.0000798955 0.0000707953 0.0000727986 0.0000778775 0.0000871858 0.0000909588 0.0001191926 0.0001085359
0.0000505314 0.0000517649 0.0000555317 0.0000472147 0.0000414159 0.0000369873 0.000034222 0.0000340821 0.0000585325 0.0000378481 0.0000414745 0.0000471916 0.0000538673 0.000060954 0.0000676901 0.000074154 0.0000801822 0.0000853947 0.0000913391 0.000121795 0.0001067316 0.0001150109 0.0001221137 0.0001313012 0.0001410011 0.0001521987 0.0001613013 0.0001683901 0.0001691616 0.0001677294 0.0001644455 0.000160369 0.0001555267 0.0001494904 0.0001439188 0.0001461681 0.0001454074 0.0001137336 0.0001023414 0.000091238 0.0000816225 0.0000738031 0.0000684296 0.0000673645 0.0000699246 0.0000981223 0.0000765461 0.00008049 0.0000883973 0.0000946122 0.000104008 0.0001273375
0.0000508647 0.000065916 0.000052468 0.0000490166 0.0000444872 0.000041515 0.0000392364 0.0000395455 0.0000396965 0.0000428274 0.0000458235 0.0000511501 0.0000572355 0.0000643085 0.0000718402 0.000076344 0.00008214 0.000086654 0.0000900712 0.0000939165 0.0001049735 0.0001067828 0.0001133286 0.0001218793 0.0001322164 0.0001433532 0.0001549712 0.0001635461 0.0001671703 0.0001634757 0.0001603757 0.0001564111 0.0001529674 0.0001489781 0.0001443933 0.000137566 0.0001278244 0.0001214977 0.000107302 0.0000962648 0.0000870413 0.0000792445 0.0000738085 0.0000711488 0.0000741488 0.000076383 0.0000791882 0.0000820542 0.0000878256 0.0000956839 0.000106242 0.0001206431
0.0000514791 0.0000523764 0.0000539002 0.0000517722 0.0000494741 0.000046902 0.0000695153 0.0000453091 0.0000453246 0.0000468653 0.0000527884 0.0000549288 0.0000604472 0.0000680462 0.0000756126 0.0000822077 0.0000863226 0.0000991859 0.0000881249 0.0000922148 0.0000982451 0.0001115637 0.0001077141 0.00011543 0.0001350116 0.0001353957 0.0001468717 0.0001813473 0.000164331 0.0001589429 0.0001558486 0.0001701311 0.0001502803 0.0001466323 0.0001437363 0.0001363392 0.0001287233 0.0001180483 0.0001093705 0.0001263977 0.0000925561 0.0000858464 0.0000805342 0.0000783984 0.0000788639 0.0001002651 0.0000808196 0.0000844094 0.0000936748 0.0000964775 0.0001064201 0.0001447672
0.0000531735 0.0000541223 0.0000556778 0.0000649723 0.0000533764 0.0000536299 0.0000520966 0.0000523055 0.0000492092 0.0000509858 0.0000540668 0.0000587825 0.0000642197 0.0000721585 0.0000808405 0.0000885825 0.0000985631 0.0000884711 0.0000884988 0.0000901729 0.0001072524 0.0001000935 0.0001044381 0.000111839 0.0001210529 0.0001306969 0.0001418705 0.0001504548 0.0001551784 0.0001539588 0.0001535513 0.0001534787 0.0001512005 0.0001472374 0.0001406663 0.0001464405 0.0001290023 0.0001219626 0.0001097938 0.0001022355 0.000098456 0.0000938458 0.0000891855 0.0000850267 0.0000996464 0.0000853326 0.0000920199 0.0000847787 0.0001011835 0.0000961182 0.0001080031 0.0001209866
