Models/Synthetic/Density/temp_raster_pop.asc
NCOLS 101
NROWS 101
XLLCORNER 3302900
YLLCORNER 3112000
CELLSIZE 4386.138614
NODATA_VALUE NaN
[rows 0 to 22 of 101, columns 0 to 51 of 101]
1.9704038483 2.0034505321 2.0211320931 2.0083162378 1.9655183921 1.8979713345 1.82366978 1.7526711183 1.6889456247 1.6290604894 1.572868547 1.5300407075 1.5119751269 1.5059640007 1.4319513956 1.3804879571 1.3808141918 1.4421751274 1.5516868604 1.4758308923 1.4531164353 1.4899246207 1.571111905 1.7007158709 1.855788864 2.0478219859 2.2575734432 2.5007393039 2.8017426971 3.23898507 4.3593770543 4.2619595789 4.8053504458 5.6471125902 5.9307239317 6.824055841 7.7606281927 7.5570572442 8.1079512885 8.8405468884 9.6973599516 10.5347655047 11.440488414 11.5570426246 12.7872804821 12.0428565577 12.2311081635 12.2891806866 12.3373340636 12.4869636646 12.1141413496 11.861576453
2.0519560724 2.1189576201 2.1346721858 2.1151941408 2.0285906988 1.960656126 1.888441875 1.8163579843 1.7479519992 1.6826637958 1.6215052182 1.571139644 1.5359764409 1.4955592111 1.4501836915 1.4094917472 1.4063770794 1.4462097893 1.4744524104 1.4880302612 1.4898387301 1.5301566445 1.6100213255 1.7371246575 2.780011093 2.0751376674 2.279369491 2.5329549128 2.845553777 3.2837093893 3.7618458382 4.2971722943 4.8076749171 5.3422975703 6.7499673656 6.5852585034 7.1138795061 7.7030291755 8.3014226283 9.1413094621 10.0085320933 11.1287987342 11.2924395121 11.6855978176 11.9485739168 12.2324626912 12.4229218942 13.0708737943 12.4834460484 12.3411801609 12.2072577674 12.4011070739
2.2020382625 2.2710685145 2.5350796944 2.2604083288 2.1692239036 2.0976661318 2.0232549481 1.9462159896 1.8691102662 1.7926870951 1.7182001739 1.6506193842 1.5907316203 1.5376764577 1.4902655716 1.4572309875 1.4467150179 1.4552299862 1.4786881244 1.5457016762 1.5832952499 1.6335678407 1.6765279678 1.8045420613 1.9557646301 2.1317972143 2.3305280435 2.5860882644 2.9060676593 3.2994809886 3.765094714 4.2627458779 4.759226492 5.2995482882 5.8671948607 6.4821907316 7.1290024509 7.8535640595 8.6605832042 9.5799622444 11.1404838858 11.2471614835 11.5089761195 11.8757707634 12.2279913431 12.5209033367 12.9819910827 12.7932868422 12.7283072549 12.5163124376 12.3605966372 12.0840186352
2.4295250655 2.4956114111 2.5078252261 2.4874815991 2.4015971773 2.32498949 2.2411576119 2.1513008461 2.0621736911 1.9655350931 1.8685910637 1.7773646772 1.6983110679 1.6300632855 1.5743893981 1.53446737 1.5128498937 1.508839464 1.5273567421 1.6032571462 1.9694614013 1.7152474628 1.7649983622 1.9054131571 2.0579922686 2.2281318127 2.4136604163 2.6707711946 2.9948829219 3.3852919961 3.8308307691 4.3060425471 4.8007699301 5.3290770989 5.9175950971 6.583250491 7.33673541 8.1857031703 9.1077620041 10.1242257568 11.2667507279 11.4372913021 11.8793557204 12.3199277048 12.7005676618 12.9825827253 13.0992108572 13.176722288 13.0321892524 12.8636182942 12.5723558002 12.3723412103
2.7548025558 2.7700345487 2.7779426586 2.7899772728 2.7476861622 2.6634448989 2.5316305368 2.4387505434 2.3311356089 2.2086736974 2.0692422448 1.9570928988 1.8628190317 1.7815881208 1.707110308 1.6485582328 1.6095178041 1.5940426554 1.6043281656 1.67794325 1.7326537971 1.8021512722 1.8627359886 2.0118818186 2.2425162733 2.3675442924 2.558728921 2.8171924313 3.1243826696 3.5164046497 3.9592698446 4.4365261109 4.9389755008 5.493619865 6.1322838261 6.8521648292 7.6745674286 8.6083974131 9.5752772107 10.4919376057 11.2303695939 11.8337987302 12.3775208133 13.0302742828 13.3528104373 13.5358339263 13.57334782 13.5484129239 13.866732298 13.2183380642 12.9438831017 12.6372937427
3.1623968072 3.1767614841 3.1596216837 3.1648448671 3.2353796446 3.0257917098 2.8771555978 2.7613317144 2.6754787055 2.4808727381 2.3143553839 2.1810447224 2.1004816765 2.0031862519 1.9050183396 1.7926685152 1.732339535 1.7035397941 1.7036982307 1.7305190411 1.784056851 1.8583238163 1.962756452 2.1155161768 2.2853291212 2.5285169958 3.5286721015 3.0029590686 3.2880897723 3.6898226065 4.1780664184 4.6683289856 5.1900203058 5.7421544265 6.4326837348 7.2355078855 8.1001979524 9.0776586182 10.2063257158 10.966159386 11.6764256937 12.3487912275 13.0630168614 13.5938398875 14.6704234975 14.1621841272 14.1364316597 14.0633044911 13.8684156811 13.6739303708 13.3753615344 13.0250934708
3.6924194004 3.6694249502 3.6009065648 3.5816582622 3.5195697387 3.4147414791 3.2523335189 3.1171762936 2.96044934 2.7864790913 2.5968578693 2.4442557372 2.3424663867 2.3488327445 2.0994826566 1.9616436018 1.8790216891 1.8356520333 1.8240947922 1.8467114756 1.898772808 1.9758220271 2.0726903732 2.202651428 2.3937793236 2.6576222131 3.0295040331 3.1701841418 3.4658193298 3.8873492616 4.392159498 5.0651656463 5.456193329 6.0431193832 6.7672554041 8.4735643872 8.5216460465 10.2817582969 10.638717927 11.5251369501 12.28213476 12.9803139077 13.6790082541 14.4766595082 14.6957442592 14.9636269168 14.811097291 14.611608101 14.3781508794 14.1356990642 13.9612123728 13.4423159869
4.4215334305 4.1936837372 4.102103066 4.0278495991 3.9428637395 3.8240702567 3.681349118 3.5159328811 3.336583888 3.1351514414 2.9308611771 2.7418332596 2.6044587639 2.4543176898 2.3081678675 2.1522754045 2.0535772134 1.9961690782 1.9752936237 1.9956861025 2.0673452595 2.1372610032 2.2180597496 2.3146842343 2.5012125688 2.7989063232 3.0143553188 3.3006313066 3.6348972571 4.0692055103 4.593773032 5.1327055763 5.7371647142 6.3712955398 7.1249683879 7.962892745 9.823559267 10.0079285967 11.6497480697 12.2122668601 12.9602333855 13.7669856294 14.4106500191 15.3995511748 16.8390216527 15.5836817954 15.5483375576 15.3372859603 14.9898491332 14.7224974108 14.3886818789 14.1247407651
4.8160076868 4.789865189 4.6940080455 4.6026964525 4.4952307202 4.3547369902 4.1919223278 4.0477514993 3.8444078281 3.6119833409 3.3252099107 3.0858108819 2.8739227404 2.6924270441 2.5322855271 2.3930688918 2.2756537246 2.1970392279 2.2002727784 2.2126211969 2.2722336309 2.3760851685 2.3518406606 2.4348835382 2.6096327793 2.8316777939 3.1014808377 3.4091330763 3.7922760299 4.2376471595 4.7397110716 5.3089039444 5.9577305425 6.7157982658 7.4714155535 8.3511862693 9.3320631186 10.4324541589 11.5644040596 12.7307328786 14.3390697249 14.5281050334 15.1934635985 16.2724612225 16.1525264448 16.4148290563 16.7488270323 16.0185447074 15.6533312381 15.3029544086 15.0247990766 14.3604260151
5.4974895381 5.509953518 5.4074755509 5.3317653262 5.1832090042 5.0113158737 4.7984283015 4.6227142384 4.6539962992 4.130683082 3.7878680904 3.4752569769 3.2082130553 3.0089762471 2.8700152271 2.7290588312 2.6126118895 2.4707005097 2.4456383943 2.7849021314 2.4727881627 2.4651290108 2.4861089052 2.5624715733 2.7131109486 2.9273846271 3.2037149443 3.5416896907 3.940079953 4.3939994271 4.9098109644 5.4987487287 6.1821492961 6.9433741633 7.8331949313 8.8000142048 9.8169915533 10.8838513012 11.9853797607 13.2205939433 14.5867910461 15.3173834548 15.999120398 17.2076617129 17.7494548337 17.0687766137 16.9771518056 16.8044077523 16.3364401286 15.9277001552 15.3608614896 15.7186754665
6.5973325285 6.2745291834 6.2959156016 6.0789479421 6.0092779692 5.7142351882 5.4374973496 5.2435096114 4.9970532038 4.7065668936 4.2900965221 3.9078688142 3.5783057237 3.3329244202 3.226910419 3.2227812903 2.8951864545 3.0844613359 2.6298296906 2.6060833752 3.2291061227 2.5853464591 2.6076630914 2.7000315964 2.8467378255 3.0537211948 3.3244842853 3.6722665472 4.0745714709 4.5460703268 5.0849844773 5.6971510781 6.3902373618 7.1758691591 8.1072231163 9.513220723 10.7247060226 11.3061235092 12.4258360936 13.6826431667 14.9090749096 15.9762550881 16.5640584269 17.065923118 17.3959245815 17.6415002498 17.9109301036 17.3855582681 17.3052995599 16.3768733444 15.7032712304 15.0179643539
7.0948065408 7.1065243096 6.985442779 6.8457431796 6.6624225186 6.4067853825 6.1128231599 5.8059797403 5.5686008085 5.2650097742 4.8418713452 4.4059180435 3.9727399957 3.6717461687 3.4258922789 3.2327209252 3.0778753062 2.8798806072 2.7482943537 2.6685114768 2.6654307039 2.7225023129 2.7252771508 2.824110854 2.982212618 3.1738140134 3.4391700463 3.7759518044 4.1886282352 4.6801603646 5.2859620422 5.9317012063 6.6400512956 7.4615590174 8.4045278668 9.4871468007 10.7403409093 11.6930103886 12.8521136798 14.0760894481 15.2852851552 17.0639640669 17.0696782869 17.5793329758 18.5158581137 18.2049608493 18.224899644 17.9568224948 17.4983896986 16.8723590252 16.0520944273 15.146469455
8.0100807752 7.9870700513 7.8254526861 7.5986799089 7.347520849 7.4864973901 6.7007715244 6.3594808001 6.0904403391 5.79849772 5.8323330528 4.7871382288 4.4772867815 3.9375905538 3.6805355587 3.44944935 3.2486216376 3.0256418698 2.8430646959 2.7366862492 2.7105809757 2.7344141078 2.8055717673 2.9141428265 3.0628796729 3.271550699 3.5368650566 3.8738316382 4.2807181918 4.7802002356 5.412681756 6.4590918394 6.8282181048 7.652401851 9.1418484268 9.6323600422 10.7484213337 12.1728020527 13.2278718211 14.3978024556 15.6092786794 16.6041520505 17.4767465397 18.7259427352 18.511007937 18.7817017897 18.7539909637 18.318270584 17.8081224184 17.6466366856 16.3070261752 15.2406848315
9.2399362488 9.0111923067 8.7769839016 8.4232138447 8.056882253 7.6615402693 7.2706051512 6.8607852388 6.5165147412 6.1246242983 5.6141577629 5.0884040278 4.574758077 4.192661215 3.9304616069 4.5462808138 3.4554208504 3.1857725751 3.0011199099 2.8627840069 2.7779453319 2.7798752848 2.8438234542 2.9538374811 3.112274202 3.3307866194 3.6359931973 3.9717869877 4.3707358038 4.8712369118 5.4858509023 6.1856548746 6.8938908839 7.7700953757 8.7414772812 9.7220741119 10.8584392739 12.2261372031 13.4426181073 14.7643520171 15.7312517645 16.7868009177 17.8527625405 18.3642146794 18.8774090703 19.3800302184 19.2182485929 18.6062550398 17.9737450963 17.3269417843 16.4769003956 15.2571841133
10.3574298174 10.0172691419 9.7693452946 9.2121346036 8.7612329891 8.2973515436 7.838749104 7.3575841947 6.9076731361 6.4423305944 5.8508429929 5.2885103896 4.798159958 4.404076588 4.1605792923 3.9309867678 3.6383508122 3.3454162539 3.1935245563 2.9744292172 2.859695428 2.8348294913 2.8819502446 2.9855131569 3.1429692203 3.3682437119 3.7011182365 4.1210890012 4.4347892343 4.8917507118 6.0874639459 6.1488018313 7.4969504975 7.7288292267 8.6465445966 9.7030418983 10.8432151238 12.0796101112 13.3708651307 14.6211277341 16.0606182358 16.7449717723 17.6047455074 18.3666365266 19.6636460918 19.1518995107 20.1124321887 18.9075577667 17.8257048514 17.7175454498 16.1803367406 15.3826086296
11.4400727472 10.9142368475 10.4271286653 9.9779930995 9.4988092121 9.6146454616 8.4616455591 7.9131130147 7.3731282918 6.7870740282 6.1673119179 5.5792918418 5.0721032686 4.6560891659 4.3241184799 4.0232826698 3.7413375943 3.4899946646 3.2525211385 3.0709285682 2.9397676808 2.8988054921 2.9308446869 3.0253069224 3.175594274 3.3861181865 3.703059249 4.7388789177 4.4238723692 4.878945797 5.4436899486 6.1741988529 6.9321989841 7.7723360736 8.6423860855 9.629109396 10.7475171893 11.9479466605 13.1874071632 14.4260184289 15.5289935825 16.739215278 17.3464579799 18.1201080115 18.5417249453 18.8300897978 18.7307451509 18.4001979291 17.6506250082 17.449797155 15.9847168662 14.9931661675
12.321090394 11.6801532253 11.2338777874 10.7904894734 10.330988914 9.7424385064 9.1466334166 8.5116989298 7.9313235563 7.2166871065 6.5878277756 5.9581406911 5.4206496891 4.9427837143 4.5500908139 4.202972773 3.8693210817 3.575497058 3.3309811588 3.1391426511 3.0177636198 2.9661193492 2.9853829861 3.0698689512 3.2113002934 3.3998328308 3.6656518675 3.9683302149 4.3480330642 4.7917821288 5.3914766471 6.0892401674 7.1009761492 7.9520505506 8.6306671535 9.6277102413 10.650155117 11.7843310779 13.0345259955 14.1802694706 15.2581974383 16.0242037626 16.8232900025 17.4351984633 17.9541991048 18.5119745939 19.4828275514 18.1554015278 18.1647298822 16.7060244331 15.8091204191 15.5043711635
12.7017977525 12.466574531 12.0231331442 12.0725313617 11.177135696 10.4761195085 9.8023656111 9.1582104386 8.3956975514 7.7483479157 6.9905920496 6.7310654169 5.7562551549 5.2192985428 4.8262875198 4.3615941667 3.9834991329 3.6677949636 3.4107099977 3.218853542 3.0935109639 3.0341405623 3.0399999138 3.11386409 3.2441477135 3.4139043862 3.6139425735 3.8751993522 4.2259529866 4.6770234116 5.2622209581 6.5021611514 6.7151304893 7.5614718174 8.9499198397 9.5392411895 10.6379572743 11.4925250878 12.6322070485 14.1453719529 14.7319563423 16.1858909089 16.1951654431 16.7962241833 17.3053296182 18.1893387319 18.0143451186 18.5365136286 17.3978403395 16.7980175416 15.503145582 14.3243295107
13.6805770545 13.2322673564 12.8246204631 12.3311129475 11.7894804946 11.1959934542 10.4989756068 9.7163873916 8.9738910929 8.1409479745 7.4334459015 6.7225853042 6.9223695276 5.450921937 4.9394389881 4.5011604615 4.0943811599 3.761167968 3.4925552386 3.2961317032 3.170118684 3.1059103313 3.1009519094 3.1553679335 3.2817853795 3.4270181577 3.5901845367 3.7923695405 4.1029839061 4.5205742817 5.0742968437 5.6812559713 6.3870701885 7.2436986967 8.2455664104 9.3330993588 10.2087632169 11.0629250618 12.0640208132 13.1451780658 14.3199827318 14.9618778278 15.7290554513 16.349344148 16.6717714011 16.8677556042 17.8077951256 17.9319787233 16.7924939805 16.0833320742 14.8931127179 13.7216858528
14.3480510101 14.1244237893 13.6078961641 12.9937677956 12.3317411174 11.6653455487 11.0371864154 10.7945391511 9.4449956451 8.6818904356 8.3596831578 6.9714741784 6.2466598147 5.6341039965 5.0808282036 4.6197781399 4.2172711076 3.8433041993 3.5626398348 3.3610914585 3.2366980416 3.1930577095 3.1793250906 3.2118361979 3.2872298173 3.4535935688 3.5280868796 3.6904654259 3.9592754072 4.3805507017 4.8588065695 5.4221067944 6.0367208644 6.849087337 8.4600766342 9.253985601 9.7543530503 10.4695081702 11.3680617324 12.4220641546 13.5357348298 14.4906794598 15.98425076 16.9328894708 16.0051969233 16.1339171188 17.1227312385 16.093581105 15.6794542937 14.9578224332 14.0850265358 12.9894036217
15.1560978792 14.9552208853 14.4070928179 13.5766390225 12.7984039356 12.096271993 11.4337699167 10.8925148468 9.8377127427 8.9663993237 8.0266302313 7.1563577706 6.6637592101 5.7466353492 5.1793655012 4.7939444033 4.2866475301 3.9048674494 3.6138430931 3.4075364926 3.2835464882 3.2453875557 3.2953889527 3.2334653504 3.2863534618 3.3608848146 3.4593432 3.5731776893 3.8092566431 4.1947396991 4.9942271297 5.166330001 5.7377031352 6.4874006487 7.4125511282 8.3992693913 9.1095369882 9.8655500919 10.741978083 11.7632939405 12.8459461837 14.4178693538 15.0092624983 15.1244724896 15.3598172387 15.7858184619 15.4243344385 15.7522870051 15.0259316371 14.0267613344 13.1809869676 12.270882672
15.6635831871 15.0992982434 14.6966618613 13.8812777582 13.6642788294 12.358615486 11.6248283552 10.7876528969 9.989651888 9.3860841702 8.1457214208 7.2655252134 6.5000649141 5.8411367444 5.2550280227 4.7626105455 4.3332798675 3.9470116431 3.6560703459 3.4421940804 3.3072494336 3.2578474368 3.2417112519 3.2318822386 3.2501363774 3.3490417234 3.3583676339 3.4601555981 3.6661273855 4.0198879906 4.4323325758 4.9486732514 5.4788122314 6.1229477942 6.8868628166 8.1484120124 8.4397303699 9.2448460772 10.2617299668 11.1519636494 12.1968831571 13.2188839967 13.7833990286 14.4709992824 14.7203342217 14.5229009163 15.0193539502 14.1175445417 13.9689889047 13.1543430964 12.4349322759 11.5163777359
15.3203917723 15.3344700793 14.6390348686 13.9947013363 13.2996304224 13.438086227 11.6816949515 10.844509595 10.1260578689 9.1529939997 8.2176193256 7.3204947347 6.5561447396 5.8902017081 5.3439664992 4.8327853189 4.3912419799 4.0275838943 3.7368809516 3.5147389435 3.3197771634 3.2304538469 3.1954484368 3.2249275818 3.2535079578 3.2695459628 3.2757574423 3.3568559691 3.5857512658 3.8683297048 4.2738022635 4.7129409605 5.3079865957 5.7951076272 6.43348435 7.1001739378 7.8091222641 8.6235182681 9.9768159433 10.4976944699 11.7104169221 12.1284230987 12.8188298622 13.2480090104 13.4779076682 13.4832631998 13.2748351472 13.1284864173 13.2803690885 12.2906941383 11.5541766575 10.8260700837
