Models/Synthetic/Density/temp_raster_dens.asc
NCOLS 101
NROWS 101
XLLCORNER 3302900
YLLCORNER 3112000
CELLSIZE 4386.138614
NODATA_VALUE NaN
[rows 0 to 22 of 101, columns 0 to 51 of 101]
0.000068134 0.0000671517 0.0000657409 0.000064824 0.0000677764 0.0000615313 0.0000591133 0.0000566144 0.0000541594 0.0000527711 0.0000504372 0.0000478723 0.0000443008 0.0000425273 0.0000406772 0.0000374675 0.0000348887 0.0000384483 0.0000348879 0.0000301506 0.0000287792 0.0000280512 0.000027602 0.0000272926 0.0000266563 0.0000266933 0.0000273538 0.0000283635 0.0000302424 0.0000390443 0.0000347132 0.0000372219 0.0000405972 0.0000444184 0.0000485911 0.0000532499 0.000057154 0.0000610615 0.0000686724 0.0000659371 0.0000688427 0.0000738045 0.0000766476 0.0000809127 0.0000861102 0.0000869339 0.0000886337 0.0000897939 0.0000906239 0.0000912952 0.0000922385 0.0000937547
0.000070666 0.0000713483 0.0000709202 0.0000691096 0.0000667843 0.0000647494 0.0000619922 0.0000594962 0.0000569901 0.0000551807 0.0000581203 0.0000491321 0.0000453768 0.0000429818 0.0000411733 0.0000377199 0.0000353175 0.0000336397 0.0000320478 0.0000302447 0.000028864 0.0000283806 0.0000274742 0.0000268526 0.0000265937 0.0000267161 0.0000273397 0.0000284063 0.0000302869 0.0000322641 0.0000347255 0.0000372886 0.0000406807 0.0000445401 0.0000490201 0.0000536073 0.0000618571 0.0000607189 0.0000629871 0.0000656674 0.0000686759 0.0000723522 0.0000766017 0.0000814127 0.0000843087 0.0000866585 0.0000881472 0.0000910099 0.0000905855 0.00009126 0.0000924872 0.0000934182
0.000079153 0.000079754 0.0000808006 0.0000766612 0.0000738159 0.0000710721 0.0000683273 0.0000653821 0.0000631869 0.0000611391 0.0000574834 0.0000525801 0.0000474077 0.0000441348 0.0000411677 0.0000382919 0.0000354675 0.0000332467 0.0000314614 0.0000300088 0.0000289844 0.0000280891 0.0000273381 0.000026667 0.0000264815 0.0000267547 0.0000274505 0.0000284788 0.0000299071 0.0000318413 0.0000343082 0.0000372983 0.0000407758 0.0000445855 0.0000489581 0.000055155 0.0000573525 0.0000601064 0.0000622232 0.0000645836 0.0000677731 0.0000718796 0.0000758755 0.0000797308 0.0000830707 0.0000852462 0.0000875032 0.0000895087 0.0000909183 0.0000918752 0.0000925357 0.0000935341
0.0000915212 0.0001067173 0.0000915568 0.000089055 0.0000852813 0.0000820115 0.0000788827 0.0000754818 0.0000719705 0.0000738544 0.0000721207 0.0000652904 0.00005089 0.0000462566 0.0000426049 0.0000394599 0.0000367212 0.0000342598 0.0000321556 0.0000304467 0.0000291688 0.0000285993 0.0000277754 0.0000271663 0.0000266002 0.0000271398 0.0000278794 0.0000288283 0.0000299284 0.0000317758 0.000034476 0.0000374354 0.0000407754 0.000044372 0.0000481869 0.000052102 0.0000561745 0.0000598479 0.0000614942 0.0000640598 0.0000672288 0.0000709489 0.0000746297 0.0000787459 0.0000816294 0.0000843985 0.0000868022 0.0000892786 0.0000936636 0.0000925237 0.0000930878 0.0000931817
0.0001101283 0.0001109786 0.0001183239 0.000105779 0.0001013641 0.0000970361 0.0000935928 0.0001044612 0.0000854573 0.0000771977 0.0000701359 0.0000634135 0.0000560372 0.0000500086 0.0000454274 0.0000419665 0.0000388839 0.0000360343 0.0000332709 0.0000311784 0.0000298246 0.0000291477 0.0000318114 0.000027507 0.0000269442 0.0000274698 0.0000288746 0.0000290018 0.0000299565 0.0000316739 0.0000345951 0.0000384955 0.0000404432 0.0000430728 0.0000464861 0.0000501288 0.0000541677 0.0000579206 0.0000601894 0.0000630197 0.0000706883 0.0000699706 0.0000735996 0.0000773403 0.0000808273 0.0000842808 0.0000872672 0.0000896467 0.0000915186 0.000093098 0.0000968915 0.0000930951
0.0001354656 0.0001354362 0.000137547 0.0001281677 0.0001226569 0.0001169849 0.0001107855 0.0001043017 0.000100328 0.0000872531 0.000086536 0.0000718032 0.0000629611 0.0000553205 0.0000495504 0.0000452589 0.000042084 0.0000379186 0.0000345477 0.0000320591 0.0000304743 0.000030057 0.0000287701 0.0000280192 0.0000274051 0.0000278253 0.0000283373 0.0000290458 0.0000298717 0.0000314775 0.0000342082 0.000043037 0.0000393825 0.0000416696 0.0000447641 0.0000482002 0.000051797 0.0000551561 0.000058711 0.0000622634 0.0000659022 0.0000694784 0.0000730358 0.0000771105 0.0000805438 0.0000841692 0.0000899615 0.0000891096 0.0000910525 0.0000961077 0.0000939762 0.0000946687
0.0001684584 0.0001664735 0.0001620563 0.0001568639 0.0001503983 0.0001514101 0.0001331245 0.0001230699 0.0001124177 0.000101456 0.0000907364 0.00008415 0.0000713192 0.0000621318 0.0000548946 0.0000492658 0.0000444488 0.0000399339 0.0000359563 0.0000330558 0.0000311919 0.0000298332 0.0000290959 0.0000283503 0.0000281768 0.0000279894 0.0000282713 0.0000287524 0.0000297298 0.0000312423 0.0000338022 0.0000360334 0.0000384063 0.0000406988 0.000043637 0.0000467962 0.0000497686 0.0000531265 0.0000570295 0.0000639683 0.0000653956 0.0000694022 0.0000731582 0.0000770965 0.0000833043 0.0000834773 0.0000856775 0.0000892799 0.0000899793 0.0000925421 0.0000983815 0.0000926907
0.0002027721 0.0002017454 0.0001978944 0.0001922584 0.0001853143 0.0001774085 0.0001606234 0.0001466257 0.0001325139 0.000119599 0.0001056357 0.0000929918 0.000081581 0.0000706145 0.0000616079 0.000054031 0.0000476534 0.0000422799 0.0000378351 0.0000344691 0.0000320225 0.0000303802 0.0000294298 0.0000297188 0.0000284031 0.0000282159 0.0000280224 0.0000284684 0.0000295324 0.0000310009 0.0000330219 0.000036455 0.0000370718 0.000039759 0.0000496824 0.0000456885 0.0000483804 0.0000517116 0.0000557353 0.0000600644 0.000069462 0.0000763691 0.0000725691 0.0000761323 0.0000811792 0.0000821205 0.0000841583 0.0000860771 0.0000886601 0.0000903923 0.0000914939 0.0000919952
0.0002455234 0.0002454548 0.0002411803 0.0002347928 0.000225631 0.0002105595 0.0001918684 0.0001746288 0.0001573191 0.0001393143 0.0001234848 0.0001100317 0.0000939237 0.0000809866 0.0000697401 0.0000601296 0.0000525125 0.0000459634 0.0000408356 0.0000366272 0.0000335523 0.0000311545 0.0000296203 0.0000287971 0.0000280813 0.0000274647 0.000027482 0.0000279333 0.000029036 0.000030678 0.0000322384 0.0000338744 0.0000359805 0.0000386586 0.0000420397 0.0000445459 0.0000473436 0.0000505366 0.0000542251 0.0000586857 0.0000628898 0.0000669699 0.000070329 0.0000741323 0.0000776238 0.0000867688 0.0000825927 0.0000846725 0.0000872621 0.0000912017 0.0000906311 0.0000913368
0.0003016459 0.0002975779 0.0002974932 0.0002808393 0.0002665465 0.0002475167 0.0002273073 0.0002074439 0.0001859216 0.0001644595 0.0001446615 0.0001331821 0.0001092289 0.0000932315 0.0000793552 0.000067638 0.0000584834 0.0000540545 0.0000442748 0.0000390383 0.0000357566 0.0000317908 0.0000294409 0.0000280307 0.0000271683 0.0000266827 0.0000266802 0.0000272554 0.0000283489 0.0000296363 0.0000309722 0.000032455 0.0000344854 0.0000375893 0.0000404475 0.0000434485 0.0000460169 0.0000494216 0.0000532101 0.0000571793 0.0000612614 0.0000645399 0.0000681284 0.0000719173 0.0000764264 0.0000795119 0.0000822008 0.0000840414 0.0000873479 0.0000897221 0.0000916414 0.000092517
0.0003631555 0.0003624253 0.000349327 0.0003364106 0.0003151765 0.0002923712 0.0002720325 0.0002457065 0.0002221077 0.0001957095 0.0001696173 0.0001539517 0.0001277129 0.0001065473 0.0000904704 0.0000759462 0.0000648634 0.0000587486 0.0000475526 0.0000408945 0.0000361479 0.0000324315 0.0000295588 0.0000277914 0.0000267254 0.0000261769 0.0000261181 0.0000266234 0.0000277995 0.0000289656 0.0000301663 0.0000313799 0.0000333593 0.0000362861 0.000044151 0.0000420968 0.0000449261 0.000048368 0.0000521607 0.0000561769 0.0000600684 0.000063561 0.0000670951 0.0000706067 0.0000749356 0.0000860786 0.0000815437 0.0000840768 0.0000875546 0.0000963599 0.0000930855 0.000094704
0.0004298313 0.0004328141 0.0004228005 0.0003989148 0.0003840045 0.0003424982 0.0003201011 0.000293413 0.0002587594 0.0002272138 0.000198647 0.0001749661 0.0001441924 0.0001213231 0.000102043 0.000085394 0.0000718523 0.0000599425 0.0000506741 0.0000429505 0.0000373418 0.0000331538 0.0000301361 0.0000281025 0.0000268133 0.0000260748 0.0000258276 0.0000261788 0.0000272198 0.0000292687 0.000029387 0.0000305257 0.0000323906 0.0000352548 0.0000381939 0.0000411662 0.000043955 0.0000474065 0.0000508935 0.000054864 0.0000590437 0.0000668264 0.0000663861 0.0000699824 0.000074343 0.0000782505 0.0000817337 0.0000846238 0.0000887695 0.0001013074 0.0000968342 0.0000960353
0.0005008565 0.0005020821 0.0004864528 0.0004665173 0.0004317214 0.0003984244 0.0003676546 0.0003382433 0.0003005359 0.000259957 0.0002263099 0.0001934367 0.0001631727 0.0001432995 0.0001141196 0.0001093632 0.0000788639 0.0000652568 0.0000543784 0.000045854 0.0000393395 0.0000345413 0.0000311175 0.0000287765 0.0000272346 0.0000262053 0.000025728 0.000025856 0.0000267136 0.0000276318 0.0000287078 0.0000298299 0.0000316393 0.0000339699 0.000036817 0.0000401607 0.0000427487 0.0000458498 0.0000493505 0.0000533438 0.0000592987 0.0000620907 0.0000665298 0.0000697382 0.0000740292 0.0000781864 0.0000824946 0.0000861023 0.0000900535 0.0000949943 0.000096093 0.0000972245
0.0005932034 0.0005823218 0.0005621307 0.000542529 0.0004913844 0.000455816 0.0004208473 0.0003759379 0.0003352397 0.0002993201 0.0002601472 0.0002184489 0.0001837129 0.0001526453 0.0001271443 0.0001049455 0.0000872136 0.0000717574 0.0000595319 0.000049425 0.0000419313 0.00003638 0.0000323925 0.000029952 0.0000280336 0.0000267279 0.0000257011 0.0000256322 0.0000260662 0.0000268508 0.0000279032 0.0000293601 0.0000310833 0.000033187 0.0000356756 0.0000384082 0.0000413497 0.0000443694 0.00004779 0.0000518098 0.0000560799 0.0000685062 0.000064962 0.0000698915 0.0000741476 0.0000789302 0.0000834711 0.0000908615 0.0000918474 0.0000947365 0.000097501 0.0000983834
0.0006845187 0.0006677325 0.000639325 0.0006014052 0.0005564336 0.0005180061 0.0004673737 0.000426988 0.0003839487 0.0003345387 0.0002885935 0.000253703 0.0002072696 0.0001691662 0.0001397717 0.0001154157 0.0000956656 0.0000817745 0.0000650242 0.0000533755 0.0000448723 0.0000384081 0.0000337725 0.0000308491 0.0000347946 0.0000269138 0.0000257125 0.0000254769 0.0000257648 0.0000264324 0.0000274443 0.0000288689 0.0000307302 0.0000323806 0.0000344926 0.0000370865 0.00004006 0.0000432295 0.0000465804 0.0000501932 0.0000544886 0.0000590106 0.0000639785 0.0000688506 0.000074331 0.000078364 0.0000834067 0.0000894831 0.0000924542 0.0000984525 0.0000992245 0.00010124
0.0007458247 0.0007466914 0.0007172801 0.0006826273 0.0006261054 0.0005763166 0.0005260015 0.0004783443 0.0004313462 0.0003712935 0.0003303102 0.0002720011 0.0002265487 0.000186816 0.0001540658 0.000132144 0.0001039288 0.0000872787 0.0000699525 0.0000573524 0.0000476828 0.000040481 0.0000352056 0.0000317086 0.0000289871 0.0000271323 0.0000257945 0.0000254695 0.000025677 0.0000262193 0.0000271177 0.0000284176 0.000029938 0.0000316835 0.0000336838 0.0000362238 0.0000392136 0.0000424692 0.0000457256 0.0000492844 0.000053328 0.0000578927 0.0000628162 0.0000679557 0.0000728578 0.0000776662 0.0000825649 0.0000877298 0.0000931301 0.0000976922 0.000102175 0.0001042502
0.0008345761 0.0008110114 0.0007927515 0.0007610218 0.0006898733 0.0006463263 0.0005718243 0.0005145793 0.0004759042 0.0004151501 0.0003510948 0.0002951125 0.0002451906 0.0002077006 0.0001671093 0.0001362559 0.000111593 0.0000905834 0.0000739988 0.0000604978 0.0000502823 0.0000425073 0.0000367169 0.0000324325 0.0000292916 0.000027174 0.0000259973 0.0000259708 0.0000261073 0.0000265573 0.000026932 0.0000280309 0.0000294675 0.0000311763 0.0000332437 0.0000357458 0.0000386899 0.0000419165 0.0000453587 0.0000490406 0.0000530753 0.0000574968 0.0000622494 0.0000672368 0.0000723085 0.0000773687 0.0000824905 0.0000881017 0.000095102 0.0000989947 0.0001033834 0.0001074401
0.0008878956 0.0008919791 0.0008381171 0.0007968803 0.0007478887 0.000681852 0.0006206338 0.0005640519 0.0004917022 0.000448739 0.0003732474 0.0003149784 0.0002630981 0.0002171746 0.0001789401 0.0001466353 0.0001185438 0.0000956535 0.0000776339 0.0000635416 0.0000526034 0.0000443334 0.0000382326 0.0000335844 0.0000301582 0.000027784 0.0000262913 0.0000261468 0.0000293959 0.0000266658 0.0000269896 0.0000279961 0.000029367 0.0000310795 0.0000331598 0.0000356377 0.0000384582 0.0000416922 0.0000457716 0.0000500348 0.0000541397 0.0000579785 0.0000623146 0.0000674211 0.000072945 0.0000784131 0.0000839015 0.0000896971 0.0000958369 0.0001017283 0.0001064506 0.0001099757
0.0009478283 0.0009193055 0.0008923093 0.000837828 0.0007980016 0.0007313863 0.0006563373 0.0005876354 0.0005226957 0.0004574926 0.000396985 0.0003361868 0.0002783267 0.0002301066 0.0001898451 0.0001576803 0.0001256569 0.0001007023 0.0000816315 0.0000666409 0.000054899 0.0000459409 0.0000392274 0.0000344311 0.0000312128 0.0000282667 0.0000265844 0.0000262963 0.0000263549 0.0000268747 0.000027246 0.0000282512 0.0000295185 0.0000312273 0.0000337153 0.0000361673 0.0000388964 0.0000417311 0.0000459215 0.0000534196 0.0000564459 0.0000588089 0.0000633233 0.0000689723 0.0000749488 0.0000811689 0.0000865856 0.0000922919 0.0000985439 0.000108457 0.0001149548 0.0001132847
0.0009771338 0.0009492566 0.0009246249 0.0008803364 0.0008359455 0.0007566164 0.0006824084 0.0006130446 0.00054639 0.0004745389 0.0004069966 0.0003452849 0.0002924227 0.0002465966 0.0002006078 0.0001659132 0.0001312963 0.0001056744 0.0000858195 0.0000698444 0.0000572612 0.0000473041 0.000040029 0.0000349351 0.0000312209 0.0000286011 0.0000268422 0.0000260774 0.0000260951 0.0000266536 0.000027616 0.0000285127 0.0000297613 0.0000314785 0.0000340056 0.0000392781 0.000039161 0.0000418886 0.00004602 0.000050592 0.0000553089 0.0000602646 0.0000648054 0.0000714747 0.0000800522 0.0000838842 0.0000893891 0.000097845 0.0001016534 0.0001074696 0.0001157623 0.0001162074
0.0010061424 0.0009743152 0.0009457761 0.0009125202 0.0008373084 0.0007755293 0.000695453 0.0006281796 0.0005557109 0.0004858386 0.0004162787 0.0003531741 0.0003003574 0.0002559062 0.0002047741 0.0001660392 0.0001357784 0.0001101757 0.0000890245 0.0000732525 0.0000592506 0.0000484678 0.0000407289 0.0000352392 0.0000313935 0.0000287588 0.000027124 0.0000263308 0.000026275 0.000026815 0.0000276611 0.0000287387 0.0000300345 0.0000317808 0.0000343288 0.0000368353 0.0000395639 0.0000422877 0.0000458863 0.0000501339 0.000055303 0.0000607407 0.000067146 0.0000741995 0.0000828796 0.0000866229 0.0000923459 0.0000986103 0.0001049679 0.0001105355 0.0001152524 0.0001195092
0.0010286553 0.0009881252 0.0009763072 0.0009063181 0.0008449361 0.0007797638 0.0007049063 0.000632258 0.0005625973 0.0004952326 0.000434423 0.0003590202 0.0003038986 0.000254073 0.000208087 0.0001687941 0.0001366823 0.0001112561 0.000090726 0.000074856 0.0000603436 0.0000493096 0.0000413474 0.0000356921 0.0000317482 0.0000291152 0.0000275055 0.000026718 0.000026604 0.0000270139 0.00002783 0.0000289919 0.0000304843 0.0000323473 0.0000345235 0.0000370534 0.0000398988 0.0000430949 0.0000467719 0.0000510472 0.0000562712 0.0000701156 0.0000692619 0.0000857569 0.0000832561 0.0000892309 0.0000951536 0.000102063 0.0001089055 0.0001154016 0.0001197208 0.000123327
0.0010001774 0.0009808005 0.0009463406 0.0008981038 0.0008423399 0.0007683564 0.000703319 0.0006422157 0.0005677835 0.0004986638 0.0004268125 0.0003712677 0.0003154233 0.0002584555 0.0002169258 0.000169658 0.0001453954 0.0001115713 0.0000909965 0.0000742287 0.0000606769 0.0000498599 0.0000418931 0.0000362015 0.0000322394 0.0000296104 0.0000280115 0.0000272121 0.0000270452 0.0000273918 0.0000281812 0.0000294418 0.0000314556 0.0000335222 0.0000358145 0.0000380827 0.0000410048 0.000044468 0.0000483336 0.0000531825 0.0000585269 0.0000647295 0.0000717504 0.0000791745 0.0000858717 0.0000920967 0.0000988341 0.0001060995 0.0001139985 0.0001211653 0.0001257025 0.0001289238
