Models/Synthetic/Density/temp_raster_pop.asc
NCOLS 101
NROWS 101
XLLCORNER 3302900
YLLCORNER 3112000
CELLSIZE 4386.138614
NODATA_VALUE NaN
[rows 0 to 22 of 101, columns 0 to 51 of 101]
6.8134014205 6.7151663981 6.5740911017 6.4824041217 6.7776411956 6.153130353 5.9113345295 5.6614404715 5.4159386172 5.2771111856 5.0437158892 4.7872343302 4.4300794765 4.2527300017 4.0677210598 3.746751663 3.4888655488 3.8448272832 3.4887869105 3.0150577781 2.8779179724 2.8051201881 2.7602012544 2.729258378 2.6656252355 2.6693320002 2.7353793387 2.8363520559 3.0242395914 3.9044296172 3.4713201968 3.7221933994 4.0597219757 4.4418356118 4.8591115686 5.3249922701 5.7153999671 6.1061505168 6.8672394077 6.5937089058 6.8842688199 7.3804519129 7.6647581698 8.0912722144 8.6110249021 8.693388873 8.8633742235 8.9793894728 9.0623923628 9.1295160045 9.2238508932 9.375471385
7.0665952394 7.1348304325 7.0920204462 6.9109587128 6.678427738 6.4749395055 6.1992230479 5.9496190465 5.6990067244 5.5180687442 5.8120347193 4.9132117185 4.5376750504 4.2981832184 4.1173265088 3.7719928814 3.5317527057 3.3639725112 3.2047827081 3.0244723891 2.8863968987 2.8380645991 2.7474219002 2.6852642951 2.6593656228 2.6716091429 2.7339683809 2.8406327342 3.0286877211 3.2264083255 3.4725452765 3.7288558315 4.0680690538 4.4540050632 4.9020060919 5.3607333289 6.1857121111 6.0718854232 6.298707798 6.566744201 6.8675903868 7.2352154578 7.6601724505 8.1412712682 8.4308666797 8.6658486345 8.8147207724 9.1009945496 9.0585502138 9.1260000373 9.2487189685 9.3418194083
7.9152991733 7.9754042346 8.0800614317 7.6661203075 7.3815872434 7.1072121968 6.8327338883 6.5382106319 6.3186858221 6.1139129639 5.7483443099 5.2580133722 4.7407653884 4.4134810724 4.1167681417 3.8291860202 3.5467479393 3.324667253 3.1461371708 3.0008829837 2.8984425159 2.808909732 2.7338063324 2.6667014836 2.6481474784 2.6754730712 2.7450479094 2.8478790366 2.9907145852 3.1841309103 3.4308242944 3.7298277414 4.0775833491 4.4585490331 4.895807804 5.5154962774 5.7352503448 6.0106407394 6.2223153145 6.4583639903 6.7773125845 7.1879629262 7.5875519275 7.9730801167 8.3070739536 8.5246160951 8.7503190355 8.9508727011 9.091828901 9.187523035 9.253572042 9.3534139068
9.152122886 10.6717291532 9.155679623 8.9055022293 8.5281326595 8.2011540795 7.8882673635 7.5481761929 7.1970525948 7.3854416938 7.2120700849 6.5290372275 5.0889973011 4.6256641302 4.2604859856 3.9459942748 3.6721203709 3.4259827178 3.2155586115 3.0446650131 2.9168758096 2.8599332276 2.7775370459 2.7166257795 2.6600155646 2.7139761819 2.78793891 2.8828270885 2.9928441041 3.1775798815 3.4475980697 3.7435421094 4.0775372077 4.4371965882 4.8186890909 5.2101975369 5.6174489068 5.9847862559 6.1494183965 6.4059755583 6.722877313 7.094887158 7.4629728384 7.8745872257 8.1629366889 8.439848027 8.6802208108 8.9278596315 9.3663570439 9.2523673213 9.3087785093 9.3181673849
11.01283156 11.0978604846 11.8323885977 10.5779016553 10.1364083597 9.7036058302 9.3592826927 10.446119429 8.5457290574 7.7197744521 7.0135909081 6.3413534965 5.603716112 5.0008638364 4.5427445139 4.1966507476 3.8883873802 3.6034333109 3.3270931131 3.1178363919 2.9824620469 2.91477275 3.181141447 2.75069981 2.694420296 2.7469758804 2.8874582134 2.9001805354 2.9956479075 3.1673935363 3.4595097316 3.8495542517 4.0443228044 4.3072780426 4.6486089966 5.0128827489 5.4167749693 5.7920554693 6.018935428 6.301972092 7.0688254684 6.9970624693 7.359960627 7.7340286777 8.082731534 8.4280776543 8.7267182155 8.9646694862 9.1518629461 9.3097981933 9.6891540985 9.309512235
13.5465581832 13.5436192481 13.7546965651 12.8167747029 12.2656895797 11.6984873707 11.0785496842 10.4301710869 10.0327974917 8.7253086517 8.6536006376 7.1803242895 6.2961135077 5.5320506899 4.9550380345 4.5258929923 4.208398573 3.7918647551 3.4547663748 3.2059096912 3.047431338 3.0057041506 2.8770094137 2.8019220088 2.7405107569 2.7825262357 2.8337305593 2.9045777393 2.9871709222 3.1477540473 3.4208226306 4.3037047394 3.9382467355 4.1669605552 4.4764054012 4.8200194568 5.1797041269 5.5156124123 5.8711037537 6.2263443574 6.5902238453 6.9478401709 7.3035824479 7.7110511655 8.0543774377 8.4169193117 8.9961499867 8.9109612156 9.1052521035 9.6107716984 9.3976181922 9.4668739297
16.8458379306 16.6473528893 16.2056317049 15.6863919961 15.0398256229 15.1410068153 13.3124529885 12.3069859616 11.2417689709 10.1455965808 9.0736431672 8.4150018737 7.1319164607 6.2131752089 5.4894564528 4.9265757339 4.4448821088 3.993388591 3.5956276068 3.3055808649 3.1191948936 2.9833154267 2.9095907779 2.8350255238 2.8176756608 2.7989437794 2.8271296775 2.8752443211 2.9729823491 3.1242283813 3.3802178345 3.6033371064 3.8406299572 4.0698786569 4.3637049885 4.6796173026 4.9768644372 5.3126544703 5.7029461909 6.3968331374 6.5395574769 6.9402175713 7.3158233082 7.7096482865 8.3304277123 8.3477271582 8.5677520975 8.927990358 8.9979320213 9.2542068396 9.8381511908 9.2690731254
20.2772080266 20.1745354527 19.7894403831 19.2258354094 18.5314287688 17.7408497839 16.0623426901 14.6625735426 13.2513884991 11.9598970587 10.5635720695 9.2991835016 8.1581039792 7.0614522363 6.1607878796 5.4031031111 4.7653433222 4.2279860089 3.7835124592 3.4469123224 3.202247145 3.0380214441 2.9429781814 2.9718847434 2.8403148867 2.8215876513 2.8022417729 2.8468367102 2.9532352714 3.1000948011 3.3021866908 3.6454972642 3.7071815746 3.9758965857 4.9682431774 4.5688497035 4.8380430838 5.1711640975 5.5735276052 6.0064352309 6.9462017621 7.6369082953 7.2569145759 7.6132252379 8.117919532 8.2120495244 8.4158289215 8.6077109854 8.8660125811 9.039227005 9.1493937613 9.1995211955
24.5523381722 24.5454765546 24.1180342302 23.4792834301 22.5630950626 21.0559462474 19.1868369331 17.4628804193 15.7319052387 13.9314328359 12.3484756095 11.0031695221 9.3923677082 8.0986646067 6.9740094294 6.0129602759 5.2512486795 4.5963369759 4.0835620128 3.6627214356 3.3552336444 3.1154494825 2.9620280814 2.8797087313 2.8081259335 2.7464727112 2.7482004577 2.7933291682 2.9035970466 3.0677957775 3.2238395597 3.3874375719 3.5980479753 3.8658582094 4.2039658734 4.4545898835 4.7343568134 5.0536635361 5.4225054517 5.8685729228 6.2889810447 6.6969890102 7.0329026557 7.4132300608 7.7623795857 8.6768802968 8.2592686144 8.4672502929 8.7262051423 9.1201732812 9.0631133695 9.1336800793
30.164591328 29.7577876827 29.7493157672 28.0839316451 26.6546459065 24.7516654478 22.7307312887 20.7443867852 18.5921634579 16.4459499827 14.4661549924 13.3182066984 10.9228899262 9.3231538035 7.9355160961 6.7637993664 5.8483416211 5.4054547247 4.4274830312 3.9038343648 3.5756590581 3.1790830462 2.9440886053 2.803072166 2.7168322947 2.668265058 2.6680197111 2.7255434269 2.8348868433 2.9636322638 3.0972244543 3.2454951264 3.4485416217 3.7589270253 4.0447527544 4.3448517889 4.601686298 4.9421567238 5.3210090182 5.7179315354 6.1261434452 6.4539898414 6.8128393391 7.1917348443 7.6426423108 7.9511862314 8.2200783543 8.4041405416 8.7347913058 8.9722096035 9.1641430369 9.251696591
36.3155530136 36.2425333742 34.9326957833 33.6410613616 31.5176451893 29.2371249722 27.2032474714 24.570646334 22.2107681321 19.5709548807 16.9617342647 15.3951674887 12.7712852682 10.6547281261 9.047038282 7.5946245473 6.486343538 5.8748612803 4.755255161 4.0894455266 3.61479467 3.2431455783 2.9558828628 2.7791360004 2.6725434544 2.6176890253 2.61180649 2.662335393 2.779949515 2.8965613769 3.0166295064 3.1379913834 3.335930564 3.6286055315 4.4151009962 4.2096766141 4.4926084112 4.8368033043 5.2160670645 5.6176919086 6.0068370486 6.3560966438 6.7095072896 7.0606731922 7.4935561172 8.6078623202 8.1543725573 8.4076805319 8.7554586514 9.6359879479 9.3085532709 9.4703983816
42.9831276377 43.2814140581 42.2800497859 39.891477658 38.4004548169 34.2498192832 32.0101056353 29.3413046575 25.8759421018 22.7213794782 19.8647023946 17.4966115077 14.419239287 12.1323062067 10.2042965763 8.5394006853 7.1852308843 5.9942467439 5.0674093007 4.295047947 3.7341761698 3.3153779588 3.0136100953 2.8102532221 2.6813335925 2.6074836211 2.5827644904 2.6178798202 2.7219825058 2.9268651534 2.9386979793 3.0525707905 3.2390648892 3.5254762198 3.8193872989 4.1166159929 4.3954993881 4.74065048 5.0893458867 5.4864031945 5.9043684712 6.6826411035 6.6386133702 6.9982442799 7.4342988557 7.8250512175 8.1733680141 8.4623806814 8.8769480954 10.1307443099 9.6834163386 9.60353073
50.0856545195 50.2082099343 48.6452786852 46.6517329281 43.1721414849 39.8424446679 36.765460112 33.8243291137 30.0535868194 25.995699579 22.6309901853 19.3436684137 16.3172708321 14.3299549154 11.4119640967 10.9363200133 7.8863944308 6.5256826284 5.437837746 4.5854002995 3.9339458354 3.4541281871 3.111748278 2.8776467157 2.7234595338 2.6205260802 2.5728041444 2.5855973754 2.671356461 2.7631750745 2.8707767112 2.9829911719 3.163928298 3.3969874156 3.6817045818 4.0160742513 4.2748719915 4.5849824684 4.9350456985 5.3343800866 5.9298676585 6.2090729994 6.652977315 6.9738210669 7.4029159046 7.8186364811 8.2494635092 8.6102313455 9.0053481966 9.4994254689 9.609300753 9.7224509852
59.3203440869 58.2321818024 56.2130713739 54.2528960015 49.1384391651 45.581596569 42.0847264382 37.5937878077 33.5239739484 29.9320107102 26.0147173803 21.8448871258 18.3712927884 15.2645344129 12.7144258668 10.4945531296 8.7213572814 7.1757410361 5.953191789 4.9424970951 4.1931289427 3.6380013269 3.2392546862 2.9952026135 2.8033609983 2.6727949159 2.5701089438 2.563217525 2.6066203123 2.6850786762 2.7903192854 2.9360139011 3.1083285381 3.3187048845 3.5675592641 3.8408242653 4.1349680425 4.4369418616 4.7790017529 5.1809776319 5.6079859621 6.8506176726 6.4961965082 6.9891515982 7.4147634018 7.8930185309 8.3471136493 9.0861491612 9.1847368896 9.4736499552 9.7501047074 9.838336084
68.4518675132 66.7732505303 63.9325007603 60.1405153859 55.6433619898 51.8006149797 46.7373719848 42.6988005977 38.3948741963 33.4538686754 28.8593538997 25.3702991218 20.7269562175 16.9166241396 13.9771676942 11.5415721463 9.5665588587 8.1774539121 6.5024153997 5.33754731 4.4872311194 3.8408073775 3.3772462152 3.0849102758 3.4794587349 2.6913834193 2.5712529199 2.5476874071 2.576475431 2.6432360331 2.7444307942 2.8868930081 3.0730191904 3.2380645712 3.4492634375 3.7086490554 4.0060013674 4.3229538187 4.6580364932 5.019318728 5.4488612334 5.9010590205 6.3978487031 6.88506476 7.4330987099 7.8364037566 8.3406726643 8.9483055569 9.2454158223 9.8452450862 9.9224546662 10.1240027025
74.5824723717 74.6691370566 71.7280137271 68.2627325592 62.6105393385 57.6316550797 52.6001508733 47.8344325142 43.1346218561 37.1293549619 33.0310184079 27.2001123611 22.654872897 18.6815977385 15.4065822045 13.2144019144 10.3928805204 8.7278704191 6.9952450431 5.735241686 4.7682783628 4.0481006297 3.5205584173 3.1708628127 2.8987073233 2.7132301519 2.579451981 2.5469508309 2.5677031478 2.62193155 2.7117696502 2.8417594137 2.9938012047 3.1683498339 3.3683840246 3.622376663 3.9213578236 4.2469231527 4.5725578333 4.9284376529 5.3328044306 5.7892722313 6.2816203031 6.7955700463 7.2857823806 7.7666244128 8.2564867309 8.7729771892 9.3130103472 9.7692215621 10.2175002615 10.4250238234
83.4576087426 81.1011404617 79.275154543 76.1021803676 68.9873291886 64.6326322857 57.1824347894 51.4579256081 47.5904221529 41.515006343 35.109481354 29.5112453567 24.5190625139 20.7700584098 16.7109282289 13.6255900196 11.1593022793 9.058339517 7.3998830032 6.0497752622 5.0282258308 4.2507326205 3.6716857476 3.2432500541 2.9291625785 2.7173986501 2.599732604 2.5970788104 2.6107272214 2.6557307906 2.6932009684 2.8030863725 2.9467461695 3.1176271731 3.3243664937 3.5745805866 3.8689937291 4.1916525966 4.5358731091 4.9040580563 5.3075307902 5.7496830311 6.2249426106 6.7236842578 7.2308493822 7.7368705469 8.2490537652 8.8101659864 9.5101995195 9.899466381 10.3383425889 10.7440138808
88.7895584612 89.197906042 83.8117096427 79.6880321979 74.7888724312 68.1852000292 62.0633843614 56.405191987 49.1702196749 44.8739004236 37.324743988 31.4978381616 26.3098106224 21.7174625812 17.8940064249 14.6635296492 11.8543750898 9.5653534589 7.7633895317 6.3541623581 5.2603385299 4.4333350479 3.8232565613 3.3584437263 3.0158165679 2.7783951837 2.6291277698 2.6146796797 2.9395871459 2.6665794124 2.698964886 2.7996109339 2.936702198 3.1079548783 3.3159846736 3.5637670839 3.8458151885 4.1692238637 4.577159045 5.0034767895 5.4139675045 5.7978506178 6.2314637271 6.74210544 7.2944960284 7.8413087918 8.3901514375 8.9697095878 9.5836860478 10.1728258305 10.6450629701 10.9975749108
94.7828250094 91.9305519228 89.2309271883 83.7827987832 79.8001605089 73.1386333475 65.6337321431 58.7635389326 52.2695660006 45.7492565891 39.6984956251 33.6186820198 27.8326743427 23.010662119 18.9845109549 15.7680330926 12.5656897685 10.0702331569 8.1631506133 6.6640853308 5.4898981502 4.5940854351 3.9227404198 3.4431070102 3.1212754266 2.8266651934 2.6584427568 2.6296329023 2.6354855746 2.6874669261 2.7246021043 2.8251150201 2.9518480532 3.1227271899 3.3715265041 3.6167327751 3.8896382796 4.1731128531 4.5921529619 5.3419627574 5.6445919199 5.8808855823 6.3323331449 6.8972267269 7.4948810193 8.1168896509 8.6585550116 9.2291923054 9.8543923771 10.8457015006 11.4954752486 11.3284727871
97.7133794668 94.9256597974 92.4624926098 88.0336406102 83.5945476302 75.6616402005 68.2408394634 61.304460479 54.638998911 47.4538901684 40.6996554441 34.5284857605 29.2422725125 24.6596619231 20.0607825478 16.5913168176 13.1296323928 10.5674411554 8.5819501297 6.9844364253 5.7261150095 4.7304080561 4.0028987152 3.4935111296 3.1220857526 2.8601105569 2.6842188073 2.6077395169 2.6095058613 2.6653645522 2.7616046091 2.8512724635 2.9761315527 3.1478475559 3.4005630074 3.927811703 3.9160957339 4.1888630598 4.601998258 5.0592038486 5.5308897311 6.0264641452 6.4805369643 7.1474731433 8.0052167482 8.3884150632 8.9389148335 9.7845003717 10.1653403486 10.7469555466 11.5762304017 11.6207376284
100.6142391533 97.4315227141 94.5776074493 91.2520159979 83.7308391317 77.552928381 69.5453031446 62.8179590534 55.5710857453 48.5838637673 41.6278662235 35.3174090985 30.0357444288 25.5906230923 20.4774111135 16.6039180531 13.5778350137 11.0175734813 8.9024513876 7.3252512345 5.9250577777 4.8467795848 4.0728890168 3.523924788 3.139346584 2.8758818065 2.7124032485 2.6330780184 2.6274977293 2.6815015719 2.7661063151 2.8738680444 3.0034467678 3.1780805891 3.432883587 3.683531434 3.9563894967 4.2287725404 4.5886327811 5.0133884989 5.5302990085 6.0740666636 6.7145969043 7.4199473839 8.2879581969 8.6622921203 9.2345852384 9.8610347319 10.4967915046 11.0535469678 11.5252442747 11.9509222687
102.8655322449 98.8125224773 97.6307192073 90.6318090383 84.4936078899 77.9763828093 70.4906304783 63.2257965727 56.2597326527 49.5232584194 43.442301036 35.9020242835 30.3898599454 25.4072958282 20.8087040014 16.8794112791 13.6682339827 11.1256064294 9.0726046024 7.4855987261 6.0343640257 4.9309596579 4.1347368131 3.5692059822 3.1748180703 2.9115176843 2.7505490512 2.6718049614 2.6604002106 2.7013948298 2.7830022193 2.8991882948 3.048427291 3.2347259861 3.4523489286 3.705335395 3.9898814644 4.3094880633 4.6771852725 5.1047176023 5.6271166867 7.0115565563 6.9261894934 8.5756901463 8.3256133094 8.9230945998 9.515364552 10.2063042978 10.8905455734 11.5401554868 11.9720789574 12.3327032785
100.0177431608 98.0800508818 94.6340575434 89.810381746 84.2339934544 76.8356397418 70.3318975587 64.2215687791 56.7783521201 49.8663804104 42.6812533512 37.1267747362 31.5423296802 25.8455462268 21.6925796705 16.96579623 14.5395369137 11.157127686 9.0996485453 7.4228724797 6.067694065 4.9859894502 4.1893148834 3.6201506452 3.2239402423 2.9610390691 2.8011461432 2.7212089814 2.704517946 2.7391796644 2.8181161837 2.9441809251 3.1455558346 3.3522173757 3.581452386 3.808270992 4.1004750894 4.4467987575 4.8333601775 5.3182498178 5.8526905576 6.4729453013 7.1750369972 7.9174517876 8.5871654621 9.209674849 9.8834058799 10.6099546637 11.3998526537 12.1165291151 12.5702469222 12.8923813133
