Models/Synthetic/Density/temp_raster_dens.asc
NCOLS 101
NROWS 101
XLLCORNER 3302900
YLLCORNER 3112000
CELLSIZE 4386.138614
NODATA_VALUE NaN
[rows 46 to 68 of 101, columns 0 to 51 of 101]
0.0001997818 0.0001999586 0.0001922146 0.0001847686 0.0001766292 0.0001727367 0.0001600785 0.0001516783 0.0001444472 0.0001338329 0.0001285199 0.0001155405 0.0001066035 0.0000989505 0.0000918541 0.000085277 0.0000796901 0.0000744758 0.0000702869 0.0000653291 0.000060755 0.0000560961 0.000052878 0.0000507453 0.0000489066 0.0000473194 0.0000457928 0.0000448077 0.0000441247 0.0000436384 0.0000429083 0.0000420529 0.0000412169 0.0000409282 0.0000407873 0.0000408239 0.0000414505 0.000042209 0.0000431976 0.0000441672 0.0000463374 0.0000473689 0.0000471612 0.0000477254 0.0000484405 0.000049091 0.0000496268 0.0000501763 0.0000506362 0.0000506935 0.0000505314 0.0000502563
0.0002038537 0.0001924342 0.000188196 0.000180663 0.0001741841 0.0001651167 0.0001572632 0.0001511778 0.0001426518 0.0001325137 0.0001276836 0.000114994 0.0001063432 0.0000991337 0.0000924131 0.0000861588 0.0000805983 0.0000775151 0.000071438 0.0000686216 0.0000621948 0.0000577746 0.0000544225 0.0000518675 0.0000498808 0.0000482825 0.0000470614 0.0000461427 0.0000455371 0.0000451394 0.000044829 0.000043486 0.0000423352 0.0000415738 0.0000412672 0.0000413801 0.0000423299 0.0000475772 0.0000443772 0.0000449708 0.0000461302 0.0000472205 0.0000478627 0.0000484042 0.000049054 0.0000493967 0.0000497765 0.0000501728 0.0000505691 0.0000509405 0.0000503224 0.0000499221
0.0001891753 0.0001873095 0.0001818394 0.000178065 0.0001691168 0.0001614287 0.0001540766 0.0001465656 0.000138454 0.0001302023 0.0001217731 0.0001141403 0.0001058906 0.0000994231 0.0000938343 0.0000869231 0.0000811474 0.0000763228 0.0000723726 0.000067893 0.0000637246 0.0000595373 0.0000561597 0.0000533918 0.000051159 0.0000494836 0.0000482649 0.0000474218 0.0000468871 0.0000466619 0.0000461954 0.0000451576 0.0000437229 0.0000425911 0.0000421215 0.0000422069 0.0000431196 0.000043939 0.0000447229 0.0000450791 0.0000458773 0.000046942 0.0000482038 0.000048599 0.0000490245 0.0000494661 0.0000498155 0.0000501878 0.0000505127 0.0000504443 0.0000500595 0.0000495364
0.0001901518 0.0001811002 0.0001765845 0.0001716226 0.000165126 0.0001587386 0.0001514324 0.0001441263 0.0001360449 0.0001281731 0.0001204409 0.000112428 0.0001053184 0.0000992341 0.0000950312 0.0000872151 0.0000812085 0.0000764882 0.0000724253 0.000068532 0.0000649186 0.0000613949 0.0000581033 0.0000550291 0.0000526127 0.0000507855 0.0000494536 0.0000485471 0.0000480452 0.0000478039 0.0000475325 0.0000467984 0.0000450916 0.0000438284 0.0000432465 0.0000432185 0.0000435516 0.0000440441 0.0000445901 0.000045186 0.000045927 0.0000468993 0.0000477368 0.0000483885 0.0000488027 0.0000493256 0.0000498555 0.0000503007 0.0000507655 0.0000505734 0.0000500638 0.0000492435
0.0001778838 0.0001756965 0.0001760904 0.0001667617 0.0001647083 0.0001548958 0.0001536992 0.0001415771 0.0001340178 0.00012891 0.000119634 0.0001119451 0.0001046818 0.0000989721 0.0000932115 0.0000875909 0.0000818447 0.0000772043 0.0000731394 0.0000695089 0.0000662054 0.0000633089 0.0000597338 0.0000566834 0.000054214 0.0000523037 0.0000507546 0.000049641 0.0000493959 0.000049117 0.0000487661 0.0000476992 0.0000464565 0.0000452625 0.0000444309 0.0000443157 0.0000444745 0.0000447289 0.0000450565 0.0000455382 0.000046175 0.0000468672 0.0000475162 0.0000480482 0.0000485878 0.0000492333 0.0000502772 0.0000508082 0.0000511698 0.0000523608 0.0000500818 0.0000492349
0.0001704395 0.000169866 0.0001704064 0.0001661019 0.0001554583 0.0001508985 0.0001452793 0.0001389613 0.0001320897 0.0001259216 0.0001235688 0.0001116591 0.000104485 0.0000986693 0.0000943632 0.0000888064 0.0000837806 0.0000784976 0.000074435 0.0000707244 0.0000674528 0.0000642656 0.0000611619 0.0000582765 0.0000562066 0.0000542648 0.0000524858 0.0000508338 0.0000503122 0.0000541353 0.0000493204 0.0000482726 0.0000480942 0.0000463517 0.0000455699 0.0000453857 0.0000454681 0.0000455774 0.0000458029 0.0000461957 0.0000466479 0.0000471118 0.0000475218 0.0000479306 0.0000484447 0.0000495141 0.0000506082 0.0000529661 0.0000510228 0.0000501631 0.0000497667 0.0000497829
0.0001665825 0.0001631488 0.0001623072 0.0001558667 0.0001507121 0.0001460084 0.0001421463 0.0001354889 0.0001289044 0.0001281399 0.0001190716 0.0001118682 0.00010478 0.0000990834 0.000094709 0.000096089 0.0000853734 0.0000805318 0.0000763131 0.0000722942 0.0000686917 0.0000654306 0.0000624183 0.0000603099 0.0000584243 0.0000573346 0.0000541636 0.0000522498 0.0000513779 0.0000505523 0.0000498144 0.0000488206 0.0000479734 0.0000472513 0.0000465827 0.0000463984 0.0000463595 0.0000464591 0.000047068 0.000047464 0.0000477619 0.0000475792 0.0000477154 0.0000479668 0.0000484393 0.0000494357 0.0000522791 0.0000507086 0.0000501762 0.0000493896 0.0000490268 0.0000485862
0.0001559979 0.000156363 0.0001548057 0.0001501315 0.0001449881 0.000145723 0.000138363 0.0001322496 0.0001264187 0.0001211194 0.0001203089 0.0001114799 0.0001050695 0.0000999958 0.0000957906 0.0000909816 0.0000866629 0.0000828586 0.0000782332 0.0000739688 0.0000702248 0.0000668253 0.0000639349 0.0000619767 0.0000643887 0.0000580871 0.0000560444 0.0000541197 0.0000527208 0.0000513255 0.0000503273 0.0000493935 0.0000485374 0.0000479088 0.0000475521 0.0000473552 0.0000472309 0.0000472905 0.0000480636 0.0000507395 0.0000490312 0.0000484756 0.0000479696 0.0000480713 0.0000485607 0.0000493979 0.0000497672 0.0000498139 0.0000495789 0.0000492729 0.0000487499 0.0000480753
0.000146216 0.0001468298 0.0001460899 0.0001429147 0.0001399308 0.0001367688 0.0001334411 0.0001325466 0.0001271203 0.0001175524 0.0001130401 0.000109009 0.0001051986 0.0001014059 0.0000969304 0.0000914059 0.0000872154 0.0000834019 0.0000797977 0.0000754669 0.0000715991 0.0000681338 0.0000658638 0.0000638015 0.0000615533 0.0000591151 0.0000571061 0.0000574236 0.0000547874 0.0000533851 0.0000522001 0.0000505009 0.0000494606 0.0000488132 0.000048478 0.0000483052 0.0000481354 0.0000480291 0.0000486737 0.0000497215 0.0000514518 0.0000488958 0.0000482506 0.0000481603 0.0000485418 0.0000492181 0.0000490416 0.0000490457 0.0000493153 0.0000499523 0.000048683 0.000048037
0.0001367929 0.0001375467 0.0001386401 0.0001354497 0.0001374013 0.0001324152 0.0001275129 0.0001255412 0.0001192317 0.0001142914 0.0001100466 0.0001068276 0.0001038941 0.0001046275 0.0000964301 0.0000922066 0.000089793 0.0000837325 0.000079876 0.0000771455 0.0000726089 0.0000693042 0.0000670403 0.000067075 0.0000627967 0.0000601922 0.0000581067 0.0000566322 0.0000560255 0.0000574164 0.0000536352 0.0000517536 0.0000505521 0.0000496945 0.0000493017 0.0000493449 0.000049148 0.0000488719 0.0000486445 0.0000491088 0.0000492202 0.0000490973 0.0000483129 0.0000481836 0.0000484396 0.0000486425 0.0000487747 0.0000487989 0.0000491068 0.0000490264 0.0000487214 0.0000482734
0.0001298155 0.0001299346 0.0001295455 0.0001287415 0.0001269923 0.0001246797 0.0001218539 0.0001183734 0.0001151568 0.0001113303 0.0001082737 0.00010549 0.0001031613 0.0000992848 0.0000958746 0.0000939695 0.0000882443 0.0000840529 0.0000803626 0.0000770159 0.0000737891 0.0000705643 0.0000687036 0.0000667968 0.0000687406 0.0000613301 0.0000587936 0.0000572236 0.0000565608 0.0000555644 0.0000544209 0.0000531761 0.0000517639 0.0000507732 0.0000498715 0.0000499585 0.0000505842 0.0000493571 0.0000490749 0.0000489261 0.0000489377 0.0000484658 0.0000483102 0.0000482187 0.0000483033 0.0000484786 0.0000486605 0.0000492696 0.0000493306 0.0000492496 0.0000486754 0.0000487142
0.0001233256 0.0001240313 0.0001236702 0.0001230573 0.0001215582 0.0001194843 0.0001167349 0.0001142608 0.000111762 0.000109422 0.0001071256 0.0001050562 0.0001022522 0.0000990265 0.0000957833 0.0000921098 0.0000884875 0.0000845915 0.000081272 0.0000785792 0.0000756248 0.0000727956 0.0000701192 0.0000699311 0.0000655142 0.0000627116 0.0000600798 0.0000583745 0.0000573373 0.000056117 0.0000548593 0.0000535847 0.0000566301 0.0000511784 0.0000501533 0.0000501488 0.0000500811 0.0000495426 0.0000492308 0.0000509019 0.0000488735 0.0000484505 0.0000484002 0.0000484614 0.000048508 0.0000486482 0.0000491117 0.0000497732 0.0000541855 0.0000495336 0.0000490936 0.0000493612
0.0001185347 0.0001189613 0.0001191033 0.0001193662 0.0001200777 0.000116405 0.0001135663 0.0001115035 0.0001097456 0.0001081575 0.0001067451 0.0001048353 0.0001026425 0.0001001694 0.0000965999 0.0000930836 0.0000896049 0.0000862932 0.0000832743 0.0000808453 0.0000800569 0.0000753428 0.0000725068 0.0000696915 0.0000669941 0.0000641145 0.0000618623 0.0000600544 0.0000588455 0.0000593077 0.0000558546 0.0000543302 0.0000527529 0.0000515041 0.0000502931 0.0000499553 0.0000496918 0.0000493641 0.0000493717 0.0000492197 0.0000491515 0.0000488263 0.0000493084 0.0000493907 0.000049381 0.0000490407 0.0000494772 0.0000510353 0.0000503705 0.0000502093 0.0000498798 0.0000502833
0.0001147092 0.0001151043 0.0001156241 0.0001160915 0.0001175421 0.0001139905 0.0001115857 0.0001100191 0.0001087368 0.000107858 0.0001068332 0.000105487 0.0001035174 0.0001012707 0.0000987422 0.0000954918 0.0000921554 0.0000888882 0.0000861341 0.0000843203 0.0000816695 0.0000788542 0.0000753454 0.0000723552 0.0000694576 0.0000664604 0.0000641113 0.0000621828 0.0000608897 0.0000592959 0.0000578881 0.0000555083 0.0000535104 0.0000515391 0.0000505498 0.0000500567 0.000049745 0.0000494778 0.0000492787 0.0000492687 0.0000494059 0.0000496442 0.0000502249 0.000054553 0.0000500258 0.0000495121 0.0000498502 0.0000502004 0.0000509043 0.0000510213 0.0000513078 0.0000514637
0.0001120285 0.000112556 0.0001133062 0.0001133756 0.0001128035 0.000111657 0.0001104226 0.000109407 0.0001086579 0.0001081852 0.0001078394 0.0001064395 0.0001046949 0.0001028911 0.000101 0.0000988332 0.0000950488 0.0000925311 0.0000902197 0.0000881159 0.0000896606 0.0000820283 0.000078807 0.0000771714 0.0000723131 0.0000691908 0.0000666733 0.0000645577 0.0000626913 0.0000610348 0.0000592392 0.0000588528 0.0000544472 0.0000522374 0.0000510917 0.0000505398 0.0000502066 0.0000499026 0.0000497628 0.0000498787 0.0000502551 0.0000509045 0.0000515315 0.0000513593 0.0000507733 0.0000501272 0.0000501769 0.0000505694 0.0000514457 0.0000539338 0.0000525647 0.0000528331
0.0001099047 0.0001151987 0.0001117668 0.0001121848 0.0001102906 0.0001096264 0.0001097003 0.0001096791 0.000109564 0.0001091925 0.0001087341 0.000107685 0.0001064169 0.0001043688 0.0001029775 0.0001008887 0.0000986428 0.0000961915 0.0000984445 0.0000926363 0.0000887029 0.0000894689 0.0000817048 0.0000781446 0.0000751228 0.0000720082 0.0000692748 0.0000668545 0.0000646438 0.0000624799 0.0000604529 0.0000578126 0.000055368 0.0000531211 0.0000519812 0.0000513382 0.0000508919 0.0000505645 0.00005049 0.0000507306 0.0000512572 0.0000519945 0.0000530041 0.0000519178 0.0000512954 0.0000510568 0.0000511504 0.0000515566 0.0000525094 0.0000531722 0.0000538047 0.0000543042
0.0001080559 0.0001138096 0.0001124359 0.0001095682 0.0001087926 0.0001086722 0.0001095123 0.0001112458 0.0001108927 0.0001107638 0.0001101874 0.000109392 0.0001078261 0.0001059913 0.0001047178 0.0001075152 0.0001020345 0.000100593 0.0000983254 0.0000951689 0.0000917318 0.0000878786 0.0000843142 0.0000806061 0.0000774428 0.0000744823 0.0000718614 0.0000687731 0.0000662042 0.0000637843 0.0000610546 0.0000583669 0.0000560254 0.0000543235 0.0000531664 0.0000524575 0.0000517933 0.0000514257 0.0000514085 0.0000517392 0.000052283 0.0000529871 0.0000531256 0.0000529254 0.0000524798 0.0000524278 0.0000526671 0.0000532267 0.0000537904 0.0000543533 0.0000548644 0.000055807
0.0001055197 0.0001114101 0.0001103355 0.0001083245 0.0001082218 0.0001090707 0.0001107087 0.0001120594 0.000112832 0.0001121444 0.000111667 0.0001117304 0.0001097805 0.0001082113 0.0001071211 0.0001059881 0.0001052155 0.0001078376 0.000101686 0.00009845 0.0000951776 0.0000912158 0.0000874549 0.0000835897 0.0000805775 0.0000772975 0.0000739181 0.0000705592 0.0000677612 0.0000651235 0.000062262 0.0000595898 0.0000574487 0.0000558176 0.0000549568 0.000053936 0.0000531958 0.0000525139 0.0000525382 0.0000529368 0.0000535306 0.0000539754 0.000054427 0.000054189 0.0000541093 0.000054067 0.0000544831 0.0000551671 0.0000560858 0.0000560705 0.0000565504 0.0000575233
0.000103759 0.0001047882 0.0001060392 0.000111208 0.0001080702 0.000109792 0.0001164148 0.0001143615 0.00011393 0.0001134465 0.0001130133 0.0001126146 0.0001127118 0.0001107795 0.0001095577 0.0001085625 0.0001079548 0.00010691 0.0001056124 0.0001024985 0.0000988383 0.0000991576 0.000090876 0.0000867433 0.0000839453 0.0000844034 0.0000763806 0.0000723363 0.0000700339 0.0000670985 0.0000642284 0.0000611984 0.0000590753 0.0000575684 0.0000563638 0.0000570596 0.0000543328 0.0000536952 0.0000539095 0.0000541614 0.0000550485 0.0000558397 0.0000559018 0.000057266 0.000055376 0.0000553702 0.0000561008 0.0000573355 0.0000576288 0.0000580591 0.0000585971 0.0000596212
0.0001037082 0.0001036705 0.0001042016 0.0001054383 0.0001076703 0.0001107885 0.000113684 0.0001195539 0.0001151726 0.0001145482 0.0001145659 0.0001146282 0.0001142983 0.000113677 0.00011265 0.0001117294 0.0001111809 0.0001102362 0.0001086408 0.0001056503 0.0001026343 0.0000986546 0.0000946535 0.0000897959 0.0000865616 0.0000871077 0.0000788881 0.0000746621 0.000071879 0.0000733703 0.0000660892 0.0000629888 0.0000607526 0.0000589201 0.0000577045 0.0000563528 0.000055479 0.0000550014 0.0000551165 0.0000554817 0.0000561719 0.000058396 0.0000569674 0.0000564811 0.0000565631 0.0000566945 0.0000575696 0.0000585046 0.0000594354 0.0000600834 0.0000610438 0.0000622807
0.0001061915 0.0001042055 0.000103497 0.0001046588 0.0001071131 0.0001103529 0.0001154143 0.0001171066 0.0001160508 0.0001164328 0.0001172542 0.0001177844 0.0001175483 0.0001169898 0.0001160887 0.000115196 0.0001146904 0.0001158851 0.0001120724 0.0001088946 0.0001053565 0.000103526 0.000097503 0.0000928438 0.0000889809 0.0000850808 0.0000814995 0.0000770279 0.0000741406 0.0000715451 0.000068612 0.0000652511 0.000062389 0.0000604272 0.0000587452 0.0000573697 0.0000564582 0.0000562529 0.0000567176 0.0000566772 0.0000571379 0.0000573725 0.0000574786 0.0000573621 0.0000576781 0.0000583077 0.0000591422 0.0000602159 0.0000613524 0.000062606 0.0000639487 0.0000654294
0.0001081911 0.0001044105 0.0001040004 0.0001054577 0.000107618 0.0001106049 0.0001134136 0.0001153694 0.0001169483 0.0001184898 0.0001214549 0.0001225224 0.0001227526 0.000121679 0.0001200188 0.0001190603 0.0001188658 0.0001181664 0.000120401 0.0001122852 0.0001086886 0.0001053706 0.0001012974 0.0000965447 0.000091832 0.0000876941 0.0000835564 0.0000795118 0.0000760062 0.0000736878 0.0000745986 0.0000671908 0.0000641893 0.0000621351 0.0000608402 0.0000593932 0.000058383 0.0000577642 0.000057807 0.0000580345 0.0000581357 0.0000582018 0.0000585875 0.0000590983 0.0000596801 0.0000603642 0.0000613495 0.0000625382 0.0000639535 0.0000656403 0.00006735 0.0000689876
0.0001035107 0.0001043503 0.0001055628 0.0001068118 0.0001091126 0.0001115853 0.0001136406 0.000115743 0.0001179772 0.0001206218 0.0001234362 0.0001283511 0.000131933 0.0001260052 0.0001245903 0.0001233076 0.0001230077 0.0001263631 0.0001203068 0.0001166905 0.000113045 0.0001094598 0.0001070936 0.0001005975 0.0000956985 0.0000910125 0.0000862604 0.0000819937 0.0000787652 0.0000758864 0.0000726713 0.0000691629 0.0000661575 0.0000641417 0.0000628687 0.0000657068 0.0000601995 0.0000592435 0.0000594861 0.0000595262 0.0000596425 0.0000600237 0.0000608192 0.0000617902 0.0000624361 0.0000629506 0.0000641001 0.0000655296 0.0000670084 0.0000689326 0.0000712341 0.0000727204
