Models/Synthetic/Density/temp_raster_dens.asc
NCOLS 100
NROWS 100
XLLCORNER 3302900
YLLCORNER 3112000
CELLSIZE 4430
NODATA_VALUE NaN
[rows 23 to 45 of 100, columns 0 to 51 of 100]
0.0003714707 0.0000576821 0.0001067999 0.0000803868 0.0001496668 0.0000988081 0.0001883406 0.0001069256 0.0000961758 0.0000647423 0.0002730657 0.0001205288 0.0000523852 0.0000690358 0.0000320025 0.0000528497 0.0000360153 0.0000587972 0.0000686761 0.00002572 0.0000272755 0.0000159417 0.0000201836 0.0000915498 0.0002387444 0.0002500467 0.0001046548 0.000072899 0.0000444778 0.0000311413 0.0000242136 0.0000705871 0.0000472972 0.000104259 0.000125398 0.000025566 0.0000092612 0.0000170572 0.0000271505 0.0000491401 0.0000420304 0.0000204169 0.0000529373 0.0000604698 0.0001080894 0.0000720281 0.000057759 0.0000501465 0.0000354244 0.0000209858 0.000019971 0.0000182443
0.0001144639 0.0001173784 0.0000410053 0.0001142197 0.0000546784 0.000041841 0.0001739256 0.0000476103 0.0000594281 0.0000566954 0.0003025347 0.0000700465 0.0000253877 0.0000330319 0.0000568405 0.0000305722 0.0000586498 0.0000900572 0.0000597604 0.0001308642 0.0000361722 0.0000272618 0.0000314981 0.0000547148 0.0000976267 0.0001431576 0.0001352188 0.0000540891 0.0003285041 0.000034186 0.0000567338 0.0000348842 0.0000335932 0.0000574702 0.0001110707 0.0000191526 0.0000216832 0.0000358453 0.000075015 0.000029364 0.0000345329 0.0001025797 0.0000607377 0.0001549215 0.0002269567 0.000128753 0.0000725198 0.0000711997 0.000060408 0.00013495 0.0000453365 0.0000458123
0.00002378 0.0000391267 0.0000622578 0.0000383519 0.0000334754 0.0000737988 0.00002066 0.0000180085 0.0000094993 0.0000303526 0.0000832511 0.0000590799 0.0000207487 0.0000775908 0.0000353293 0.0001816918 0.0001089848 0.0000400507 0.0000370901 0.0001180163 0.0000529135 0.0000879909 0.000056482 0.000215357 0.0000691089 0.0000459578 0.0001923209 0.0001227267 0.0000456736 0.0001188531 0.0000293079 0.000104467 0.0000492341 0.0000833601 0.0000307468 0.0000524782 0.0000756063 0.0002412662 0.0001942679 0.00008153 0.0000384276 0.0000566018 0.0002325458 0.0002542398 0.0000949537 0.0001702783 0.0000514492 0.000084478 0.000683038 0.0001813397 0.0002241792 0.0000542763
0.0000481986 0.0000199293 0.0000291227 0.0000334787 0.0000133351 0.0000097082 0.0000086989 0.0000045675 0.0000057727 0.0000127448 0.0000305032 0.0000203519 0.0000214228 0.0000626721 0.0000758083 0.0001266887 0.0001060414 0.0001050461 0.0000564216 0.0000640049 0.0000438467 0.000025418 0.00003376 0.0000389196 0.0000384963 0.0000452681 0.0001051999 0.0001181305 0.0000308275 0.0000434416 0.0000224963 0.0000253549 0.0001573066 0.0000713116 0.0000502321 0.0001485945 0.0001152966 0.0000665926 0.0000983366 0.0001035284 0.000026912 0.0000309157 0.0001099761 0.0000854136 0.0002941642 0.0000881088 0.0000484335 0.0001282651 0.0000649204 0.0000922694 0.0000534532 0.0000525479
0.0000587429 0.0000564492 0.0000206463 0.0000310162 0.0000107953 0.0000165921 0.0000109571 0.0000148098 0.0000302169 0.0000382003 0.0000685634 0.0000414531 0.0000725511 0.0000174331 0.000027643 0.000165264 0.0001790603 0.0002299946 0.0001083943 0.0001400906 0.0000798864 0.0001151911 0.0000435625 0.0000399894 0.0002231195 0.0000508573 0.0000562399 0.0000450537 0.0000466679 0.0000397496 0.0000205277 0.0000252459 0.0000630468 0.0002038085 0.0002799495 0.0000733287 0.0001277355 0.0001219353 0.0000959677 0.0000780314 0.0000677692 0.0000190377 0.0000592161 0.0000717317 0.0000635651 0.0000820337 0.0000649099 0.0000594767 0.0000276608 0.0000636903 0.0000390411 0.0001064409
0.0000386992 0.0000244252 0.0000358552 0.0000318446 0.0000247421 0.0000476577 0.0000593371 0.0000109501 0.0000377668 0.0004471245 0.0001341632 0.0004133157 0.0000709357 0.0000154857 0.0000183281 0.0000320936 0.0001293601 0.0010425782 0.0003100951 0.0003032637 0.0002047191 0.0002058544 0.0000626271 0.0002006331 0.0000453974 0.0000950286 0.0000237029 0.0000911875 0.0000908827 0.0000498003 0.0000121322 0.000035694 0.0000591425 0.0005497503 0.0001308153 0.0001378274 0.0000397111 0.0001353194 0.000054144 0.000066899 0.0000230426 0.0000165229 0.0000347108 0.000130264 0.0001059922 0.0001158967 0.0002035052 0.0000516373 0.0000728044 0.0000703503 0.0000889812 0.00004013
0.0000142227 0.0000407882 0.000074493 0.0000359949 0.000017485 0.0000724418 0.0000173048 0.0000125765 0.000033424 0.0000445164 0.0000922454 0.0000606916 0.0000665187 0.0000368675 0.0000159242 0.0000200902 0.0000752534 0.0002260378 0.0018030619 0.0001846669 0.0000700465 0.0000391532 0.0001017629 0.000091116 0.0001051594 0.0000260448 0.0000440432 0.0000737208 0.0000707732 0.0000178414 0.0000086194 0.0000144126 0.0000457806 0.0000547125 0.0001539864 0.0000510066 0.000043403 0.0000518979 0.0000514912 0.0000446434 0.0000652047 0.0000294246 0.0000277462 0.0000722292 0.0001006951 0.0001795913 0.0002689044 0.0002594248 0.0000366646 0.0000242109 0.0000401124 0.0001071047
0.0000589016 0.000119908 0.0004109495 0.0000612832 0.0000179268 0.0000609536 0.0000437137 0.0000262009 0.0000348447 0.0000391231 0.0000553025 0.0000269643 0.0000496646 0.0001279333 0.0000211259 0.0000168278 0.0000326603 0.0001809269 0.0002151989 0.0001144194 0.0000150635 0.0000328188 0.0000987194 0.0001470702 0.0001423122 0.0000433255 0.000075874 0.00007945 0.0000784496 0.0000128662 0.000004948 0.0000062174 0.0000138962 0.0000508055 0.0000746258 0.0001170683 0.0000424664 0.0001212724 0.0000558624 0.0000550303 0.0002388408 0.000118121 0.00004291 0.0000786652 0.0000771444 0.0000906211 0.00030953 0.0001120922 0.0000447089 0.0000674356 0.0000548683 0.0000399324
0.0003931536 0.0002805634 0.0001371052 0.0000742736 0.0000222807 0.0000414541 0.0001596712 0.000137851 0.0000334503 0.0000396071 0.0000186336 0.000061147 0.0000344678 0.0000266274 0.0000973207 0.0000201263 0.000053481 0.0000499393 0.0001692017 0.0000451408 0.0000095059 0.0000270498 0.0003038634 0.0000954584 0.0000422524 0.0000445139 0.0003083509 0.0006057395 0.0000673699 0.0000205669 0.000016533 0.0000127912 0.000017095 0.0000713161 0.0000550991 0.0000514067 0.0001220496 0.0000287728 0.0000952967 0.0003734069 0.000121885 0.0000656291 0.0001643305 0.0000552916 0.0000611038 0.0001613586 0.0002387318 0.0001553341 0.0001522806 0.0000950747 0.0000386572 0.0001592082
0.0001247162 0.0000767884 0.0003440619 0.0000843187 0.000080706 0.0000916897 0.0000814542 0.0000773977 0.0001016462 0.0000162663 0.0000322628 0.000063867 0.0000439207 0.0000233583 0.000044546 0.0000574787 0.000045211 0.0001876846 0.0001846241 0.0000493048 0.0000104407 0.0000245885 0.0000374777 0.0000516307 0.0000371674 0.0001424261 0.0001423216 0.000314509 0.0001461829 0.0000343708 0.0000677203 0.0000548427 0.0000675275 0.0000583889 0.0001768798 0.000049681 0.0000516147 0.0000568703 0.0000558637 0.0000476921 0.0000645249 0.0000590823 0.0000444415 0.0000671 0.0000495198 0.0002289296 0.0005141824 0.0001865454 0.0003827146 0.0002144841 0.0000827027 0.0000712546
0.0000444207 0.0000989753 0.0000867676 0.0003205093 0.0001474629 0.0002459726 0.000087015 0.0000400855 0.0000190672 0.0000409895 0.000060434 0.0000973078 0.0000842379 0.0000218471 0.0000594251 0.0000970165 0.0000878834 0.0001089432 0.0004516138 0.000071732 0.0000215726 0.000029764 0.0000373855 0.0000955762 0.0000473758 0.0001819998 0.0001061659 0.0001328181 0.0001358693 0.0000368946 0.0001231506 0.0001756892 0.0001487245 0.0004792051 0.0001253021 0.0000848756 0.0000425609 0.0000718644 0.0000404165 0.0000206866 0.0000192089 0.0000158085 0.0000426227 0.0001078991 0.0000593874 0.0000502321 0.0000955325 0.0001619295 0.0000959627 0.0001338068 0.0000856272 0.0002195533
0.0000230866 0.0000367719 0.0003374269 0.0002458001 0.0001775549 0.0000819092 0.000116871 0.0000284942 0.0000176165 0.0000565711 0.0005020021 0.0003742934 0.0000888027 0.0000436531 0.0000304989 0.0000806886 0.0000604249 0.0003400887 0.0001526997 0.0000621234 0.0000670944 0.000055206 0.0000737898 0.0000833687 0.0000833555 0.0000498947 0.000127113 0.0000425202 0.000051637 0.0000365312 0.0000713448 0.0003901119 0.000094478 0.0001214815 0.0003068842 0.000116897 0.0001757939 0.0002268975 0.0000383978 0.0000154825 0.0000190986 0.0000213662 0.0000292594 0.0000772716 0.0000270262 0.0000193073 0.0000426778 0.000064327 0.0000407571 0.0001021223 0.0000767938 0.0000661303
0.000010764 0.0000579774 0.0001126941 0.0006742705 0.0002870543 0.0000544111 0.0001598278 0.0000676966 0.0000808229 0.000112214 0.000099277 0.0002420267 0.0000842684 0.0000581099 0.0000821433 0.0001079487 0.0001717198 0.0000480493 0.0000520581 0.0000649612 0.0003138045 0.0000909373 0.0001250339 0.0000449111 0.0000372797 0.0000495589 0.000096903 0.0000597044 0.0000432208 0.0000289339 0.0001699132 0.0001063754 0.0000517639 0.0000656994 0.0001624046 0.0000907393 0.0000616208 0.0001305232 0.0000510733 0.0000364551 0.0000693276 0.0001498221 0.0000449922 0.0000288028 0.0000147652 0.0000159412 0.0000883871 0.0000384663 0.0000320706 0.0000985208 0.0000827009 0.0001392753
0.0000672702 0.0000240963 0.0000694718 0.0001491303 0.0001055235 0.0000824752 0.0000707348 0.0008318128 0.0000784708 0.0000352477 0.0002681608 0.0001211187 0.0001361693 0.0000749541 0.0000642717 0.0001104236 0.0000991932 0.0000348952 0.0000239772 0.0000871089 0.0002937126 0.0001696512 0.0002011169 0.0001692979 0.0000787047 0.0001886795 0.0002225359 0.0000428876 0.0000311629 0.0000402761 0.0000764581 0.0000351748 0.0000247605 0.0000516826 0.0001734493 0.0000812662 0.000042319 0.0000426514 0.0002018675 0.0001419259 0.0001244695 0.0000673057 0.0000387164 0.000023954 0.0000351629 0.0000269539 0.0000438898 0.0001488727 0.0000344882 0.0000436203 0.0002676628 0.0000636667
0.0000891054 0.0000556021 0.0000700265 0.0000827792 0.0001856098 0.0000434088 0.0001358853 0.000069468 0.0000510603 0.0000261209 0.0000818977 0.0003094392 0.0001099764 0.0000273155 0.0000299539 0.0001748501 0.0001085132 0.000049797 0.0000307642 0.0000972723 0.0002435166 0.0001024973 0.000037006 0.0000326708 0.0000382605 0.000136531 0.0000907496 0.0000378691 0.0000245643 0.0000436567 0.0000347737 0.0000701226 0.0000224624 0.0001063744 0.0000496455 0.0001437788 0.0000340821 0.00010056 0.0001552431 0.0000680334 0.0000395394 0.0000354928 0.0000767028 0.0000311946 0.0000476886 0.0000327337 0.0001072238 0.0000538707 0.0001030899 0.0001259793 0.000094022 0.0000765992
0.0000324414 0.0000797096 0.0002325643 0.0000430715 0.0000215605 0.0000213834 0.0000143041 0.000015623 0.0000098864 0.0000222841 0.0000498775 0.0002838805 0.0000469299 0.0000239439 0.0000352351 0.0000496493 0.0000872108 0.0000187077 0.0000180194 0.0000416918 0.000051321 0.0000339906 0.0000266752 0.0000163155 0.0000496451 0.0000540865 0.0001753617 0.0000404789 0.000070013 0.0001669491 0.0000999401 0.0000285543 0.0000393811 0.0000376847 0.0001034959 0.0000492761 0.0000795296 0.0001117284 0.000044812 0.0000704289 0.0002499886 0.0000373828 0.0000553215 0.0002395263 0.0000984649 0.0001528505 0.0000684515 0.0000314116 0.0000650159 0.0002563614 0.000047363 0.0000704604
0.0001437573 0.0001835222 0.0001177731 0.00004096 0.0000080921 0.0000212239 0.0000342365 0.0000340282 0.0000478155 0.0000297809 0.0002169599 0.0000489076 0.0000328281 0.0000205385 0.0001819101 0.0000375248 0.0000312832 0.0000315113 0.0000289445 0.0000295489 0.0001311932 0.0000247336 0.0000100158 0.0000167075 0.0001081229 0.000033248 0.0000658541 0.0000255129 0.000055197 0.0001306828 0.0000403247 0.00002102 0.0000385712 0.0000578276 0.0000308083 0.000099344 0.0002724809 0.0002704995 0.0000584751 0.0000556042 0.0000705361 0.0001110289 0.0000927407 0.0003427795 0.0000750466 0.0000828454 0.0000363981 0.0000527089 0.0000630444 0.0000410318 0.0000483109 0.0001897522
0.0001963066 0.0000514071 0.0000397323 0.0000257446 0.000020431 0.0000220368 0.0000777292 0.0002030536 0.0000667685 0.0000895321 0.0000598127 0.0000309434 0.0000199532 0.0000504624 0.0000465653 0.0000799476 0.0001633671 0.0001058661 0.0001177188 0.0000402453 0.0001060309 0.0000487765 0.0000590595 0.0000278029 0.0000197501 0.0000710359 0.0000208931 0.0000230298 0.0000199043 0.00002463 0.0000249811 0.0000546498 0.0000769614 0.0000772302 0.0000556196 0.0001199332 0.0001625843 0.0002007373 0.0000689546 0.0000364826 0.0001384803 0.0000746308 0.0001505366 0.0001494513 0.0000724933 0.0000456073 0.0001015106 0.0000771443 0.0000868764 0.0000430551 0.0000699641 0.0000957964
0.0001500026 0.0000885165 0.0001246386 0.0000605029 0.0000731001 0.0001737995 0.0000917716 0.0001142132 0.0001236673 0.0000578552 0.0000384418 0.0000229441 0.000123933 0.0001108579 0.0001813523 0.0002826592 0.0000722115 0.0001074733 0.0001197687 0.0000521087 0.0001633546 0.0002453761 0.0002270259 0.0000472586 0.0000553356 0.000019747 0.000127901 0.0000210715 0.0000543009 0.0000152786 0.0000801247 0.0000994431 0.0001464069 0.000043618 0.0000768614 0.0003231762 0.0000598654 0.000098899 0.0002019969 0.000098956 0.0000736022 0.0000531719 0.0001145576 0.0004244667 0.0000744028 0.0000432058 0.0000850795 0.000107598 0.0000283225 0.0000865235 0.0000660027 0.0000390084
0.0004743528 0.0001572707 0.0000952925 0.0001982801 0.0001091832 0.0002073276 0.0000512267 0.0001444447 0.0001796363 0.0000812543 0.0000520992 0.0000348959 0.0001256237 0.0002142099 0.0005634098 0.0002500711 0.0000846334 0.0002978909 0.0000626721 0.0000621724 0.0001210112 0.0004456903 0.0002115248 0.0000432136 0.0000334003 0.0000210528 0.0000209903 0.0000811014 0.0000274234 0.0000411438 0.0000317589 0.0000870054 0.0001043858 0.0001614132 0.0000727767 0.0001059645 0.0000651038 0.0000842717 0.0001221996 0.0004736508 0.0001101306 0.0000407888 0.0000776498 0.0000641462 0.0001283285 0.0000902798 0.0001102613 0.0000300827 0.0000528135 0.0000458258 0.0000651514 0.0000266582
0.0001949434 0.0001163089 0.0001736496 0.0001235683 0.0001825197 0.000210729 0.0000500518 0.0000606241 0.0001095941 0.0005117907 0.0000593081 0.0002344606 0.0000712677 0.0005665141 0.0002697013 0.0001007409 0.0000498169 0.0001633545 0.000040083 0.0000366642 0.0000437512 0.0000909513 0.0001034851 0.0001163457 0.0000538624 0.0000619648 0.0000333382 0.0000179707 0.0000282922 0.0001860286 0.0000358763 0.0000657994 0.000813637 0.0001095113 0.0000655106 0.0001592351 0.0000708262 0.000061873 0.0001244182 0.0000743669 0.0000923815 0.0001274311 0.0002355764 0.0001674778 0.0001578759 0.0002994995 0.0000471237 0.0000351805 0.0000467797 0.0000643592 0.0000180167 0.0000287576
0.0000613384 0.000258351 0.000056242 0.0000980306 0.0001611766 0.0002633785 0.0000599971 0.0000399381 0.0001138962 0.0001037031 0.0000875729 0.0000924488 0.0001389087 0.0000750885 0.0000561004 0.0000442588 0.0000246052 0.0000203305 0.0000297179 0.0000597488 0.0000932075 0.000089898 0.0005472308 0.000359429 0.0001478303 0.0002585871 0.0001226508 0.0000412919 0.0000557181 0.0000488697 0.0001229899 0.000114647 0.0000983015 0.0003828691 0.0001230655 0.0002005893 0.0000446922 0.0000547779 0.0000634193 0.0000686724 0.0000911374 0.0001031313 0.0004305944 0.0005964906 0.0004285015 0.000208014 0.0000660706 0.0001057007 0.0002933624 0.0001151127 0.0000275233 0.0000120558
0.0002488933 0.0000750847 0.0000614268 0.0000946841 0.0002249911 0.0000988566 0.0000406082 0.0000251365 0.0000847733 0.0000376023 0.0001051762 0.0002978263 0.0001650651 0.0000386176 0.000040569 0.0000435913 0.0000172066 0.0000303394 0.0000231969 0.0001417609 0.0001081809 0.0001148403 0.0000697648 0.0000961088 0.0000841744 0.0001215263 0.0000692757 0.000255768 0.0000363608 0.0001189404 0.0000697429 0.0000532977 0.0000859089 0.0001552426 0.0003326767 0.0001089672 0.0000425228 0.0001658714 0.0001155098 0.0000370185 0.0000313158 0.0001442514 0.0002979701 0.0003620898 0.0002423241 0.0001077843 0.0000801174 0.0003849323 0.0003313516 0.0000880463 0.0000413439 0.0000328772
