Models/Synthetic/Density/temp_raster_pop.asc
NCOLS 100
NROWS 100
XLLCORNER 3302900
YLLCORNER 3112000
CELLSIZE 4430
NODATA_VALUE NaN
[rows 69 to 91 of 100, columns 0 to 51 of 100]
3.2464404284 8.177036871 22.1612330624 46.3680934211 80.0388136253 92.2254528974 80.0837223794 50.5111060539 24.3528018509 10.9984016808 6.4037385367 5.6653449264 4.5757002718 3.4980635932 2.3842525584 1.5564399967 1.1905426602 1.2956043607 1.6439184141 1.9031631608 1.6885481911 1.2878908751 0.8934812925 0.5748700794 0.3567496295 0.2353682857 0.1939706253 0.2001717441 0.227647849 0.2780554678 0.3724114869 0.5412696942 0.7769234393 1.054636108 1.3869852359 2.0264105388 3.2619742304 5.3411898261 8.2457554592 11.4542163222 13.0691435497 11.1232482266 7.2902568283 3.9081466204 1.8300370407 0.9397287943 0.8097163001 1.3249796151 2.6402271126 4.9322676003 7.9149098708 10.6745660481
3.471126285 8.9683489905 24.0246650424 54.5876833682 92.26492175 119.9305769364 95.9750666073 57.2264084746 26.6230938402 11.3180658871 5.802774851 4.2826648485 3.6867760019 2.8603626463 2.0362371083 1.4136438141 1.1834707655 1.3192884178 1.6335232465 1.7743871265 1.6281681033 1.2593298368 0.8997829834 0.6139656925 0.4167939402 0.3143426901 0.2811333326 0.2733435252 0.2718060375 0.2902394521 0.3694122557 0.5225709749 0.7391255946 0.9811565103 1.3316523791 2.0460988745 3.4657593463 5.6915355653 8.5418662053 11.1074349165 11.7287586856 9.8998309367 6.8264095578 3.5005326992 1.6445903578 0.7882370766 0.5057258673 0.5674094481 0.9552057607 1.7670155428 2.9383158835 4.1512429844
3.1270464311 7.9852211143 21.229103002 46.6789316058 77.3930377386 92.8312034802 83.2642908804 48.9076661317 23.5096994158 9.7552947612 4.4637605234 2.9383666593 2.4919280909 2.1347610309 1.6174742546 1.2455103936 1.1566835291 1.2967524566 1.4783449902 1.5356497252 1.4055138629 1.161220603 0.8958711855 0.6899749642 0.5551399328 0.484332204 0.4523772666 0.4205656896 0.3658118575 0.3302006407 0.3553918397 0.4543518208 0.5939189047 0.7871681888 1.14144432 1.9396749053 3.5892564661 6.2396755627 9.2258604497 11.1249593161 10.7788868298 8.4740034618 5.3061507294 2.8049379809 1.3051400064 0.6199686353 0.3542268436 0.3143681582 0.4748722361 0.9215903441 2.3320473527 2.3769572197
2.338845507 5.802469506 14.6191350949 30.2155139619 46.7246356161 56.3368159204 48.4304175745 33.331663575 16.2774293497 6.952091819 3.0047231696 1.7798869428 1.5042947634 1.3546896343 1.1705326357 1.0387703689 1.1022059916 1.2839553175 1.4037368606 1.4137157297 1.3284210208 1.1863238171 1.0520842908 0.9546390421 0.8871551828 0.8341781739 0.7631969278 0.6545085621 0.5131299847 0.3881565669 0.3316970239 0.3512118854 0.4331630868 0.5935528353 0.9595650705 1.8251681881 3.7190151261 7.5634904231 10.6694738251 12.4380905329 11.1952700022 7.6803546506 4.3899497624 2.1577822234 0.9858333828 0.4629189844 0.2564267323 0.2047515841 0.2844169332 0.5547694301 0.95872507 1.3811490446
1.4454177738 3.4037263777 8.0081677586 15.0375654013 21.8907768888 25.1017885117 23.6150938751 16.0369213263 8.9565782698 4.0345962748 1.7453044998 0.9659901377 0.7864578267 0.7548798041 0.741390788 0.8052302116 0.9953606098 1.2426018333 1.4052451606 1.4443665632 1.4204408576 1.4088682434 1.4361671289 1.4731313916 1.4881145224 1.3993890074 1.2238860862 0.9664719764 0.6939244989 0.4531233068 0.3095637019 0.2691565266 0.3151162238 0.4657164043 0.8257877181 1.6965696346 3.6143470907 6.9654605047 10.996800266 13.2983557527 11.0215927291 7.2003561619 3.7861226293 1.7462434126 0.7598814359 0.347409766 0.1850142995 0.1354877947 0.1671395291 0.2861712278 0.4786149545 0.688805452
0.7343470367 1.6218222974 3.4554994737 6.0063742338 8.35323625 9.4646946938 8.6297912154 6.4211296528 3.8235104717 1.9047370871 0.8607466426 0.4615544018 0.3650139639 0.372573778 0.4347553325 0.581299771 0.8338820725 1.1342116155 1.3709871424 1.4631490743 1.5512676966 1.7035771716 1.8964583309 2.12984558 2.2073818718 2.0621093527 1.6787103551 1.2622238774 0.8389109406 0.5084813515 0.3102644701 0.237755058 0.2654090301 0.3975907251 0.7172215553 1.4493681919 3.0409518469 5.7677862262 9.0163543191 10.4643030681 9.3105481693 5.9978013926 3.1479231779 1.431851832 0.6111239302 0.2700234364 0.1367411046 0.0895500359 0.0925803456 0.1372958487 0.2150049854 0.3060717613
0.3091227662 0.6322599265 1.2352904761 2.0534150974 3.0948890358 3.0406116553 2.7668218607 2.1171849203 1.3531909213 0.7285016021 0.3568842368 0.1943515168 0.1535223262 0.17425586 0.2494036022 0.4057008565 0.6586696299 0.9628547199 1.2172509593 1.4109168247 1.607708232 1.8779231951 2.2257981475 2.5506889351 2.7112181832 2.4289875002 1.9276971403 1.3738546696 0.8938009912 0.5469125086 0.3553806204 0.283461694 0.29491859 0.3878110218 0.6100055591 1.1173197066 2.1582933715 3.8587059467 5.6177225199 6.5750626934 6.5466393137 4.2048400935 2.3322192173 1.1196001318 0.496463426 0.2217350828 0.1099526793 0.0685096786 0.0601970021 0.0720036638 0.0973074649 0.131181538
0.1106758256 0.2130656477 0.3924463894 0.6534564456 0.8360040945 0.9012611494 0.7861387095 0.6126103454 0.4105060404 0.2391620616 0.1283473047 0.075700974 0.064312291 0.085511773 0.149885527 0.283456461 0.5028024311 0.7828729605 1.0666128515 1.3419656453 1.629784391 1.9600680168 2.291307303 2.5492697012 2.5816315795 2.3082385364 1.8155094545 1.2729242691 0.8496722744 0.5960467802 0.4839475633 0.445569409 0.4355589727 0.4568319928 0.5589465803 0.8165652771 1.3336524857 2.0932605169 2.8877417949 3.3453291289 3.157641106 2.4420078499 1.5189567892 0.8126353182 0.3982398994 0.1942181488 0.1080129505 0.078082507 0.0714561953 0.0718935575 0.0738048166 0.0781607196
0.0365833326 0.0674493072 0.1198174812 0.1797205113 0.2272425848 0.2397035698 0.2187986437 0.1748418039 0.1264984452 0.0842764856 0.0549683574 0.0398841073 0.0385415573 0.0547451983 0.102205196 0.2043696738 0.3832156234 0.6405484653 0.9682600026 1.3369496075 1.736516064 2.0665858198 2.2342311194 2.2364333236 2.0744411286 1.7894665474 1.3993588588 1.0207892405 0.7623085096 0.6879745424 0.7230065531 0.7537712492 0.7057631687 0.6295548236 0.5987625252 0.6656713268 0.8187961196 1.0550813786 1.3128843758 1.4806367266 1.4607751836 1.2294213423 0.8865639929 0.5539894656 0.3165891809 0.1869756365 0.1358798415 0.1289438242 0.1342466251 0.1323067276 0.117376096 0.0977136996
0.0126563195 0.0226071786 0.0383485467 0.0569812229 0.0736794462 0.0850920291 0.0900462926 0.089126765 0.0830246765 0.0733012464 0.0630302231 0.055543188 0.053939575 0.0628064078 0.0930855695 0.1642812687 0.301069555 0.5297986247 0.8676817325 1.3488335485 1.9243031326 2.2619869253 2.2560654169 1.9227011302 1.5693278804 1.2398974482 0.9508055912 0.7373478102 0.6757490375 0.7948716001 1.0212810051 1.1228439625 1.0401035966 0.8427705636 0.7186260713 0.6703590349 0.6458096489 0.6308169901 0.6380090112 0.6598020557 0.6549512381 0.5987194464 0.493408001 0.3697937073 0.2634681938 0.2032810033 0.1986068892 0.2272185569 0.2550559005 0.250429995 0.2151143324 0.1656916612
0.0062217148 0.0110747296 0.0197786812 0.0332597589 0.0527754785 0.0793927823 0.1102559017 0.1373811636 0.150152791 0.1464174582 0.1328654343 0.1208410171 0.1150965921 0.1178702567 0.1338235048 0.1769410813 0.2700447583 0.4467040051 0.7659949994 1.2816148525 1.9110015573 2.4555793764 2.1741391624 1.7213503447 1.2638657481 0.9069162676 0.6668588683 0.5564909961 0.6142184978 0.8625812965 1.1756184575 1.3697019189 1.2021494376 0.9754817366 0.8375329642 0.7605502288 0.668301181 0.5377841842 0.4337110395 0.3694253153 0.3354899207 0.3157990923 0.2998806109 0.2763329757 0.2525267743 0.2502071287 0.2898563175 0.3605529648 0.4047362082 0.3969891117 0.3307251925 0.2581084101
0.0079709137 0.0138350207 0.0258886647 0.0486419844 0.0871285696 0.1441356889 0.215763443 0.2793170764 0.3103678551 0.2974413572 0.2662174656 0.2417845151 0.237221289 0.243135108 0.2592247863 0.2861864885 0.3387717361 0.4498347077 0.6913516122 1.1124472599 1.6604999874 1.960907567 1.9099557452 1.5342574282 1.1297813764 0.8114850413 0.6113891874 0.5519517793 0.6421558394 0.8713950104 1.1623247058 1.2250723242 1.1153567735 0.926906049 0.8366683147 0.8062558155 0.6897228399 0.5431649395 0.4033676346 0.2995148601 0.2336190962 0.2146429282 0.2320224004 0.2654175437 0.2950073402 0.3351170049 0.4013206008 0.4764985031 0.5249471812 0.4843211008 0.4110388433 0.3315831921
0.0202990728 0.03088003 0.0519820651 0.0948915471 0.168134488 0.2728881572 0.3950178811 0.5061698176 0.5460514115 0.5116922224 0.4388509802 0.4047076647 0.4147633432 0.4545338053 0.5020238673 0.5747743902 0.5931737828 0.6198770769 0.7033077077 0.9623484357 1.2729529839 1.4871019823 1.4898426725 1.3248326292 1.0965715477 0.8966229442 0.809139659 0.8297037702 0.9218492147 1.0345354722 1.0784338306 1.0202574003 0.8680759899 0.7439358128 0.6983784806 0.6754635096 0.6175061936 0.5057694704 0.3920627343 0.281655295 0.2102802018 0.19464623 0.2357137936 0.3115059604 0.3933322691 0.464046786 0.516203277 0.5516581698 0.5333800975 0.4798957523 0.4037956741 0.3679569549
0.0575353787 0.0751165925 0.1059503727 0.1728198234 0.2949949041 0.4586965733 0.6313994362 0.7559014456 0.7989279684 0.7117384343 0.6034584251 0.5487290573 0.5990866281 0.7190537115 0.8542084531 0.9748379372 1.1944401009 0.8856241043 0.8473816122 0.9583898749 1.1210519059 1.2314258622 1.2508709314 1.2009456648 1.138571552 1.1670291751 1.3336069163 1.5994512544 1.7677754717 1.7102998 1.4270986333 1.0582741748 0.7446766504 0.5650466028 0.5021896554 0.4914312674 0.4687857011 0.4181864501 0.3399864235 0.2619960806 0.2099890353 0.2157110442 0.2842808502 0.4000113772 0.5299404133 0.6079945853 0.6202392343 0.560560003 0.4817383505 0.3993202573 0.3552564183 0.3791977805
0.1515060878 0.1723303413 0.2016032056 0.2798986792 0.4371392041 0.6601753946 0.8500859664 0.9573342558 0.9332088351 0.8374650087 0.695951587 0.6321914579 0.7022976562 0.9236245024 1.2208105021 1.3582092856 1.3189437772 1.1814736874 1.1096140801 1.1608997977 1.2368804222 1.2715633011 1.2595272563 1.2495682594 1.3130746595 1.5921435658 2.2787810715 3.0552520744 3.52338656 3.235747978 2.4559644623 1.5350767491 0.8645206779 0.5112467043 0.3890134838 0.3713418348 0.3725718048 0.3501179749 0.3029471416 0.2508700004 0.2306592182 0.2700578632 0.3712066156 0.5128424946 0.6425852805 0.7108696585 0.6442291376 0.5276499653 0.400229194 0.3204272579 0.3177703521 0.4150217767
0.3441449057 0.3456437571 0.3456484462 0.4032211925 0.5546720507 0.7668862753 0.9569158222 0.9872987109 0.9423591881 0.8322669468 0.7122269951 0.6401473362 0.7255230766 0.9909233963 1.3135537087 1.5217875729 1.4646305112 1.3978811533 1.4291302654 1.5309015985 1.5455027116 1.509291065 1.484681719 1.4633042511 1.5744014185 2.068472218 3.2745637813 5.3595172951 5.8291386889 5.4778360027 3.9692431367 2.3413980075 1.1712503009 0.5910422743 0.3973203207 0.3790706755 0.3933323775 0.3799916209 0.331034705 0.2835529981 0.2798195078 0.3489728797 0.4836315797 0.6193023576 0.707445343 0.6865739365 0.5893755733 0.4432266104 0.3238535667 0.2704097615 0.3257313994 0.5073271014
0.6302279826 0.5664393008 0.5055989903 0.524076765 0.6184969404 0.75297922 0.8405089892 0.8578953067 0.8064253638 0.7443341192 0.6525870735 0.618873983 0.708968119 0.9357985129 1.2138731065 1.3863523321 1.4717858966 1.5865910259 1.8113038172 1.9957326054 2.0346317951 1.9107223723 1.8005926747 1.7859694768 1.7926947569 2.389810157 3.9306312929 6.031677671 7.7410095113 7.2569088629 5.337836095 3.0504643365 1.4852471581 0.7193264235 0.4835257752 0.5030892905 0.5386251507 0.5147450355 0.4168763488 0.3482202502 0.3480569656 0.4374888546 0.5837236904 0.7169238135 0.7248263603 0.6412378373 0.5030791314 0.3674981629 0.2722827957 0.2593744162 0.3701585415 0.6678227001
0.8683885014 0.6929427867 0.620778878 0.6187288632 0.6425034473 0.6576826634 0.6514827516 0.6230614544 0.5992896536 0.5718330861 0.5639053511 0.5984987414 0.7160374804 0.8989033911 1.0808348591 1.2376106774 1.4265283105 1.770921673 2.2470130647 2.5416164253 2.5557136652 2.5153884008 2.086715363 1.9103814061 1.9529565477 2.4846692807 3.8573585806 5.9168477103 7.4617954148 7.5632435233 5.5656275835 3.2697825378 1.6101567789 0.8056253567 0.5634174954 0.6025666269 1.3031531477 0.612219202 0.4792065814 0.4001082303 0.4086026752 0.5152974158 0.6858369534 0.8081099608 0.8084906535 0.6805193288 0.5092961902 0.3636149472 0.2842252967 0.2950288541 0.4306160768 0.7577856379
0.7210091445 0.6812068158 0.648758445 0.6587692986 0.6449322349 0.5790702742 0.483521506 0.4152626498 0.3869209889 0.4010569358 0.4603812802 0.5849632048 0.7674390131 0.955908261 1.1213790819 1.2779110409 1.5368448264 1.9899413229 2.5557435667 2.9824377173 2.875232709 2.5572744471 2.2924920959 2.0886391097 2.0939506272 2.4497339072 3.3892054763 4.7590912495 5.958989929 5.9289643593 4.687537323 2.8558147835 1.4975291424 0.8101570425 0.6031329539 0.627966027 0.6502071472 0.5989759265 0.4787174707 0.4069892665 0.4318980328 0.5800519727 0.8065168208 0.9970888558 1.0287987092 0.8799180218 0.6541772 0.4673757548 0.3805401664 0.3879984242 0.4961790559 0.7608529557
0.5349024919 0.5807471218 0.6194062562 0.6453080838 0.6244043572 0.5083608793 0.3737401513 0.2762514506 0.2418643904 0.2708500688 0.371147291 0.5498514323 0.7934199387 1.0646292859 1.2986089242 1.5538009602 1.859671928 2.2331670307 2.6831184226 2.9329717725 2.8866261815 2.5769226147 2.3316259267 2.2615778398 2.2632774573 2.416289407 2.8632852425 3.6340577541 4.2355458411 4.1570789599 3.2979912112 2.1573440211 1.2373102643 0.7657902919 0.6141050274 0.5955791521 0.577143868 0.5159933314 0.4311765688 0.3801357353 0.4237326455 0.6079709015 0.9219330316 1.2412317929 1.3387522448 1.174937319 0.8654490802 0.6405344012 0.5421479302 0.5253274628 0.5613495472 0.6637457231
0.4954342657 0.5670107197 0.6145264098 0.6162024762 0.5549516058 0.4416379024 0.3065683009 0.2086692786 0.168477866 0.1942097568 0.2956079924 0.4821955723 0.7469876849 1.0620135586 1.4503342383 1.8982092455 2.2367187205 2.447253392 2.5646447822 2.7116664525 2.6717405563 2.4612953831 2.2427663712 2.2091865087 2.2828689062 2.2700080893 2.4958993071 2.9685707232 3.2519794406 3.0162969196 2.2882896264 1.5176355416 0.9820470897 0.7145848243 0.6294746782 0.603341143 0.5622410174 0.4903325703 0.4065584625 0.3532062566 0.3919002079 0.5811703832 0.927728697 1.3157074312 1.5229877891 1.3095839263 0.9945403798 0.7849014986 0.6892636945 0.6424129802 0.5986724285 0.5737862422
0.7147441145 0.7629913099 0.7314708044 0.6407015476 0.5226807974 0.4001374198 0.290133304 0.2030240859 0.1552800413 0.1616804245 0.2377346954 0.3931440326 0.6256765429 0.9525044731 1.4198122642 1.9592750978 2.3772361076 2.3645003266 2.3079932198 2.3387132994 2.3666391204 2.1446247496 1.9360230117 1.884373176 1.8760773858 1.9254750375 2.1286814691 2.5315070781 2.7862277803 2.3668873049 1.6930547202 1.1044325492 0.7814180744 0.6799993795 0.6603623301 0.661130547 0.635099564 0.5610299963 0.4485538026 0.3596918866 0.3595754422 0.4989970788 0.7853251056 1.1263496465 1.2815533154 1.1697005717 0.9300530032 0.7822187611 0.7295251257 0.6525721948 0.5603742234 0.4927965337
1.2747774061 1.2248572744 1.0274457254 0.782179829 0.568040665 0.430222198 0.3375861929 0.2574939187 0.1946618192 0.171690772 0.2104765645 0.3163261929 0.4939280182 0.7712608536 1.175596648 1.6483200984 1.9355226607 1.9638524326 1.8595004259 1.84317692 1.8129509212 1.6684083261 1.4667807463 1.3505765273 1.3311123243 1.4031403398 1.6478791365 2.0031705304 2.1210502632 1.8280343526 1.2679831117 0.8306262894 0.6413247453 0.6510087341 0.7602768267 0.866174652 0.8918269331 0.7943731129 0.6101089721 0.4360964461 0.3587017951 0.414858186 0.5859648751 0.7809982997 0.8821531463 0.8376853892 0.7269975201 0.649300638 0.6041925668 0.5505949735 0.4766877109 0.4351762975
