Models/Synthetic/Density/temp_raster_dens.asc
NCOLS 100
NROWS 100
XLLCORNER 3302900
YLLCORNER 3112000
CELLSIZE 4430
NODATA_VALUE NaN
[rows 46 to 68 of 100, columns 0 to 51 of 100]
0.0000317056 0.0000268397 0.0000450814 0.0000820004 0.0001138972 0.0000576205 0.0000248856 0.0000433591 0.0000779119 0.0000962737 0.0000813824 0.0005154385 0.0001760851 0.0000738494 0.0001017383 0.0000477068 0.0000735222 0.0000213847 0.0000400947 0.0000765546 0.0000598333 0.0000497871 0.0000702111 0.0000632954 0.0002213806 0.0000372452 0.0000385937 0.0000536091 0.0001158877 0.0000496136 0.0003316726 0.0000486522 0.0000394828 0.0000348145 0.0000467935 0.0000968787 0.0000838914 0.0000927963 0.0001361606 0.0000274302 0.0000346848 0.0000893477 0.0000813836 0.0000764441 0.0000970127 0.0001085297 0.0001239502 0.0001792775 0.0000732164 0.0000625587 0.0001472309 0.0001847136
0.0000761564 0.0000314015 0.0000581303 0.0002878191 0.0002658698 0.0001725566 0.0000509038 0.0000353805 0.0000777776 0.0001032035 0.0002492877 0.0002496022 0.0000636718 0.0000523618 0.0001716666 0.0001204062 0.0000491589 0.0000337298 0.0000908034 0.0000833884 0.0000631761 0.0001862539 0.0000714837 0.0003528617 0.0001504493 0.0000785132 0.0000930796 0.0000554197 0.0001240005 0.0001328766 0.0000679103 0.0000343843 0.0000118624 0.0000196921 0.0000588789 0.0001612316 0.0000450939 0.0000280829 0.0000158278 0.0000197882 0.0001031832 0.0000215997 0.0000335142 0.0001524584 0.0000675516 0.0000353255 0.000072101 0.0000468879 0.0000268804 0.0000343146 0.0001635838 0.0000412448
0.0000969069 0.0000372718 0.0002305561 0.0001082023 0.0004320458 0.0001075288 0.0002265557 0.0001305095 0.0000543933 0.0002958323 0.0005367632 0.0000734193 0.0000303036 0.0000200632 0.0000466874 0.0000883278 0.0000439448 0.0000422802 0.0000291531 0.0000265927 0.0000680025 0.00006242 0.0002084164 0.0001504112 0.0004454642 0.0001881611 0.000133346 0.0001276752 0.0001403941 0.0000518239 0.0000992319 0.0000212534 0.0000246533 0.0000319236 0.0001503723 0.0002801315 0.0000680692 0.0000075665 0.0000054269 0.000012361 0.0000292072 0.0000487773 0.0000448761 0.0002145491 0.0000674296 0.0000846502 0.0000482724 0.0000541057 0.0001054855 0.0000595589 0.0000238802 0.0000525031
0.0000170561 0.000055461 0.0000526238 0.0001897134 0.0001113061 0.0002097205 0.000070486 0.0001018707 0.0000970143 0.0002437801 0.000202695 0.0001367582 0.0000192066 0.0000128024 0.0000286023 0.0000644054 0.0003062893 0.00019774 0.0000631044 0.0000233886 0.0000457262 0.0000575743 0.00009809 0.0001174568 0.0000605546 0.000100025 0.0000973602 0.000114526 0.0000965039 0.000100339 0.0000730491 0.0000338547 0.0000313623 0.0000252853 0.0000489432 0.0000767444 0.0000267557 0.0000070259 0.0000062095 0.0000193954 0.0000190285 0.0000347692 0.0000393907 0.000097625 0.0001224453 0.0000716945 0.0002953802 0.0002538578 0.0001017565 0.000029073 0.0000734861 0.0000235291
0.0000829656 0.000016883 0.0000778908 0.0000624814 0.0001156561 0.0002227726 0.0000830441 0.0001609686 0.0001386315 0.0004028742 0.0002297477 0.000079047 0.0000442572 0.0000745096 0.0000444108 0.0002458892 0.0001860518 0.000082089 0.0000896899 0.0001137915 0.0000259131 0.0000405837 0.0000276291 0.0000221824 0.0000307804 0.0001089916 0.0001383747 0.0000686897 0.0000372968 0.0000266245 0.0000906317 0.0000200595 0.0000133153 0.0000125801 0.0000192241 0.0000181692 0.0000179253 0.0000270444 0.0000161322 0.0000164792 0.0000222626 0.0001852794 0.0000695905 0.0000990014 0.000100102 0.0000856808 0.0000456582 0.0000857734 0.0000506803 0.0000501885 0.0000835309 0.0000710612
0.0000186699 0.0000560869 0.0000436152 0.0000810258 0.0001274327 0.0001004455 0.0006373113 0.0001132642 0.0001762292 0.0005512467 0.0001394817 0.000117168 0.000163964 0.0001864101 0.0000928717 0.0000850625 0.0001050413 0.0001550564 0.0001024708 0.0000508461 0.000114313 0.0000225908 0.0000247171 0.0000218139 0.0000544107 0.0000767947 0.000232088 0.0000833309 0.0000429235 0.0000501339 0.0000501161 0.0000548773 0.0000316205 0.0000506085 0.0000402347 0.0001291259 0.0000232361 0.000047676 0.0000149458 0.0000434841 0.0000574907 0.0000346586 0.0001964041 0.0001729777 0.0001017725 0.0000334851 0.0000260088 0.0000286597 0.000054128 0.0001129641 0.0002884877 0.0001182427
0.0000443518 0.0001188137 0.0001123445 0.0000294987 0.0000371733 0.0001814855 0.0003249524 0.0001508119 0.0002325992 0.0002364309 0.0001020007 0.0001704554 0.0010184066 0.0001759276 0.0003537341 0.0000595485 0.000193098 0.0000907839 0.0000486743 0.0001898755 0.0000682936 0.0000417942 0.000053978 0.0000302049 0.0001303755 0.000267979 0.0000900923 0.0001932842 0.0001009796 0.000126474 0.0005225979 0.0001362506 0.0001343604 0.000073906 0.000428627 0.000097469 0.0000909324 0.0000397286 0.0000287717 0.0000675485 0.0000649756 0.0000458695 0.0000560488 0.0000611077 0.0000693112 0.0001096908 0.0000841095 0.0000619935 0.0001804663 0.0000492282 0.0000491644 0.0001273489
0.0000278706 0.0000423453 0.0000487808 0.0000510703 0.0000460958 0.000158164 0.0000631986 0.0000604219 0.0000441818 0.0000582194 0.0000929131 0.0001233838 0.0001281317 0.0003985005 0.0001095035 0.0000977752 0.0001145669 0.0001287732 0.000049155 0.0001520497 0.0002804919 0.0000475877 0.0000143335 0.0000241173 0.0001203237 0.0001408864 0.000323705 0.0001560192 0.0001743987 0.0000787138 0.0000981222 0.000497503 0.0001010657 0.0000681069 0.0001620012 0.0001154767 0.0003722405 0.0000379554 0.0000676008 0.0002291329 0.0000852626 0.0001310137 0.0000258484 0.0000215568 0.0000229965 0.0000239522 0.0000274587 0.0000315387 0.0000253144 0.0000603528 0.0001362305 0.0001292862
0.0001181883 0.0000796251 0.000032563 0.0001717186 0.0000809437 0.000063131 0.0000417289 0.000050138 0.0001097513 0.0000401213 0.0001034037 0.0002519013 0.0003493967 0.0000701308 0.0002062125 0.0001053395 0.0000799288 0.0001556535 0.0001183027 0.0000896407 0.0000536372 0.0000507245 0.0000125088 0.0000142601 0.0000406719 0.000048798 0.0000717502 0.0001974864 0.0003573194 0.0001305631 0.0001199972 0.0001596188 0.000206686 0.0002381214 0.0000355001 0.0000904981 0.0000523478 0.0000727517 0.0000552378 0.0000891727 0.0001602808 0.0000372629 0.0001042297 0.0000389922 0.0000258474 0.0000390246 0.0000143841 0.0000137229 0.0000588668 0.0000322703 0.000100223 0.001521337
0.0008785242 0.0000792972 0.0000344809 0.0001081857 0.0000393146 0.0000484115 0.0000365342 0.0002111305 0.0001311659 0.00021104 0.000139557 0.0007822605 0.000200454 0.0000584994 0.0000795575 0.0000595326 0.000029968 0.0000734851 0.0000414677 0.0000788977 0.0002879462 0.0000939175 0.0000547362 0.0000313115 0.0000194682 0.0000263952 0.0000538105 0.0004939087 0.0003135198 0.0005128045 0.0004303627 0.0000686314 0.0001459989 0.0000476561 0.000037214 0.0000379947 0.0001827526 0.0000309595 0.0000187712 0.000033435 0.0000239697 0.0000586847 0.0000722477 0.0000574725 0.0000314083 0.0000370033 0.0000433196 0.0000373276 0.0000309988 0.0000663325 0.0001659728 0.0001506933
0.0000597589 0.0000752755 0.0001000365 0.0000438431 0.0000651008 0.0000188546 0.000101805 0.0001668529 0.0003032613 0.0002119259 0.0001525144 0.0002180639 0.0000755755 0.0000270484 0.0000259828 0.000031303 0.000018541 0.0000281417 0.0000357477 0.0000672155 0.0005310858 0.0002518687 0.0000784446 0.0000593888 0.0001507678 0.0000907743 0.0001465558 0.0001004397 0.0002533047 0.0002091858 0.0000990197 0.0000827031 0.0001068088 0.0000750136 0.0000646544 0.0001160905 0.0001178925 0.0000787073 0.000017487 0.000024874 0.000018103 0.0000364529 0.0003214215 0.0002248767 0.0001064813 0.0000739101 0.0002041466 0.0000342454 0.0000257407 0.0000916788 0.0002256385 0.0000543603
0.0000176821 0.000123903 0.0000825499 0.0003692997 0.0000390292 0.0000386971 0.0000485465 0.000136864 0.0001757689 0.0000682201 0.000058051 0.0001062088 0.0000266612 0.0000609415 0.0000254754 0.0000270638 0.0000342899 0.0000266886 0.0000374499 0.0002969615 0.0000983722 0.0000831404 0.0002622401 0.0000876391 0.000487441 0.0007306514 0.0002068068 0.0000695364 0.0000784461 0.0001193425 0.0000461088 0.0000319602 0.000043647 0.0000242987 0.0000268402 0.0000723539 0.000189767 0.0000578171 0.0000371679 0.000093738 0.0000643581 0.0000565523 0.0002096175 0.0010722583 0.000219535 0.0000737117 0.0000848643 0.0001198472 0.0000310018 0.0000796655 0.0000346731 0.0000660036
0.000026576 0.0000551585 0.0001238897 0.000065716 0.0000551736 0.0000804244 0.000090088 0.0000409913 0.0000358123 0.0000858225 0.0000203358 0.0000255171 0.0000516787 0.0000330502 0.000119086 0.0000311346 0.0000507428 0.000046567 0.0000924432 0.0001380648 0.0000601253 0.0000435468 0.0000409854 0.0000750852 0.0002169403 0.0002695749 0.0002009999 0.0000477041 0.000036834 0.0000574739 0.0000338474 0.0000365513 0.0000510069 0.0000262787 0.0000465385 0.0000400927 0.0000946758 0.0001608419 0.00008005 0.0002192169 0.0001018098 0.0001590963 0.000154257 0.0004438531 0.0002924111 0.0000888177 0.0000299697 0.0000260623 0.0000589829 0.0000548668 0.000055165 0.0000781278
0.000007369 0.0000216308 0.000038704 0.0000746879 0.0000384322 0.0000728537 0.0001617501 0.0000998906 0.0000308059 0.0000267846 0.0000210325 0.0000382071 0.0002095406 0.0000554077 0.0000637703 0.0000909591 0.0000875436 0.0000826616 0.0000685079 0.0000801227 0.0000191447 0.0000395507 0.0000119866 0.0000251924 0.000078333 0.0002889806 0.0001060862 0.0000622449 0.0000637188 0.0000243987 0.0000242506 0.0000400191 0.000055922 0.0002071182 0.0000255081 0.0000230011 0.0000585019 0.0001863753 0.0001201867 0.0004664812 0.0001149775 0.0000361641 0.0000879307 0.0001185435 0.0005314057 0.0000872764 0.0000417593 0.000018039 0.000075378 0.0000984111 0.0002121974 0.000414374
0.0000099585 0.0000137712 0.0000376316 0.0001208716 0.0001632097 0.0000608081 0.0001041891 0.0002612067 0.0000415811 0.0000129187 0.0000253049 0.0000704582 0.0000522539 0.0000503556 0.0000203876 0.0000670073 0.0001087242 0.0002914985 0.0001375292 0.0000195057 0.0000159002 0.0000144366 0.0000151731 0.0000224851 0.0001182797 0.0000644702 0.0001225179 0.0002098644 0.0001039521 0.0000655039 0.0000976426 0.0001246749 0.0003153374 0.0000620603 0.0000293582 0.0000338355 0.0001156551 0.0000717144 0.0001007302 0.000114087 0.0000439062 0.0000240799 0.000121389 0.0001328076 0.0002405311 0.000607286 0.0000424814 0.0000406548 0.0000365982 0.0002276428 0.0001065103 0.0001892502
0.0000303708 0.0000995358 0.0000477342 0.0002490332 0.0000962033 0.0000760702 0.0001923513 0.0000940803 0.0000237311 0.0000085572 0.0000206183 0.0000831966 0.0000842758 0.0000182004 0.0000136687 0.000061374 0.0001654308 0.0001312963 0.0000377974 0.0000275537 0.0000270009 0.0000541611 0.0000534283 0.0000310245 0.0000195956 0.0000962923 0.0000669 0.0002452883 0.0001526887 0.0001721805 0.0001205285 0.0001463464 0.0004134005 0.0000549872 0.0000334906 0.0001342264 0.0001190567 0.0000597462 0.0000307894 0.000031973 0.0000126425 0.0000352197 0.000067713 0.0001784726 0.0001349257 0.0000548818 0.0000625446 0.0000303605 0.0000351348 0.0001014491 0.000233588 0.0000588267
0.0003433901 0.0000887915 0.0001199551 0.0001064446 0.0000953045 0.0000788011 0.0000355612 0.0000478237 0.000009992 0.0000185176 0.0000584379 0.0001440551 0.0000944091 0.0000377269 0.0000273199 0.0000522834 0.0001025948 0.0000456303 0.0000181903 0.0000225537 0.0000386137 0.0000850878 0.0000510078 0.0000159854 0.0000258318 0.0000455356 0.0002554745 0.0000622141 0.000159383 0.0002730919 0.0000559569 0.0001031435 0.0000982981 0.0000537799 0.0000697507 0.0001922013 0.0001114043 0.0000564337 0.0000733772 0.0000110145 0.0000067674 0.0000207409 0.0000376377 0.000297216 0.0000443874 0.000030353 0.0000123089 0.0000179924 0.0000557988 0.0001163993 0.0002341463 0.0000539854
0.000324971 0.0000708894 0.00022256 0.0002946548 0.0000893468 0.0000230692 0.0000737749 0.0000150172 0.0000119295 0.0000261211 0.0001189283 0.000328616 0.0003302292 0.0000687434 0.0000856841 0.000248974 0.0000415182 0.0000576862 0.0000261915 0.0000137671 0.0000316819 0.0001872801 0.0000495234 0.00002041 0.0000316655 0.0001054262 0.0000556381 0.0000508738 0.0002482983 0.0001314565 0.0002280118 0.0000876751 0.0001105983 0.0001159922 0.0002247795 0.0001074467 0.000173887 0.0002310062 0.0000523338 0.0000243191 0.0000143641 0.0000063689 0.0000254298 0.0000410851 0.0000443895 0.0000191842 0.0000103626 0.0000259193 0.0000258905 0.0000545139 0.0001648857 0.0000900973
0.0000972292 0.0000776163 0.0001028912 0.0000579468 0.0000582545 0.0000199491 0.0000354739 0.0000793386 0.0000397165 0.0000352518 0.0001941511 0.0000938322 0.0000879759 0.0000690826 0.0000855613 0.0000394957 0.000056455 0.000108099 0.0000296218 0.000092707 0.0000541962 0.0001105839 0.0000367445 0.0000608032 0.000138835 0.000095242 0.0000448057 0.0000347934 0.0001281076 0.0008502254 0.0002192487 0.0009572346 0.0001081587 0.000303558 0.0002069341 0.0001027733 0.0000368288 0.0000382762 0.0001021922 0.000142232 0.0000206495 0.0000101974 0.0000108171 0.0000191121 0.0000582757 0.0000251516 0.0000436385 0.0000325361 0.0000446852 0.0001151197 0.0001440741 0.0001789669
0.0001114998 0.0001617836 0.000119591 0.000123419 0.0000866476 0.0000216728 0.0000423313 0.0000996429 0.0001828452 0.0000410409 0.000033868 0.0000348402 0.0000467087 0.0000538031 0.0000584265 0.0000869258 0.0000302258 0.0000331407 0.0001558294 0.0000460078 0.0001747332 0.0000913236 0.0000679754 0.0001474361 0.0002475184 0.000113621 0.0001365063 0.0000494056 0.000131434 0.00011615 0.0001532255 0.0001233141 0.0003162459 0.0002384011 0.0000671807 0.0000273934 0.000014308 0.0000369402 0.0000858714 0.0000491363 0.0000633331 0.0000178614 0.0000192885 0.0000619094 0.0000741867 0.000113641 0.0000738897 0.0001155997 0.0000453066 0.0000904575 0.0003180331 0.0000960526
0.000033819 0.000185358 0.000712453 0.0003300518 0.0001409541 0.0000455682 0.0000351752 0.0000952437 0.000094157 0.0000868123 0.0001621201 0.0000580713 0.0000229048 0.0000397203 0.000025626 0.0000254439 0.0000662968 0.000117363 0.0000291893 0.0000319248 0.0000506848 0.0001270185 0.0001465548 0.0003980906 0.000389189 0.0000993766 0.0000890972 0.0001649172 0.000353305 0.0000627989 0.0000309257 0.0000460242 0.0000506798 0.0001321689 0.0000323487 0.0000167695 0.0000325405 0.0000719272 0.0001114584 0.0000299514 0.0000208415 0.0000212491 0.0000289218 0.0000587935 0.0000304037 0.0000303788 0.0000496861 0.0000306611 0.0000775833 0.0000441708 0.0001064883 0.0000903808
0.0000760157 0.0001059955 0.0001216982 0.000080336 0.000112236 0.0002113815 0.000042924 0.0000316913 0.0001568104 0.0011089583 0.0001404372 0.0000445694 0.0000255169 0.0000351463 0.0000695816 0.0000763693 0.0000380964 0.0000187462 0.0000200595 0.0001261661 0.0000330947 0.0000755816 0.0001823931 0.0000875315 0.0001041754 0.0002145881 0.0001091224 0.0000569986 0.0001714296 0.0001067572 0.0000313286 0.0000164034 0.0000529445 0.0000680409 0.0000481178 0.0000256479 0.0001094544 0.0002188452 0.0000414831 0.0001241417 0.0000395656 0.0000285844 0.0000656439 0.000037311 0.0001146554 0.0000218314 0.0000456448 0.0001074557 0.0000525525 0.0000436107 0.0000827586 0.000019222
0.0001242046 0.0002667086 0.000148951 0.0000403465 0.0000732394 0.0001206392 0.0000822938 0.0001008399 0.0001260805 0.0008744596 0.0001717587 0.0000233138 0.0000266497 0.0002051188 0.0001294167 0.0001044543 0.0000215041 0.0000144335 0.0000567198 0.0000375579 0.0001406493 0.0000722879 0.0000585068 0.0001623028 0.0002117121 0.0002665186 0.0000515373 0.0000394255 0.0001317607 0.0000616641 0.0000773051 0.0000656398 0.0000394998 0.0001742403 0.0000697778 0.0000507605 0.0000709673 0.0001019515 0.0000624397 0.000051127 0.0000818065 0.000149813 0.0000929052 0.000155584 0.0000872522 0.0000233802 0.0000239259 0.0001125722 0.0000375254 0.0001972203 0.0000490229 0.0000115311
