Models/Synthetic/Density/temp_raster_pop.asc
NCOLS 100
NROWS 100
XLLCORNER 3302900
YLLCORNER 3112000
CELLSIZE 4430
NODATA_VALUE NaN
[rows 69 to 91 of 100, columns 0 to 51 of 100]
7.1403846226 4.9268070736 7.2718239594 7.0101018019 7.5351728993 5.6590194778 6.4611175383 4.0929822665 4.9426226564 6.3286883499 7.7907777164 8.8788208477 6.8889075314 7.0229205287 6.4023882982 4.9609808416 3.6047830219 3.7527123333 4.0593923436 4.8212031739 7.3462369081 9.4151607235 8.7239011342 6.0042506109 5.2082919476 9.2238920751 11.2078999515 14.5027406865 13.0319273236 9.221301836 9.8086331913 8.410815662 9.7429166418 7.3538293116 7.3439216956 10.2133642694 9.2450476966 8.9061268114 7.9593438784 7.4271970868 12.3191507943 8.450069744 8.7947151803 11.6482796956 10.7237712781 9.7337650181 9.7867763183 7.2081286315 6.9155897605 6.1560413879 7.9205046808 7.3381736735
4.8928864843 4.5531229518 7.8742199319 10.981464758 7.7157848682 7.5873706262 5.4657233378 5.4753018239 6.4562136803 6.491842036 7.0949104504 7.1203552421 8.1129532345 8.5883387337 8.0081878237 6.6166082981 4.6424484831 3.4048852989 3.9278357071 5.6609937128 5.7414940464 6.5933210908 5.0089893922 4.4678737818 4.5551147307 8.651683453 16.5749071837 21.5683250967 15.1440531849 10.4438789093 7.0708148243 6.267928652 5.3746833773 5.2903268457 4.7578657754 5.4284523356 7.8365824077 9.5585104713 12.7007194798 10.9734638805 9.8356764322 8.7705252824 10.9571000877 8.5984609475 11.4048940256 14.4984993732 13.2418304089 10.4565792224 7.745036213 6.473455826 6.0277615313 6.712774401
3.2681737048 6.1821387574 9.3615972566 11.2180441881 11.0343364866 8.5702288805 4.8037034305 4.8201622245 5.9629114719 4.8562177677 6.608656893 7.2872104588 8.3951890891 7.3276060494 8.3316584437 7.3003150609 5.762382964 5.1854251679 5.1773202226 5.551946728 7.9404843799 6.5369210526 5.4778207933 3.6722194982 5.2717664848 9.1018067708 17.413738857 15.7291830094 13.9841004298 12.0318256498 6.5038585145 5.1807424299 5.9035297177 4.9273362861 4.6332472885 7.58128858 7.4013516 13.7122470473 13.3697098701 17.4113286969 9.252483463 7.1497065536 5.912659365 7.3053650638 7.8196681521 14.3122290494 18.2770194288 10.971646855 9.5161352618 9.2680875038 7.6039709768 8.5192445707
5.8951012425 7.1439927818 12.0821521666 13.9091380921 10.9473922553 8.1283323234 6.2118455715 5.8123439681 7.5959846581 5.6908160237 6.1417078605 6.6722919846 7.0272524824 7.8098559197 6.9517514198 6.730618918 7.8634569817 6.4333058168 6.4946875081 8.8922474331 7.0909573233 6.6672298031 6.1566773644 6.7269710507 5.5918926248 11.4623837774 11.170685323 13.969921439 14.1234251172 11.2273166135 7.2994124613 4.78376815 4.7875940312 5.9492138189 5.0973581732 6.5789922925 10.7418844844 10.2888050829 14.2992009013 12.3690189308 9.3571011265 5.6583284637 5.6687588679 5.4140221136 7.0958542653 10.9391284059 13.2660055815 11.7437264326 9.5337883226 12.7144358174 8.4925818891 10.9923190367
4.7867256989 6.8049072542 10.356500641 10.7677696741 9.9223636959 6.8804025866 6.9056525946 6.0700563504 6.530547085 7.8931244398 6.0149276187 8.0321368426 11.6834369362 8.9725414011 7.1716392926 6.1893143711 5.178405857 5.4678524063 5.3254532739 5.1368097203 6.0834386985 5.4967277273 6.3353899324 4.7230181274 7.0795117125 8.10944643 16.7205113719 14.3418682545 15.4460411688 8.8885097838 6.5673389851 6.1996079668 7.0861636385 8.8486033789 8.1460082946 7.741184371 8.0694392256 7.7349015122 10.4885325626 10.0366343313 9.0964054414 6.7417625228 6.0220867479 6.6512315262 6.5197842107 7.7549099432 10.3171723987 11.7087648973 11.6643911738 11.4760016077 9.9356162096 11.7948342664
3.361310463 4.7497166918 8.6514083746 8.4798552352 8.6534943845 6.5551637826 8.4275113579 8.3593513082 5.9550891625 4.615481417 5.6169967066 8.7663280673 11.6931134385 11.2768320078 9.5528729697 6.1903470265 4.4611009406 3.6061279766 3.6961968633 4.3150662811 4.1719929172 5.1134080471 4.1974385792 5.2852387736 6.5922854807 8.5657645539 9.3676367565 12.3646388838 9.2155532104 7.142811065 5.2781448846 5.5874805992 10.4206432507 9.7691866262 10.0157018553 6.8591391366 5.996658902 6.0701515815 7.148404923 6.9523601474 6.8568293061 9.0402517766 8.1992425716 7.5918892964 7.7859894415 10.8634032823 9.8582975578 14.4972136861 14.7119852821 14.6887921446 11.1920359387 9.5409005113
4.1261746946 4.0337655611 5.6206808176 8.2853340209 9.452066968 7.7466753742 6.2681062902 7.2149535183 6.4755181657 4.3745321893 4.79025159 7.9570514746 10.771322208 16.1047366914 11.8200146942 8.4153137498 6.2078410893 4.354208735 4.0792548313 5.0167713871 3.9545576501 4.9741905173 4.0676211772 3.9371454479 4.5505521954 5.8793788718 6.9091462757 6.7212515093 6.7690815032 6.4486446806 5.3524655673 5.9934080076 6.1329135457 8.3739002165 7.4053044184 5.7678616484 5.9564855644 7.9697606002 7.4019776749 7.5330951962 10.7830313964 11.2597353689 13.2592048858 11.0945158657 10.2241407352 10.8187760342 11.6080254321 17.0050323706 25.0012983896 16.5884277152 9.8408482624 9.8115785186
3.7701647659 4.121755621 6.4240690099 11.5473383748 11.7107817201 9.3157612198 5.9514666056 5.3501977196 4.5050006253 5.740114068 9.0208987693 10.2243969911 14.7453380045 16.4641673947 11.8459628386 10.8406855401 9.5176098484 6.632612664 5.5261647673 6.4042294338 5.5108323067 6.3664754451 4.9985350995 4.0604876264 4.9701423329 5.3598719901 5.9125372607 6.3008988741 6.4783707583 5.9116597495 6.3576603566 4.4050698673 4.2874396311 4.9132569531 5.9551001237 5.4926785722 8.5530326327 8.6128750854 10.0811721331 10.6592472382 11.5820273572 14.3165025149 12.5428308531 12.8757926406 9.9196449094 8.1575616358 11.9523279917 17.8304697193 16.4274093998 13.4311100808 9.4184480151 7.6219459893
5.2646301083 7.1611062967 9.6768927308 10.8341473309 13.6887267512 10.3612911965 5.3768091702 4.2201986173 5.0029256719 6.2542729031 8.1514829834 15.6438586883 21.6915853298 15.5710689906 12.0401637638 11.0466365565 10.1463111499 9.2820566767 7.6233558235 8.6447154702 8.3662144314 7.3591426148 6.4339213082 6.8940054607 4.939062343 5.689729885 6.1127277504 5.4527729373 5.944748253 4.9212410977 3.85127181 3.9075523326 4.7357965372 4.2655888878 4.6343070357 4.6974948208 7.5768163948 10.4817331303 10.1101367516 10.9820539125 12.8595852114 13.6833399671 13.2046198402 10.2742653914 9.065471677 10.4257110623 9.4997407924 14.6880286525 13.7214208562 10.0136069597 10.2955794785 6.7448860852
9.3908863274 14.905085808 13.0099917749 14.9991158844 11.9770465921 10.3914273418 7.2210427806 5.8295050543 6.8701691759 9.05410089 11.1168785696 12.9458640916 21.3325434373 14.9532820525 10.8631822089 9.2523885539 8.4284069681 8.1589683356 7.2817172745 7.0793116547 10.1451357774 10.6248808924 10.7270125712 6.4340706658 4.9656198348 4.4028669191 7.1406627777 6.123405717 5.5607383026 4.8944895983 4.1699118486 3.8427061893 4.4257546315 5.5223264024 4.1234587641 5.4052893163 5.5844941283 6.3222984628 10.2697744816 11.4739571167 10.6455428145 15.5833711311 12.3213581903 7.1346512977 5.7906050373 9.1048851826 6.643911993 8.5395753128 10.0984301395 9.9589504779 7.9051733233 7.3031614673
15.4300636363 19.8344123575 15.2349980121 14.3602697334 14.8871806101 16.8330507255 11.3200822297 9.3851725747 13.4043821928 13.3666629759 10.9028384817 12.0694684259 18.0389924861 13.5645226387 9.1658118516 6.9856612166 7.8490222066 8.0180692113 9.4708854181 9.3487095167 9.6569641538 12.8144154334 9.7297094504 6.940325712 4.2317464108 6.0531722073 5.2716361924 4.3624923296 4.5627473859 6.3751913994 6.9395551767 7.1036160566 6.8654282404 5.5062735869 6.8657242062 8.6618751004 6.5136540469 5.6793084919 6.9750747253 8.5940674635 13.2407068374 11.176799679 7.5899638995 5.6696029444 4.5874809148 4.7439043301 6.110644391 6.3111022583 8.1617827924 7.200360822 7.2965298628 6.7072982409
12.5734769462 12.3425301516 14.3842145108 13.376425679 14.1323499203 16.0463208476 14.9135823084 11.9115687529 13.0370277202 12.076916662 12.7644325445 11.5894156444 11.1220062424 10.7757321309 7.4219913803 8.347309649 9.3632621212 11.1502225953 15.6182902977 17.1671720215 13.9551740628 10.6486335205 7.6897370274 7.020849789 4.490465889 3.7349509155 3.4582258759 3.489951817 4.710677978 6.9618180685 6.8354193659 8.7193035501 8.7006448901 8.7049054617 9.7721859177 13.468529194 11.1012689256 6.0918157444 6.1019574878 9.3838840189 12.2176361445 10.1731996616 8.5975830395 5.2152882407 3.5982822309 3.9017602314 5.0457810003 6.2598244742 7.3295537312 6.2670172071 5.4949698701 4.4734847598
12.4959455545 12.782936052 9.9502505466 13.9256099771 22.3473075563 15.6453737343 13.0375033815 16.9387518649 14.517907743 13.3467455828 11.4938004727 15.0028863111 8.4157713492 6.3556021164 7.0629017701 9.3841617996 12.45871667 14.9066325932 20.2451787816 16.7447307288 11.5832001265 6.9034138375 5.8186207086 6.9801798451 5.3176360756 3.9635384367 4.7682308569 4.9771455381 5.5031962896 6.4103310211 8.7034071908 10.3116138401 12.473644471 11.6112353857 10.4096217799 10.3080750129 12.4976747634 11.1516515172 6.8099431641 7.1222432918 8.8945952326 9.3554647842 6.9835066032 6.0167215479 4.0302404746 4.2563665654 4.5878372865 5.0941883821 8.6123866864 9.9141855174 5.6226153829 3.4223610728
7.0220004334 9.1640937769 8.4734073068 10.4298445786 15.2782666033 13.7252829258 10.6814148249 12.0477965625 9.2339779595 9.071487488 9.5290430524 8.7011707601 6.1140131105 4.4854955362 5.6774784557 11.0196405356 14.4421210157 15.9955810094 14.2543352211 14.375670708 9.6893839616 6.4414569621 6.4350351179 7.6613341191 6.1861025219 6.3370691395 6.9317094863 10.0189498929 10.0561097968 7.9941100926 8.5625448608 11.0659297001 13.0526756489 11.7017865448 12.0149579036 9.1694435819 11.9798369623 8.2416326827 8.0011987209 6.18893035 6.5655476895 7.4391207384 9.1439130589 6.3567201624 6.7426489596 6.0949411669 5.2168614947 6.9136805895 7.2703295495 9.3346273676 4.7872335072 3.0764144516
13.0756104568 12.070973459 8.4546607465 8.4973082062 11.7405444752 10.3459687548 6.6509208088 5.4323016671 6.669951061 8.0486933305 8.4567754801 7.7232083551 7.5398782334 4.5384358398 7.1502330422 13.0583689459 14.5172092363 12.3345460272 9.278972378 8.514894535 7.3729695692 5.6406257826 6.9344734873 10.5447289714 10.4307420131 9.2058002444 8.6279034899 12.7852243937 14.0839974105 12.1084126945 8.8886264199 9.088531861 8.867430211 11.1858001104 9.8685094982 11.113883837 9.1077019155 8.8170937126 6.1871834453 6.8329260985 7.0796702566 6.3671765211 5.5195897406 6.5857410605 9.3727077333 9.2464102939 6.115967833 5.4613415027 8.5541269237 6.8755524689 4.9156384056 3.7645195977
26.1229847536 14.3421815311 11.0723715552 11.4219139265 12.4517167951 9.6884356615 6.1110979047 3.6999335822 4.0257603698 5.233120667 6.2216521315 10.5498244651 6.2498037216 5.2947922931 9.3304536112 11.2095683789 10.2341688177 11.6626116647 7.2068835378 4.7259082101 4.3959350058 4.2019989342 7.1442911691 12.2706057306 13.2172861126 12.4611260902 12.1517142865 12.1190417851 14.4792563531 13.4636177168 11.5161067538 9.5494226624 7.0216188409 8.3140798422 8.4917648657 9.8733690524 8.6651000852 8.8837634902 7.1700878628 6.4352299441 7.119570998 7.2409565718 6.008084241 8.3289305382 6.8823106916 5.5403746139 5.4585728572 4.0817331963 4.8000356635 7.9544414735 7.6690981647 4.5134598392
13.9272278219 19.3463123359 15.827861231 13.1892720921 12.1221916271 10.5311326718 6.3564231396 4.1618855455 3.5316922235 4.5177156711 7.0503826637 8.6997660309 7.2470572455 6.0254618193 7.7782734333 6.8764432166 6.1730488156 8.7873696189 7.9972491577 6.2696449226 4.8126373355 3.9897012386 6.3671663447 9.6639026195 11.734596035 11.8929505802 12.7054185991 10.7275207946 10.5478519289 14.2160593367 16.1342655007 11.2511464583 7.8951030429 7.6024397496 8.4822187586 10.6191195812 10.6935285323 8.9509207664 8.2758432951 6.4811861735 5.5819858737 6.633666504 9.218925073 6.9955260301 5.5655538068 4.7750280402 5.0206798973 3.9320129476 3.7051752172 6.1607524912 9.5295316133 7.1261313704
15.7625590564 14.2787743001 17.6059702759 13.8958943061 12.9253326799 10.1861031832 7.5480117665 5.4376888522 5.1678329595 5.5489547242 6.3871236077 6.6274047209 6.6684543657 8.2062006466 7.0992052488 5.4728645038 4.9402962808 6.6208990714 12.4134922853 12.1423032934 10.7981781564 4.8982671576 5.0294755382 10.0013240045 15.2322862545 15.7057224407 11.0050630734 7.8782722689 7.3417092578 8.8122849576 12.7882267137 13.989583286 11.6682703673 10.6928662883 11.0929105303 10.4128448209 7.8589098493 8.3411265642 7.9065449052 6.7073268583 10.7701773544 6.9904942184 7.0049101055 6.3054311841 6.3043026233 5.2529619783 3.2737249791 3.2528544886 3.2880293652 4.971727654 8.4277318557 12.5294003377
8.1809349506 13.0652767431 24.30097304 18.7558295386 16.0165135642 10.2977733413 6.6222997147 8.3189688217 8.4760165802 6.6302770216 7.1487804877 6.7686525677 9.3466098095 9.6506877368 6.6700618862 6.4809832326 5.6452155104 8.2978649399 15.675677561 22.4433905037 14.002806862 7.9647254182 6.1488968208 9.4688358427 13.1608537892 10.4566894787 6.7060444573 4.725240744 4.9215742171 6.5530431516 9.0078625705 9.2455270136 9.6590289691 7.3700647194 8.6124553847 10.8781559007 6.6607454543 7.1754664034 5.7565126535 5.8922436525 5.3424073861 7.1782707958 6.2099913024 8.9551586297 8.6547750948 4.1992418162 2.9024187989 2.9410446335 4.092254513 5.0132345368 7.4574616759 11.4351439781
8.9113176986 11.5196142957 14.8518360962 20.3334517124 17.4871634119 14.0687125736 8.1422180097 7.1629751657 8.8184968032 6.6788333095 6.5981012388 9.0023423922 10.3796937115 8.456034411 6.5616805125 6.0168887963 7.101664677 8.6970585394 15.1272079622 20.461403792 18.5069110557 10.9128026911 8.9189130035 8.594665383 8.9840342151 7.449945414 6.2340789262 3.3261532246 3.333909393 4.7641205917 6.9215214438 7.5164979333 7.4999402882 5.6433236754 7.1142967383 5.8044355911 5.6213820155 4.6584990195 5.9549203542 7.4276080436 6.5890225941 5.8180268019 7.8999434984 7.8164693084 6.7047456102 5.4238435689 2.8947170557 3.3236225732 5.1419678713 5.5183373904 6.4339164679 7.6834419298
8.3813087913 8.2991566526 13.2438057106 15.1706688048 18.5904142005 13.6651391971 8.2026044993 8.066770384 6.1575015863 6.3997486686 7.7724988877 7.8872449377 9.4682527237 8.2785596298 5.6423474614 5.6564492696 7.4845905715 9.5269391211 9.5224565948 13.5724125639 17.1261841421 14.074763967 12.6370552051 10.6735293336 7.5348842032 6.2882852255 4.3883096413 3.5669340397 3.5078640546 5.3245610963 8.1093061048 7.8485614594 7.3429305989 6.0791454756 5.7007087629 6.221521775 5.1196711116 4.818193628 5.6596479217 6.868610118 9.2096135005 9.0760295642 6.5464291402 6.3866744443 6.4564101359 4.7603489188 3.3080861073 3.3946763468 4.5192117231 6.5514486877 4.9931470919 6.0683194216
7.5961950334 7.1606315598 10.5555602598 10.5182744555 13.4320099464 14.3719834097 8.7983860864 6.7494254452 7.4484104135 7.1377677739 6.8754171274 9.4231056006 6.7198591586 6.2098089679 4.9025325347 4.5244197402 5.9232845393 5.3610442883 8.7833149872 10.569608571 19.935812097 23.9841008217 14.5424527529 10.3819005097 8.1920925726 6.7083267987 6.5363699599 6.5500432842 6.6378234367 6.8869092603 8.0525764722 9.8464847741 6.2636098498 3.5360417174 4.903344143 6.2739104814 4.620054094 7.6637556821 6.7661711537 7.4391464443 7.9063492888 9.1883630871 8.9706239155 6.535660102 7.37156058 5.8617870854 3.0778202839 2.8798946636 3.7353413693 4.3483373541 5.269202569 5.1965674919
9.6836372125 9.1072265087 7.6463124257 10.4469178757 15.1906980643 11.430407527 9.0558975352 5.6364642377 5.9467619292 8.6348847242 6.510960991 7.631266402 7.5762207702 7.7843126531 7.0095113394 5.8922027378 6.0608579951 6.3657723465 8.2438058695 15.9549874349 20.5864307389 22.4438170228 18.5667473155 10.2135908818 7.1358829772 6.3290548419 8.218509143 9.7036256596 11.7612659796 10.8329679358 9.8306521378 6.9766461429 3.9199547971 3.015382467 3.2693544243 3.7892240737 4.5248840308 4.5769516348 8.2223692338 10.6358313805 13.0549184595 11.0167730018 10.6341217379 11.2421148063 8.9167280414 5.7078212227 4.7521349758 2.6900873272 3.6151021026 5.3894018679 6.3103637911 5.4447337583
