Models/Synthetic/Density/temp_raster_pop.asc
NCOLS 101
NROWS 101
XLLCORNER 3302900
YLLCORNER 3112000
CELLSIZE 4386.138614
NODATA_VALUE NaN
[rows 46 to 68 of 101, columns 0 to 51 of 101]
19.9779790178 19.9956614475 19.221272234 18.4766779416 17.6627465117 17.273496222 16.0076940852 15.1676776763 14.444572927 13.3831585014 12.8518638935 11.5539374254 10.6602400948 9.8949477329 9.1853219246 8.527616963 7.9689272469 7.4475030736 7.0286171466 6.5328477965 6.0754388808 5.6095502329 5.2877471983 5.0744834746 4.8906112006 4.7318934097 4.5792322796 4.4807291763 4.4124223216 4.3637959379 4.2907895546 4.2052495246 4.1216507068 4.0927813764 4.0786842873 4.0823478695 4.1450100593 4.2208610218 4.3197176969 4.416678117 4.6336957442 4.7368466791 4.7160691567 4.7724970446 4.8440004424 4.909054403 4.962631872 5.0175804105 5.0635697258 5.0693010011 5.0530888765 5.0255768134
20.3851663915 19.2432291923 18.8194077406 18.0661154367 17.4182360179 16.5115027754 15.7261603719 15.1176255263 14.2650357869 13.2512340889 12.7682359996 11.4992804485 10.6342157579 9.9132697037 9.2412178429 8.6157957672 8.0597468905 7.7514309844 7.1437285641 6.8620908313 6.2194166667 5.7774013743 5.4422003468 5.1867022431 4.9880338422 4.8282042833 4.7060888274 4.6142278468 4.5536619197 4.5138925131 4.4828557739 4.3485573365 4.2334775208 4.1573391059 4.1266747456 4.1379713585 4.2329469545 4.7576743148 4.4376727796 4.4970352664 4.6129745866 4.7220040184 4.7862228528 4.8403741159 4.9053534066 4.9396189935 4.9775980314 5.0172297128 5.0568558121 5.0939982492 5.0321887968 4.9921649307
18.9173360777 18.7307579671 18.1837561991 17.8063228971 16.9115136374 16.1427120559 15.4075077569 14.6564182671 13.8452587385 13.0201028797 12.1771900592 11.4139167127 10.5889559275 9.9422121163 9.3833341776 8.6922217355 8.114660527 7.6322032523 7.2371841495 6.789228356 6.3723916735 5.9536701862 5.6159143218 5.3391274619 5.1158458447 4.9483151272 4.8264391349 4.7421359554 4.6886674251 4.6661452907 4.619492442 4.5157109734 4.3722485456 4.2590708463 4.2121063776 4.2206464532 4.3119171169 4.3938520205 4.4722483324 4.5078671605 4.5876847773 4.6941486673 4.8203352963 4.8598507846 4.9023997457 4.9465576761 4.9815046904 5.0187298484 5.0512196764 5.0443825839 5.0058989058 4.9535867503
19.0149882419 18.1098348867 17.6582735178 17.162089682 16.5124367325 15.8737024282 15.1430883675 14.4124881008 13.6043534981 12.8171813729 12.043967765 11.2426894867 10.5317353154 9.9233103063 9.5030293663 8.7214195336 8.1207707438 7.6487428071 7.2424612408 6.8531301947 6.49179956 6.1394240736 5.810276113 5.5028506862 5.2612156751 5.0784966564 4.9453079613 4.8546661972 4.8044716425 4.7803444391 4.7531979025 4.6797949034 4.5091104865 4.3828005823 4.324607972 4.3218045633 4.3551166575 4.4043703852 4.4589698332 4.5185540102 4.592652654 4.6898825828 4.773632803 4.8388060189 4.880216314 4.9325059482 4.9854981442 5.0300240967 5.0764949809 5.0572853845 5.0063322048 4.9242999052
17.7882040941 17.5694707971 17.608859503 16.6760002036 16.4706607838 15.4894265299 15.3697647727 14.1575726315 13.4016446903 12.8908748765 11.9632799266 11.1943977605 10.4680728289 9.897110675 9.3210571684 8.7590049165 8.1843927527 7.7203521435 7.3138675141 6.9508202587 6.6204758412 6.3308257818 5.9733188853 5.6682811007 5.4213447357 5.2303177478 5.0754061741 4.9640520194 4.9395410209 4.911655551 4.8765588853 4.7698747878 4.6456005001 4.5262028992 4.4430429279 4.4315284374 4.4474091798 4.4728458112 4.5056038883 4.55377146 4.6174543373 4.6866712678 4.751567915 4.8047761016 4.8587346152 4.9232774159 5.0276698213 5.0807681414 5.1169240461 5.2360275686 5.0081331957 4.9234403735
17.0437776638 16.9864326425 17.0404655236 16.6100193285 15.5456730497 15.0897021311 14.527784725 13.8959936937 13.2088336571 12.5920317445 12.3567520223 11.1658017862 10.4483931646 9.8668356179 9.4362298103 8.880548251 8.3779737606 7.849679271 7.4434242553 7.0723692061 6.7452146035 6.4264909768 6.1161317375 5.8275881675 5.6206085479 5.4264235056 5.2485316321 5.083327516 5.0311674561 5.4134760378 4.9319941977 4.8272144266 4.809367948 4.6351226361 4.556945588 4.5385276877 4.546764399 4.5576910327 4.5802401569 4.6195232452 4.6647462614 4.711130885 4.7521373606 4.7930126759 4.8444248216 4.9513626483 5.0607676998 5.2965534491 5.1022243197 5.016256686 4.9766205139 4.978243288
16.6580851273 16.3147212314 16.2305546308 15.586511096 15.071056643 14.6006902307 14.2144884301 13.5487566725 12.8903133217 12.8138576472 11.9070422239 11.1867102567 10.4778990774 9.9082393307 9.4708066314 9.6088030037 8.5372549555 8.0531020808 7.6312359518 7.229350867 6.8690980696 6.5429929296 6.2417677107 6.0309328786 5.8423687771 5.7333990785 5.416308816 5.2249229153 5.1377400185 5.0551810528 4.9813856909 4.8820097513 4.7972877288 4.7250835928 4.6582241086 4.639793645 4.6359023324 4.6458646582 4.7067507534 4.7463549151 4.7761449769 4.7578701717 4.7714930109 4.7966330676 4.8438842999 4.9435251794 5.2278623343 5.0708123347 5.0175705836 4.938915487 4.9026291586 4.8585672239
15.5996342084 15.6361457348 15.4804132392 15.0129986147 14.4986634435 14.5721570722 13.8361647811 13.2248285592 12.6417417488 12.1118192905 12.0307704308 11.1478814425 10.5068493173 9.9994787159 9.5789680686 9.0980697589 8.6662057147 8.2857795688 7.8232392956 7.3968071136 7.022407802 6.6824647175 6.3934294511 6.1976107671 6.4388017224 5.8086499633 5.6043835988 5.4119174498 5.2720261869 5.1325015981 5.0326801833 4.9393020931 4.8536880802 4.7908271739 4.7551668504 4.7354746962 4.7230415839 4.7290061753 4.8063090776 5.073897962 4.9030734442 4.8475091205 4.7969160814 4.8070804291 4.8560170415 4.9397416784 4.976665295 4.9813369657 4.9578441822 4.9272382229 4.8749414028 4.8074853671
14.6214531328 14.6828282699 14.6088401646 14.2913296689 13.9929445881 13.6767405303 13.3439735196 13.2545316387 12.7119055117 11.7551190103 11.3038949138 10.9007957157 10.5197523767 10.1404929916 9.692941066 9.140499685 8.7214538346 8.3401016447 7.9796935367 7.5466149821 7.1598422191 6.8133099231 6.5863180286 6.3800895043 6.1552712348 5.9114507923 5.7105493878 5.7422978866 5.4786818289 5.3384605122 5.2199567298 5.0500426219 4.9460056696 4.8812700805 4.8477490034 4.8304727389 4.8134895571 4.802861578 4.8673189777 4.9720990531 5.1451269351 4.8895325461 4.8250119616 4.8159815492 4.8541333012 4.9217586159 4.904114928 4.9045185444 4.9314778106 4.9951794497 4.8682546497 4.8036499644
13.6791557277 13.7545359171 13.8638705084 13.5448314869 13.7399887679 13.2413886902 12.751163988 12.5539985462 11.9230548111 11.4290244943 11.0045525733 10.682656296 10.3893024927 10.4626464717 9.6429105191 9.2205668854 8.9792087206 8.3731668946 7.9875161769 7.7144692703 7.2608180449 6.9303481677 6.703959336 6.7074312311 6.2796069627 6.0191626786 5.8106160493 5.6631665547 5.6024928234 5.7415775946 5.363466794 5.1753132406 5.0551556628 4.9693984451 4.930116511 4.9344392599 4.914750552 4.8871388668 4.8644034093 4.9108290658 4.9219702957 4.9096827004 4.8312420292 4.8183147599 4.843910088 4.8642060407 4.8774217932 4.8798396274 4.9106350101 4.9025880427 4.8720962135 4.8272922093
12.981415764 12.9933285655 12.9544204047 12.874016333 12.6990986129 12.4678501045 12.1852689591 11.8372265444 11.515569631 11.1329160773 10.827261006 10.5488933139 10.3160246282 9.9283761557 9.5873614853 9.39685957 8.824340648 8.4052049188 8.036177102 7.7015128915 7.3788410208 7.0563609034 6.8702895214 6.6796156612 6.8739922726 6.1329518826 5.8792986303 5.7223069699 5.6560251979 5.5563884519 5.4420325888 5.3175536545 5.1763422545 5.0772681717 4.9871022878 4.9958005295 5.0583726945 4.935661509 4.9074392812 4.8925624176 4.8937211622 4.8465303302 4.8309709517 4.8218255551 4.8302797359 4.8478120299 4.8660012071 4.9269150116 4.9330060537 4.9249102602 4.8674885915 4.8713756894
12.3324342782 12.4030026341 12.3668955397 12.3056019827 12.1556991832 11.9483126179 11.6733706499 11.4259627357 11.176089857 10.942090877 10.712455092 10.5055168538 10.2251148927 9.9025473138 9.5782330652 9.2108904154 8.8486582027 8.4590663074 8.1271162558 7.8578446098 7.5624084282 7.2794861381 7.0118465467 6.9930419425 6.5513539535 6.2711014426 6.0079195184 5.8373928902 5.733674798 5.6116408332 5.485870902 5.3584134283 5.6629517636 5.1177848378 5.0152796856 5.0148270963 5.0080561448 4.954207031 4.9230265411 5.0901349322 4.8873001838 4.8449969256 4.8399718696 4.8460869923 4.8507511827 4.8647705572 4.9111240281 4.9772741864 5.4184984687 4.9533124975 4.9093123012 4.9360681499
11.8533502058 11.8960083848 11.9102078836 11.9365007533 12.0076504381 11.6403828111 11.3565205495 11.150238766 10.9744485662 10.8156376679 10.6744005756 10.4834256379 10.2641451672 10.0168388152 9.659893759 9.308263581 8.9603959693 8.6292331095 8.3273443204 8.0844459601 8.0056135823 7.534205622 7.2506032519 6.969077568 6.6993401698 6.4113868078 6.1861686216 6.005379417 5.8844948486 5.9307154304 5.585400246 5.4329616295 5.2752362703 5.1503595325 5.029257316 4.995481234 4.9691254425 4.936355874 4.9371160669 4.9219232226 4.9151055718 4.8825764595 4.9307862289 4.9390215137 4.9380548618 4.9040194184 4.9476737789 5.1034754362 5.0370013134 5.0208782337 4.9879346131 5.0282840186
11.4708050592 11.5103174344 11.562294083 11.6090359231 11.7540904215 11.3989351626 11.158459624 11.0018036069 10.8735690346 10.7856888122 10.683217741 10.5485943703 10.3516335728 10.1269718144 9.8741190667 9.5490857133 9.2154429161 8.8887304041 8.6133267575 8.4319439203 8.1668699554 7.885342903 7.5344666317 7.235450654 6.9456893535 6.6459732591 6.4110674916 6.2182128897 6.0889063043 5.9295275185 5.7887549602 5.550777614 5.3509820933 5.1538620595 5.054925436 5.005624515 4.9744484322 4.9477291844 4.9278172266 4.926820179 4.9405382291 4.9643679456 5.0224434563 5.4552502964 5.002531638 4.9511626964 4.9849679022 5.0199871843 5.0903746556 5.1020756818 5.1307284464 5.1463142124
11.2027398707 11.2554924134 11.3305047027 11.337446467 11.2802421713 11.1655923519 11.0421449999 10.9405930013 10.8656853899 10.8184135364 10.7838323624 10.6438480949 10.4693880219 10.2890047351 10.0999012212 9.8832199116 9.504783307 9.253014643 9.021882414 8.8115063857 8.9659736281 8.2027518804 7.880620688 7.7170609018 7.2312416432 6.9190121067 6.6672600118 6.4557072084 6.269071196 6.1034176046 5.9238640114 5.8852219604 5.4446607134 5.2236853047 5.1091146418 5.0539312531 5.0206143102 4.9902054724 4.9762284046 4.9878220835 5.025464046 5.0903947822 5.1530983425 5.1358794034 5.0772811172 5.0126711578 5.0176400761 5.0568922424 5.1445168229 5.3933272513 5.2564170838 5.2832591256
10.9903570518 11.5197572586 11.1765699131 11.2183721047 11.0289512421 10.9625281441 10.9699202853 10.9677986974 10.9562863615 10.9191379431 10.8733050197 10.7683948728 10.6415820393 10.4367712463 10.2976493702 10.0887695577 9.8641825151 9.6190560131 9.8443472177 9.2635351785 8.8701982541 8.9468003295 8.1703972329 7.8143823842 7.5122068782 7.2007474772 6.9274065081 6.6853878755 6.4643115 6.2479243862 6.0452315174 5.7812059376 5.5367399313 5.3120555203 5.198070085 5.1337651188 5.0891420886 5.0564018178 5.0489504697 5.0730067583 5.1256643399 5.1993935212 5.3003553391 5.1917301351 5.1294936388 5.1056288619 5.114985763 5.1556133516 5.2508867836 5.3171718268 5.3804197037 5.4303617107
10.8054821732 11.3808493883 11.2434731554 10.9567140337 10.8791517607 10.8671109288 10.9511252215 11.1244686304 11.0891587599 11.0762643388 11.0186308328 10.939092319 10.7825052221 10.599026595 10.4716743838 10.7514134816 10.2033463104 10.0591962448 9.8324465833 9.516798973 9.173091806 8.7877685521 8.4313359134 8.0605333581 7.7442004763 7.4481546011 7.1860686974 6.87724358 6.6203515519 6.3783690446 6.1053954886 5.8366303162 5.6024871419 5.4322951815 5.3165839471 5.2456991253 5.1792745649 5.1425145683 5.140801226 5.1738717723 5.2282508066 5.2986585111 5.3125031444 5.2924916876 5.2479227626 5.2427259598 5.2666605776 5.3226162521 5.3789828097 5.4352802242 5.4863812999 5.5806476497
10.5518660118 11.1409012321 11.0334427428 10.8323415081 10.8220688394 10.9069628046 11.0707626195 11.2058251087 11.2830893794 11.2143231563 11.1665926825 11.1729246936 10.9779438148 10.8210186815 10.7120012476 10.5987089743 10.5214463441 10.7836489522 10.1685016506 9.844904725 9.5176690421 9.1214927668 8.7454010652 8.3588905936 8.057672234 7.7296684327 7.3917392402 7.0558528183 6.7760487854 6.5122887769 6.2261333749 5.9589163475 5.7448098108 5.5817075267 5.495629619 5.3935423057 5.3195242295 5.2513381761 5.2537686114 5.2936234368 5.3530091763 5.3974850632 5.4426482616 5.4188422683 5.410879802 5.4066426285 5.44825305 5.5166526547 5.6085233573 5.606993083 5.6549882194 5.7522710687
10.3757964848 10.4787134572 10.6038188744 11.1206879917 10.8069115422 10.9790891928 11.6413634842 11.4360391736 11.3928857419 11.3445398652 11.3012192368 11.2613456669 11.2710697818 11.0778393213 10.9556605463 10.8561394485 10.7953718759 10.6908962189 10.5611314776 10.2497503044 9.8837320386 9.9156610682 9.0875052698 8.674247494 8.3944486226 8.4402544405 7.6379886015 7.2335604603 7.0033222442 6.7097780957 6.4227739655 6.1197739088 5.9074685741 5.7567806614 5.6363213082 5.7058999343 5.4332242691 5.3694687738 5.3908979976 5.4160854629 5.5047927342 5.5839169366 5.5901200419 5.7265411799 5.5375478647 5.5369600375 5.6100233808 5.7334913751 5.7628198479 5.8058537943 5.8596496939 5.962058058
10.3707127883 10.3669488856 10.420051889 10.5437251699 10.7669258924 11.0787387952 11.3682849839 11.9552748431 11.5171445568 11.4547008832 11.4564720851 11.4627006801 11.4297127668 11.3675845462 11.2648897658 11.1728235631 11.1179791562 11.0235130055 10.8639692744 10.5649202833 10.2633272369 9.8653610008 9.4652517377 8.9794971542 8.6560753378 8.7106858565 7.8887264762 7.4661388199 7.1878300808 7.33695504 6.6088558495 6.2988170984 6.0752023477 5.8919495538 5.7703969842 5.6352250031 5.5478448888 5.5000848617 5.5115938628 5.5481099572 5.6171321728 5.8395405276 5.6966793804 5.6480498161 5.6562493424 5.6693930226 5.7569019821 5.8503981221 5.9434823601 6.0082848097 6.1043204528 6.2280044718
10.6190476739 10.4204425141 10.3496001989 10.4657717152 10.7112061944 11.0351780164 11.5413104073 11.7105458277 11.6049622995 11.6431676379 11.7253073626 11.7783221513 11.7547143678 11.6988614266 11.6087587692 11.5194798328 11.4689231226 11.5883907173 11.2071313879 10.889352685 10.5355457581 10.3524928532 9.7502001076 9.2842906108 8.8980053415 8.507999593 8.1498640789 7.7027131132 7.4139897532 7.154436238 6.8611287801 6.525049483 6.2388373626 6.0426594074 5.8744592202 5.7369107766 5.6457599127 5.6252355285 5.6717066605 5.667663292 5.713734773 5.7371924556 5.7478008727 5.7361499272 5.7677571148 5.8307160022 5.9141635663 6.0215275076 6.1351774524 6.260532422 6.3948098187 6.5428747025
10.8189973114 10.4409493432 10.3999403237 10.545667081 10.7616927095 11.0603832302 11.3412505711 11.5368251039 11.6947085771 11.8488630826 12.145371769 12.2521188309 12.2751404318 12.1677814773 12.0017576493 11.9059069058 11.8864650457 11.8165204474 12.0399813821 11.2284090451 10.8687464544 10.5369529197 10.129638189 9.6543755838 9.1831129729 8.7693184394 8.3555585533 7.9510981485 7.6005434292 7.3687108159 7.4597845598 6.7190124729 6.418864634 6.2134512185 6.0839613407 5.9392557936 5.8382458248 5.776364109 5.7806447712 5.8033872988 5.8135101003 5.8201175499 5.8586940274 5.909769385 5.9679498278 6.0363576371 6.1348852178 6.2537548964 6.3952860431 6.5639628237 6.7349329859 6.8986895398
10.3509676069 10.4349220605 10.5561733895 10.6810757174 10.9111492254 11.1584143615 11.3639511414 11.5741799757 11.7976043604 12.0620632403 12.3435001848 12.8349825014 13.1931697678 12.6003937247 12.4589049541 12.3306403629 12.300650189 12.6361812077 12.0305549294 11.6689286208 11.3043895998 10.9458751023 10.7092533036 10.0596494202 9.5697569477 9.1011570653 8.6259535509 8.1992865529 7.876438053 7.5885649048 7.2670576062 6.9162235679 6.6156850864 6.4141022581 6.2868117206 6.5706116238 6.0198882646 5.9242857816 5.9485497917 5.9525573905 5.964187556 6.0023093615 6.0818610595 6.1789536165 6.243542726 6.2949936936 6.4099420641 6.5528902176 6.7007693615 6.8931929865 7.1233339792 7.2719686045
