0 1036.18423501571 850.000921723218 278.666728508516 1194.00190332883 1239.70712389455 1608.34727358152 1929.72523938691 1093.96400697429 246.829154024902 1375.4837950537 916.652587593492 188.800713949398 261.310017335689 1435.62277199084 1519.88075559086 254.326785676415 654.00702591143 939.907903223853 376.96367434058 171.302147054273 257.810561469979 555.519505747306 960.241690477646 265.327007769206 1408.38288779205 1246.01932818736 324.683837135392 182.047321615116 2240.11487294371 294.098820609078 228.372368369124 325.450901599554 1824.53423348644 1809.10396634654 1825.18855222809 1143.76699850973 172.715802395328 919.757207698348 1957.31124036073 967.144380860846 1334.16129764306 1541.92571619834 211.96663540749 1853.45577571298 812.290768985842 2115.0915345212 1784.11629410833 946.803349125357 1259.76377639854
1036.18423501571 0 540.586404576178 1297.05805621136 381.061491055644 508.680766739378 877.320916426344 1198.69888223173 281.023594701112 1265.22048172774 1066.06927790666 607.238070446451 1207.19204165224 1279.70134503853 1126.2082548438 1210.46623844382 1272.71811337926 399.137963309843 208.881546068676 1395.35500204342 1093.69347475711 1276.20188917282 682.468624963901 147.301278204462 1283.71833547205 1098.96837064501 936.60481104032 1343.07516483823 1176.43864931796 1509.08851578854 1312.49014831192 1246.76369607196 1343.84222930239 1093.50787633126 1078.07760919137 1094.16219507291 412.740641354552 1191.10713009817 140.730850543171 1226.28488320555 657.729863713806 1024.74678049601 1232.5111990513 1134.35796311033 1122.4294185578 502.876251838802 1384.06517736602 1053.08993695315 637.388831978317 950.349259251502
850.000921723219 540.586404576178 0 1110.87474291887 698.404072889297 744.109293455025 1112.74944314199 1434.12740894738 598.366176534765 1079.03716843525 552.613237341447 148.327484426689 1021.00872835975 1093.51803174604 612.752214278581 697.010197878603 1086.53480008677 212.954650017354 444.310072784323 1209.17168875093 907.510161464624 1090.01857588033 496.285311671412 464.643860038116 1097.53502217956 585.512330079793 423.148770475104 1156.89185154574 990.255336025467 1744.51704250418 1126.30683501943 1060.58038277948 1157.65891600991 1328.93640304691 1313.50613590701 1329.59072178856 648.169168070199 1004.92381680568 424.159377258818 1461.7134099212 144.273823148589 511.290739930798 719.055158486086 948.174649817841 1357.85794527345 207.602029455403 1619.49370408167 1288.5184636688 123.9327914131 436.893218686285
278.666728508516 1297.05805621136 1110.87474291887 0 1454.87572452447 1500.5809450902 1869.22109477717 2190.59906058256 1354.83782816994 446.707213630273 1636.35761624935 1177.52640878914 395.129080599592 461.188076941059 1696.49659318649 1780.75457678651 515.200606872064 914.880847107078 1200.7817244195 637.837495536229 432.175968249921 457.688621075349 816.393326942954 1221.11551167329 471.655374419399 1669.2567089877 1506.89314938301 585.557658331041 442.921142810764 2500.98869413936 500.427187259272 489.246189564773 531.779268249748 2085.40805468209 2069.97778754219 2086.06237342374 1404.64081970538 379.044169045522 1180.631028894 2218.18506155637 1228.01820205649 1595.0351188387 1802.79953739399 472.840456603139 2114.32959690863 1073.16459018149 2375.96535571684 2044.99011530398 1207.67717032101 1520.63759759419
1194.00190332883 381.061491055644 698.404072889296 1454.87572452448 0 666.498435052497 1035.13858473946 1356.51655054485 438.84126301423 1423.03815004086 1223.88694621978 765.05573875957 1365.00970996536 1437.51901335165 1284.02592315692 1368.28390675694 1430.53578169237 556.955631622962 366.699214381795 1553.17267035654 1251.51114307023 1434.01955748594 840.28629327702 305.118946517581 1441.53600378516 1256.78603895813 1094.42247935344 1500.89283315135 1334.25631763107 1666.90618410166 1470.30781662504 1404.58136438508 1501.65989761551 1251.32554464438 1235.89527750448 1251.97986338603 570.558309667671 1348.92479841129 298.54851885629 1384.10255151867 815.547532026924 1182.56444880913 1390.32886736442 1292.17563142345 1280.24708687092 660.69392015192 1541.88284567914 1210.90760526627 795.206500291436 1108.16692756462
1239.70712389455 508.680766739378 744.109293455025 1500.5809450902 666.498435052497 0 815.384065177965 1136.76203098336 566.460538697965 1468.74337060659 1269.59216678551 810.760959325298 1410.71493053109 1483.22423391738 1329.73114372264 1413.98912732267 1476.2410022581 602.66085218869 310.581058456661 1598.87789092227 1297.21636363596 1479.72477805167 885.991513842748 432.738222201316 1487.24122435089 1302.49125952386 1140.12769991917 1546.59805371708 1379.9615381968 1447.15166454016 1516.01303719076 1450.28658495081 1547.36511818124 1031.57102508288 1016.14075794299 1032.22534382453 343.191941908133 1394.63001897701 392.253739422019 1164.34803195717 861.252752592653 1228.26966937486 1436.03408793015 1337.88085198918 1060.49256730942 706.399140717649 1322.12832611764 991.153085704771 840.911720857164 1153.87214813035
1608.34727358152 877.320916426344 1112.74944314199 1869.22109477717 1035.13858473946 815.384065177965 0 343.578932657532 935.100688384931 1837.38352029356 1638.23231647248 1179.40110901226 1779.35508021805 1851.86438360434 1698.37129340961 1782.62927700963 1844.88115194507 971.301001875656 679.221208143627 1967.51804060923 1665.85651332293 1848.36492773863 1254.63166352971 801.378371888282 1855.88137403786 1671.13140921082 1508.76784960613 1915.23820340405 1748.60168788377 660.797004554078 1884.65318687773 1818.92673463778 1916.00526786821 245.216365096801 229.786097956908 239.042245498711 719.443939793139 1763.27016866398 760.893889108984 371.164933631346 1229.89290227962 1596.90981906183 1804.67423761712 1706.52100167614 267.3094689836 1075.03929040461 535.77366613156 197.969987378947 1209.55187054413 1522.51229781731
1929.72523938691 1198.69888223173 1434.12740894738 2190.59906058256 1356.51655054485 1136.76203098336 343.578932657532 0 1256.47865419032 2158.76148609895 1959.61028227787 1500.77907481765 2100.73304602344 2173.24234940973 2019.749259215 2104.00724281502 2166.25911775046 1292.67896768105 1000.59917394902 2288.89600641462 1987.23447912832 2169.74289354402 1576.0096293351 1122.75633769367 2177.25933984325 1992.50937501621 1830.14581541152 2236.61616920944 2069.97965368916 982.174970359468 2206.03115268312 2140.30470044317 2237.3832336736 566.594330902192 551.164063762298 560.420211304101 1040.82190559853 2084.64813446937 1082.27185491437 692.542899436736 1551.27086808501 1918.28778486722 2126.05220342251 2027.89896748153 588.68743478899 1396.41725621001 857.15163193695 519.347953184338 1530.92983634952 1843.8902636227
1093.96400697429 281.023594701112 598.366176534765 1354.83782816994 438.84126301423 566.460538697965 935.100688384931 1256.47865419032 0 1323.00025368633 1123.84904986525 665.017842405038 1264.97181361083 1337.48111699712 1183.98802680238 1268.24601040241 1330.49788533784 456.91773526843 266.661318027263 1453.13477400201 1151.4732467157 1333.98166113141 740.248396922488 205.081050163049 1341.49810743063 1156.7481426036 994.384582998907 1400.85493679682 1234.21842127654 1566.86828774712 1370.2699202705 1304.54346803055 1401.62200126098 1151.28764828985 1135.85738114995 1151.9419670315 470.520413313139 1248.88690205675 198.510622501758 1284.06465516414 715.509635672393 1082.5265524546 1290.29097100989 1192.13773506892 1180.20919051639 560.656023797388 1441.84494932461 1110.86970891174 695.168603936904 1008.12903121009
246.829154024902 1265.22048172774 1079.03716843525 446.707213630273 1423.03815004086 1468.74337060659 1837.38352029356 2158.76148609895 1323.00025368633 0 1604.52004176574 1145.68883430553 363.291506115979 429.350502457445 1664.65901870287 1748.9170023029 483.36303238845 883.043272623464 1168.94414993589 605.999921052615 400.338393766307 425.851046591735 784.555752459341 1189.27793718968 439.817799935786 1637.41913450409 1475.0555748994 553.720083847427 411.083568327151 2469.15111965575 468.589612775658 457.408615081159 499.941693766135 2053.57048019847 2038.14021305858 2054.22479894012 1372.80324522176 347.206594561908 1148.79345441038 2186.34748707276 1196.18062757288 1563.19754435509 1770.96196291038 441.002882119525 2082.49202242501 1041.32701569788 2344.12778123323 2013.15254082036 1175.83959583739 1488.80002311058
1375.4837950537 1066.06927790666 552.613237341447 1636.35761624935 1223.88694621978 1269.59216678551 1638.23231647248 1959.61028227787 1123.84904986525 1604.52004176574 0 673.810357757175 1546.49160169023 1619.00090507652 193.272850052008 162.324168878302 1612.01767341725 738.437523347839 969.792946114809 1734.65456208142 1432.99303479511 1615.50144921081 1021.7681850019 990.126733368601 1623.01789551004 370.03296585322 147.669406248531 1682.37472487623 1515.73820935595 2269.99991583467 1651.78970834991 1586.06325610996 1683.14178934039 1854.41927637739 1838.9890092375 1855.07359511905 1173.65204140068 1530.40669013616 949.642250589304 1987.19628325168 669.756696479075 295.811375704225 184.369129485785 1473.65752314833 1883.34081860393 733.084902785889 2144.97657741215 1814.00133699928 649.415664743586 221.413854459712
916.652587593492 607.238070446451 148.327484426689 1177.52640878914 765.05573875957 810.760959325298 1179.40110901226 1500.77907481765 665.017842405038 1145.68883430553 673.810357757175 0 1087.66039423002 1160.16969761631 733.949334694309 818.207318294331 1153.18646595704 279.606315887627 510.961738654597 1275.8233546212 974.161827334897 1156.6702417506 562.936977541685 531.295525908389 1164.18668804983 706.709450495521 544.345890890832 1223.54351741602 1056.90700189574 1811.16870837446 1192.9585008897 1127.23204864975 1224.31058188018 1395.58806891718 1380.15780177729 1396.24238765883 714.820833940472 1071.57548267595 490.811043129092 1528.36507579147 265.470943564317 632.487860346526 840.252278901814 1014.82631568811 1424.50961114372 274.253695325677 1686.14536995194 1355.17012953907 245.129911828828 558.090339102013
188.800713949398 1207.19204165224 1021.00872835975 395.129080599592 1365.00970996536 1410.71493053109 1779.35508021805 2100.73304602344 1264.97181361083 363.291506115979 1546.49160169023 1087.66039423002 0 377.772369426765 1606.63057862737 1690.88856222739 425.334592312946 825.01483254796 1110.91570986038 547.971480977111 342.309953690803 374.272913561055 726.527312383837 1131.24949711418 311.001169455123 1579.39069442858 1417.02713482389 495.691643771923 353.055128251646 2411.12267958024 339.772982294996 399.380175005655 441.91325369063 1995.54204012297 1980.11177298307 1996.19635886462 1314.77480514626 289.178154486404 1090.76501433488 2128.31904699726 1138.15218749738 1505.16910427959 1712.93352283487 382.974442044021 2024.46358234951 983.298575622373 2286.09934115773 1955.12410074486 1117.81115576189 1430.77158303507
261.310017335689 1279.70134503853 1093.51803174604 461.188076941059 1437.51901335165 1483.22423391738 1851.86438360434 2173.24234940973 1337.48111699712 429.350502457445 1619.00090507652 1160.16969761631 377.772369426765 0 1679.13988201366 1763.39786561368 497.843895699236 897.524135934251 1183.42501324667 620.480784363401 414.819257077094 440.331909902522 799.036615770127 1203.75880050047 454.298663246572 1651.89999781487 1489.53643821018 568.200947158213 425.564431637937 2483.63198296653 483.070476086444 471.889478391945 514.422557076921 2068.05134350926 2052.62107636936 2068.70566225091 1387.28410853255 361.687457872694 1163.27431772117 2200.82835038355 1210.66149088367 1577.67840766588 1785.44282622116 455.483745430311 2096.9728857358 1055.80787900866 2358.60864454402 2027.63340413115 1190.32045914818 1503.28088642136
1435.62277199084 1126.2082548438 612.752214278581 1696.49659318649 1284.02592315692 1329.73114372264 1698.37129340961 2019.749259215 1183.98802680238 1664.65901870287 193.272850052008 733.949334694309 1606.63057862737 1679.13988201366 0 337.669810589164 1672.15665035439 798.576500284973 1029.93192305194 1794.79353901855 1493.13201173224 1675.64042614795 1081.90716193903 1050.26571030573 1683.15687244718 430.171942790354 207.808383185665 1742.51370181336 1575.87718629309 2330.1388927718 1711.92868528705 1646.20223304709 1743.28076627752 1914.55825331453 1899.12798617463 1915.21257205618 1233.79101833782 1590.5456670733 1009.78122752644 2047.33526018881 729.895673416209 355.950352641359 359.714771196647 1533.79650008546 1943.47979554107 793.223879723023 2205.11555434928 1874.14031393642 709.55464168072 281.552831396846
1519.88075559086 1210.46623844382 697.010197878603 1780.75457678651 1368.28390675694 1413.98912732267 1782.62927700963 2104.00724281502 1268.24601040241 1748.9170023029 162.324168878302 818.207318294331 1690.88856222739 1763.39786561368 337.669810589164 0 1756.41463395441 882.834483884996 1114.18990665196 1879.05152261857 1577.38999533227 1759.89840974797 1166.16514553905 1134.52369390576 1767.4148560472 514.429926390377 292.066366785687 1826.77168541338 1660.13516989311 2414.39687637182 1796.18666888707 1730.46021664712 1827.53874987755 1998.81623691455 1983.38596977465 1999.4705556562 1318.04900193784 1674.80365067332 1094.03921112646 2131.59324378884 814.153657016231 440.208336241382 328.766090022941 1618.05448368548 2027.73777914109 877.481863323045 2289.37353794931 1958.39829753644 793.812625280742 365.810814996868
254.326785676415 1272.71811337926 1086.53480008677 515.200606872063 1430.53578169237 1476.2410022581 1844.88115194507 2166.25911775046 1330.49788533784 483.36303238845 1612.01767341725 1153.18646595704 425.334592312946 497.843895699236 1672.15665035439 1756.41463395441 0 890.540904274977 1176.4417815874 578.410061976233 407.83602541782 494.344439833526 792.053384110853 1196.77556884119 501.860886132753 1644.9167661556 1482.55320655091 526.130224771045 418.581199978663 2476.64875130726 530.632698972625 429.818756004778 561.984779963102 2061.06811184998 2045.63784471009 2061.72243059164 1380.30087687328 409.249680758875 1156.2910860619 2193.84511872427 1203.67825922439 1570.6951760066 1778.45959456189 448.500513771038 2089.98965407653 1048.82464734939 2351.62541288474 2020.65017247187 1183.3372274889 1496.29765476209
654.00702591143 399.137963309843 212.954650017354 914.880847107078 556.955631622962 602.66085218869 971.301001875656 1292.67896768105 456.91773526843 883.043272623464 738.437523347839 279.606315887627 825.01483254796 897.524135934251 798.576500284974 882.834483884996 890.540904274977 0 302.861631517989 1013.17779293914 711.516265652835 894.024680068541 300.291415859623 323.195418771781 901.541126367768 771.336616086186 608.973056481497 960.897955733954 794.261440213678 1603.06860123785 930.31293920764 864.586486967686 961.665020198116 1187.48796178057 1172.05769464068 1188.14228052223 506.720726803864 808.92992099389 282.710935992484 1320.26496865486 330.098109154982 697.115025937191 904.879444492479 752.180754006052 1216.40950400711 175.244497279978 1478.04526281533 1147.07002240246 309.757077419493 622.717504692678
939.907903223853 208.881546068676 444.310072784323 1200.7817244195 366.699214381795 310.581058456661 679.221208143627 1000.59917394902 266.661318027263 1168.94414993589 969.792946114809 510.961738654596 1110.91570986038 1183.42501324667 1029.93192305194 1114.18990665197 1176.4417815874 302.861631517989 0 1299.07867025157 997.417142965258 1179.92555738096 586.192293172047 132.939001530614 1187.44200368019 1002.69203885316 840.328479248466 1246.79883304638 1080.1623175261 1310.98880750582 1216.21381652006 1150.48736428011 1247.56589751054 895.408168048542 879.977900908649 896.062486790196 214.640933071834 1094.83079830631 92.4545187513168 1028.18517492283 561.453531921951 928.47044870416 1136.23486725945 1038.08163131848 924.329710275085 406.599920046947 1185.9654690833 854.990228670432 541.112500186462 854.072927459647
376.96367434058 1395.35500204342 1209.17168875093 637.837495536229 1553.17267035654 1598.87789092227 1967.51804060923 2288.89600641462 1453.13477400201 605.999921052615 1734.65456208142 1275.8233546212 547.971480977111 620.480784363401 1794.79353901855 1879.05152261857 578.410061976233 1013.17779293914 1299.07867025157 0 530.472914081985 616.981328497691 914.690272775019 1319.41245750536 624.497774796918 1767.55365481976 1605.19009521507 648.767113435211 541.218088642828 2599.28563997143 653.26958763679 552.455644668943 684.621668627267 2183.70500051415 2168.27473337426 2184.3593192558 1502.93776553744 531.88656942304 1278.92797472606 2316.48200738844 1326.31514788856 1693.33206467077 1901.09648322606 571.137402435203 2212.62654274069 1171.46153601355 2474.26230154891 2143.28706113604 1305.97411615307 1618.93454342625
171.302147054273 1093.69347475711 907.510161464623 432.175968249921 1251.51114307023 1297.21636363596 1665.85651332293 1987.23447912832 1151.4732467157 400.338393766307 1432.99303479511 974.161827334897 342.309953690803 414.819257077094 1493.13201173224 1577.38999533227 407.83602541782 711.516265652835 997.417142965258 530.472914081985 0 411.319801211384 613.028745488711 1017.75093021905 418.836247510611 1465.89212753346 1303.52856792877 478.193076876797 311.556561356521 2297.62411268512 447.608060350483 381.881608110529 478.960141340959 1882.04347322784 1866.61320608795 1882.6977919695 1201.27623825113 326.225042136733 977.266447439753 2014.82048010213 1024.65362060225 1391.67053738446 1599.43495593975 255.310388523801 1910.96501545438 869.800008727247 2172.6007742626 1841.62553384973 1004.31258886676 1317.27301613995
257.810561469979 1276.20188917282 1090.01857588033 457.688621075349 1434.01955748594 1479.72477805167 1848.36492773863 2169.74289354402 1333.98166113141 425.851046591735 1615.50144921082 1156.6702417506 374.272913561055 440.331909902522 1675.64042614795 1759.89840974797 494.344439833526 894.024680068541 1179.92555738096 616.981328497691 411.319801211384 0 795.537159904417 1200.25934463476 450.799207380862 1648.40054194916 1486.03698234447 564.701491292503 422.064975772227 2480.13252710082 479.571020220734 468.390022526235 510.923101211211 2064.55188764355 2049.12162050365 2065.2062063852 1383.78465266684 358.188002006984 1159.77486185546 2197.32889451784 1207.16203501796 1574.17895180017 1781.94337035545 451.984289564601 2093.47342987009 1052.30842314295 2355.10918867831 2024.13394826544 1186.82100328247 1499.78143055565
555.519505747306 682.468624963902 496.285311671412 816.393326942954 840.28629327702 885.991513842749 1254.63166352971 1576.0096293351 740.248396922489 784.555752459341 1021.7681850019 562.936977541685 726.527312383837 799.036615770127 1081.90716193903 1166.16514553905 792.053384110853 300.291415859623 586.192293172047 914.690272775019 613.028745488711 795.537159904417 0 606.526080425839 803.053606203644 1054.66727774024 892.303718135555 862.41043556983 695.773920049554 1886.39926289191 831.825419043516 766.098966803563 863.177500033993 1470.81862343463 1455.38835629474 1471.47294217628 790.051388457922 710.442400829766 566.041597646542 1603.59563030892 613.42877080904 980.445687591249 1188.21010614654 653.693233841929 1499.74016566117 458.575158934036 1761.37592446939 1430.40068405652 593.087739073551 906.048166346736
960.241690477645 147.301278204462 464.643860038115 1221.11551167329 305.118946517581 432.738222201316 801.378371888282 1122.75633769367 205.081050163049 1189.27793718968 990.126733368601 531.295525908389 1131.24949711418 1203.75880050047 1050.26571030573 1134.52369390576 1196.77556884119 323.195418771781 132.939001530614 1319.41245750536 1017.75093021905 1200.25934463476 606.526080425839 0 1207.77579093398 1023.02582610695 860.662266502258 1267.13262030017 1100.49610477989 1433.14597125047 1236.54760377386 1170.8211515339 1267.89968476433 1017.5653317932 1002.1350646533 1018.21965053485 336.79809681649 1115.16458556011 64.7883060051091 1150.34233866749 581.787319175743 948.804235957952 1156.56865451324 1058.41541857227 1046.48687401974 426.933707300739 1308.12263282796 977.147392415088 561.446287440254 874.406714713439
265.327007769206 1283.71833547205 1097.53502217956 471.655374419399 1441.53600378516 1487.24122435089 1855.88137403786 2177.25933984325 1341.49810743063 439.817799935786 1623.01789551004 1164.18668804983 311.001169455123 454.298663246572 1683.15687244718 1767.4148560472 501.860886132753 901.541126367767 1187.44200368019 624.497774796918 418.836247510611 450.799207380862 803.053606203644 1207.77579093398 0 1655.91698824839 1493.5534286437 572.21793759173 429.581422071454 2487.64897340005 416.299276114803 475.906468825462 518.439547510438 2072.06833394277 2056.63806680288 2072.72265268443 1391.30109896607 365.704448306211 1167.29130815469 2204.84534081706 1214.67848131718 1581.69539809939 1789.45981665468 459.500735863828 2100.98987616932 1059.82486944218 2362.62563497753 2031.65039456466 1194.3374495817 1507.29787685488
1408.38288779205 1098.96837064501 585.512330079793 1669.2567089877 1256.78603895813 1302.49125952386 1671.13140921082 1992.50937501621 1156.7481426036 1637.41913450409 370.03296585322 706.709450495521 1579.39069442858 1651.89999781487 430.171942790354 514.429926390377 1644.9167661556 771.336616086186 1002.69203885316 1767.55365481976 1465.89212753346 1648.40054194916 1054.66727774024 1023.02582610695 1655.91698824839 0 240.568498986877 1715.27381761457 1548.6373020943 2302.89900857302 1684.68880108826 1618.96234884831 1716.04088207874 1887.31836911574 1871.88810197585 1887.97268785739 1206.55113413903 1563.30578287451 982.54134332765 2020.09537599003 702.655789217421 319.365304825936 536.474886997859 1506.55661588667 1916.23991134228 765.983995524235 2177.8756701505 1846.90042973763 682.314757481932 244.967783581423
1246.01932818736 936.604811040321 423.148770475104 1506.89314938301 1094.42247935344 1140.12769991917 1508.76784960613 1830.14581541152 994.384582998907 1475.0555748994 147.669406248531 544.345890890832 1417.02713482389 1489.53643821018 207.808383185665 292.066366785687 1482.55320655091 608.973056481497 840.328479248466 1605.19009521507 1303.52856792877 1486.03698234447 892.303718135555 860.662266502258 1493.5534286437 240.568498986877 0 1552.91025800989 1386.27374248961 2140.53544896833 1522.32524148357 1456.59878924362 1553.67732247405 1724.95480951105 1709.52454237116 1725.6091282527 1044.18757453434 1400.94222326982 820.177783722961 1857.73181638534 540.292229612732 166.346908837882 314.11132739317 1344.19305628198 1753.87635173759 603.620435919546 2015.51211054581 1684.53687013294 519.951197877243 91.9493875933689
324.683837135392 1343.07516483823 1156.89185154574 585.557658331041 1500.89283315135 1546.59805371708 1915.23820340405 2236.61616920944 1400.85493679682 553.720083847427 1682.37472487623 1223.54351741602 495.691643771923 568.200947158213 1742.51370181336 1826.77168541338 526.130224771045 960.897955733954 1246.79883304638 648.767113435211 478.193076876797 564.701491292503 862.41043556983 1267.13262030017 572.21793759173 1715.27381761457 1552.91025800989 0 488.93825143764 2547.00580276624 600.989750431602 500.175807463755 632.341831422079 2131.42516330896 2115.99489616907 2132.07948205061 1450.65792833225 479.606732217852 1226.64813752087 2264.20217018325 1274.03531068337 1641.05222746558 1848.81664602087 518.857565230015 2160.3467055355 1119.18169880837 2421.98246434372 2091.00722393085 1253.69427894788 1566.65470622107
182.047321615116 1176.43864931796 990.255336025466 442.921142810764 1334.25631763107 1379.9615381968 1748.60168788377 2069.97965368916 1234.21842127654 411.083568327151 1515.73820935595 1056.90700189574 353.055128251646 425.564431637937 1575.87718629309 1660.13516989311 418.581199978663 794.261440213678 1080.1623175261 541.218088642828 311.556561356521 422.064975772227 695.773920049554 1100.49610477989 429.581422071454 1548.6373020943 1386.27374248961 488.93825143764 0 2380.36928724596 458.353234911326 392.626782671372 489.705315901802 1964.78864778868 1949.35838064879 1965.44296653034 1284.02141281198 336.970216697576 1060.0116220006 2097.56565466297 1107.39879516309 1474.4157119453 1682.18013050059 352.221049709738 1993.71019001523 952.54518328809 2255.34594882344 1924.37070841057 1087.05776342761 1400.01819070079
2240.11487294371 1509.08851578854 1744.51704250418 2500.98869413936 1666.90618410166 1447.15166454016 660.797004554078 982.174970359468 1566.86828774712 2469.15111965575 2269.99991583467 1811.16870837446 2411.12267958024 2483.63198296653 2330.1388927718 2414.39687637183 2476.64875130726 1603.06860123785 1310.98880750582 2599.28563997143 2297.62411268512 2480.13252710082 1886.39926289191 1433.14597125047 2487.64897340005 2302.89900857302 2140.53544896833 2547.00580276624 2380.36928724596 0 2516.42078623992 2450.69433399997 2547.7728672304 795.04283896204 745.167983810715 877.638283200647 1351.21153915533 2395.03776802617 1392.66148847118 1009.76097133328 1861.66050164181 2228.67741842402 2436.44183697931 2338.28860103834 905.905506685537 1706.80688976681 1051.15555198537 836.566025080884 1841.31946990632 2154.27989717951
294.098820609078 1312.49014831192 1126.30683501943 500.427187259272 1470.30781662504 1516.01303719076 1884.65318687773 2206.03115268312 1370.2699202705 468.589612775658 1651.78970834991 1192.9585008897 339.772982294996 483.070476086444 1711.92868528705 1796.18666888707 530.632698972625 930.312939207639 1216.21381652006 653.26958763679 447.608060350483 479.571020220734 831.825419043516 1236.54760377386 416.299276114803 1684.68880108826 1522.32524148357 600.989750431602 458.353234911326 2516.42078623992 0 504.678281665334 547.21136035031 2100.84014678265 2085.40987964275 2101.4944655243 1420.07291180594 394.476261146083 1196.06312099456 2233.61715365693 1243.45029415706 1610.46721093927 1818.23162949455 488.2725487037 2129.76168900919 1088.59668228205 2391.39744781741 2060.42220740454 1223.10926242157 1536.06968969475
228.372368369124 1246.76369607196 1060.58038277948 489.246189564773 1404.58136438508 1450.28658495081 1818.92673463778 2140.30470044317 1304.54346803055 457.408615081159 1586.06325610996 1127.23204864975 399.380175005655 471.889478391945 1646.20223304709 1730.46021664712 429.818756004778 864.586486967686 1150.48736428011 552.455644668943 381.881608110529 468.390022526235 766.098966803563 1170.8211515339 475.906468825462 1618.96234884831 1456.59878924362 500.175807463755 392.626782671372 2450.69433399997 504.678281665334 0 536.030362655811 2035.11369454269 2019.6834274028 2035.76801328435 1354.34645956599 383.295263451584 1130.3366687546 2167.89070141698 1177.7238419171 1544.74075869931 1752.5051772546 422.546096463747 2064.03523676924 1022.8702300421 2325.67099557745 1994.69575516458 1157.38281018161 1470.3432374548
325.450901599554 1343.84222930239 1157.6589160099 531.779268249748 1501.65989761551 1547.36511818124 1916.00526786821 2237.3832336736 1401.62200126098 499.941693766135 1683.14178934039 1224.31058188018 441.91325369063 514.422557076921 1743.28076627752 1827.53874987755 561.984779963102 961.665020198116 1247.56589751054 684.621668627267 478.960141340959 510.923101211211 863.177500033992 1267.89968476433 518.439547510438 1716.04088207874 1553.67732247405 632.341831422079 489.705315901802 2547.7728672304 547.21136035031 536.030362655811 0 2132.19222777312 2116.76196063323 2132.84654651478 1451.42499279641 415.899681731357 1227.41520198503 2264.96923464741 1274.80237514753 1641.81929192974 1849.58371048503 519.624629694177 2161.11376999967 1119.94876327253 2422.74952880788 2091.77428839501 1254.46134341204 1567.42177068523
1824.53423348644 1093.50787633126 1328.93640304691 2085.40805468209 1251.32554464438 1031.57102508288 245.216365096801 566.594330902192 1151.28764828985 2053.57048019847 1854.41927637739 1395.58806891718 1995.54204012297 2068.05134350926 1914.55825331453 1998.81623691455 2061.06811184998 1187.48796178057 895.408168048542 2183.70500051415 1882.04347322784 2064.55188764355 1470.81862343463 1017.5653317932 2072.06833394277 1887.31836911574 1724.95480951105 2131.42516330896 1964.78864778868 795.04283896204 2100.84014678265 2035.11369454269 2132.19222777312 0 364.031932364869 462.057643743371 935.630899698054 1979.4571285689 977.0808490139 594.180331876006 1446.07986218453 1813.09677896674 2020.86119752203 1922.70796158106 490.32486722826 1291.22625030953 670.019500539522 420.985385623607 1425.73883044905 1738.69925772223
1809.10396634654 1078.07760919137 1313.50613590701 2069.97778754219 1235.89527750448 1016.14075794299 229.786097956908 551.164063762298 1135.85738114995 2038.14021305858 1838.9890092375 1380.15780177729 1980.11177298307 2052.62107636936 1899.12798617463 1983.38596977465 2045.63784471009 1172.05769464068 879.977900908649 2168.27473337426 1866.61320608795 2049.12162050365 1455.38835629474 1002.1350646533 2056.63806680288 1871.88810197584 1709.52454237116 2115.99489616907 1949.35838064879 745.167983810715 2085.40987964275 2019.6834274028 2116.76196063323 364.031932364869 0 446.627376603477 920.200632558161 1964.026861429 961.650581874007 578.750064736112 1430.64959504464 1797.66651182685 2005.43093038214 1907.27769444117 474.894600088366 1275.79598316964 620.144645388197 405.555118483714 1410.30856330915 1723.26899058234
1825.18855222809 1094.16219507291 1329.59072178856 2086.06237342374 1251.97986338603 1032.22534382453 239.042245498711 560.420211304101 1151.9419670315 2054.22479894012 1855.07359511905 1396.24238765883 1996.19635886462 2068.70566225091 1915.21257205618 1999.4705556562 2061.72243059164 1188.14228052223 896.062486790196 2184.3593192558 1882.6977919695 2065.2062063852 1471.47294217628 1018.21965053485 2072.72265268443 1887.97268785739 1725.6091282527 2132.07948205061 1965.44296653034 877.638283200647 2101.4944655243 2035.76801328435 2132.84654651478 462.057643743371 446.627376603477 0 936.285218439708 1980.11144731055 977.735167755554 588.006212277915 1446.73418092619 1813.7510977084 2021.51551626368 1923.36228032271 484.150747630169 1291.88056905118 752.614944778129 414.811266025516 1426.3931491907 1739.35357646388
1143.76699850973 412.740641354552 648.169168070199 1404.64081970538 570.558309667671 343.191941908133 719.443939793139 1040.82190559853 470.520413313139 1372.80324522176 1173.65204140068 714.820833940472 1314.77480514626 1387.28410853255 1233.79101833782 1318.04900193784 1380.30087687328 506.720726803864 214.640933071834 1502.93776553744 1201.27623825113 1383.78465266684 790.051388457922 336.79809681649 1391.30109896607 1206.55113413903 1044.18757453434 1450.65792833225 1284.02141281198 1351.21153915533 1420.07291180594 1354.34645956599 1451.42499279642 935.630899698054 920.200632558161 936.285218439708 0 1298.68989359219 296.313614037192 1068.40790657234 765.312627207827 1132.32954399004 1340.09396254532 1241.94072660435 964.552441924597 610.459015332822 1226.18820073281 895.212960319944 744.971595472338 1057.93202274552
172.715802395328 1191.10713009817 1004.92381680568 379.044169045522 1348.92479841129 1394.63001897701 1763.27016866398 2084.64813446937 1248.88690205675 347.206594561908 1530.40669013616 1071.57548267595 289.178154486404 361.687457872694 1590.5456670733 1674.80365067332 409.249680758875 808.92992099389 1094.83079830631 531.88656942304 326.225042136733 358.188002006984 710.442400829766 1115.16458556011 365.704448306211 1563.30578287451 1400.94222326982 479.606732217852 336.970216697576 2395.03776802617 394.476261146083 383.295263451584 415.899681731357 1979.4571285689 1964.026861429 1980.11144731055 1298.68989359219 0 1074.68010278081 2112.23413544319 1122.06727594331 1489.08419272552 1696.8486112808 366.88953048995 2008.37867079544 967.213664068302 2270.01442960366 1939.03918919079 1101.72624420782 1414.686671481
919.757207698348 140.730850543172 424.159377258818 1180.631028894 298.54851885629 392.253739422019 760.893889108985 1082.27185491437 198.510622501758 1148.79345441038 949.642250589304 490.811043129091 1090.76501433488 1163.27431772117 1009.78122752644 1094.03921112646 1156.2910860619 282.710935992484 92.4545187513168 1278.92797472606 977.266447439753 1159.77486185546 566.041597646542 64.7883060051091 1167.29130815469 982.54134332765 820.177783722961 1226.64813752087 1060.0116220006 1392.66148847118 1196.06312099456 1130.3366687546 1227.41520198503 977.0808490139 961.650581874007 977.735167755554 296.313614037192 1074.68010278081 0 1109.85785588819 541.302836396446 908.319753178655 1116.08417173394 1017.93093579297 1006.00239124044 386.449224521442 1267.63815004866 936.66290963579 520.961804660957 833.922231934142
1957.31124036073 1226.28488320555 1461.7134099212 2218.18506155637 1384.10255151867 1164.34803195717 371.164933631346 692.542899436736 1284.06465516414 2186.34748707276 1987.19628325168 1528.36507579147 2128.31904699726 2200.82835038355 2047.33526018882 2131.59324378884 2193.84511872427 1320.26496865486 1028.18517492283 2316.48200738844 2014.82048010213 2197.32889451784 1603.59563030892 1150.34233866749 2204.84534081706 2020.09537599003 1857.73181638534 2264.20217018325 2097.56565466297 1009.76097133328 2233.61715365694 2167.89070141698 2264.96923464741 594.180331876006 578.750064736112 588.006212277915 1068.40790657234 2112.23413544319 1109.85785588819 0 1578.85686905882 1945.87378584103 2153.63820439632 2055.48496845535 616.273435762805 1424.00325718382 884.737632910765 546.933954158152 1558.51583732333 1871.47626459652
967.144380860846 657.729863713806 144.273823148589 1228.0182020565 815.547532026925 861.252752592653 1229.89290227962 1551.27086808501 715.509635672393 1196.18062757288 669.756696479075 265.470943564317 1138.15218749738 1210.66149088367 729.895673416209 814.153657016231 1203.67825922439 330.098109154982 561.453531921951 1326.31514788856 1024.65362060225 1207.16203501796 613.42877080904 581.787319175743 1214.67848131718 702.655789217421 540.292229612732 1274.03531068337 1107.39879516309 1861.66050164181 1243.45029415706 1177.7238419171 1274.80237514753 1446.07986218453 1430.64959504464 1446.73418092619 765.312627207826 1122.06727594331 541.302836396446 1578.85686905882 0 628.434199068426 836.198617623714 1065.31810895547 1475.00140441108 324.745488593031 1736.63716321929 1405.66192280642 228.115213639374 554.036677823913
1334.16129764306 1024.74678049601 511.290739930798 1595.0351188387 1182.56444880913 1228.26966937486 1596.90981906183 1918.28778486722 1082.5265524546 1563.19754435509 295.811375704225 632.487860346526 1505.16910427959 1577.67840766588 355.950352641359 440.208336241382 1570.6951760066 697.115025937191 928.47044870416 1693.33206467077 1391.67053738446 1574.17895180017 980.445687591249 948.804235957952 1581.69539809939 319.365304825936 166.346908837882 1641.05222746558 1474.4157119453 2228.67741842402 1610.46721093927 1544.74075869931 1641.81929192974 1813.09677896674 1797.66651182685 1813.7510977084 1132.32954399004 1489.08419272552 908.319753178655 1945.87378584103 628.434199068426 0 462.253296848864 1432.33502573768 1842.01832119329 691.76240537524 2103.6540800015 1772.67883958863 608.093167332937 170.746193432428
1541.92571619834 1232.5111990513 719.055158486086 1802.79953739399 1390.32886736442 1436.03408793015 1804.67423761712 2126.05220342251 1290.29097100989 1770.96196291038 184.369129485785 840.252278901814 1712.93352283487 1785.44282622116 359.714771196647 328.766090022941 1778.45959456189 904.879444492479 1136.23486725945 1901.09648322606 1599.43495593975 1781.94337035545 1188.21010614654 1156.56865451324 1789.45981665468 536.474886997859 314.11132739317 1848.81664602087 1682.18013050059 2436.44183697931 1818.23162949455 1752.5051772546 1849.58371048503 2020.86119752203 2005.43093038214 2021.51551626368 1340.09396254532 1696.8486112808 1116.08417173394 2153.63820439632 836.198617623714 462.253296848864 0 1640.09944429297 2049.78273974857 899.526823930528 2311.41849855679 1980.44325814392 815.857585888225 387.855775604351
211.96663540749 1134.35796311033 948.174649817841 472.840456603139 1292.17563142345 1337.88085198918 1706.52100167614 2027.89896748153 1192.13773506892 441.002882119525 1473.65752314833 1014.82631568811 382.974442044021 455.483745430311 1533.79650008546 1618.05448368548 448.500513771038 752.180754006052 1038.08163131848 571.137402435203 255.310388523801 451.984289564601 653.693233841928 1058.41541857227 459.500735863828 1506.55661588667 1344.19305628198 518.857565230015 352.221049709738 2338.28860103834 488.2725487037 422.546096463747 519.624629694177 1922.70796158106 1907.27769444117 1923.36228032271 1241.94072660435 366.88953048995 1017.93093579297 2055.48496845535 1065.31810895547 1432.33502573768 1640.09944429297 0 1951.6295038076 910.464497080465 2213.26526261582 1882.29002220295 1044.97707721998 1357.93750449316
1853.45577571298 1122.4294185578 1357.85794527345 2114.32959690863 1280.24708687092 1060.49256730942 267.3094689836 588.68743478899 1180.20919051639 2082.49202242501 1883.34081860393 1424.50961114372 2024.46358234951 2096.9728857358 1943.47979554107 2027.73777914109 2089.98965407653 1216.40950400711 924.329710275085 2212.62654274069 1910.96501545438 2093.47342987009 1499.74016566117 1046.48687401974 2100.98987616932 1916.23991134228 1753.87635173759 2160.3467055355 1993.71019001523 905.905506685537 2129.76168900919 2064.03523676924 2161.11376999967 490.32486722826 474.894600088366 484.150747630169 964.552441924597 2008.37867079544 1006.00239124044 616.273435762805 1475.00140441108 1842.01832119329 2049.78273974857 1951.6295038076 0 1320.14779253607 780.882168263019 443.078489510406 1454.66037267559 1767.62079994877
812.290768985842 502.876251838802 207.602029455403 1073.16459018149 660.69392015192 706.399140717649 1075.03929040461 1396.41725621001 560.656023797389 1041.32701569788 733.084902785889 274.253695325677 983.298575622373 1055.80787900866 793.223879723023 877.481863323045 1048.82464734939 175.244497279978 406.599920046947 1171.46153601355 869.800008727247 1052.30842314295 458.575158934036 426.933707300739 1059.82486944218 765.983995524235 603.620435919546 1119.18169880837 952.54518328809 1706.80688976681 1088.59668228205 1022.8702300421 1119.94876327253 1291.22625030953 1275.79598316964 1291.88056905118 610.459015332822 967.213664068302 386.449224521442 1424.00325718382 324.745488593031 691.76240537524 899.526823930528 910.464497080465 1320.14779253607 0 1581.78355134429 1250.80831093142 304.404456857542 617.364884130727
2115.09153452119 1384.06517736602 1619.49370408167 2375.96535571684 1541.88284567914 1322.12832611764 535.77366613156 857.15163193695 1441.84494932461 2344.12778123323 2144.97657741215 1686.14536995194 2286.09934115773 2358.60864454402 2205.11555434929 2289.37353794931 2351.62541288474 1478.04526281533 1185.9654690833 2474.26230154891 2172.6007742626 2355.10918867831 1761.37592446939 1308.12263282796 2362.62563497753 2177.8756701505 2015.51211054581 2421.98246434372 2255.34594882344 1051.15555198537 2391.39744781741 2325.67099557745 2422.74952880788 670.019500539522 620.144645388197 752.614944778129 1226.18820073281 2270.01442960366 1267.63815004866 884.737632910764 1736.63716321929 2103.6540800015 2311.41849855679 2213.26526261582 780.882168263019 1581.78355134429 0 711.542686658366 1716.2961314838 2029.25655875699
1784.11629410833 1053.08993695315 1288.5184636688 2044.99011530398 1210.90760526627 991.153085704771 197.969987378947 519.347953184338 1110.86970891174 2013.15254082036 1814.00133699928 1355.17012953907 1955.12410074486 2027.63340413115 1874.14031393642 1958.39829753644 2020.65017247187 1147.07002240246 854.990228670432 2143.28706113604 1841.62553384973 2024.13394826544 1430.40068405652 977.147392415088 2031.65039456466 1846.90042973763 1684.53687013294 2091.00722393085 1924.37070841057 836.566025080884 2060.42220740454 1994.69575516458 2091.77428839501 420.985385623607 405.555118483714 414.811266025516 895.212960319944 1939.03918919079 936.66290963579 546.933954158152 1405.66192280642 1772.67883958863 1980.44325814392 1882.29002220295 443.078489510406 1250.80831093142 711.542686658366 0 1385.32089107094 1698.28131834412
