Models/Governance/Lutecia/Lutecia/setup/gis/guangdong/pop2010.asc
ncols        203
nrows        170
xllcorner    772304.531453123665
yllcorner    2320189.872179685626
cellsize     998.401570312526
NODATA_value -2147483647
[rows 0 to 38 of 170, columns 88 to 175 of 203]
1621 35 94 443 91 420 439 703 59 167 230 496 625 812 600 749 611 275 702 948 1238 875 457 1242 1036 749 250 114 5 3 0 0 0 0 12 180 486 70 0 11 471 158 0 0 0 117 60 0 0 0 0 0 0 40 17 3 36 34 0 0 0 186 368 506 128 49 0 0 0 0 0 0 0 0 0 0 0 0 0 0 0 0 0 0 0 0 86 82
0 46 271 479 135 0 65 175 111 7 0 320 478 676 380 762 191 1571 1244 577 327 889 641 172 302 665 1083 589 573 54 0 0 0 0 0 16 233 500 63 295 505 0 0 0 0 0 0 0 0 0 0 0 0 564 169 136 31 0 133 0 0 0 0 43 492 372 0 2 0 0 0 0 0 0 25 0 0 49 7 36 0 0 0 0 0 0 0 26
110 564 82 76 0 193 349 342 566 135 320 629 484 180 324 238 2487 1986 265 560 435 779 529 270 9 80 159 2 496 381 13 122 225 159 581 408 254 372 323 1722 622 1 0 56 185 83 102 0 0 0 76 24 56 423 24 466 60 0 0 0 0 0 0 6 394 9 57 174 0 0 0 69 55 71 91 0 18 178 136 27 0 0 49 55 0 0 0 0
0 0 0 157 0 19 105 360 703 151 314 573 430 344 563 971 2302 937 137 418 712 469 279 284 62 19 0 0 43 1 66 221 691 767 450 773 411 485 937 1276 799 255 0 314 355 260 81 0 0 0 0 82 256 14 156 759 358 0 0 0 0 134 294 126 104 96 152 2 0 0 78 57 229 61 87 0 163 86 0 0 0 8 309 72 0 0 0 0
0 0 0 0 0 77 240 26 226 537 683 333 1464 530 777 947 310 135 0 0 70 400 387 205 122 290 65 0 0 0 122 196 203 353 575 1325 1097 632 953 1409 611 730 318 425 409 176 188 0 0 0 57 57 88 113 352 242 152 27 306 69 52 480 449 200 195 0 0 2 91 37 164 172 254 220 230 210 117 0 0 0 20 277 87 0 0 0 0 0
0 0 0 0 0 10 0 0 9 247 308 551 663 1151 509 607 0 67 69 0 0 3 63 343 0 112 161 0 0 0 64 529 1181 459 717 301 974 807 528 424 438 441 694 769 446 520 70 204 108 0 122 102 56 304 12 318 162 66 259 367 186 247 165 0 135 32 0 0 0 47 103 324 119 62 27 60 59 136 0 0 64 102 16 0 0 0 93 13
0 0 0 0 0 74 4 0 82 696 1899 906 1348 876 84 0 0 0 0 0 0 0 0 0 0 0 0 0 0 0 0 123 787 63 827 659 929 502 505 318 201 105 46 512 285 363 412 221 171 5 112 149 0 740 0 287 106 0 86 374 7 24 0 0 155 129 0 0 40 138 54 71 0 0 0 156 262 13 13 44 36 28 0 0 0 0 24 67
0 28 0 0 0 416 458 0 391 749 954 312 297 1824 385 319 303 2 0 0 0 0 0 0 0 16 152 27 0 176 0 139 430 331 321 497 437 494 886 361 60 417 229 876 481 533 258 364 84 0 174 142 0 47 0 6 141 182 4 100 28 0 68 103 168 0 0 0 22 259 65 0 0 0 98 246 17 0 7 0 150 14 0 0 0 0 0 1
0 181 3052 3264 2705 140 649 565 462 288 1728 815 227 551 605 220 195 156 9 57 74 42 0 0 0 26 209 167 0 250 1 0 0 11 36 144 386 416 534 519 12 306 48 370 516 222 376 432 76 58 319 39 0 31 19 0 146 160 213 49 0 0 8 80 276 25 0 0 3 5 0 0 0 45 282 194 1 0 8 199 19 0 0 11 0 0 0 20
2 164 5145 6831 2879 300 1684 580 379 549 3216 1468 631 256 338 267 65 27 295 114 141 26 0 0 0 0 0 273 3 273 7 0 58 95 227 374 416 932 624 405 336 498 521 578 461 1079 590 486 186 800 498 1239 943 558 111 34 5 0 16 162 0 114 54 69 1 76 45 85 0 0 0 0 2 152 282 78 0 0 163 147 8 130 144 82 0 0 72 111
983 515 478 2932 2480 1416 2886 405 727 1315 2954 2386 475 4 213 83 235 465 694 380 0 0 0 0 0 0 1 299 104 277 67 0 116 80 0 0 206 211 200 321 822 1572 580 606 680 508 433 52 151 335 379 1295 182 105 1289 739 338 280 244 1 0 0 33 0 291 478 180 30 0 0 57 36 337 245 180 0 0 0 77 1 0 19 0 0 0 0 2 0
1278 1440 521 1450 1871 1542 1637 2478 658 2589 1227 934 1050 73 120 750 249 107 17 0 0 0 140 8 77 157 64 0 0 228 41 0 44 36 113 411 464 578 441 735 608 344 261 307 265 690 334 945 460 245 664 1484 1016 852 1012 607 374 0 72 0 0 0 0 0 110 16 5 0 0 0 0 0 0 0 0 29 61 292 287 19 0 0 0 0 0 0 0 0
2273 4082 2913 3342 2557 1538 4065 3692 1306 1370 1678 2108 1307 518 340 91 160 36 2 0 0 0 232 0 24 309 30 0 0 87 0 1 136 93 15 27 0 41 373 431 1066 724 1380 848 627 285 338 244 59 260 363 1271 448 89 452 279 57 72 0 0 0 0 0 40 228 15 0 0 0 0 0 0 0 48 363 541 309 292 92 0 0 0 38 117 15 0 0 48
3402 2848 1849 1975 2191 1309 1475 3816 3171 3994 938 770 245 313 136 570 642 263 29 110 13 230 277 0 69 89 68 90 21 0 0 0 0 0 0 0 265 377 156 202 434 468 383 215 421 392 317 140 310 261 198 105 155 106 98 195 0 0 0 31 0 0 48 174 272 1 118 13 0 0 9 0 41 55 441 503 97 44 214 0 0 16 228 259 0 0 0 145
524 917 2925 1710 1655 1552 2221 2955 1738 3407 4177 697 868 633 337 651 373 94 360 397 408 288 492 612 406 26 233 421 29 0 0 16 63 314 93 182 379 425 482 153 0 0 177 8 140 420 743 509 903 323 429 636 32 0 17 0 90 332 360 190 59 0 45 13 283 115 0 0 0 0 239 95 288 315 554 567 300 7 76 149 0 0 87 203 16 0 6 150
847 1993 2748 1769 2091 2746 3104 2283 1344 2216 4658 5044 0 202 417 369 749 297 83 0 123 485 473 239 491 469 553 223 39 0 63 186 498 505 555 485 172 284 374 117 86 132 117 892 806 1153 1178 1134 1005 686 529 214 93 0 0 0 2 283 118 300 164 82 0 0 46 300 43 0 8 159 288 375 312 324 474 1008 552 320 346 88 0 0 1 167 72 0 0 0
2014 1026 2390 2709 2154 2588 1554 493 1017 750 3359 7464 379 453 837 711 428 253 11 129 182 195 137 396 475 1385 1205 625 113 204 300 82 294 110 361 193 175 262 67 0 0 78 419 454 324 882 366 375 184 191 0 0 0 0 0 0 33 234 0 60 83 0 0 0 0 0 12 0 0 12 333 310 551 486 477 1039 202 299 161 116 0 0 5 200 16 0 0 55
2243 3757 4591 2966 5788 2267 1055 416 295 487 691 1027 1032 686 989 1276 322 107 0 16 99 0 149 291 40 1027 779 619 449 321 286 7 0 0 0 0 25 16 0 0 77 249 541 201 368 203 232 442 291 22 0 0 0 0 0 0 0 0 0 29 0 0 0 66 152 0 0 0 0 26 48 95 232 54 68 106 244 249 60 28 0 0 0 56 0 0 0 43
1984 3954 4157 1542 1168 651 588 732 346 872 965 1349 2844 706 363 3403 1064 196 59 0 0 113 0 0 0 1794 1593 511 94 77 199 475 370 64 0 2 160 149 0 0 13 0 108 567 682 307 248 282 67 0 0 0 0 0 0 8 39 0 0 0 0 0 0 91 220 77 0 0 1 46 0 0 2 83 5 75 0 1 21 34 0 0 0 0 119 0 0 0
4538 1554 2253 1468 769 736 659 1074 633 452 618 113 1169 3380 2179 2419 1793 1685 637 78 3 32 130 392 313 345 820 712 69 23 0 44 26 0 0 0 0 0 3 28 0 0 0 276 607 1605 418 501 219 396 89 0 0 0 0 25 54 0 0 0 0 0 0 0 14 0 0 3 113 119 91 5 0 0 24 319 137 133 19 76 72 0 0 0 39 0 0 0
5419 4625 2499 1043 1272 1100 1244 1368 698 491 397 3208 848 918 2954 1295 1523 752 2299 722 111 0 42 11 37 159 1601 635 442 540 124 70 161 0 0 0 0 0 8 342 171 280 348 173 749 692 865 403 406 32 0 0 0 0 0 0 0 0 0 0 0 0 0 0 0 0 0 0 0 0 164 186 53 76 26 127 184 293 265 13 256 122 0 1 11 209 46 187
4636 2252 1084 83 263 874 874 592 134 374 764 2065 501 1785 1354 1147 1951 1294 835 626 256 12 322 259 537 778 508 593 656 636 18 26 120 0 74 0 0 0 0 63 144 0 706 859 1054 430 1251 1169 273 201 21 0 1 7 0 0 0 0 0 0 0 0 0 0 0 0 0 0 0 0 179 1374 244 157 291 1 77 205 436 191 155 80 0 58 20 357 303 343
4322 1751 1367 1129 1106 189 1399 1088 75 14 652 566 1225 706 795 684 897 2247 160 261 1880 46 835 467 264 989 425 283 751 446 96 78 609 72 463 48 36 166 52 0 0 119 482 2172 701 1245 1471 632 461 494 276 47 8 158 0 0 0 0 0 0 0 0 0 0 0 0 0 0 0 0 322 1277 335 185 313 89 0 208 464 489 485 148 114 343 305 338 609 1182
4234 113 670 288 581 845 914 1461 819 17 249 31 2 22 389 870 739 695 883 845 1448 1379 706 785 596 335 203 663 324 121 52 65 611 554 990 1088 719 147 4 0 0 7 374 1564 1123 1199 1690 1310 756 45 299 177 0 0 0 0 0 0 0 0 0 0 0 0 0 0 0 0 0 0 343 418 433 191 338 23 0 143 332 461 513 477 247 380 438 707 1078 332
2508 0 119 77 11 196 0 157 424 492 1600 418 0 0 0 60 1659 2352 2185 1115 2169 1335 998 282 253 725 513 620 536 85 6 187 284 1192 1010 1615 904 1335 701 108 772 140 822 1294 1798 1798 1798 1505 1653 94 0 7 2 151 139 100 0 0 0 0 0 0 0 0 0 0 0 0 0 0 387 468 459 314 341 1 0 48 142 570 610 222 384 289 334 1485 834 9
1342 161 9 280 127 136 0 27 219 0 20 17 0 0 0 2 670 1608 2813 1339 1388 1301 218 419 274 1808 1432 1260 813 689 441 491 255 471 782 1339 818 623 583 1543 963 1398 841 781 1331 1752 1079 1065 1203 563 464 0 31 244 676 597 120 4 0 0 0 0 0 0 0 0 0 0 0 1 291 67 223 131 7 0 0 134 296 399 1322 670 348 629 57 71 0 0
665 252 385 223 526 129 0 0 0 0 0 0 71 0 0 0 369 1043 1329 1131 2142 1598 663 513 1238 878 883 672 493 1329 759 942 1956 1001 416 461 325 969 1133 152 490 275 1068 457 232 1040 1416 1077 1026 102 120 0 67 0 232 429 155 47 0 0 0 0 0 0 0 0 0 0 20 536 756 57 588 707 288 4 23 1300 1130 1369 1286 1100 556 414 367 183 15 0
0 0 261 2 0 86 0 0 0 0 0 186 93 0 0 0 675 319 1383 4427 4047 3894 743 35 201 568 339 362 723 1813 875 987 1832 1396 882 257 169 124 480 518 190 221 507 622 474 421 829 916 929 32 0 0 0 8 153 380 47 0 0 0 0 0 0 0 0 0 0 31 309 1037 333 218 140 326 277 9 77 635 1597 376 539 474 394 471 218 124 86 30
0 0 0 0 334 151 11 381 120 41 142 228 1139 0 0 127 418 534 3271 4174 1022 1465 960 90 791 332 503 666 532 556 544 1133 1093 1012 1411 279 331 320 514 500 745 1293 639 133 283 469 365 746 694 807 1240 68 7 0 108 718 141 6 0 0 0 0 83 89 0 0 0 279 252 861 564 191 380 190 112 238 320 925 528 833 328 196 276 953 821 141 13 2
66 235 251 264 434 0 38 82 29 359 403 689 1158 0 1092 892 655 434 1342 1434 1313 439 361 416 752 86 251 279 489 397 298 289 494 894 331 10 0 0 650 793 338 768 724 423 1206 341 1952 437 259 1933 2789 412 38 16 193 722 471 89 0 23 65 83 400 105 18 41 17 401 443 1010 1201 1608 58 338 435 855 1040 852 438 663 314 1 168 123 56 55 10 8
167 76 127 276 0 0 0 343 2474 151 51 3369 2143 0 0 643 165 0 1 260 911 496 517 79 78 28 320 922 305 229 202 261 302 603 450 364 244 69 488 1014 239 774 740 662 1929 594 1594 543 221 1137 986 1015 645 21 401 317 503 462 74 131 257 751 1982 340 721 442 220 705 786 2391 1803 698 197 267 635 1279 580 155 136 240 175 0 0 0 0 0 0 86
0 0 0 0 0 0 0 0 266 1143 674 0 0 0 0 85 206 0 0 54 513 639 353 1228 633 199 452 1047 488 397 1060 186 377 733 1158 225 257 831 222 327 716 749 173 391 397 53 606 327 468 913 197 328 577 311 571 663 525 1053 975 808 1285 1791 1671 437 869 783 509 1112 1112 2067 1175 329 91 459 801 398 858 396 63 166 109 0 0 0 5 155 109 137
0 0 0 0 0 0 0 0 0 0 0 0 0 0 0 0 0 0 0 0 0 3537 1208 1697 548 1 0 901 1439 765 2676 1227 268 511 730 813 664 289 360 12 161 475 478 262 232 573 663 804 691 440 1118 314 49 59 620 695 690 798 1094 654 573 720 1352 573 1093 777 573 848 684 1058 685 49 7 510 1028 1001 1054 443 135 84 46 0 0 0 47 135 266 201
222 0 0 0 0 0 0 0 0 0 0 0 0 0 0 0 0 0 0 622 2343 586 982 1858 1576 157 144 0 480 1742 1532 305 1042 411 501 741 603 536 795 831 671 431 619 558 360 809 1469 1328 1206 1264 1365 515 808 756 772 593 916 472 269 481 500 529 850 755 480 573 573 535 778 85 866 391 539 523 971 2302 1431 401 241 17 10 0 0 0 0 87 215 272
0 0 0 0 0 216 0 0 0 0 0 0 0 0 0 0 0 0 186 3424 3627 3843 1166 796 318 266 7 0 154 1368 2486 452 1386 190 1901 925 1307 1411 1288 1120 1881 2627 1069 2788 2901 862 1129 1518 909 944 1005 1035 605 666 924 1093 900 419 395 203 570 573 573 573 403 515 530 254 765 66 414 559 394 599 749 993 1323 941 96 0 438 5 245 5 45 134 414 673
20 0 860 0 0 0 0 0 0 0 0 0 0 0 0 139 2698 4875 6619 7431 1638 0 737 909 1010 183 26 250 476 489 881 498 1642 253 1760 581 656 576 1027 781 768 1337 841 2176 2112 637 828 947 505 1755 2405 309 704 433 1723 1812 573 487 1231 358 504 583 1595 1548 1046 71 33 0 142 423 671 494 411 829 931 632 231 346 555 446 647 414 1111 523 560 690 770 694
3372 2134 49 0 409 1186 0 0 0 12 2459 512 0 0 0 4 1267 3864 7032 5668 616 1302 1090 1354 1385 2044 297 722 1595 641 288 169 297 0 450 1164 206 1472 1242 998 953 1117 1441 1570 945 1187 1562 1031 1070 1252 968 1500 821 474 1370 2221 1255 1118 1481 218 286 953 708 836 528 101 0 0 32 348 1123 644 497 341 454 501 585 867 1763 1528 1321 671 578 494 573 857 572 201
1798 3030 409 28 5 2656 644 80 2410 614 90 1214 96 0 0 0 0 416 2490 8052 7942 5221 956 1143 0 312 837 1271 806 895 380 0 164 1306 1588 2923 2425 864 703 607 1938 816 911 3194 2184 843 1051 914 1602 1438 545 628 431 248 1022 785 1484 2575 1000 63 183 443 460 943 334 3 40 990 328 507 446 457 506 433 320 458 976 2136 1557 1242 629 487 1039 482 569 466 1148 128
1492 1680 2348 2276 1667 2161 2562 5663 583 7 0 0 0 99 285 1647 47 0 1043 2262 6928 5432 2142 1165 503 618 507 13 1547 3413 2344 2965 1738 3514 3125 3621 3065 1146 1055 708 816 824 1065 1298 1696 769 1436 816 1000 351 197 401 674 1068 1553 1404 1148 1555 919 1319 495 260 492 1149 1005 271 199 331 504 588 377 261 164 275 356 263 527 2030 2414 1206 486 214 427 233 369 319 322 38
