Models/Governance/Lutecia/Lutecia/setup/gis/guangdong/pop2010_wgs84_georef.asc
ncols        197
nrows        188
xllcorner    1158.178390143466
yllcorner    -2019.875342782657
cellsize     6.193203185465
[rows 0 to 42 of 188, columns 96 to 191 of 197]
0 0 0 0 0 0 0 0 0 0 0 0 0 0 0 0 0 0 0 0 0 0 0 0 0 0 0 0 0 0 0 0 0 0 0 0 0 0 0 0 0 0 0 0 0 0 0 0 0 0 0 0 0 0 0 0 0 0 0 0 0 0 0 0 0 0 0 0 0 0 0 0 0 0 0 0 0 0 0 0 0 0 0 0 0 0 0 0 0 0 0 0 0 0 0 0
0 0 0 0 0 0 0 0 0 0 0 0 0 0 0 0 0 0 0 0 0 0 0 0 0 0 0 0 0 0 0 0 0 0 0 0 0 0 0 0 0 0 0 0 0 0 0 0 0 0 0 0 0 0 0 0 0 0 0 0 0 0 0 0 0 0 0 0 0 0 0 0 0 0 0 0 0 0 0 0 0 0 0 0 0 0 0 0 0 0 0 0 0 0 0 0
0 0 0 0 0 0 0 0 0 0 0 0 0 0 0 0 0 0 0 0 0 0 0 0 0 0 0 0 0 0 0 0 0 0 0 0 0 0 0 0 0 0 0 0 0 0 0 0 0 0 0 0 0 0 0 0 0 0 0 0 0 0 0 0 0 0 0 0 0 0 0 0 0 0 0 0 0 0 0 0 0 0 0 0 0 0 0 0 0 0 0 0 0 0 0 0
0 0 0 0 0 0 0 0 0 0 0 0 0 0 0 0 0 0 0 0 0 0 0 0 0 0 0 0 0 0 0 0 0 0 0 0 0 0 0 0 0 0 0 0 0 0 0 0 0 0 0 0 0 0 0 0 0 0 0 0 0 0 0 0 0 0 0 0 0 0 0 0 0 0 0 0 0 0 0 0 0 0 0 0 0 0 0 0 0 0 0 0 0 0 0 0
0 0 0 0 0 0 0 0 0 0 0 0 0 0 0 0 0 0 0 0 0 0 0 0 0 0 0 0 0 0 0 0 0 0 0 0 0 0 0 0 0 0 0 0 0 0 0 0 0 0 0 0 0 0 0 0 0 0 0 0 0 0 0 0 0 0 0 0 0 0 0 0 0 0 0 0 0 0 0 0 0 0 0 0 0 0 0 0 0 0 0 0 0 0 0 0
0 0 0 0 0 0 0 0 0 0 0 0 0 0 0 0 0 0 0 0 0 0 0 0 0 0 0 0 0 0 0 0 0 0 0 0 0 0 0 0 0 0 0 0 0 0 0 0 0 0 0 0 0 0 0 0 0 0 0 0 0 0 0 0 0 0 0 0 0 0 0 0 0 0 0 0 0 0 0 0 0 0 0 0 0 0 0 0 0 0 0 0 0 0 0 0
443 91 420 439 703 0 0 0 0 0 0 0 0 0 0 0 0 0 0 0 0 0 0 0 0 0 0 0 0 0 0 0 0 0 0 0 0 0 0 0 0 0 0 0 0 0 0 0 0 0 0 0 0 0 0 0 0 0 0 0 0 0 0 0 0 0 0 0 0 0 0 0 0 0 0 0 0 0 0 0 0 0 0 0 0 0 0 0 0 0 0 0 0 0 0 0
443 91 420 439 703 0 0 0 0 0 0 0 0 0 0 0 0 0 0 0 0 0 0 0 0 0 0 0 0 0 0 0 0 0 0 0 0 0 0 0 0 0 0 0 0 0 0 0 0 0 0 0 0 0 0 0 0 0 0 0 0 0 0 0 0 0 0 0 0 0 0 0 0 0 0 0 0 0 0 0 0 0 0 0 0 0 0 0 0 0 0 0 0 0 0 0
479 135 0 175 175 59 167 230 496 625 812 600 749 611 275 702 948 0 0 0 0 0 0 0 0 0 0 0 0 0 0 0 0 0 0 0 0 0 0 0 0 0 0 0 0 0 0 0 0 0 0 0 0 0 0 0 0 0 0 0 0 0 0 0 0 0 0 0 0 0 0 0 0 0 0 0 0 0 0 0 0 0 0 0 0 0 0 0 0 0 0 0 0 0 0 0
76 0 193 342 566 135 0 0 320 478 676 380 762 191 1571 1244 577 1238 875 1242 1036 749 250 114 5 3 0 0 0 0 0 0 0 0 0 0 0 0 0 0 0 0 0 0 0 0 0 0 0 0 0 0 0 0 0 0 0 0 0 0 0 0 0 0 0 0 0 0 0 0 0 0 0 0 0 0 0 0 0 0 0 0 0 0 0 0 0 0 0 0 0 0 0 0 0 0
157 0 19 360 703 151 320 629 484 484 180 324 238 2487 1986 265 560 435 889 172 302 665 1083 589 573 54 0 0 0 0 12 180 486 486 0 11 471 158 0 0 0 0 0 0 0 0 0 0 0 0 0 0 0 0 0 0 0 0 0 0 0 0 0 0 0 0 0 0 0 0 0 0 0 0 0 0 0 0 0 0 0 0 0 0 0 0 0 0 0 0 0 0 0 0 0 0
0 0 77 26 226 537 314 573 430 344 563 563 971 2302 937 137 418 712 779 270 9 80 159 2 496 381 13 122 225 0 0 16 233 500 63 295 505 0 0 0 0 117 60 0 0 0 0 0 0 17 3 0 0 0 0 0 0 0 0 0 0 0 0 0 0 0 0 0 0 0 0 0 0 0 0 0 0 0 0 0 0 0 0 0 0 0 0 0 0 0 0 0 0 0 0 0
0 0 10 0 9 247 308 333 1464 530 777 947 310 310 135 0 0 70 400 284 62 19 0 0 43 1 66 221 691 159 581 408 254 372 1722 622 622 1 0 56 0 0 0 0 0 0 0 0 0 169 136 36 34 0 0 0 186 368 506 128 128 49 0 0 0 0 0 0 0 0 0 0 0 0 0 0 0 0 0 0 0 0 0 0 0 0 0 0 0 0 0 0 0 0 0 0
0 0 74 0 82 696 1899 551 663 1151 509 607 0 67 69 69 0 0 3 205 122 290 65 0 0 0 122 196 203 353 450 773 411 485 1276 799 255 0 0 314 355 83 102 0 0 0 76 24 56 24 466 31 0 133 0 0 0 0 43 492 372 0 0 0 0 0 0 0 0 0 0 0 0 0 0 0 0 0 0 0 0 0 0 0 0 0 0 0 0 0 0 0 0 0 0 0
0 0 416 0 391 749 954 906 1348 876 84 0 0 0 0 0 0 0 0 343 0 112 161 0 0 0 64 529 1181 459 575 1325 1097 632 1409 611 730 318 425 409 176 260 81 0 0 0 0 82 256 156 759 358 0 0 0 0 0 0 6 394 9 57 174 0 0 0 0 0 0 25 0 0 49 0 0 0 0 0 0 0 86 82 13 0 0 0 0 0 0 0 0 0 0 0 0 0
3264 2705 140 565 462 288 1728 815 297 1824 385 319 303 2 0 0 0 0 0 0 0 0 0 0 0 0 0 123 787 63 827 301 974 807 424 438 441 694 769 446 520 188 0 0 0 0 57 57 88 352 242 152 0 0 0 0 134 294 126 104 96 152 2 0 0 69 69 55 71 91 0 18 178 136 36 0 0 0 0 0 0 26 5 0 0 0 123 0 42 91 91 0 0 62 36 0
6831 2879 300 580 379 549 3216 1468 227 551 605 220 195 156 9 57 74 42 0 0 16 16 152 27 0 176 0 139 430 331 321 659 929 502 318 201 105 46 512 285 363 412 204 108 0 0 122 102 56 12 318 162 66 306 69 52 480 449 200 195 0 0 2 91 78 57 229 61 61 87 0 163 86 0 27 0 0 49 55 0 0 0 0 0 0 0 2 0 0 0 79 46 46 58 88 0
2932 2480 1416 405 727 1315 2954 2386 475 256 338 267 65 27 295 114 141 26 0 0 26 209 167 167 0 250 1 0 0 11 36 497 437 494 361 60 417 229 876 481 533 258 221 171 5 112 149 0 0 0 287 106 0 259 367 186 247 165 0 135 32 0 0 0 164 172 254 220 230 210 210 117 0 0 0 0 8 309 72 0 0 0 0 0 0 0 0 0 0 0 0 19 208 271 271 167
1871 1542 1542 2478 658 2589 1227 934 1050 4 213 83 235 465 694 380 0 0 0 0 0 0 273 3 273 7 7 0 58 95 227 374 386 416 519 12 306 48 370 516 222 376 364 84 0 174 142 0 47 0 6 141 182 86 374 7 24 0 0 155 129 0 0 40 103 324 119 62 27 60 59 136 0 0 0 20 277 87 0 0 0 0 0 0 0 0 0 0 125 66 48 0 0 7 330 60
2557 1538 4065 1306 1306 1370 1678 2108 1307 73 120 750 249 107 17 0 0 0 140 77 0 1 299 104 277 67 0 116 116 80 0 0 416 932 405 336 498 521 578 461 1079 590 486 76 58 319 39 0 31 0 146 146 160 213 100 28 0 68 103 168 0 0 0 22 54 71 0 0 0 156 262 13 13 44 36 64 102 16 0 0 93 13 189 169 249 178 0 60 181 111 0 0 0 138 292 1169
2557 1538 4065 1306 1306 1370 1678 2108 1307 73 120 750 249 107 17 0 0 0 140 77 0 1 299 104 277 67 0 116 116 80 0 0 416 932 405 336 498 521 578 461 1079 590 486 76 58 319 39 0 31 0 146 146 160 213 100 28 0 68 103 168 0 0 0 22 54 71 0 0 0 156 262 13 13 44 36 64 102 16 0 0 93 13 189 169 249 178 0 60 181 111 0 0 0 138 292 1169
2191 1309 1475 3171 3994 938 938 770 245 313 340 91 160 36 2 0 0 0 232 24 309 64 0 0 228 41 0 44 36 113 113 411 206 211 321 822 1572 580 606 680 508 433 52 186 800 498 1239 943 558 34 5 0 16 162 49 0 0 8 80 276 25 0 0 3 65 0 0 0 98 246 17 0 7 0 150 28 0 0 0 0 24 67 40 18 0 43 247 295 149 207 48 82 99 194 240 491
1655 1552 2221 1738 3407 4177 697 868 868 633 136 570 642 263 29 110 13 230 277 69 89 30 0 0 87 0 1 136 93 15 27 0 41 578 735 608 344 261 307 265 690 334 945 460 335 379 1295 182 105 739 338 280 244 1 0 114 114 54 69 1 76 45 85 0 0 0 0 45 282 194 1 0 8 199 19 0 0 0 0 0 0 1 77 92 79 59 33 342 335 453 494 96 53 509 573 573
2091 2746 3104 1344 2216 4658 5044 0 202 417 337 651 373 94 360 397 408 288 492 406 26 68 90 21 0 0 0 0 0 0 0 265 377 373 431 1066 724 1380 848 627 285 338 244 59 245 664 1484 1016 852 607 374 0 72 0 0 0 33 0 0 291 478 180 30 0 57 0 2 152 282 78 0 0 163 147 8 130 0 11 0 0 20 20 203 90 168 196 0 0 33 127 462 431 556 592 1363 609
2154 2588 1554 1017 750 3359 7464 379 453 837 711 749 297 297 83 0 123 485 473 491 469 553 421 29 0 0 16 63 314 93 182 379 425 156 434 468 468 383 215 421 392 317 140 310 260 363 1271 448 89 279 57 72 0 0 0 0 0 0 110 16 5 5 0 0 0 36 337 245 180 0 0 0 77 1 0 19 144 82 0 0 111 316 230 287 287 326 162 48 0 85 183 554 484 609 1818 587
5788 2267 1055 295 487 691 1027 1032 686 989 1276 428 253 11 129 129 182 195 137 475 1385 1205 223 39 0 63 186 498 505 555 485 172 284 374 0 0 177 8 140 140 420 743 509 903 323 198 105 155 106 195 0 0 0 31 0 0 0 40 228 15 0 0 0 0 0 0 0 0 0 29 61 292 287 19 0 0 0 0 0 0 0 0 0 0 218 120 120 34 3 67 265 1109 565 761 287 349
1168 651 588 346 872 965 1349 2844 706 363 3403 322 107 0 16 99 0 0 149 40 1027 779 625 113 204 300 82 294 110 361 193 175 262 67 86 132 117 892 806 1153 1178 1178 1134 1005 686 429 636 32 0 0 90 332 360 190 59 0 48 174 272 1 118 13 0 0 9 0 0 48 363 541 309 292 92 0 0 0 38 0 0 0 0 0 11 85 109 149 404 220 183 183 391 440 383 484 353 7
1272 736 659 633 452 618 113 1169 3380 2179 2419 1793 196 59 0 0 113 0 0 0 1794 1593 511 449 321 286 7 0 0 0 0 25 16 0 0 78 419 454 324 882 366 375 184 184 191 529 214 93 0 0 2 283 118 300 164 82 45 13 283 115 0 0 0 0 95 288 55 55 441 503 97 44 214 0 0 16 228 117 15 0 48 15 0 0 123 245 99 545 538 243 356 356 572 495 262 0
263 1100 1244 698 491 397 3208 848 918 2954 1295 1523 1685 637 78 3 32 130 392 345 820 820 712 94 77 199 475 370 64 0 2 160 149 0 77 249 541 201 368 203 232 442 291 22 0 0 0 0 0 0 33 234 0 60 83 0 0 0 46 300 43 0 8 159 375 312 324 554 567 567 300 7 76 149 0 0 87 203 0 0 145 222 0 0 0 0 152 649 697 101 320 155 296 9 9 0
1106 189 874 134 374 764 2065 501 1785 1354 1147 1951 1294 2299 722 111 0 42 11 159 1601 635 442 69 23 0 44 26 0 0 0 0 0 3 13 0 108 567 682 307 248 282 67 0 0 0 0 0 0 0 0 0 0 29 0 0 0 0 0 0 12 0 0 12 310 551 486 474 1008 552 320 346 346 88 0 0 1 167 16 0 150 66 205 0 0 64 359 538 193 303 131 219 81 8 0 35
845 914 1399 75 14 652 566 1225 706 795 684 897 2247 835 626 256 12 322 259 778 508 593 656 636 124 70 70 161 0 0 0 0 0 8 171 0 0 276 607 1605 418 501 219 396 89 0 0 0 0 8 39 0 0 0 0 0 0 66 152 0 0 0 0 26 95 232 54 477 1039 202 299 161 116 0 0 0 5 200 72 0 0 0 301 59 121 185 170 134 88 57 26 82 0 0 0 0
196 0 1461 819 17 249 31 2 22 389 870 739 695 160 261 1880 46 835 467 989 425 283 751 446 18 26 120 0 0 74 0 0 0 0 144 280 348 173 749 692 865 403 406 32 0 0 0 0 0 54 0 0 0 0 0 0 0 91 220 77 0 0 1 46 0 2 83 5 106 244 249 60 28 0 0 0 56 56 0 0 55 78 229 287 173 128 149 278 170 159 33 44 0 0 0 0
136 0 27 492 1600 1600 418 0 0 0 60 1659 2352 2185 845 1448 1379 706 785 335 203 663 324 121 96 78 609 72 463 48 48 36 166 52 0 0 706 859 1054 430 1251 1169 273 201 21 0 1 0 0 0 0 0 0 0 0 0 0 0 14 0 0 3 113 119 5 0 0 24 75 0 1 21 34 0 0 0 0 119 0 0 43 89 269 376 97 36 29 39 0 0 0 0 0 0 0 0
136 0 27 492 1600 1600 418 0 0 0 60 1659 2352 2185 845 1448 1379 706 785 335 203 663 324 121 96 78 609 72 463 48 48 36 166 52 0 0 706 859 1054 430 1251 1169 273 201 21 0 1 0 0 0 0 0 0 0 0 0 0 0 14 0 0 3 113 119 5 0 0 24 75 0 1 21 34 0 0 0 0 119 0 0 43 89 269 376 97 36 29 39 0 0 0 0 0 0 0 0
129 0 0 0 20 17 0 0 0 0 2 670 1608 2813 1115 2169 1335 998 282 725 513 620 536 85 6 65 611 554 990 1088 719 147 4 4 0 7 482 2172 701 1245 1471 632 461 494 276 47 8 7 0 0 0 0 0 0 0 0 0 0 0 0 0 0 0 0 186 53 76 26 319 137 133 19 76 72 0 0 0 39 0 0 0 83 293 480 243 116 30 0 0 0 0 0 0 0 0 0
86 0 0 0 0 0 71 0 0 0 0 369 1043 1329 1339 1388 1301 218 419 1808 1432 1260 813 689 441 187 284 1192 1010 1615 904 1335 701 108 772 140 374 1564 1123 1199 1690 1310 756 45 299 177 0 0 0 0 0 0 0 0 0 0 0 0 0 0 0 0 0 0 1374 244 157 291 1 184 293 265 13 256 122 0 1 11 209 46 165 664 543 543 451 28 39 67 0 11 0 0 0 0 0 0
151 11 381 0 0 186 93 0 0 0 675 319 319 1383 4427 2142 1598 663 513 878 883 672 493 1329 759 942 255 471 782 1339 818 623 583 1543 1398 841 822 1294 1798 1798 1798 1505 1653 94 0 7 2 151 0 0 0 0 0 0 0 0 0 0 0 0 0 0 0 0 1277 335 185 313 89 77 205 436 191 155 80 0 58 20 357 303 342 282 444 297 32 32 165 424 37 703 0 0 0 0 0 0
0 38 82 41 142 228 1139 0 0 127 418 534 3271 4174 4174 4047 3894 743 35 568 339 362 723 1813 875 987 1956 1001 416 461 325 969 1133 152 275 1068 457 1331 1752 1752 1079 1065 1203 563 464 0 31 244 676 0 0 0 0 0 0 0 0 0 0 0 0 0 0 343 418 433 191 338 23 0 208 464 489 485 148 114 343 305 338 609 977 284 282 223 186 12 335 217 217 1734 19 0 0 0 0 0
0 0 343 151 403 689 1158 0 1092 892 655 434 1342 1434 1313 1465 960 960 90 332 503 666 532 556 544 1133 1832 1396 882 257 169 124 480 518 221 507 622 232 1040 1416 1077 1077 1026 102 120 0 67 0 232 120 4 0 0 0 0 0 0 0 0 0 0 0 0 387 459 459 314 341 1 0 143 332 461 513 477 247 380 438 707 1078 709 329 216 186 190 225 0 85 1540 20 20 0 0 0 0 0
0 0 0 1143 51 3369 2143 0 0 643 165 0 1 260 911 496 361 416 752 86 251 279 489 397 298 289 494 1012 1411 279 331 320 514 500 1293 639 133 474 421 829 916 929 32 0 0 0 0 8 153 155 47 0 0 0 0 0 0 0 0 0 0 0 1 291 223 131 7 0 0 0 48 142 570 610 222 384 289 334 1485 834 150 73 1 21 0 12 0 0 0 0 0 0 0 0 0 0
0 0 0 0 674 0 0 0 0 85 206 0 0 54 513 639 517 79 78 320 922 922 305 229 202 261 302 894 331 10 0 0 650 793 768 724 423 1206 469 365 746 694 807 1240 68 7 7 0 108 47 0 0 0 0 0 0 0 0 0 0 0 20 536 756 588 707 288 4 23 1300 134 296 399 1322 670 348 629 57 71 0 314 366 112 0 0 0 0 0 0 0 0 0 0 0 0 0
0 0 0 0 0 0 0 0 0 0 0 0 0 0 0 3537 1208 1228 633 452 1047 488 397 397 1060 186 377 603 450 364 244 69 488 1014 774 740 662 1929 341 1952 437 259 1933 2789 412 38 16 193 193 141 6 0 0 0 0 83 89 0 0 0 31 309 1037 333 140 326 277 9 77 635 1597 1369 1286 1286 1100 556 414 367 183 15 1 95 182 61 0 0 1 72 1 0 0 0 0 0 0 0
0 0 0 0 0 0 0 0 0 0 0 0 0 622 2343 586 982 1697 548 0 901 1439 765 2676 1227 1227 268 511 1158 225 257 831 222 327 749 173 391 397 594 1594 543 221 1137 986 1015 645 21 401 317 89 89 0 23 65 83 400 105 18 41 17 401 252 861 564 380 190 112 238 320 925 528 376 539 474 394 394 471 218 124 86 157 0 0 0 0 9 16 238 11 0 136 134 0 0 0 0
