Models/Governance/Lutecia/Lutecia/setup/gis/guangdong/pop2010_wgs84_georef.asc
ncols        197
nrows        188
xllcorner    1158.178390143466
yllcorner    -2019.875342782657
cellsize     6.193203185465
[rows 43 to 85 of 188, columns 0 to 95 of 197]
0 0 0 0 0 0 0 0 0 0 0 868 2052 1865 516 1561 1248 1383 1550 1841 892 1179 248 420 0 893 8034 2036 712 692 1124 0 0 481 675 1997 3410 1062 77 0 7 420 195 74 893 560 114 497 497 842 1628 519 631 823 823 545 163 733 472 1771 1350 2853 1601 2266 1933 2008 1926 1697 3057 673 688 1694 1291 1291 1609 2745 3003 3228 2034 3175 3372 3395 3395 3395 558 879 3567 1384 0 3105 20 0 860 0 0 0
0 0 0 0 0 0 0 0 0 153 71 896 406 192 510 1150 1386 1897 1437 962 655 1249 0 1491 1491 884 1732 415 275 1278 297 63 379 390 278 1552 3637 1135 749 0 0 86 81 30 1638 1719 684 492 577 253 253 547 1061 2631 2152 1182 663 793 793 740 1603 2301 909 773 2648 1300 716 2306 2963 790 1495 2106 602 959 2546 2546 3395 3395 3395 3323 3395 3395 3395 2611 635 3243 788 1360 145 1660 3372 2134 49 0 409 1186
0 0 0 0 0 0 0 0 11 2488 3318 2064 1703 504 1369 1304 1441 2286 1913 1493 1161 282 1466 86 907 1750 1750 782 181 427 441 519 37 391 216 1176 1785 1284 455 0 87 631 493 89 814 1097 719 725 1306 1180 89 83 83 978 78 1679 669 2644 1818 1236 1733 3595 2369 1001 1638 3153 2332 1268 1034 1320 1126 1673 1466 1077 2711 3395 3395 3395 3395 3395 3395 3395 3359 1466 965 3395 2407 599 413 2894 1492 3030 409 28 5 2656
0 0 0 0 0 0 0 0 11 2488 3318 2064 1703 504 1369 1304 1441 2286 1913 1493 1161 282 1466 86 907 1750 1750 782 181 427 441 519 37 391 216 1176 1785 1284 455 0 87 631 493 89 814 1097 719 725 1306 1180 89 83 83 978 78 1679 669 2644 1818 1236 1733 3595 2369 1001 1638 3153 2332 1268 1034 1320 1126 1673 1466 1077 2711 3395 3395 3395 3395 3395 3395 3395 3359 1466 965 3395 2407 599 413 2894 1492 3030 409 28 5 2656
0 0 0 0 0 0 0 0 379 1850 3747 3215 847 441 3268 3843 3292 1055 1462 547 119 994 836 0 733 610 865 1101 1101 305 301 0 19 487 25 138 130 853 756 0 401 1376 803 913 979 837 589 942 3051 4187 387 155 3248 70 70 851 2229 1067 583 837 555 2890 1887 2906 651 2187 1690 1693 1330 1872 1939 1391 2829 790 2389 3395 3395 3395 3395 3395 3395 3395 1587 66 24 2164 3395 2117 1337 1696 1463 1680 2348 2276 1667 2161
0 0 0 0 0 0 0 0 907 962 2541 1789 879 1030 847 1946 1615 1018 573 1362 1123 974 178 718 831 734 1316 1009 859 2351 437 437 176 521 0 585 576 489 1347 842 939 1638 1739 1174 966 448 257 613 1088 1491 1016 1047 1083 1283 819 1294 1752 4491 3259 400 952 3763 2508 1448 132 2110 1483 1817 1361 1009 1397 712 3066 2616 1257 3395 3395 3395 3395 3395 3316 348 348 0 1217 3244 3395 3306 2222 467 923 0 230 458 2064 79
0 0 0 0 0 0 0 0 214 1126 1044 2714 317 23 408 836 733 385 309 381 1677 949 940 349 243 188 168 270 22 0 0 334 0 0 0 466 384 1722 1142 1969 1962 1969 1969 1943 572 766 412 1116 1787 1347 1594 2814 2770 1559 995 1491 1902 992 992 1729 4069 4669 3147 573 137 2573 1924 1969 1914 1010 866 422 1762 3496 1461 3395 3395 3395 3395 3395 3006 133 0 33 1196 3395 3395 3395 3040 1493 5004 7104 1652 208 2103 3724
0 0 0 0 0 0 0 0 0 281 2467 3154 124 0 598 1182 1229 1474 1841 1841 389 1192 1779 8 86 27 85 612 517 78 0 43 567 34 38 38 416 2666 1241 1119 1537 1965 1969 1969 722 1989 1738 375 913 1074 776 1684 3686 1924 1028 2210 604 895 3099 4220 4458 4458 3357 1677 2038 2327 1584 1816 993 1262 362 881 107 1471 2233 3395 3395 3395 3395 3395 3395 337 21 50 3395 3395 3395 3395 3395 3262 2585 3699 4483 1118 2675 3501
0 0 0 0 0 0 0 332 6231 6460 6460 1671 0 854 1833 1841 1402 1292 1322 1001 1427 2854 1629 566 609 1601 1335 1008 99 0 0 10 106 336 177 14 351 351 211 0 20 341 870 1477 1094 1888 1621 416 421 782 601 1129 1949 987 1665 2463 975 2070 3597 3356 1308 2277 3097 3097 1909 1309 1892 1707 842 1871 1187 358 1568 2674 1983 3372 3395 3395 3395 3395 3395 2530 1809 3043 3395 3395 3395 3395 3395 3395 2634 521 1805 2233 3175 3395
0 0 0 0 0 0 0 459 5295 1977 372 317 859 859 950 537 0 0 0 140 1051 1361 917 172 1344 1599 572 0 0 0 155 599 322 199 273 573 293 350 31 31 11 887 1314 243 669 881 2727 1486 1292 1159 164 1501 900 1236 1133 1628 893 1397 2473 1418 2374 1507 3163 2702 1809 1809 1198 1533 2304 1952 1486 1904 2873 2098 1659 2413 3302 3395 3395 3395 3395 3395 3395 3395 3395 3395 3395 3395 3395 3141 2900 2900 2905 3355 3395 3395
0 0 0 0 0 0 975 2380 1197 539 429 0 0 0 0 0 0 0 0 465 1072 581 548 339 1652 316 0 0 0 0 887 1630 481 157 465 696 43 110 152 0 693 693 1001 1515 1554 55 1572 1740 2357 2701 1368 1181 1757 1491 1501 1050 1648 1878 58 1042 2681 1459 961 2214 1835 1432 1552 1685 1685 1763 1661 1517 1339 1789 2081 3163 2771 3395 3395 3395 3395 3395 3395 3395 3395 3395 3395 3395 3395 3395 3395 3395 3324 1787 3395 3395
0 0 0 0 274 1497 2046 225 403 13 0 0 0 0 0 0 0 0 0 858 956 796 0 1210 551 0 0 0 0 340 4700 3086 593 684 589 407 319 306 506 182 212 807 974 974 2013 1793 663 748 1159 727 869 490 687 1848 1851 1469 1032 679 1557 1707 1553 1769 1918 1969 1969 1969 1969 1969 1407 1928 1187 1268 1609 1734 2057 3088 3357 3395 3395 3395 3395 3395 3395 3395 3395 3395 3395 3395 3395 3395 3395 3395 3395 3395 3395 3395
0 0 0 0 2484 3036 197 0 0 0 0 0 0 0 0 0 0 0 0 0 0 0 828 60 0 0 0 53 787 3706 5454 1285 349 310 771 657 598 401 1161 851 2079 1249 751 814 1570 1570 3565 100 213 628 469 63 664 1632 1920 1709 1579 174 978 1635 1608 885 1111 1495 1969 1969 1969 1969 1925 1936 1969 1969 1705 1767 2664 1984 2461 3395 3395 2727 2447 2148 2169 3395 3250 3165 3395 3395 3395 3300 2774 2722 3110 3385 3395 3395
0 0 0 0 1417 2172 0 0 0 0 0 0 0 0 0 0 0 0 0 0 0 0 0 0 0 0 16 2091 4912 5221 3327 908 100 213 1702 918 1434 2728 2193 869 2658 1003 1446 3625 2390 1721 2083 926 926 613 1399 533 1296 1600 1917 1561 1406 153 1148 1862 1750 449 987 1808 1969 1969 1969 1969 1966 1858 1969 1969 1969 3395 3395 3307 2093 1671 2115 2962 3395 3395 3372 3966 3424 2638 1947 1104 1637 1661 1922 1138 175 417 2204 3395
0 0 0 0 691 1735 0 0 0 0 0 0 0 0 0 0 0 0 0 0 0 0 0 0 0 46 341 1082 2947 948 1417 2093 710 391 176 1779 1720 1383 1311 1602 4322 2773 1359 3133 2251 1292 2056 2706 860 1732 1732 1924 1531 1969 1508 1282 1770 766 1704 856 1412 1441 1923 1969 1969 1772 1969 1969 1771 1606 1966 1858 1902 1947 3250 3395 3395 3299 1749 3395 3395 3395 3395 2915 3392 3395 3005 2992 2018 1894 2204 2553 2846 1827 634 3341
0 0 0 0 1343 3132 1025 0 0 0 0 0 0 0 0 0 0 0 0 0 0 0 0 0 337 337 1037 834 2101 4706 5503 1959 3471 1346 25 1132 1093 443 2222 1027 3882 4003 2554 273 436 752 338 2321 855 443 1854 1562 1562 1909 1656 1206 1969 842 1774 2975 1025 881 1193 1781 1812 1567 1622 1969 1940 1822 1805 1754 1330 934 2495 3395 3395 2173 2173 2991 3395 3395 3395 3395 3395 3395 3395 3395 3306 2539 2331 110 1242 1142 2003 418
0 0 0 0 1343 3132 1025 0 0 0 0 0 0 0 0 0 0 0 0 0 0 0 0 0 337 337 1037 834 2101 4706 5503 1959 3471 1346 25 1132 1093 443 2222 1027 3882 4003 2554 273 436 752 338 2321 855 443 1854 1562 1562 1909 1656 1206 1969 842 1774 2975 1025 881 1193 1781 1812 1567 1622 1969 1940 1822 1805 1754 1330 934 2495 3395 3395 2173 2173 2991 3395 3395 3395 3395 3395 3395 3395 3395 3306 2539 2331 110 1242 1142 2003 418
0 0 0 0 198 3347 1842 2 0 0 0 0 0 0 0 0 0 0 0 70 339 426 675 283 967 1082 933 933 1346 1248 2463 4743 2756 1790 520 13 1250 581 2089 833 1724 1646 2796 374 54 1089 739 419 1591 410 408 1442 1538 1231 1231 1619 1537 1700 1794 1100 1529 959 1280 1555 1411 1908 1822 1725 1214 1437 1130 2367 2157 2688 2861 3395 3395 3332 1714 3391 3395 3395 3395 3395 3395 3107 3270 2697 2055 554 2792 1478 1601 183 3651 3558
0 0 0 0 1631 3233 481 603 404 93 0 0 0 0 0 0 0 0 0 536 1034 1082 1238 1032 1069 2441 1060 1057 1081 1287 1287 2136 1082 1024 1066 219 721 556 1762 1494 476 205 965 561 77 539 894 1683 1670 1233 12 1628 1342 1530 2034 1872 1872 1969 1951 1544 1587 1291 1845 1820 1969 1411 1836 1427 1734 1969 1459 3115 3262 3144 3395 3395 3395 3395 2858 1835 3157 3395 3395 3395 3335 747 805 4679 6297 389 83 1579 7952 5069 570 0
0 0 0 3546 1651 1651 13 1111 3136 1587 736 0 0 0 0 0 0 0 227 2538 3127 1082 890 558 646 1083 951 456 876 1020 995 955 955 900 988 415 1439 2316 2658 62 0 0 218 1392 1035 649 1703 2670 1395 3302 605 600 584 1372 1834 1639 1899 1905 1905 1969 1969 1969 1969 1969 1969 1936 1969 1901 1538 1804 2210 1731 3395 3395 3395 3349 3395 3395 3309 2784 706 1045 1797 2264 2686 2686 502 848 1313 2364 2588 7150 8052 8052 7791 1593
0 0 0 2899 180 651 3770 2193 927 472 1518 415 0 16 109 0 710 789 747 2598 2862 2842 729 520 431 1039 755 246 1287 1542 1138 851 1094 1197 1197 645 657 1391 2433 591 61 1626 1972 2383 3986 670 702 1429 1626 2631 2415 747 555 1939 1229 493 322 1285 1969 1969 1969 1969 1969 1969 1969 1969 1969 1960 1666 1969 1630 1689 1969 2905 3395 3175 2676 2976 2350 2200 4785 2411 2388 2903 2021 2078 1375 1375 1010 208 4712 8052 8052 8052 7691 785
0 0 0 50 915 4295 2901 116 0 0 544 766 2418 1314 960 626 1459 1082 1082 1854 1595 2190 1073 794 1005 347 0 22 773 1187 1673 1853 1533 1747 1139 52 704 704 3978 4211 1885 1454 347 1426 4165 3087 388 2055 2739 1868 1729 793 1729 1969 1609 445 572 1904 1969 1969 1969 1969 1969 1969 1969 1969 1969 1969 1727 1969 1969 1968 1969 1698 2705 2128 1117 1446 1643 3052 3337 4164 3704 4711 2733 2687 2078 971 3520 7873 7873 8052 8052 8052 4183 4920
0 0 0 205 1161 1169 316 649 159 0 155 155 800 1161 401 2 237 1064 1054 972 624 714 1082 361 0 46 0 17 567 1029 843 997 1725 642 752 481 153 1318 1902 1123 2080 186 1143 2087 2981 692 116 784 2711 1863 1946 1095 715 912 496 1168 1542 1956 1969 1969 1969 1969 1969 1969 1969 1969 1969 1969 1969 1969 1969 1969 1969 1969 1755 799 1124 4367 1076 1551 1214 2127 5817 5171 3160 2759 2857 2573 1440 1567 1034 2786 2786 4099 2249 353
0 0 0 0 0 0 22 95 437 169 126 1257 1041 853 0 0 0 311 1371 759 920 564 669 0 237 286 0 0 37 839 935 1082 369 532 1043 292 36 1064 1651 1872 1872 1484 816 793 1654 533 95 416 1167 555 445 466 74 946 0 33 571 1438 1969 1969 1969 1969 1969 1969 1969 1969 1969 1969 1969 1773 1805 1478 1475 1757 1746 2033 1243 2236 890 1006 1244 1488 1730 2169 3395 3157 2966 2203 2411 1965 1890 851 2823 3207 483 483
0 0 0 0 0 0 86 527 785 832 1325 1108 704 270 534 0 0 0 251 758 74 201 958 0 166 0 0 0 0 1280 469 818 840 565 463 148 125 765 2634 123 229 581 492 492 59 955 404 212 1030 263 1376 1011 261 1452 881 1609 489 668 1116 923 1940 1969 1969 1969 1969 1969 1969 1969 1969 1713 502 1677 1056 1811 952 1243 1527 767 639 1391 1463 1853 3040 2981 2016 2513 3143 2883 2888 3137 3357 2761 3395 3211 1608 248
0 0 0 0 0 0 35 650 846 1082 2822 3314 735 691 806 249 0 0 0 13 0 717 973 0 0 0 0 0 65 406 314 562 755 1012 911 350 1663 95 350 549 692 755 940 13 1812 1812 293 783 739 799 510 283 202 1319 846 3087 2962 1582 647 760 1611 1885 1969 1969 1969 1969 1969 1969 1969 470 941 943 943 1682 1516 1737 1210 818 820 2072 4532 1459 860 601 45 622 2481 3273 3395 3395 3314 3157 2723 571 413 973
0 0 0 0 0 218 1387 843 767 1832 1644 1919 3651 2521 202 145 326 44 234 1197 1197 67 100 20 475 808 13 0 0 0 11 9 29 0 164 711 902 1343 141 300 438 700 748 1357 897 1763 725 725 0 628 1757 1095 58 994 1397 1149 1043 2420 2596 1318 1969 1516 1969 1969 1969 1969 1969 1969 1969 703 894 898 1494 921 921 1696 1501 1377 1053 1086 2221 629 2652 2213 2100 2557 1467 2903 3395 3395 2418 1609 834 1143 1410 409
0 0 0 0 29 1243 2596 2040 907 1286 676 933 1979 2538 1159 289 437 207 1905 3646 805 1593 718 1020 1065 563 0 2 378 300 436 184 72 202 643 1033 2959 4486 395 566 1223 819 841 1082 1823 1462 663 2800 1330 1874 1874 390 593 1668 1478 1170 1365 1214 1560 1403 1303 359 737 1540 1969 1952 1969 1471 1033 891 894 894 1443 1335 1872 922 894 894 1019 1508 1181 346 1205 1542 3333 3219 1738 2732 3395 3395 3384 3004 3097 3392 992 959
0 0 0 283 336 1068 1151 1881 1199 1055 990 956 1129 4336 3120 583 892 1103 426 0 604 1292 44 168 168 248 0 8 48 413 257 85 293 362 2276 2141 4223 3650 2843 49 742 894 1864 726 1551 1899 1708 2563 3530 499 1795 108 108 1078 1556 1456 1423 1157 998 1355 1222 292 2878 4114 1923 1212 1170 849 1238 3160 2093 1230 894 1384 2717 3255 3053 744 1628 1628 2335 734 1538 2974 3395 3395 3153 2460 3395 3395 3395 3395 3395 3100 1315 2149
0 0 0 283 336 1068 1151 1881 1199 1055 990 956 1129 4336 3120 583 892 1103 426 0 604 1292 44 168 168 248 0 8 48 413 257 85 293 362 2276 2141 4223 3650 2843 49 742 894 1864 726 1551 1899 1708 2563 3530 499 1795 108 108 1078 1556 1456 1423 1157 998 1355 1222 292 2878 4114 1923 1212 1170 849 1238 3160 2093 1230 894 1384 2717 3255 3053 744 1628 1628 2335 734 1538 2974 3395 3395 3153 2460 3395 3395 3395 3395 3395 3100 1315 2149
0 0 0 0 3 351 1861 1082 1259 1025 2543 1763 1581 2326 4084 1332 1560 895 542 538 650 351 18 0 0 0 0 0 77 193 0 447 1996 649 780 2723 4421 4619 1643 169 504 681 1427 3368 2921 2306 1956 771 4085 2334 1502 561 2519 1917 1917 1969 1969 1969 881 1247 3671 2506 4065 4191 4191 3906 4078 1466 722 1187 888 1358 1027 1504 1451 3546 2049 999 4016 1242 486 2034 2034 3395 2573 3395 3395 3395 3395 3395 3395 3395 3395 3395 3358 1538
0 0 0 0 721 1538 586 940 342 122 390 799 776 1367 1113 1395 796 984 709 773 53 11 65 0 85 1295 0 0 0 0 273 1067 389 894 641 982 1665 1196 826 33 26 1481 2367 4429 4501 3403 1504 2104 1189 1207 3598 3684 3267 1969 1969 1969 1969 1969 1523 1578 2454 3222 3827 4191 4191 4191 3490 1554 846 370 375 943 787 12 192 1651 3942 3516 1671 760 2515 2487 2427 389 310 1822 2689 3387 3395 3395 3395 3395 3395 3051 3395 3174
0 0 32 380 562 512 0 433 0 0 39 519 1025 1480 205 706 1913 758 513 1 239 6 0 0 214 94 0 2 47 861 247 247 808 875 778 892 748 528 625 0 347 204 1758 2227 2997 1255 136 827 1836 2073 2942 4061 3416 1731 427 1856 1432 1271 329 329 0 799 2478 1938 3704 3755 1737 891 1596 581 1336 1549 1657 10 1042 3346 1194 3651 1037 860 886 790 1734 44 1239 3044 3044 3395 3395 3395 3395 3395 3395 3395 3024 2702
0 0 0 96 613 128 128 0 0 0 303 1460 683 885 832 750 1225 1510 1216 477 0 0 0 47 79 0 0 0 103 625 1421 751 650 727 727 862 792 513 1779 189 184 344 176 2686 3877 1863 43 1697 3019 2512 204 296 397 272 122 1177 1216 983 668 1211 1201 1201 2896 2662 93 1777 2718 1592 479 182 25 209 885 2462 3744 4191 1959 2131 2484 960 2300 407 309 3778 2901 3168 3255 3101 3101 3395 3395 3395 3395 3395 2995 2555
0 0 11 0 0 2057 351 0 0 0 0 0 2 191 1485 556 1269 1686 454 519 85 0 0 0 0 3 250 519 585 491 517 742 837 2281 3142 2544 2544 1887 259 40 1 491 311 1028 3894 1286 785 1282 3324 884 0 0 0 1044 0 934 1716 737 204 1268 0 1650 380 380 0 0 1135 2134 1438 1078 43 109 665 3707 3779 3323 1015 638 1427 2469 2203 999 2082 813 1166 2717 3236 3326 3365 3123 3132 3132 3387 2680 2252 1616
0 0 533 66 0 15 565 116 0 0 0 0 56 30 937 548 259 1603 1067 2375 531 0 0 0 0 315 589 631 603 666 892 758 664 889 3332 604 1402 650 325 0 21 150 866 693 1679 1585 3296 1518 744 1289 72 0 219 1734 2042 1907 1966 1122 253 2709 3030 3410 2283 1404 0 0 0 87 60 1476 864 765 1376 2830 2745 1261 1993 397 956 1832 552 158 4317 1137 1169 3350 3395 3395 3395 3395 2669 2724 2189 2189 1698 1135
0 0 0 0 0 0 178 207 342 145 224 214 214 626 1110 1897 0 0 259 457 63 0 0 0 22 743 631 562 796 719 567 646 788 890 471 470 460 733 333 1818 1818 1116 84 489 263 1706 3512 727 122 1293 514 511 69 4028 2803 3645 1559 2205 11 750 3288 3406 44 211 23 0 16 0 0 432 477 2121 3191 3401 4191 4141 4124 3220 851 1777 1848 630 3310 3144 821 2475 3395 3395 2305 1540 1777 3059 2809 2122 877 808
0 0 204 194 616 595 2 0 269 240 297 661 611 2356 2356 138 0 0 0 0 49 0 0 0 431 761 565 408 780 114 606 53 433 430 586 718 894 1380 1585 1917 1969 1967 1967 341 448 313 2899 1382 471 988 0 0 669 1654 0 3321 1701 1759 148 1812 2220 2492 118 2034 7 82 1310 0 5 6 6 1998 840 888 2949 2169 1822 238 225 1201 956 703 2206 4385 672 2102 2691 2817 1893 378 560 732 2832 2245 1694 1861
0 0 48 41 216 8 0 0 138 501 292 59 1046 1648 1365 0 1 1 1 0 0 0 0 204 798 176 385 304 746 700 542 406 482 373 577 1664 1904 1458 1789 1622 1968 1969 1969 167 95 95 4173 1489 7 0 0 429 2657 266 37 0 2826 2973 3403 3405 4022 3766 1619 38 0 1314 3830 2770 266 0 85 86 86 1450 4140 4038 3561 1499 868 1030 50 1913 5940 5548 619 2171 778 819 1870 2047 1163 1384 3942 6048 2201 2798
0 0 7 0 0 0 0 0 17 135 284 0 0 341 926 0 609 700 313 23 0 0 0 2528 1562 437 605 43 224 1358 893 885 769 579 1360 1932 1293 1156 899 1307 2148 594 880 1200 1061 3740 1992 1992 76 0 127 486 1104 1471 353 0 244 2173 3052 1029 3267 3150 107 0 1 341 683 2114 785 0 279 2500 1122 3971 4191 4191 4191 3487 2155 1101 315 1800 1944 802 421 765 1524 1362 1477 1542 1542 1912 2579 3372 1464 1175
0 0 176 0 0 0 0 0 0 0 0 0 0 754 353 21 132 285 610 0 6 6 89 3228 1949 1048 991 411 871 954 1107 1797 1393 1255 1496 1657 510 947 310 689 554 550 333 657 920 2916 3605 2188 229 2130 2130 795 2344 2249 1113 702 1697 2627 3361 1474 3213 2432 1225 0 21 47 644 2487 1946 532 14 2650 1573 3838 4191 2451 1821 305 305 307 2118 414 0 0 971 1429 1432 1433 1477 1455 1477 3570 934 1603 1855 1542
0 0 0 0 0 0 0 127 0 0 0 0 609 829 324 57 0 0 637 1250 997 848 1539 3826 1905 1078 602 876 1096 1358 896 406 1751 1255 1592 783 134 0 0 0 129 140 1174 663 165 1606 632 277 0 567 78 311 311 1470 2379 1849 1238 2777 2879 511 1646 1031 1971 396 2314 3473 4165 4191 2129 805 1348 2336 3266 3027 1423 1772 416 611 445 1554 1012 32 139 0 802 1276 1276 1388 2359 1249 1341 1982 1500 1233 2332 1542
0 0 0 0 0 0 0 127 0 0 0 0 609 829 324 57 0 0 637 1250 997 848 1539 3826 1905 1078 602 876 1096 1358 896 406 1751 1255 1592 783 134 0 0 0 129 140 1174 663 165 1606 632 277 0 567 78 311 311 1470 2379 1849 1238 2777 2879 511 1646 1031 1971 396 2314 3473 4165 4191 2129 805 1348 2336 3266 3027 1423 1772 416 611 445 1554 1012 32 139 0 802 1276 1276 1388 2359 1249 1341 1982 1500 1233 2332 1542
