Models/Governance/Lutecia/Lutecia/setup/gis/guangdong/pop2010_wgs84_georef.asc
ncols        197
nrows        188
xllcorner    1158.178390143466
yllcorner    -2019.875342782657
cellsize     6.193203185465
[rows 0 to 42 of 188, columns 0 to 95 of 197]
0 0 0 0 0 0 0 0 298 87 7 403 964 274 802 9 1506 0 0 0 0 0 0 0 1 89 0 0 0 0 0 0 0 0 0 0 0 0 0 0 0 0 0 0 0 0 0 0 0 0 0 0 0 0 0 0 0 0 0 0 0 0 0 0 0 0 0 0 0 0 0 0 0 0 0 0 0 0 0 0 0 0 0 0 0 0 0 0 0 0 0 0 0 0 0 0
0 0 0 0 0 0 0 0 320 741 589 118 375 384 0 17 31 13 0 0 0 0 0 0 394 67 0 0 0 0 0 90 634 965 728 27 0 0 571 744 0 0 0 0 0 0 0 0 0 0 0 0 0 0 0 0 0 0 0 0 0 0 0 0 0 0 0 0 0 0 0 0 0 0 0 0 0 0 0 0 0 0 0 0 0 0 0 0 0 0 0 0 0 0 0 0
0 0 0 0 0 0 0 0 0 0 297 368 0 58 123 208 18 172 79 0 0 0 0 475 875 503 68 35 0 13 294 1333 751 965 378 0 0 0 823 336 552 212 408 140 140 152 14 0 102 0 187 707 169 0 0 0 0 0 0 0 0 0 0 0 0 0 0 0 0 0 0 0 0 0 0 0 0 0 0 0 0 0 0 0 0 0 0 0 0 0 0 0 0 0 0 0
0 0 0 0 0 0 0 0 747 6 0 96 658 140 9 0 106 247 49 0 0 96 714 773 1692 1186 140 156 810 757 378 514 524 965 327 0 0 0 894 278 697 145 0 413 23 0 0 0 0 0 848 1458 793 806 491 466 684 772 1026 255 1991 36 466 949 1769 0 0 0 0 0 0 0 0 0 0 0 0 0 0 0 0 0 0 0 0 0 0 0 0 0 0 0 0 0 0 0
0 0 0 0 0 0 0 0 120 112 128 0 271 55 82 172 202 24 0 82 116 510 755 1001 261 261 109 365 232 127 0 288 783 330 2 0 0 0 667 248 720 0 39 268 0 0 0 430 955 955 1368 2769 640 1093 774 794 794 1942 2147 147 1197 142 56 560 1756 3110 3147 1377 90 0 0 0 0 0 0 15 12 0 0 0 0 0 0 0 0 0 0 0 0 0 0 0 0 0 0 0
0 0 0 0 0 0 0 0 0 235 317 0 0 0 0 0 30 0 0 77 479 755 1041 566 980 378 329 329 534 72 0 0 0 0 0 0 0 0 749 389 810 261 203 0 0 0 116 945 766 266 1555 1555 395 794 794 374 736 1345 442 1086 532 554 16 0 287 917 1484 434 178 0 0 0 0 0 0 0 0 0 0 0 0 0 342 859 103 315 0 0 0 0 0 0 0 0 0 0
0 0 0 0 0 0 0 0 92 1575 121 0 0 0 0 0 0 0 0 0 212 951 767 864 1421 513 595 1137 88 25 0 0 346 216 6 0 0 0 382 410 618 140 3 0 0 25 1008 562 360 297 1294 1128 196 592 794 794 797 877 1352 802 450 0 0 0 217 61 349 0 19 0 0 0 0 0 0 0 0 0 29 1198 22 0 503 142 0 0 0 0 0 0 13 5 32 1621 35 94
0 0 0 0 0 0 0 0 92 1575 121 0 0 0 0 0 0 0 0 0 212 951 767 864 1421 513 595 1137 88 25 0 0 346 216 6 0 0 0 382 410 618 140 3 0 0 25 1008 562 360 297 1294 1128 196 592 794 794 797 877 1352 802 450 0 0 0 217 61 349 0 19 0 0 0 0 0 0 0 0 0 29 1198 22 0 503 142 0 0 0 0 0 0 13 5 32 1621 35 94
0 0 0 0 0 0 0 314 112 32 0 0 0 0 0 0 0 0 0 121 578 799 756 689 659 469 409 610 251 708 336 336 685 745 114 0 0 214 178 310 456 0 0 0 0 303 1150 680 95 399 652 1176 788 1443 794 794 1688 389 5 0 0 54 39 88 1029 589 0 31 0 0 0 0 0 0 0 0 0 0 225 258 221 1398 1399 1393 65 321 78 0 0 0 0 0 0 0 46 271
0 0 0 0 0 0 0 337 0 0 0 0 0 0 0 0 0 0 12 625 755 755 755 624 1270 540 193 611 592 904 755 1345 660 660 418 58 0 21 0 335 263 0 0 0 0 604 926 349 0 729 1700 2016 986 969 1554 1843 1843 1644 655 992 172 116 23 250 2332 49 0 0 0 0 0 0 0 0 0 0 441 2178 94 23 23 215 396 630 1709 1050 2019 61 0 0 0 0 0 110 564 82
0 0 0 0 0 0 0 264 0 0 0 0 0 0 0 30 20 280 140 1260 755 919 756 469 551 183 128 665 1033 262 515 815 586 1111 20 20 305 1168 830 949 103 0 0 0 148 696 416 36 807 2690 1558 899 640 794 744 2862 2150 341 341 1910 516 41 0 453 3527 135 0 0 0 0 0 0 0 0 124 1452 459 1452 854 249 525 679 679 2208 985 14 1118 0 0 0 0 0 0 0 0 0
0 0 0 0 0 0 0 0 0 0 0 0 0 0 0 98 140 383 755 1696 1537 1226 1267 8 222 361 613 573 910 998 1393 515 127 108 55 686 96 96 3615 809 183 0 0 0 231 36 94 1031 2283 2387 0 181 693 794 891 2332 2983 545 1430 3302 3302 99 0 254 1586 140 309 0 0 0 0 157 0 1194 2315 3054 1574 1968 1971 1487 2486 3477 1479 1672 804 0 180 0 0 0 0 0 0 0 0 0
0 0 0 0 0 0 0 0 182 0 0 0 0 0 0 0 44 218 917 1069 777 739 946 256 520 743 444 307 581 826 769 685 175 0 0 493 447 392 1730 1196 391 0 0 44 0 85 639 794 740 0 0 202 778 1126 1049 429 579 0 1247 3880 1840 2973 2973 0 817 1046 1180 189 0 85 2894 2661 2683 4828 2350 140 2488 2156 988 2687 2032 2756 4575 3137 160 160 2120 324 182 2514 2934 0 0 0 0 0
0 0 0 0 0 0 0 0 0 0 0 0 0 0 0 18 202 202 1346 527 166 127 925 443 661 687 1357 749 755 755 755 711 65 0 0 637 402 2073 378 196 196 0 92 100 29 509 1044 1117 260 3 0 37 1072 752 604 294 188 43 3355 7960 8052 3393 2544 0 0 659 1907 1455 5354 1546 1650 532 2721 3964 3585 3477 4888 1469 1222 1160 1737 975 2351 2459 1909 2256 2288 2288 1481 2000 773 3005 0 0 0 0
0 0 0 0 0 0 0 0 0 0 0 0 0 312 12 0 359 755 755 755 447 112 387 410 139 15 76 315 526 447 490 657 179 113 136 505 16 360 422 105 102 398 398 0 121 552 592 665 445 417 30 127 907 1003 486 754 513 858 6997 3588 6757 4209 1356 0 50 1092 1092 2048 2795 3225 2783 3301 3494 3910 5298 4463 6006 1120 1192 1636 2169 1258 2575 1261 2478 3331 3798 2358 2561 158 158 1352 0 0 28 0
0 0 0 0 0 0 0 0 0 0 0 0 0 232 88 38 703 707 755 709 2338 2338 2207 313 0 0 0 117 74 149 158 73 201 595 325 3266 1144 93 8 1127 499 166 44 670 670 463 764 759 691 760 650 725 1464 1866 868 1050 539 3275 198 677 479 0 0 236 1036 1981 2004 3164 3164 2943 2887 3599 2328 3144 5093 6282 2050 3571 1781 1503 5099 2395 2386 1453 1952 1797 3120 3631 3712 4 278 378 378 0 181 3052
0 0 0 0 0 0 0 61 0 192 0 113 0 0 362 123 628 415 492 138 258 683 1062 113 49 141 24 524 42 38 255 492 123 197 301 3253 785 881 606 1002 346 598 567 1274 2038 4029 993 947 1993 1205 888 1542 1542 390 776 1087 908 0 0 0 0 0 303 517 926 2978 2799 2016 1963 3389 3389 2741 972 426 173 1756 1803 1279 2108 1541 4971 5973 4171 1399 1716 2079 2446 3241 5490 586 267 129 983 164 164 5145
0 0 0 0 0 0 0 211 135 17 0 23 0 0 202 212 736 1121 643 248 6 22 391 216 216 210 443 329 22 0 0 0 213 0 191 1204 50 471 47 3 825 875 1826 944 2927 3756 4378 4669 4669 2433 922 1206 1451 343 1225 850 1997 891 303 0 626 948 1811 179 3278 2138 2130 1997 201 2696 3141 1987 1987 37 1069 1560 3590 2194 1657 1604 3438 2607 2506 1231 1165 3297 2492 3247 2071 747 105 98 1278 515 478 2932
0 0 0 0 0 0 0 243 0 0 35 0 3 0 102 893 974 1169 436 1577 1584 548 638 449 215 87 87 503 303 0 75 0 0 0 781 1459 604 1283 0 787 1738 960 1203 1484 914 1495 4571 1980 3060 1497 493 493 1038 0 665 1139 578 730 2409 1932 2979 962 2471 651 2150 968 763 543 0 4944 1462 2180 964 1631 1631 2462 1772 2243 2140 1542 2188 1769 3034 2742 3075 4894 5459 3630 1481 29 371 952 2273 4082 521 1450
0 0 0 0 0 0 0 198 23 0 95 37 68 0 168 754 326 230 551 720 1577 242 290 1149 459 239 408 794 794 331 721 157 10 0 270 462 1033 1351 0 49 29 0 114 1160 1741 715 938 758 883 1510 547 468 1496 172 549 898 718 937 803 759 638 1907 457 760 596 0 447 222 42 1930 2598 3394 3221 2937 2908 2732 2732 4191 2809 1549 2308 1253 2340 2747 5077 2019 3567 4945 1051 821 1740 2686 3402 2848 2913 3342
0 0 0 0 0 0 0 198 23 0 95 37 68 0 168 754 326 230 551 720 1577 242 290 1149 459 239 408 794 794 331 721 157 10 0 270 462 1033 1351 0 49 29 0 114 1160 1741 715 938 758 883 1510 547 468 1496 172 549 898 718 937 803 759 638 1907 457 760 596 0 447 222 42 1930 2598 3394 3221 2937 2908 2732 2732 4191 2809 1549 2308 1253 2340 2747 5077 2019 3567 4945 1051 821 1740 2686 3402 2848 2913 3342
0 0 0 0 0 0 0 163 0 20 31 104 0 0 92 272 0 451 1072 761 512 79 142 663 647 186 547 590 377 377 377 317 42 0 106 653 337 416 0 0 0 143 50 698 896 625 816 624 744 894 323 247 989 404 404 868 697 881 1245 1127 732 884 162 430 483 0 0 0 63 3130 1756 2824 3395 3395 2623 2220 3164 2023 2023 2459 1996 722 1856 2904 7303 2850 3237 2872 1871 2033 2379 1257 524 917 2925 1975
0 0 0 0 0 0 272 193 110 240 121 81 0 0 143 13 0 487 689 273 308 165 274 703 755 618 755 755 430 288 193 0 0 0 0 188 732 470 0 0 19 427 209 338 892 867 734 714 744 844 523 237 126 120 177 1537 1537 597 666 958 689 64 520 914 873 23 0 0 787 3395 3313 2075 3393 3395 2935 2669 2794 2011 3197 1903 1461 1461 3140 3006 8052 3090 1614 1807 1655 1389 2503 2054 847 1993 2748 1710
0 0 0 0 0 0 109 237 50 50 69 0 0 0 91 0 0 399 438 0 275 143 35 140 524 479 679 755 684 429 96 0 0 0 0 0 106 293 0 0 87 0 88 50 958 1518 490 539 1578 620 174 409 299 439 174 937 544 717 717 957 548 828 700 1915 638 642 102 37 2288 3395 3326 2130 3387 3395 3395 3395 3395 3031 3165 1969 1106 1259 6506 6506 8052 2543 3510 2380 1072 2495 1542 4536 2014 1026 2390 1769
0 0 0 0 0 0 289 1 84 22 147 147 45 0 153 0 58 343 797 444 0 1718 244 160 280 2344 263 551 702 732 32 0 0 0 0 0 0 0 0 0 0 0 527 0 546 261 12 12 872 567 316 507 79 999 1820 213 1098 245 1899 4765 1931 3469 1744 1229 116 859 1552 228 1457 3393 3395 3392 3395 3395 3395 3395 3395 3395 3240 2648 1945 1282 7529 8052 7842 1023 1446 2181 2851 4188 2463 2654 2243 3757 4591 2966
0 0 0 0 0 0 12 1 129 61 294 6 93 93 65 0 136 357 1669 1855 0 363 169 64 937 2570 1856 734 686 537 0 0 0 0 0 0 0 416 226 0 0 173 439 0 410 117 145 0 39 557 529 782 743 121 697 178 474 12 766 2290 5851 3551 3551 1825 350 592 462 1259 1595 2443 2540 2093 3395 3395 3395 3395 3395 3395 3226 2576 2559 2901 7853 8052 2399 3914 3914 1649 1647 2283 2220 1740 1984 3954 4157 1542
0 0 0 0 0 0 0 0 2 245 164 267 0 0 0 0 0 351 1003 937 14 0 514 244 1080 732 114 288 434 5 0 0 0 0 0 0 0 678 0 0 0 222 609 0 598 28 428 150 963 63 422 574 790 908 865 335 458 0 1734 2153 1915 1917 2021 1086 1538 1538 3964 3031 156 1134 1051 1649 2916 3365 3391 3395 3395 3395 2637 2281 2878 2964 4219 6430 3527 2659 2820 2202 2202 3318 3843 2344 4538 1554 2253 1468
0 0 0 0 0 0 0 34 76 412 63 169 0 0 0 0 1 1 832 1465 1230 663 1059 937 1283 740 544 737 365 41 41 0 0 0 917 1039 40 12 0 0 375 470 470 149 2710 328 208 350 1540 855 268 531 791 965 989 85 0 0 1968 4324 541 2129 2379 1234 1507 2223 2743 2743 2151 1955 812 1632 877 2078 2539 3392 3395 3395 2478 1795 4606 1593 4105 4837 2166 1550 1978 5961 3891 5225 4974 4974 5419 4625 2499 1043
0 0 0 0 0 0 314 239 214 5 0 4 86 126 49 0 0 420 648 1140 1140 748 1176 1663 1312 677 361 700 429 174 99 0 0 0 30 0 336 650 0 0 292 107 2518 1870 1870 877 577 1209 876 595 358 436 516 616 864 161 0 0 2121 1968 1832 1668 1992 2106 2168 2466 3120 3234 3857 413 2904 1343 2128 1331 1275 2397 3395 3395 3303 2049 3788 2248 4004 6395 1513 1291 999 3397 2044 4865 2327 4636 2252 2252 1084 83
0 0 0 0 0 0 39 0 0 0 167 168 304 276 4 0 0 0 207 640 1114 1604 1604 871 1198 421 861 779 679 404 22 0 0 0 0 0 2439 3944 503 1 0 140 828 1184 2585 894 894 759 714 800 594 526 474 557 387 716 207 0 2149 156 1231 2059 3396 4824 2912 1554 1303 2243 6840 2102 2102 3685 6451 1017 733 1273 3151 2970 1800 2586 4159 4335 4006 6229 1065 868 1538 1722 3488 4799 3632 4322 1751 1367 1129 1129
0 0 0 0 0 0 0 0 155 0 87 382 311 215 0 0 0 0 72 538 935 1493 545 445 873 930 1094 480 85 152 0 0 0 0 0 1090 1092 827 1956 393 48 328 476 1194 2843 1883 764 535 535 424 258 1068 451 730 273 303 431 272 233 680 332 910 1446 4914 3519 2366 2397 4055 5383 927 4566 3475 3475 4547 3361 1885 2384 1515 1116 1640 2679 4670 5288 4537 2463 3087 2646 1542 2412 3353 1280 4234 113 670 288 581
0 0 0 0 0 0 0 0 23 73 13 226 237 369 0 0 0 0 84 280 468 1212 262 47 811 811 1383 322 0 14 124 298 108 0 263 2121 31 25 2554 886 0 418 899 686 3743 1995 473 629 374 832 832 1328 582 669 819 1297 1137 947 1633 1223 1704 1755 1616 3508 2212 1368 1334 3913 3749 2284 939 3271 2976 1900 2313 2313 4080 1931 2099 3494 1180 2290 5284 4023 2211 2898 1322 1542 2557 5328 4548 2508 0 119 77 11
0 0 0 0 0 0 0 0 68 131 48 274 65 152 0 0 0 0 3 0 116 411 112 0 130 80 147 147 0 327 418 40 0 0 67 535 0 0 194 310 54 827 520 370 1567 74 159 624 577 1182 4030 2735 2115 548 402 990 2706 682 584 1388 650 1023 939 3634 887 2467 2311 2253 1469 805 1035 3677 3729 2219 5027 1542 2818 2818 1050 3137 3182 1293 1243 2012 1665 3772 2430 1542 2542 2517 2888 1342 161 9 280 127
0 0 0 0 0 0 0 0 68 131 48 274 65 152 0 0 0 0 3 0 116 411 112 0 130 80 147 147 0 327 418 40 0 0 67 535 0 0 194 310 54 827 520 370 1567 74 159 624 577 1182 4030 2735 2115 548 402 990 2706 682 584 1388 650 1023 939 3634 887 2467 2311 2253 1469 805 1035 3677 3729 2219 5027 1542 2818 2818 1050 3137 3182 1293 1243 2012 1665 3772 2430 1542 2542 2517 2888 1342 161 9 280 127
0 0 0 0 0 0 0 0 41 0 2 109 0 0 0 0 0 0 0 0 3 1 0 0 0 0 683 370 436 436 325 474 295 587 1759 2001 788 49 1537 140 525 815 445 160 269 496 148 519 542 633 1468 1637 1273 573 573 955 1987 920 149 491 650 735 907 890 881 127 574 455 1077 3789 802 1615 1670 3295 4322 3834 3367 1326 1289 1289 4692 1336 990 1752 2831 4736 6642 2087 6548 2336 856 665 252 385 223 526
0 0 0 0 0 0 0 0 0 0 0 0 0 0 0 0 0 0 0 0 0 169 0 134 130 324 104 285 1203 1007 2290 2290 714 1055 2944 3944 2120 474 736 317 500 719 116 58 112 115 659 1039 575 585 643 1224 766 814 869 853 853 1348 1867 1126 656 2237 2931 2274 152 3 1138 616 796 1141 1044 2629 2274 1501 1711 5030 3278 2817 2234 6487 1897 1897 2762 2338 2614 2144 1942 3626 6674 3655 711 0 0 261 2 0
0 0 0 0 0 0 0 0 0 0 0 0 0 0 0 0 0 0 0 0 0 269 108 666 118 603 208 507 211 385 169 0 0 0 3519 3944 2966 2548 597 161 267 170 164 42 719 804 893 1020 708 611 656 616 677 669 1027 1639 1415 748 748 1203 333 2054 2770 868 70 269 501 1793 452 900 1320 2807 1808 2544 2828 4342 1227 2611 3618 2916 4863 3451 2541 3044 2541 1990 2031 3290 2509 4803 1056 0 0 0 0 334
0 0 0 0 0 0 0 136 0 0 0 0 0 0 0 0 0 0 0 393 0 416 332 1494 88 64 333 157 180 0 0 0 60 3362 3944 3892 3892 3234 325 85 616 574 624 707 2292 2097 1373 2318 531 307 803 1115 922 590 1443 1112 700 978 469 743 743 34 893 2247 508 184 1363 950 861 582 244 641 1583 6087 5805 6205 6510 6014 1457 833 1200 2114 2352 2916 1945 1945 3186 3104 506 2006 2726 66 235 251 264 434
0 0 0 0 0 0 0 199 0 0 0 0 0 0 0 0 0 0 0 1230 1150 3739 5917 2932 587 142 350 300 132 24 382 171 0 1588 3855 2631 637 222 0 112 612 887 786 637 984 478 1008 841 416 378 1079 878 549 760 701 678 1023 1120 831 1041 53 2909 4669 4669 2485 182 2007 853 662 667 931 653 729 1485 6363 5969 5988 4098 1444 1308 2200 1842 2899 2333 3096 3196 559 559 2823 995 496 167 76 127 276 0
0 0 0 0 0 0 0 8 0 0 0 0 0 0 0 0 0 45 500 2001 2295 5882 4322 825 588 162 629 545 362 193 842 839 16 617 2427 1126 103 0 22 22 228 557 370 886 885 2301 490 597 103 301 620 288 519 1784 3228 1600 336 677 802 2808 2296 3385 2267 3048 1331 513 672 1609 589 645 1244 444 82 1199 6558 4989 3951 3854 5926 2788 3299 1994 3110 3215 2941 344 130 3865 3735 0 0 0 0 0 0 0
0 0 0 0 0 0 0 0 0 0 0 0 0 0 161 1717 374 1223 1841 2615 2100 824 1627 260 110 4 2034 575 741 895 88 0 0 180 719 291 0 553 10 126 609 350 738 817 2239 2535 521 788 333 89 625 326 229 4669 4486 3498 863 531 1215 730 1447 1479 677 921 673 2912 2848 2848 1371 1103 623 492 475 1701 3554 2393 3268 5888 4103 3429 3284 3395 3395 3155 1264 0 2253 6985 2745 0 0 0 0 0 0 0
0 0 0 0 0 0 0 0 0 0 0 0 72 1050 1026 1645 1623 1841 1841 1422 274 350 363 72 69 65 282 4 544 603 1440 877 3 0 0 189 2987 3701 0 0 143 498 872 58 58 727 894 616 129 0 398 470 505 2778 4669 4126 807 1154 1150 687 342 1472 1602 2114 1486 1712 2111 1833 594 534 569 784 2843 2749 2633 3205 2539 3259 3772 2527 3220 3395 3395 3336 1508 5475 6550 4668 752 323 222 0 0 0 0 0
0 0 0 0 0 0 0 0 0 0 0 49 1912 3026 826 957 826 826 478 361 447 447 412 799 293 233 196 858 2491 632 347 47 531 2085 296 1738 3944 3536 53 0 54 1431 180 0 437 1577 1577 151 174 288 977 483 1012 679 3361 3637 776 792 520 1416 3121 3943 1945 1327 788 772 731 2413 3094 1245 465 465 3694 2224 2037 2222 1220 1303 2944 2899 2527 3395 3395 3395 785 6524 5600 3800 1259 13 0 0 0 0 0 216
