Models/Governance/Lutecia/Lutecia/setup/gis/guangdong/pop2010.asc
ncols        203
nrows        170
xllcorner    772304.531453123665
yllcorner    2320189.872179685626
cellsize     998.401570312526
NODATA_value -2147483647
[rows 39 to 77 of 170, columns 88 to 175 of 203]
1463 758 230 458 2064 79 928 3448 4286 667 1062 122 0 1348 1608 103 713 1146 190 5 74 34 78 1560 890 876 884 1250 1102 2774 3289 1644 1166 930 765 1522 1253 1087 772 746 1024 920 1301 821 920 799 969 1293 803 418 461 200 1360 366 662 524 335 885 1731 979 1188 552 889 1263 1263 964 959 497 451 297 513 656 844 595 546 547 981 2398 752 1234 763 903 556 319 318 224 200 1
923 0 1652 208 2103 3724 3840 2230 794 2923 3145 784 2845 1432 980 566 60 1273 0 0 29 62 609 1499 950 1459 983 1616 1652 3044 1973 1355 1236 839 738 817 887 503 695 979 1446 516 803 810 1142 1012 523 1293 695 682 274 954 1099 407 963 694 513 510 549 647 490 1211 1263 1263 1263 1263 1263 1183 1001 450 522 453 572 324 243 425 902 1186 726 922 1178 701 668 813 685 338 95 570
5004 7104 4483 1118 2675 3501 3143 1902 2756 3395 2800 812 470 1659 2658 164 1165 133 1277 2 425 101 567 383 1492 915 1207 1798 1126 2467 779 868 862 537 1062 994 870 1039 1006 569 847 884 716 984 878 1368 1298 1502 916 677 723 1245 286 607 795 1297 1172 1026 1124 1103 1150 1216 1044 1242 1263 1223 939 915 1594 952 592 526 524 784 415 584 1011 2279 974 499 576 1209 1648 1095 904 152 564 541
2585 3699 2499 2233 3175 3395 3395 3395 2087 1105 300 0 421 2081 3395 1136 1560 2690 2237 28 268 0 1417 1598 1757 1776 1798 1324 1124 1555 528 722 915 752 572 1513 2588 2453 1141 1021 1299 933 725 1040 608 1030 987 617 963 410 1111 1017 1008 816 991 594 688 1068 426 538 440 564 588 238 836 1051 335 485 1217 2599 965 275 357 787 1155 1016 1383 2334 190 11 361 512 598 828 707 107 1097 1614
2634 521 1805 3355 3395 3395 3395 3395 2165 521 2286 1287 1855 944 2031 3188 3238 1761 840 115 1139 1583 1659 1798 1798 1798 1798 1736 1161 1011 1102 1314 347 621 889 1116 1815 2117 2041 1060 2105 1059 1231 828 718 1115 1216 1181 870 892 963 802 1216 1189 437 332 579 1279 571 384 4 670 1216 1148 291 350 1009 1051 581 583 227 920 392 268 17 1150 1631 965 243 23 128 321 499 103 427 1306 1340 650
3141 2900 2905 1787 3395 3395 3395 3395 2850 2475 2124 1160 1222 8 519 2028 3270 3393 3390 2680 1681 1798 1798 1798 1798 1798 1798 1798 1798 1761 941 1049 2035 2348 1313 1112 1343 605 677 586 862 728 584 918 896 1192 1216 1216 1216 925 739 670 687 696 1041 815 929 717 986 879 563 918 1216 1216 1083 145 166 571 473 301 921 1911 952 1368 904 723 1437 1264 66 174 1455 966 0 0 0 49 602 221
3395 3395 3395 3324 3395 3395 3395 3395 3395 2560 1152 3389 2420 380 1982 2720 1948 3395 3395 3395 1798 1798 1798 1688 1744 1798 1798 1233 1273 1209 1943 2556 2590 1868 1324 1639 1331 470 977 807 1110 824 640 800 795 1200 1035 627 541 830 1216 1216 1216 1116 411 323 833 1053 1203 1167 853 550 1216 954 591 569 875 742 553 619 742 750 628 1294 2488 744 1524 1550 160 28 527 1503 1097 201 50 0 79 142
3395 3395 3395 3395 3395 3395 3395 3395 2228 2654 1078 2565 2656 2419 1057 2233 3234 3395 3395 1798 1798 1798 1641 838 1349 562 535 503 723 1725 2590 2590 2525 1559 1343 1358 769 745 1118 944 1747 1180 899 1064 1175 622 710 951 990 698 730 1215 1216 1211 963 497 260 559 1098 1216 1040 1216 1048 1036 1035 955 1022 1177 1049 810 613 622 1279 759 1214 1026 1688 2431 987 538 293 2463 1968 80 0 2 124 482
3300 2774 2722 3110 3385 3395 3395 3395 3182 3325 2683 3210 2689 473 205 796 3390 3395 3395 3395 1798 1798 1798 1369 587 446 0 834 1893 2590 2474 1873 1315 868 570 736 922 1120 835 437 514 898 1126 807 504 1043 1216 1216 931 0 281 949 1211 1164 865 625 692 181 101 743 506 1068 1083 600 699 1181 1216 1216 1069 1013 939 648 201 614 415 422 42 210 299 279 1231 2431 1663 140 47 496 604 707
1661 1922 1138 175 417 2204 3341 3395 3395 3395 3395 3395 3395 2999 1289 1307 3191 3395 3395 3395 3223 1305 668 154 1223 2260 1033 1537 2012 2589 1571 1049 1134 1163 1156 658 570 1210 1054 598 875 854 543 452 1155 1216 1216 1216 762 125 434 494 1030 1200 1161 1028 679 729 225 6 411 1202 1168 217 709 1216 890 592 883 1216 1216 908 631 951 886 406 826 657 673 933 1162 1280 1644 618 500 451 64 159
1894 2204 2553 2846 1827 634 418 1669 788 873 1325 1891 2670 3307 3111 3059 3148 3395 2506 1211 741 1054 807 139 1989 2767 1931 1083 1518 1703 1676 867 891 1174 915 880 1213 992 1033 830 317 502 1045 1216 1216 1216 1216 1216 1215 84 879 1018 1006 858 1216 1216 1175 1125 496 168 519 1145 758 363 382 1110 56 160 623 951 1216 1146 1063 1003 1005 1118 1216 944 1187 1206 843 396 474 646 413 205 405 639
2539 2331 110 1242 1142 2003 1959 4816 0 0 0 0 0 578 2927 3395 3395 3395 3395 2465 442 319 292 491 923 623 986 1266 657 2093 2510 2510 1648 935 1065 1216 1216 1216 1057 832 710 1209 1216 1216 1216 1216 1216 1216 1216 504 757 1144 1117 628 851 1216 1216 1034 552 458 201 783 1195 801 154 549 170 910 252 39 567 751 1056 941 1109 1216 1216 911 1205 1009 986 276 253 635 602 576 329 337
554 2792 1478 1601 183 3651 3558 470 275 1264 893 134 0 0 1824 3395 3395 3395 3024 1417 135 43 112 885 1142 367 185 85 1042 1338 2295 2524 1515 553 1203 1216 1216 1216 1216 977 1216 1216 1216 1216 1216 1216 1216 1216 1216 760 568 750 392 254 905 751 783 730 552 1013 1046 980 1216 710 791 1133 1143 719 786 858 558 832 1213 1130 1216 1216 1216 1089 759 772 287 6 538 580 432 441 62 0
389 83 1579 7952 5069 570 0 0 0 3287 1542 1590 1699 515 54 1838 3367 3335 850 507 948 1030 1901 2020 302 337 113 2 203 1341 2553 1232 726 1042 1216 1216 1216 1216 1166 917 1216 1216 1216 1216 1216 1216 1216 1216 1216 819 375 1216 658 1127 1155 629 192 606 610 811 1216 1195 1183 863 1212 1216 733 552 832 1212 990 1138 1216 1216 1216 1216 1216 666 1 289 231 207 357 71 507 43 457 548
2364 2588 7150 8052 8052 7791 1593 3 0 1290 2183 1542 1542 1479 1165 122 2367 1633 99 779 345 131 2109 1347 0 532 752 1162 1279 1748 1535 1037 621 748 983 1142 1216 1087 841 1216 1216 1216 1216 1190 1216 1216 1216 1216 1216 1216 1022 1216 1216 1216 1210 227 56 248 908 891 994 901 533 1060 1142 789 895 662 980 1165 1205 1216 1216 1216 1216 1216 1012 358 140 0 55 918 730 1350 787 37 311 1642
208 4712 8052 8052 8052 7691 785 1204 3165 4485 3627 1542 1541 1369 1542 984 155 1004 673 973 55 763 1582 295 0 831 745 1020 672 1481 842 882 850 686 742 918 746 936 1190 1134 1216 1216 943 163 516 871 1215 1216 1216 1216 1053 975 1173 1216 1216 821 200 148 536 1019 1216 769 514 601 761 918 961 940 688 621 1017 1216 1216 1216 1216 1010 320 313 250 170 0 768 594 548 380 1 377 453
3520 7873 8052 8052 8052 4183 4920 3732 3812 2075 2395 2006 381 922 1360 1309 110 82 2734 2829 360 0 0 0 0 1463 288 389 1870 843 789 524 1063 1006 684 737 1188 1216 933 1216 1216 1216 1149 463 195 40 1116 1067 762 1173 663 299 1033 1216 1216 950 1132 1163 758 1169 1216 1186 1025 839 423 1215 1216 1216 967 951 1132 1216 1216 1216 1034 478 308 240 129 332 255 290 0 179 561 6 205 272
1440 1567 1034 2786 4099 2249 353 4544 390 308 477 3094 1745 891 1625 1416 637 4 2213 1849 95 0 0 0 19 248 469 1451 1671 681 844 895 1216 1193 715 1058 1202 942 993 1216 1216 1216 1216 1110 1101 281 472 723 739 818 740 177 1206 1216 1216 1216 1199 818 1115 1216 1216 1216 1216 1216 1057 1181 1216 1216 1216 1216 1216 1216 1216 1216 980 1077 731 811 504 688 793 563 345 455 1209 319 176 520
2411 1965 1890 851 2823 3207 483 8 0 31 4 1950 786 939 2373 1777 1238 0 667 1332 27 107 993 0 142 1172 1823 1695 867 869 709 1118 931 751 559 905 470 957 1216 1216 1216 1216 1216 1216 1198 934 695 935 906 1196 899 964 1216 1216 1216 1216 1216 1182 1216 1216 1216 1216 1216 1216 1216 1065 1216 1216 1216 1216 1216 1216 1216 968 539 651 725 703 835 1107 1216 1195 1101 933 954 929 905 738
2888 3137 3357 2761 3395 3211 1608 248 100 1909 2004 1460 1278 2655 2436 3256 1332 104 0 0 0 290 1388 0 310 1592 2052 1337 208 1533 1291 807 869 1296 858 228 890 1216 1216 1066 1173 1216 1216 1142 673 219 0 0 53 1072 414 937 1216 1216 1216 1216 1216 1216 1216 1216 1216 1216 1216 1216 1216 1042 1076 1056 1034 1205 1216 1216 1153 1128 790 987 423 532 873 1211 474 388 351 12 122 482 396 524
3395 3395 3314 3157 2723 571 413 973 4966 1763 2497 3544 0 26 2883 2761 713 0 0 0 0 0 57 179 436 1127 1202 2218 660 1514 1567 1478 302 2636 1818 849 961 1030 928 1173 508 985 781 894 0 0 0 0 0 0 24 320 800 1061 1145 1216 1216 1216 1216 1216 1216 1216 1062 856 1107 996 851 1097 733 960 803 827 674 1046 1065 1190 519 57 218 474 51 0 0 0 80 206 137 287
3395 3395 2418 1609 834 1143 1410 409 2018 967 1225 1286 1634 1290 2058 174 1248 0 0 0 0 0 493 510 446 1703 1707 2201 1265 1799 2886 1744 648 2285 720 1069 1053 874 1817 1265 0 740 744 691 528 0 0 0 0 0 0 4 194 295 1121 1216 1216 1216 1216 1216 1216 1216 706 607 1197 673 860 931 1005 568 825 484 430 44 225 105 0 0 461 175 864 1372 400 0 0 0 2 22
3395 3395 3384 3004 3097 3392 992 959 2357 538 1551 2505 1549 1633 2493 5080 4908 265 397 0 0 21 392 552 423 713 601 722 136 782 2808 1109 801 1210 1169 1216 900 478 1107 0 0 222 873 1189 745 16 0 0 0 0 8 621 966 1087 594 928 1216 1216 1216 1216 1216 1216 1086 808 703 664 552 955 964 770 1119 783 313 0 274 642 8 0 1370 2181 467 0 0 0 0 0 0 0
3395 3395 3395 3395 3395 3100 1315 2149 2086 220 0 50 1334 2083 3289 3988 3003 676 208 0 0 319 552 552 326 463 622 1894 198 1377 1556 681 1216 1216 1216 1216 131 432 494 0 0 183 441 967 1050 560 22 1 0 228 352 522 1150 966 589 650 1013 1009 1216 1216 1216 1145 840 1125 1117 944 610 1081 1216 1216 1216 669 140 301 543 1012 1078 844 192 219 0 0 0 0 0 0 0 0
3395 3395 3395 3395 3395 3395 3358 1538 3023 2721 1209 1788 2401 2399 1464 3369 1136 578 53 0 0 307 552 552 471 342 1158 997 166 827 279 1040 1216 1216 1056 884 189 797 447 222 228 583 706 207 635 588 878 679 632 834 805 595 797 873 700 976 349 43 919 1216 1216 1032 669 861 1216 1216 1142 1207 1216 1216 1216 357 726 1076 1158 1101 1025 416 20 0 0 0 0 0 0 0 0 0
3395 3395 3395 3395 3395 3051 3395 3174 3343 3395 3395 2713 1706 1544 1889 2089 1200 1306 932 310 0 29 495 552 563 771 114 56 354 385 1110 1216 1216 1216 837 1130 1095 1095 537 1767 356 474 64 0 437 751 981 1184 860 885 1216 958 849 766 1026 434 0 0 827 847 1107 732 995 1216 1187 1183 821 1192 1216 1103 598 304 542 416 1095 1216 1038 374 0 0 0 0 0 0 0 0 0 0
3395 3395 3395 3395 3395 3395 3024 2702 2769 2295 2074 1630 1400 1525 1345 914 711 568 1169 1416 107 0 164 523 363 119 14 194 1164 917 1216 1216 1163 720 918 780 961 636 235 773 2367 1755 307 0 371 374 868 1146 1177 1175 1216 1216 1204 619 1002 495 67 86 793 576 736 898 839 846 529 294 286 811 1216 330 182 117 0 0 203 775 832 530 216 5 0 0 0 0 0 0 0 0
3395 3395 3395 3395 3395 3395 2995 2555 2539 1448 1192 1406 2828 1504 993 1211 593 834 1511 1088 231 0 0 839 552 337 79 818 1530 1141 1216 1216 1216 1202 980 411 65 0 0 0 1255 2813 1235 19 0 0 351 1052 1216 1216 1216 1216 995 287 612 151 0 136 1098 763 845 1146 457 1616 181 21 242 838 1181 141 211 59 0 0 0 258 1131 903 838 783 162 0 0 0 0 0 0 0
3101 3104 3123 3132 3387 2680 2252 1616 1349 1539 2152 1430 1884 1105 1113 1204 1485 2447 1414 164 705 7 0 111 482 442 743 1596 1766 1216 1216 1216 1216 1216 1215 228 0 40 461 877 1020 1558 70 265 0 0 155 706 1216 1216 1216 1216 765 246 0 0 0 175 1086 958 949 880 309 132 25 36 202 811 662 0 26 56 0 0 12 366 888 997 307 411 738 28 0 0 0 0 0 0
3326 3365 3395 2669 2724 2189 1698 1135 932 892 1533 828 835 1043 610 824 2191 760 1503 211 1863 1 0 0 313 185 2113 979 1679 715 477 611 1216 1216 1216 625 0 0 0 0 307 695 22 0 0 0 0 334 1032 1216 1216 1202 446 258 0 0 89 486 1212 1003 1025 487 30 16 0 777 354 610 594 109 0 0 0 0 0 0 366 601 627 267 785 718 516 347 545 664 544 326
3395 3395 3315 1777 3059 2809 2122 877 808 930 931 983 1086 1069 951 998 1385 681 1307 81 393 3 0 0 39 736 1840 533 1960 1288 898 840 1216 1216 832 479 0 0 0 0 0 80 0 0 0 0 46 379 825 981 597 703 951 380 12 574 941 1013 857 586 262 46 0 0 0 138 389 63 0 0 0 0 0 0 12 248 420 919 1019 1280 1732 677 1194 1216 1216 646 778 180
3395 2305 1540 560 732 2832 2245 1694 1861 2046 1681 1542 2905 4277 1031 651 459 960 456 843 1106 93 0 0 208 1802 1309 553 1433 1900 1901 989 1216 1216 722 382 0 0 0 0 0 0 0 0 0 0 4 144 1215 740 550 1049 1216 1151 754 1192 280 11 116 5 0 0 0 0 0 386 837 0 0 47 0 0 0 0 13 516 637 1100 1160 511 163 1178 1165 952 1205 1196 1216 1084
2817 1893 378 1163 1384 3942 6048 2201 2798 2405 1670 3921 3788 2163 1542 1542 1428 659 33 0 903 176 0 0 46 592 380 266 496 1218 553 875 1169 1216 1134 859 745 386 448 133 25 0 0 0 0 0 0 24 110 212 660 1132 943 554 155 0 0 0 0 0 0 0 0 0 67 716 1176 1016 344 2143 632 0 0 0 128 544 1077 1192 1210 849 357 463 694 32 739 1128 1216 1216
819 1870 2047 1017 1912 2579 3372 1464 1175 1384 1486 2452 3519 3295 2381 1542 1542 1522 46 0 0 0 0 0 69 354 210 334 458 1366 552 505 781 1216 1216 1154 1044 1215 1064 775 646 872 261 8 0 128 0 0 0 7 662 1032 135 399 0 0 0 0 0 0 0 0 0 0 337 2119 2066 313 614 1878 608 0 0 0 7 228 278 1086 1216 1195 337 376 1232 134 1068 1207 1216 1216
1362 1477 1542 1542 3570 934 1603 1855 1542 2624 1429 1376 1693 1275 2100 1542 1542 1542 830 0 403 1028 21 0 31 475 316 102 1133 1596 1542 2544 486 1117 648 816 1216 1216 942 978 848 2178 791 478 1193 652 0 0 67 14 772 237 0 0 0 428 0 0 0 0 0 0 27 384 844 1925 497 0 0 36 35 0 0 0 89 251 835 1131 1216 1116 559 857 995 651 1100 1127 1108 1154
1433 1477 1455 1477 1683 1500 1233 2332 1542 2430 1496 1273 1496 587 1370 2290 2187 2810 4633 0 54 621 21 0 0 196 543 390 608 1596 2352 2539 1209 535 530 1165 1216 1216 987 1160 704 812 943 573 1327 534 228 421 556 787 405 103 1160 0 224 1358 789 0 96 53 0 221 868 1653 3493 2282 585 0 0 0 81 202 52 0 97 1041 1216 1216 1211 738 696 549 768 924 1132 183 180 211
1388 2359 1249 1341 1982 1544 1532 825 1335 1525 1542 1594 1542 1239 540 4968 7797 5396 4375 1351 1082 0 0 0 0 2 113 159 489 1427 2046 1201 868 572 1216 1216 1216 1216 1216 1216 1216 965 500 499 569 794 788 423 1079 666 678 55 946 787 1728 1694 1865 343 1419 562 0 234 971 783 1478 991 48 0 139 3 18 473 1067 873 776 903 1132 1078 656 806 430 0 757 1212 1034 654 594 0
1542 1825 1513 1126 1265 1412 1209 1391 917 1539 1542 2681 1542 1542 1155 4084 5964 7476 2690 4293 799 1447 781 0 0 0 0 0 1248 2223 856 601 855 1077 1216 1216 1216 1216 1216 1216 1216 1021 1120 250 134 930 912 977 1012 1216 1151 147 2069 1561 2476 2476 1885 1811 2441 445 0 318 1010 389 1414 1205 0 0 1589 1423 0 94 1059 1216 999 300 630 558 707 1216 515 3 396 1084 996 35 0 0
3163 1489 1129 1515 2040 3357 1542 1171 1421 1256 1266 1540 1542 1376 641 2979 2157 5860 3999 1909 5698 844 736 1717 12 0 0 0 312 1000 548 875 1319 1518 1153 1216 1216 1216 1216 1216 1216 789 638 151 0 405 969 1215 1214 1216 1162 1014 2358 2446 2476 2476 2476 2464 2476 1424 0 545 2227 2440 2007 399 0 0 1476 2201 0 0 540 1184 528 0 405 581 1216 1216 1216 406 61 856 435 0 100 0
