Models/Governance/Lutecia/Lutecia/setup/gis/guangdong/pop2010.asc
ncols        203
nrows        170
xllcorner    772304.531453123665
yllcorner    2320189.872179685626
cellsize     998.401570312526
NODATA_value -2147483647
[rows 0 to 38 of 170, columns 0 to 87 of 203]
311 587 0 0 110 2 37 802 9 1506 0 0 0 0 0 0 0 1 89 0 0 0 0 0 90 634 965 728 27 0 0 177 571 744 552 212 408 140 152 14 0 102 0 187 707 169 387 806 491 466 684 772 1026 255 1991 36 466 949 1769 3110 3147 1377 90 141 0 0 0 0 0 15 12 0 0 0 0 0 342 859 444 103 315 0 0 0 0 13 5 32
112 298 87 7 403 964 274 7 17 31 13 0 0 0 0 0 0 394 67 0 0 0 13 294 1333 751 965 378 0 0 0 142 823 336 697 145 0 413 23 0 0 0 0 848 1458 793 794 1093 774 794 794 1942 2147 147 1197 142 56 560 1756 4057 1484 434 178 0 0 0 0 0 0 0 0 0 29 1198 22 0 503 142 72 0 0 0 0 0 0 0 0 0
409 320 741 589 118 375 384 0 208 18 172 79 0 0 0 38 475 875 503 68 35 810 757 378 514 524 965 327 0 0 0 451 894 278 159 0 39 268 0 0 0 430 955 1368 2769 640 307 794 794 374 736 1345 442 1086 532 554 16 0 287 917 349 0 19 0 0 0 0 0 0 0 0 0 225 258 221 1398 1399 1393 12 65 321 78 0 0 0 0 0 0
203 0 0 297 368 0 58 123 89 106 247 49 0 0 96 714 773 1692 1186 140 156 232 127 0 288 783 330 2 0 0 0 320 667 248 720 261 203 0 0 0 116 945 766 266 1555 395 62 546 794 794 797 877 1352 802 450 0 0 0 217 61 795 31 0 0 0 0 0 0 0 0 0 0 0 4 23 215 396 630 802 1709 1050 2019 61 0 0 0 0 0
0 747 6 0 96 658 140 9 0 202 24 0 82 116 510 755 1011 1001 261 109 365 276 72 0 0 0 0 0 0 0 0 321 749 389 810 576 3 0 0 25 1008 562 360 297 1294 1128 196 592 794 794 1688 389 5 0 0 54 39 88 1029 589 0 0 0 0 0 0 0 0 0 0 0 441 2178 94 249 525 679 2208 920 985 14 1118 0 0 0 0 0 0
334 120 112 128 0 271 55 82 172 30 0 0 77 479 755 1041 757 566 980 378 329 534 25 0 0 346 216 6 0 0 0 264 382 410 618 140 0 0 0 303 1150 680 95 399 652 1176 788 1358 1443 1554 1843 1644 655 992 172 116 23 250 2332 49 0 0 0 0 0 0 0 0 0 124 1452 459 1452 854 1487 2486 3477 1479 1672 804 0 180 0 0 0 0 0 0
221 0 235 317 0 0 0 0 0 0 0 0 0 212 951 767 1008 864 1421 513 595 1137 88 42 336 685 745 114 0 0 214 78 178 310 456 0 0 0 0 604 926 349 0 729 1700 2016 986 1291 969 2055 2862 2150 341 1910 516 41 0 453 3527 135 0 0 0 0 0 0 157 0 1194 2315 3054 1574 1968 1971 905 2032 2756 4575 3137 910 160 2120 324 182 2514 2934 1360 0
320 92 1575 121 0 0 0 0 0 0 0 0 121 578 799 756 722 689 659 469 409 610 251 708 755 1345 660 418 58 0 21 100 0 335 263 0 0 0 148 696 416 36 807 2690 1558 899 640 751 794 744 2332 2983 545 1430 3302 99 0 254 1586 140 309 0 0 0 85 2894 2661 2683 4828 2350 140 2488 2156 988 2687 1737 975 2351 2459 2443 1909 2256 2288 1481 2000 773 3005 0
314 112 32 0 0 0 0 0 0 0 0 12 625 755 755 755 751 624 1270 540 193 611 592 904 1402 815 586 1111 20 305 1168 270 830 949 103 0 0 0 231 36 94 1031 2283 2387 0 181 693 1343 794 891 704 579 0 1247 3880 1840 2973 0 817 1046 1180 189 1494 588 1546 1650 532 2721 3964 3585 3477 4888 1469 1222 1160 1514 1258 2575 1261 3211 2478 3331 3798 2358 2561 158 1352 0
337 801 0 0 0 0 0 0 0 0 0 140 1260 755 919 756 647 469 551 183 128 665 1033 262 515 515 127 108 55 686 96 1096 3615 809 183 0 0 0 0 85 639 794 740 0 0 202 778 650 1126 1049 429 188 43 3355 7960 8052 3393 2544 0 659 1907 1455 5354 3152 3225 2783 3301 3494 3910 5298 4463 6006 1120 1192 1636 2169 2395 2386 1453 1459 1952 1797 3120 3631 3712 4 278 378
264 30 0 0 0 0 0 0 30 20 280 489 1696 1537 1226 1267 60 8 222 361 613 573 910 998 1393 685 175 0 0 493 447 392 1730 1196 391 0 0 44 29 509 1044 1117 260 3 0 37 1072 905 752 604 294 513 858 6997 3588 6757 4209 1356 0 50 1092 2048 2795 2707 2943 2887 3599 2328 3144 5093 6282 2050 3571 1781 1503 5099 5973 4171 1399 995 1716 2079 2446 3241 5490 586 267 129
0 0 0 0 0 0 0 0 98 140 383 755 1069 777 739 946 350 256 520 743 444 307 581 826 769 738 65 0 0 637 402 2073 492 378 196 0 92 100 383 552 592 665 445 417 30 127 907 1080 1003 486 754 1489 3275 198 677 479 0 0 236 1036 1981 2004 3164 3382 3395 3389 2741 972 426 173 1756 1803 1279 2108 1541 4971 5593 2506 1231 1356 1165 3297 2492 3247 2071 747 105 98
0 87 182 0 0 0 0 0 0 44 218 917 527 166 127 925 845 443 661 687 1357 749 755 755 755 711 179 113 136 505 16 360 251 422 105 102 398 0 121 463 764 759 691 760 650 725 1464 1080 1866 868 1050 539 0 0 0 0 0 303 517 926 2978 2799 2016 1963 2433 2696 3141 1987 37 1069 1560 3590 2194 1657 1604 3438 2607 3034 2742 2836 3075 4894 5459 3630 1481 29 371 952
0 0 0 0 0 0 0 0 0 18 202 1346 777 447 112 387 2075 410 139 15 76 315 526 447 490 657 431 595 325 3266 1144 93 99 8 1127 499 166 44 670 546 993 947 1993 1205 888 1542 1542 936 390 776 1087 908 604 303 0 626 948 1811 179 3278 2138 2130 1997 201 674 1517 1462 2180 964 1631 2462 1772 2243 2140 1542 2188 1769 3090 2747 3888 5077 2019 3567 4945 1051 821 1740 2686
0 0 0 0 0 0 0 312 12 0 359 755 755 743 2338 2207 582 313 0 0 0 117 74 149 158 73 201 197 301 3253 785 881 804 606 1002 346 598 567 1274 2038 4029 4378 4669 2433 922 1206 1451 1182 343 1225 850 1997 891 2409 1932 2979 962 2471 651 2150 968 763 543 0 1574 4944 2598 3394 3221 2937 2908 2732 4191 2809 1549 2308 1253 2340 2904 8024 7303 2850 3237 2872 1871 2033 2379 1257
0 0 0 0 0 0 0 232 88 38 703 707 755 709 1101 683 1062 113 49 141 24 524 42 38 255 492 123 0 191 1204 50 471 740 47 3 825 875 1826 944 2927 3756 4571 1980 3060 1497 493 1038 801 0 665 1139 578 730 803 759 638 1907 457 760 596 0 447 222 42 1341 1930 1756 2824 3395 3395 2623 2220 3164 2023 2459 1996 722 1856 3006 8052 8052 3090 1614 1807 1655 1389 2503 2054
0 0 0 192 0 113 0 0 362 123 628 415 492 138 258 22 391 109 216 210 443 329 22 0 0 0 213 0 781 1459 604 1283 174 0 787 1738 960 1203 1484 914 1495 1201 758 883 1510 547 468 1496 172 549 898 718 937 963 1127 732 884 162 430 483 0 0 0 63 1889 3130 2824 2075 3393 3395 2935 2669 2794 2011 3197 1903 1461 3140 5690 8052 8052 2543 3510 2380 1072 2495 1542 4536
61 143 135 17 0 23 0 0 202 212 736 1121 643 248 6 89 638 119 449 215 87 503 303 0 75 0 0 0 270 462 1033 1351 238 0 49 29 0 114 1160 1741 715 938 624 744 894 323 247 989 337 404 868 697 881 1245 958 689 64 520 914 873 23 0 0 787 3110 3395 3313 2130 3387 3395 3395 3395 3395 3031 3165 1969 1106 1259 6506 8052 7842 1023 1446 2181 2851 4188 2463 2654
211 96 0 0 35 0 3 0 102 893 974 1169 436 1577 1584 548 290 458 1149 459 239 408 794 331 721 157 10 0 401 653 337 416 37 0 0 0 143 50 698 896 625 816 890 744 844 523 237 126 294 120 177 1537 597 666 1299 548 828 700 1915 638 642 102 37 2288 3395 3395 3326 2069 3395 3395 3395 3395 3395 3395 3240 2648 1945 1282 7529 8052 6691 2399 3914 1649 1647 2283 2220 1740
243 315 131 0 95 37 68 0 168 754 326 230 551 720 1577 242 142 201 663 647 186 547 590 377 377 317 42 0 106 188 732 470 48 0 0 19 427 209 338 892 867 734 714 1578 620 174 409 299 812 439 174 937 544 717 957 1931 3469 1744 1229 116 859 1552 228 1457 2578 3393 3395 3392 3395 3395 3395 3395 3395 3395 3226 2576 2559 2901 7853 8052 5397 3527 2659 2820 2202 3318 3843 2344
198 1207 23 20 31 104 0 0 92 272 0 451 1072 761 512 79 222 317 703 755 618 755 755 430 288 193 0 0 0 0 106 293 259 0 0 87 0 88 50 958 1518 490 539 872 567 316 507 79 445 999 1820 213 1098 245 1899 4765 5851 3551 1825 350 592 462 1259 1595 2268 2443 2540 2093 2916 3365 3391 3395 3395 3395 2637 2281 2878 2964 4219 6430 2350 2166 1550 1978 5961 3891 5225 4974
163 333 0 240 121 81 0 0 143 13 0 487 689 273 308 165 274 306 140 524 479 679 755 684 429 96 0 0 0 0 0 0 0 0 0 0 0 527 0 546 261 12 12 264 557 529 782 743 1127 121 697 178 474 12 766 2290 2489 1917 2021 1086 1538 3964 3031 156 2482 1134 1051 1649 2150 2078 2539 3392 3395 3395 2478 1795 4606 1593 4105 4837 4901 2980 1291 999 3397 2044 4865 2327
272 193 110 20 69 0 0 0 91 0 0 399 438 0 275 143 35 37 160 280 2344 263 551 702 732 32 0 0 0 0 0 0 416 226 0 0 173 439 0 410 117 145 0 39 63 422 574 790 2371 908 865 335 458 0 1734 2153 1915 2129 2379 1234 1507 2223 2743 2151 2087 1955 812 1632 877 1331 1275 2397 3395 3395 3303 2049 3788 2248 4004 6395 4049 1513 868 1538 1722 3488 4799 3632
109 237 3 50 100 147 45 0 153 0 58 343 797 444 0 1718 244 0 64 937 2570 1856 734 686 537 0 0 0 0 0 0 0 678 1090 0 0 222 609 0 598 28 428 150 963 523 268 531 791 956 965 989 85 0 0 1968 4324 541 674 1992 2106 2168 2466 3120 3234 3857 413 2904 1343 2128 1017 733 1273 3151 2970 1800 2586 4159 4335 4006 6229 2867 1065 3087 2646 1542 2412 3353 1280
289 1 0 84 22 242 6 93 65 0 136 357 1669 1855 0 363 169 490 244 1080 732 114 288 434 5 0 0 0 0 0 0 0 12 7 0 0 375 470 149 2710 328 208 350 1540 855 358 436 516 910 616 864 161 0 0 2121 1968 1832 1668 3396 4824 2912 1554 1303 2243 6840 1140 2102 3685 6451 5114 3361 1885 2384 1515 1116 1640 2679 4670 5288 4537 4058 2463 3843 1322 1542 2557 5328 4548
12 1 20 129 61 294 267 0 0 0 0 351 1003 937 14 0 514 625 608 1283 740 544 737 365 41 41 0 0 0 917 1039 40 200 519 0 0 292 107 2518 1870 877 577 1209 876 595 594 526 474 1564 557 387 716 207 0 2149 156 1231 2059 1446 4914 3519 2366 2397 4055 5383 1085 927 4566 3475 4547 2573 2313 4080 1931 2099 3494 1180 2290 5284 4023 3883 2211 2898 2430 1542 2542 2517 2888
0 0 125 2 245 164 169 0 0 0 0 1 832 1465 1230 663 1059 536 937 1312 677 361 700 429 174 99 0 0 0 30 0 336 650 1609 503 1 0 140 828 1184 2585 894 759 714 800 587 1068 451 587 730 273 303 431 272 233 680 332 910 1295 3508 2212 1368 1334 3913 3749 582 2284 939 3271 2976 1900 3042 1542 2818 1050 3137 3182 1293 1243 2012 2498 1665 3772 3205 2087 6548 2336 856
0 34 59 76 412 63 126 86 126 49 0 0 420 648 1140 748 1176 1486 1663 1328 421 861 779 679 404 22 0 0 0 0 0 2439 3944 3862 1956 393 48 328 476 1194 2843 1883 764 535 424 258 1328 582 389 669 819 1297 1137 947 1633 1223 1704 1755 1616 3634 887 2467 2311 2253 1469 59 805 1035 3677 3729 2219 5027 3834 3367 1326 1289 4692 1336 990 1752 4166 2831 4736 6642 3626 6674 3655 711
314 239 98 214 5 0 4 304 276 4 0 0 0 207 640 1114 1604 1295 871 1198 930 1094 480 85 152 0 0 0 0 0 1090 1092 827 2114 2554 886 0 418 899 686 3743 1995 473 629 374 832 2276 812 2115 548 402 990 2706 682 584 1388 650 1023 939 890 881 127 574 455 1077 497 3789 802 1615 1670 3295 4322 5030 3278 2817 2234 6487 1897 2762 2338 3959 2614 2144 1942 3290 2509 4803 1056
39 0 0 0 0 167 168 371 215 0 0 0 0 72 538 935 1493 545 445 873 1325 1383 322 0 14 124 298 108 0 263 2121 31 25 732 194 310 54 827 520 370 1567 74 159 624 577 1182 4030 2735 1273 944 573 955 1987 920 149 491 650 735 907 740 152 3 1138 616 796 423 1141 1044 2629 2274 1501 1711 6922 1227 2611 3618 2916 4863 3451 2541 3044 2541 1990 2031 2743 506 2006 2726
0 0 5 155 0 87 382 311 369 0 0 0 0 84 280 468 1212 262 0 47 811 1000 147 0 327 418 40 0 0 67 535 0 0 952 438 140 525 815 445 160 269 496 148 519 542 633 1468 1637 766 653 814 869 853 1348 1867 1126 656 2237 2931 2274 70 269 501 1793 452 526 900 1320 2807 1808 2544 2828 4342 6510 6014 1457 833 1200 2114 2352 2916 1800 1945 3186 3104 2823 995 496
0 0 93 23 73 13 226 237 295 0 0 0 0 3 0 116 411 112 0 0 130 80 683 370 436 325 474 295 587 1759 2001 788 49 2455 1537 317 500 719 116 58 112 115 659 1039 575 585 643 1224 557 344 669 1027 1639 1415 748 1203 333 2054 2770 868 0 184 1363 950 861 699 582 244 641 1583 6087 5805 6205 5794 4098 1444 1308 2200 1842 2899 2333 1864 3096 3196 559 643 3735 0
0 0 0 68 131 48 274 65 152 0 0 0 0 0 0 3 1 0 0 0 0 0 22 285 1203 1007 2290 714 1055 2944 3944 2120 474 1247 736 56 267 170 164 42 719 804 893 1020 708 611 656 616 677 464 590 1443 1112 700 978 469 743 34 893 2247 508 182 2007 853 662 816 667 931 653 729 1485 6363 5969 5988 3854 5926 2788 3299 1994 3110 3215 2717 2941 344 130 3865 3078 0
0 0 0 41 0 2 109 0 0 0 0 0 0 0 0 0 169 0 0 134 130 324 104 507 211 385 169 0 0 3519 3944 2966 2548 1504 597 161 616 574 624 707 2292 2097 1373 2318 531 307 803 1115 922 2278 760 701 678 1023 1120 831 1041 53 2909 4669 2485 513 672 1609 589 608 645 1244 444 82 1199 6558 4989 3951 5888 4103 3429 3284 3395 3395 3155 2652 1264 0 2253 6985 2745 323
0 0 0 0 0 0 0 0 0 0 0 0 0 0 0 0 269 108 433 666 118 603 208 459 180 0 0 0 60 3362 3944 3892 3234 1127 325 85 612 887 786 637 984 478 1008 841 416 378 1079 878 549 1610 1784 3228 1600 336 677 802 2808 2296 3385 2267 3048 1331 1203 2848 1371 1691 1103 623 492 475 1701 3554 2393 3268 5154 3772 2527 3220 3395 3395 3336 2959 1508 5475 6550 4668 752 0
0 0 0 0 0 0 0 0 0 0 0 0 0 0 393 0 416 332 741 1494 88 64 333 157 132 24 382 171 0 1588 3855 2631 637 222 0 112 646 557 370 886 885 2301 490 597 103 301 620 288 519 3208 4669 4486 3498 863 531 1215 730 1447 1479 677 921 673 2912 2111 1833 594 534 569 784 2843 2749 2633 3205 2539 3259 2944 2899 2527 3395 3395 3395 2318 785 6524 5600 3800 1259 13
0 0 136 0 0 0 0 0 0 0 0 0 0 0 1230 1150 3739 5917 2818 2932 587 142 350 300 362 193 842 839 16 617 2427 1126 103 0 0 22 228 350 738 817 2239 2535 521 788 333 89 625 326 229 3157 4669 4669 4126 807 1154 1150 687 342 1472 1602 2114 1486 1712 1535 2413 3094 1488 1245 465 3694 2224 2037 2222 1220 1303 2034 3175 3372 3395 3395 3395 1294 558 879 3567 1384 0 3105
0 0 199 115 0 0 0 0 0 0 0 0 45 500 2001 2295 5882 4322 3320 825 588 162 629 545 807 895 88 0 0 180 719 291 0 553 34 10 126 609 540 872 58 727 894 616 129 0 398 470 505 1884 2778 3361 3637 776 792 520 1416 3121 3943 1945 1327 788 772 731 1697 3057 1346 673 688 1694 1291 1609 2745 3003 3228 3187 3323 3395 3395 3395 2611 64 635 3243 788 1360 145 1660
0 0 8 46 0 0 0 0 0 0 0 374 1223 1841 2615 2100 824 1627 321 260 110 4 2034 575 741 603 1440 877 3 0 0 189 2987 3701 98 0 0 143 498 180 0 437 1577 151 174 288 977 483 1012 851 679 823 545 163 733 472 1771 1350 2853 1601 2266 1933 2008 1926 2306 2963 520 790 1495 2106 602 959 2546 3395 3395 3395 3395 3395 3395 3359 1466 32 965 3395 2407 599 413 2894
