Models/Governance/Lutecia/Lutecia/setup/gis/guangdong/pop2010_wgs84_georef.asc
ncols        197
nrows        188
xllcorner    1158.178390143466
yllcorner    -2019.875342782657
cellsize     6.193203185465
[rows 129 to 171 of 188, columns 0 to 95 of 197]
126 63 129 1517 796 519 727 485 2522 1362 37 1 192 173 287 674 825 459 4 9 21 434 216 1660 1777 1544 2059 1219 2045 1988 1721 876 876 933 1747 1801 1656 3564 2326 775 1409 1421 969 804 731 2147 1593 2492 1328 1556 231 783 1244 750 518 1654 1546 1105 1008 931 743 450 849 1647 883 883 597 810 318 832 252 136 998 1385 686 802 980 101 792 156 0 1121 930 487 435 1459 1664 1121 1807 994 0 0 0 343 927 79
481 170 814 814 1300 976 664 747 1819 2447 663 251 1096 678 1190 875 58 0 0 292 725 575 94 1810 836 1521 1022 861 681 2038 2514 1096 684 1690 2661 2121 601 1190 2125 896 1290 263 374 715 928 2144 2428 646 1068 574 879 3692 1321 902 573 1770 4290 3563 1134 1105 1105 463 744 630 623 600 845 451 451 946 502 0 757 433 143 607 332 4 396 1317 189 1581 1833 1833 100 1078 15 1186 1105 41 0 0 0 0 574 0
528 815 561 500 432 432 482 679 239 135 1013 985 1823 1032 739 146 0 0 0 8 529 781 598 1436 678 794 454 486 2000 3119 3921 3339 1050 820 379 1297 2207 848 995 400 551 1939 1958 185 237 1302 1816 1081 968 777 1412 3048 2649 1060 870 4342 5176 4752 3237 1646 1525 696 1372 1221 770 934 868 717 1725 3672 504 448 346 736 522 154 289 203 93 1429 922 1362 937 1514 0 295 158 1012 2620 0 0 0 0 127 43 0
391 782 1150 1261 687 796 213 28 8 0 392 1943 1545 1943 1386 215 0 0 0 0 0 292 101 0 4 52 290 576 940 2844 3921 3352 2308 482 131 167 1223 597 4 542 542 455 240 217 279 919 1238 3219 1036 852 2961 2761 1531 394 499 1080 2774 4282 3669 2980 2226 817 2105 453 32 837 703 762 672 646 201 382 382 803 873 781 143 911 405 0 67 349 801 118 1247 323 228 589 724 55 0 0 10 129 0 0
398 836 809 1126 836 960 651 3 0 210 472 501 560 314 500 644 90 10 0 233 184 62 0 0 0 0 676 846 1297 599 1967 1732 1308 376 341 1060 112 465 543 270 0 0 95 95 347 339 618 218 1128 808 1039 1689 1388 3946 1613 662 682 534 164 346 1898 828 2912 1270 155 1 189 234 466 101 58 463 851 1050 714 714 517 510 391 0 0 65 809 332 1100 453 457 207 87 1042 807 351 161 120 0 0
1206 806 609 651 746 834 518 473 0 6 6 526 526 812 167 658 665 153 0 93 401 5 0 0 0 2035 1269 1611 1154 760 2596 2039 260 654 622 751 1073 1348 299 17 0 0 0 0 445 128 128 113 560 867 944 612 1095 3619 708 354 781 543 363 0 1399 913 1415 3733 2695 169 182 391 644 595 940 424 103 535 886 269 181 37 37 0 0 1 312 69 2283 518 330 379 0 0 0 443 83 353 0 0
362 734 809 836 791 823 435 535 3 0 0 360 1534 427 1018 1018 47 0 0 0 0 0 0 0 1267 2974 906 796 202 1364 1604 1590 684 665 222 151 3 581 334 201 50 41 0 39 550 489 203 1530 1530 1105 1063 904 846 1060 1133 2565 1253 867 960 439 18 1064 1105 1607 2266 630 469 700 610 2071 730 417 501 470 912 398 350 964 86 0 0 0 0 0 1016 866 0 50 23 0 0 0 0 0 0 34
75 87 600 567 285 356 66 724 428 72 0 33 491 308 2379 513 127 0 0 0 0 0 34 322 1245 2055 799 406 124 745 1116 2363 182 0 0 34 190 1157 349 188 301 47 226 668 645 472 34 1155 2292 1105 1096 1096 988 1252 1530 782 910 1417 359 541 444 619 552 791 508 205 763 539 1212 1040 551 417 691 516 1047 365 64 803 442 128 0 0 0 0 1629 3121 294 0 0 0 0 0 0 0 0 54
75 87 600 567 285 356 66 724 428 72 0 33 491 308 2379 513 127 0 0 0 0 0 34 322 1245 2055 799 406 124 745 1116 2363 182 0 0 34 190 1157 349 188 301 47 226 668 645 472 34 1155 2292 1105 1096 1096 988 1252 1530 782 910 1417 359 541 444 619 552 791 508 205 763 539 1212 1040 551 417 691 516 1047 365 64 803 442 128 0 0 0 0 1629 3121 294 0 0 0 0 0 0 0 0 54
62 189 524 592 243 46 2 448 1168 400 137 7 472 176 1642 1972 386 95 120 149 442 442 164 724 881 1086 413 381 297 1189 1331 1381 1152 308 329 322 162 899 464 125 4 10 199 527 660 336 127 104 622 1105 1105 2838 3472 1378 391 752 609 886 1176 197 193 395 521 1767 540 777 576 318 964 550 320 417 288 493 780 1062 619 43 476 451 0 0 0 0 2251 2094 2094 0 196 137 0 0 0 0 0 0
144 391 693 698 290 195 6 140 237 229 564 324 201 418 1363 568 684 774 836 1033 944 1138 987 958 895 1171 825 835 64 1011 398 355 1768 1292 569 397 317 655 201 0 0 81 809 389 61 131 341 394 384 2538 1856 2828 2458 1047 508 575 575 901 1676 155 0 50 984 1287 1003 996 41 0 10 370 725 132 488 319 380 193 202 54 0 94 30 0 0 0 215 2877 1535 1355 173 173 0 0 0 0 0 0
440 558 394 676 128 5 0 18 532 481 760 706 1053 865 1229 1644 996 1046 1406 1562 1305 1642 1830 1450 1380 1619 1619 561 801 543 281 207 805 1312 1772 652 492 279 27 0 0 57 253 15 0 0 6 0 230 1075 4429 4190 3169 724 2625 700 381 1552 1024 1024 102 23 937 957 1105 1257 247 0 0 572 538 561 180 721 397 728 425 455 20 0 1 6 0 0 458 3347 3902 1917 0 0 0 0 0 0 0 0
630 409 714 284 179 95 0 201 57 526 780 834 843 504 782 1453 1664 942 1098 1276 1295 1499 1517 1809 939 702 88 898 898 1232 145 1042 1384 976 2482 893 2324 909 93 0 0 0 0 0 0 0 0 883 241 530 92 1311 2333 329 505 711 656 1673 748 519 46 1105 945 977 945 1616 61 0 0 683 949 59 267 295 477 1754 2015 824 145 245 187 444 0 0 308 2554 2717 2467 508 0 0 0 20 331 651 651
654 356 752 70 108 31 0 81 476 237 292 1911 925 836 1027 748 721 749 1082 1676 1841 1287 1151 1111 724 546 550 772 833 17 881 881 951 615 1480 696 1074 740 2 0 0 0 0 0 0 0 0 109 169 809 386 545 1067 139 242 347 677 2231 1413 506 21 1024 1467 740 962 962 552 25 0 985 930 264 0 380 603 541 794 625 274 262 347 397 130 0 106 466 104 82 1615 0 0 74 403 279 51 1294
698 487 35 10 0 0 0 0 836 528 1025 620 1288 1044 1008 1135 689 798 142 108 925 1403 1248 1140 1789 979 519 426 193 763 255 973 562 740 740 280 359 602 50 255 4 0 0 0 0 0 0 10 0 406 637 765 686 145 0 0 0 3383 1189 650 0 686 635 477 2543 2442 72 0 0 394 99 149 191 445 567 211 691 284 596 653 252 423 43 0 23 95 8 0 143 748 1014 959 615 59 801 1761
1572 34 0 0 0 0 0 0 697 1106 1088 1498 1506 1240 1492 808 621 894 357 521 574 682 1319 1094 536 91 507 89 1147 766 144 841 782 770 899 220 646 646 457 402 0 0 0 0 0 0 0 0 23 364 590 84 155 0 0 71 599 1668 1698 863 0 692 2265 3061 3843 745 110 0 0 53 53 360 336 209 397 1347 511 589 362 638 153 813 154 118 0 245 734 868 839 1106 1046 1419 787 814 1739 1833
753 183 0 0 0 0 0 0 606 599 974 1854 928 1153 990 1341 1106 333 687 689 621 1089 1038 591 333 216 261 235 593 1360 297 445 1604 1580 807 108 136 586 431 565 72 0 0 0 0 0 0 0 0 0 0 0 0 0 0 12 188 833 2073 928 4 491 1059 182 745 558 0 0 0 75 666 174 948 948 3693 600 618 527 614 223 3 459 215 71 41 182 832 792 1124 694 324 373 405 794 1482 1317
406 510 1 30 130 132 20 401 862 1600 1476 2514 2676 1287 72 844 589 800 443 334 20 387 887 445 381 264 164 48 276 797 268 161 1261 512 476 318 137 288 364 183 0 0 0 0 0 0 0 0 0 0 0 0 0 0 0 0 594 1707 1130 995 30 363 1068 19 408 704 0 0 0 833 634 462 726 1019 481 528 528 547 505 118 331 552 123 0 248 95 306 1112 1224 571 270 210 48 281 0 191
1162 311 730 1548 632 763 375 10 2360 940 940 1092 1063 2797 1016 656 553 556 384 171 24 454 1489 752 635 385 281 114 41 230 137 514 91 66 141 396 395 266 98 0 0 0 0 0 0 0 0 0 0 0 0 0 0 0 43 158 800 2119 1105 1163 239 389 757 22 16 0 0 22 282 375 305 245 335 1487 71 409 515 268 97 97 240 309 0 0 1057 409 779 201 1349 916 0 0 0 0 0 112
563 120 240 2462 1055 505 99 1371 800 959 82 488 973 973 1314 962 911 136 64 0 29 415 1354 240 186 528 742 114 5 0 16 527 82 45 61 509 1531 424 208 3 0 0 0 0 0 0 0 0 0 0 0 0 0 124 518 720 1089 2087 2585 1109 218 494 2024 197 0 0 0 158 1027 840 244 114 431 442 175 520 407 287 501 532 207 677 677 381 162 190 2130 851 1433 1097 3 0 0 26 855 207
343 168 169 803 1099 811 953 1385 799 388 112 15 14 256 132 6 817 95 0 0 76 221 682 58 150 110 375 382 326 129 17 504 0 174 342 415 390 266 437 314 128 24 0 0 0 0 0 0 0 0 0 0 0 266 444 939 356 363 3052 1866 352 1547 1183 0 0 0 0 850 3697 516 644 282 400 786 226 197 28 97 447 555 675 711 51 141 134 0 541 609 873 2638 405 17 0 0 0 1505
343 168 169 803 1099 811 953 1385 799 388 112 15 14 256 132 6 817 95 0 0 76 221 682 58 150 110 375 382 326 129 17 504 0 174 342 415 390 266 437 314 128 24 0 0 0 0 0 0 0 0 0 0 0 266 444 939 356 363 3052 1866 352 1547 1183 0 0 0 0 850 3697 516 644 282 400 786 226 197 28 97 447 555 675 711 51 141 134 0 541 609 873 2638 405 17 0 0 0 1505
887 505 0 258 836 500 626 707 2033 683 13 0 63 218 0 0 0 0 0 0 28 82 438 47 171 127 364 292 228 149 0 299 384 294 523 448 534 44 267 1553 602 329 0 0 0 0 0 0 0 0 0 0 0 0 1 348 37 629 1458 4394 1900 611 729 1217 223 0 115 642 919 1 374 388 638 795 797 614 433 465 342 630 159 206 408 104 0 21 1992 1727 1306 1230 429 38 0 107 84 629
874 301 1 70 1284 801 584 656 735 151 0 26 283 186 202 51 9 0 0 0 72 235 235 274 68 167 298 858 1165 25 95 305 1135 334 306 302 329 351 579 1087 564 276 45 0 0 0 0 0 0 0 0 0 0 0 89 266 266 1059 2266 4144 1150 275 1516 3767 424 0 44 232 140 360 446 332 213 1192 1221 470 565 302 291 12 633 18 148 487 0 153 42 763 2067 809 0 0 83 1381 727 832
404 0 0 168 360 661 1566 1306 287 81 53 514 759 1148 397 503 717 0 76 1334 1426 208 285 407 407 97 251 1113 792 225 374 311 1351 822 11 168 62 361 1165 439 1053 60 0 0 0 0 0 0 0 0 0 0 0 0 275 852 1841 1553 1467 1467 354 64 1947 2048 112 0 0 9 0 364 402 717 710 109 376 377 646 800 478 1585 1411 369 14 519 123 636 1694 2094 667 330 0 209 1100 783 783 832
107 0 0 0 217 329 1025 1540 1270 493 620 377 1222 1403 1249 1014 1427 619 1291 582 245 347 87 15 322 230 338 338 61 39 449 897 1482 153 479 520 312 525 303 1657 771 584 0 0 0 0 0 0 0 0 0 0 0 393 562 828 957 499 613 715 36 525 525 340 16 0 0 0 0 766 414 763 854 631 427 438 63 342 17 393 348 264 1909 792 324 176 1829 1373 503 1299 643 596 609 525 725 716
0 0 0 64 297 781 741 202 749 775 829 1054 3044 2483 1128 1049 816 384 1523 405 10 179 236 142 140 217 361 99 55 288 718 1449 1478 1043 1671 962 992 1056 1128 935 937 739 6 0 0 0 0 0 0 0 0 0 0 12 316 731 147 251 235 55 413 279 76 0 0 0 0 0 0 1230 632 664 851 356 51 80 0 0 0 78 943 365 12 616 110 1548 2419 899 371 167 715 492 552 431 792 643
0 0 0 14 216 470 567 234 299 623 836 1547 1887 925 473 310 257 496 123 0 0 9 59 183 386 279 345 150 290 366 1228 1700 1700 1700 1700 1176 968 452 1069 1021 1223 514 493 0 0 0 0 0 0 0 0 0 0 0 21 342 0 0 1 311 615 160 115 0 0 0 3 0 0 1187 701 854 996 754 43 4 0 0 0 0 961 939 476 659 679 366 625 315 418 369 41 589 757 687 741 688
15 126 269 450 643 226 269 0 222 836 818 818 242 130 0 45 342 190 540 94 9 0 0 123 85 298 229 141 211 315 636 1063 1104 839 1407 1373 1373 390 1927 2063 467 346 442 188 0 0 0 0 0 0 0 0 0 0 0 0 0 0 0 93 1187 194 144 31 0 0 341 1012 1033 841 1053 1053 2795 2105 921 735 0 0 0 0 148 1577 790 1766 625 460 623 509 432 290 0 4 533 832 829 660
526 204 64 64 373 451 0 0 555 744 234 0 70 168 146 47 80 261 943 588 234 231 21 0 31 310 252 21 268 334 360 433 0 0 23 137 71 549 2068 688 672 581 796 171 0 0 0 0 0 0 0 0 0 0 0 0 0 0 0 0 651 1260 1181 1018 1058 694 368 805 439 1519 2807 3450 3066 835 835 295 180 124 121 189 521 1123 1366 1369 1850 1134 361 609 244 599 246 46 23 648 832 624
135 424 256 696 218 0 0 0 263 233 13 229 87 978 581 439 598 283 73 445 576 418 246 4 544 567 131 20 50 321 79 36 0 0 9 9 8 231 3024 768 1274 1274 789 13 0 0 0 0 0 0 0 0 0 0 0 0 0 0 0 0 0 305 0 4049 651 0 317 665 432 1475 4207 3893 863 1151 843 709 479 479 5 799 547 714 1789 1546 1881 1801 464 436 588 147 794 300 270 400 738 477
427 1140 2 100 0 0 3 380 475 117 0 176 247 267 263 183 206 143 5 273 552 682 538 95 50 336 127 63 108 288 259 231 0 0 147 50 71 777 1293 2592 956 1168 45 0 0 0 0 0 0 0 0 0 0 0 0 0 0 0 0 0 0 1103 0 0 0 0 0 995 1020 1319 324 1263 423 443 473 0 0 0 0 0 0 703 1028 1596 1881 1880 848 410 571 410 665 88 20 655 289 123
542 960 49 0 404 6 119 248 11 53 77 77 308 3 5 222 207 96 176 136 182 536 1235 322 109 602 237 180 405 180 259 459 0 0 0 109 498 1293 880 459 910 1066 0 0 0 0 0 0 0 0 0 0 0 0 0 0 0 0 0 0 686 1353 0 0 0 0 0 470 920 1099 2026 451 2 0 63 0 0 0 0 0 35 153 1714 1714 967 1711 1116 501 803 854 844 204 112 269 223 275
814 1230 587 0 74 622 478 393 461 375 0 0 0 173 173 124 197 20 7 0 235 503 500 661 1509 128 73 115 254 240 326 343 87 0 3 642 891 529 416 0 85 53 0 0 0 0 0 0 0 0 0 0 0 0 0 0 0 3 229 1140 1676 705 0 0 0 0 0 1938 2124 191 72 0 17 0 0 16 0 3 0 0 0 80 1788 1881 839 817 817 623 296 804 854 656 745 697 9 0
814 1230 587 0 74 622 478 393 461 375 0 0 0 173 173 124 197 20 7 0 235 503 500 661 1509 128 73 115 254 240 326 343 87 0 3 642 891 529 416 0 85 53 0 0 0 0 0 0 0 0 0 0 0 0 0 0 0 3 229 1140 1676 705 0 0 0 0 0 1938 2124 191 72 0 17 0 0 16 0 3 0 0 0 80 1788 1881 839 817 817 623 296 804 854 656 745 697 9 0
751 787 58 50 708 1435 369 316 320 468 143 364 132 25 236 247 244 244 122 41 0 294 581 753 1617 317 97 170 820 1310 462 573 5 0 202 859 305 446 0 0 0 0 0 0 0 0 0 0 0 0 0 0 0 0 0 0 7 359 1428 1105 537 415 0 0 0 0 26 605 635 474 488 278 1148 0 0 416 308 408 0 1 95 878 1881 1881 846 923 611 75 219 219 769 812 854 854 287 0
654 1219 2086 315 319 132 148 333 416 713 394 375 159 419 338 354 650 374 30 0 0 281 392 973 960 681 1130 149 499 726 406 417 4 0 439 489 329 299 65 0 0 0 0 0 0 0 0 0 0 0 0 0 0 0 0 330 330 294 1105 1105 883 350 0 0 0 0 0 21 300 2120 1759 716 12 0 60 634 758 10 411 1339 1881 1806 1881 1881 327 1123 633 653 434 438 854 854 854 854 761 53
237 720 1767 516 474 24 153 31 329 616 137 382 187 73 408 113 597 326 47 0 19 378 235 699 568 888 1754 255 251 71 17 330 317 561 150 322 1456 756 90 0 0 0 0 0 0 0 0 0 0 0 0 0 0 0 0 6 0 727 1105 1105 508 0 0 0 0 0 0 0 0 699 1454 237 65 0 241 1032 1270 1252 855 1485 1257 1880 1837 1224 68 697 15 588 677 1357 854 854 836 854 0 0
753 551 893 781 493 241 227 361 350 1978 739 400 194 587 2199 94 322 315 18 0 0 417 1 541 640 822 822 470 318 0 31 489 528 1250 628 1204 2526 772 0 0 0 0 0 0 0 0 0 0 0 0 0 0 0 0 0 0 0 0 0 0 0 0 0 0 0 0 0 0 440 643 380 467 458 973 965 1118 1864 578 253 810 854 940 865 854 723 202 152 1196 3871 2741 746 854 732 622 0 0
1 110 371 524 373 314 123 680 110 516 758 918 940 402 872 180 112 18 0 0 0 391 0 420 826 785 763 513 0 0 0 216 1156 931 1044 1507 466 36 0 0 0 0 0 0 0 0 0 0 0 0 0 0 0 23 3 0 0 0 0 0 0 0 0 0 0 0 0 0 703 3060 2272 1337 586 78 750 1013 805 298 845 854 758 840 854 788 567 93 915 2907 2375 4009 0 760 0 0 0 0
469 777 47 430 360 89 107 544 366 487 654 597 533 503 502 561 160 303 176 0 0 121 222 130 11 807 834 120 0 0 391 267 267 1179 1430 1251 444 93 0 0 0 0 0 0 0 0 0 0 0 0 0 0 523 326 75 0 0 0 0 0 0 0 0 0 0 0 0 268 956 1000 0 0 1039 1060 321 753 451 820 830 348 130 576 725 345 111 765 2896 4417 4454 4157 0 0 0 0 0 0
836 405 0 65 521 104 0 164 283 573 836 753 655 680 288 554 222 365 400 130 155 0 156 373 74 450 192 0 0 42 458 729 820 1097 1119 2053 1061 699 0 0 0 0 0 0 0 0 0 0 0 0 335 481 458 0 0 0 0 0 0 0 0 0 0 0 0 0 88 662 854 481 0 0 811 1790 1541 854 854 854 621 160 82 287 320 525 630 2331 3239 1442 2881 428 0 0 0 0 0 0
13 13 0 8 47 81 0 17 10 7 354 472 537 595 572 607 392 153 175 330 562 352 2 1280 1063 447 13 0 0 125 962 87 528 1746 860 382 706 647 49 0 0 0 0 0 0 0 0 0 46 591 1579 723 239 0 0 0 0 0 0 0 0 0 0 0 0 0 0 182 631 1236 0 8 2334 1333 623 623 803 854 812 141 280 147 885 260 1511 3712 1032 256 222 1547 2875 0 0 0 0 0
