Models/Synthetic/Density/data/england.asc
ncols        100
nrows        100
xllcorner    3302900.000000000000
yllcorner    3112000.000000000000
cellsize     4430.000000000000
NODATA_value      0
[rows 47 to 93 of 100, columns 0 to 95 of 100]
-2147483648 -2147483648 -2147483648 -2147483648 -2147483648 -2147483648 -2147483648 -2147483648 -2147483648 -2147483648 -2147483648 -2147483648 -2147483648 -2147483648 28 28 89 0 0 0 0 0 42 33 0 0 42 3 0 0 25 44 19 0 37 23 23 29 34 16 34 39 39 40 2696 4088 3840 4741 3247 48 3 30 30 50 55 41 69 52 55 85 30 3524 45 37 37 39 26 63 29 5 31 31 119 45 32 4214 39 36 30 48 36 35 -2147483648 -2147483648 39 0 21 18 30 137 22 22 56 42 49 39
-2147483648 -2147483648 -2147483648 -2147483648 -2147483648 -2147483648 -2147483648 -2147483648 -2147483648 -2147483648 -2147483648 -2147483648 -2147483648 -2147483648 28 40 40 0 4 0 4 0 0 0 0 0 0 63 0 0 0 20 20 1 23 18 18 18 28 26 30 41 22 36 80 3861 4455 5036 30 3 135 50 30 41 55 28 41 56 56 3621 3361 3948 45 16 16 39 30 38 2 29 31 31 48 20 20 20 39 36 48 36 35 35 36 43 2352 3 21 30 30 31 31 46 42 3 39 39
-2147483648 -2147483648 -2147483648 -2147483648 -2147483648 -2147483648 -2147483648 -2147483648 -2147483648 -2147483648 -2147483648 -2147483648 -2147483648 27 27 27 27 1 0 0 0 0 0 19 0 0 0 0 0 0 25 20 33 33 40 18 18 0 28 26 26 41 36 30 80 4558 3726 30 5294 3951 30 42 75 46 55 28 28 56 59 80 4518 37 3020 25 16 28 28 38 52 76 35 48 38 42 30 30 30 40 32 40 93 93 36 36 5379 24 59 21 36 37 37 52 52 33 33 33
-2147483648 -2147483648 -2147483648 -2147483648 -2147483648 -2147483648 -2147483648 -2147483648 -2147483648 -2147483648 -2147483648 27 40 46 3 27 27 27 0 0 0 0 0 0 0 19 0 0 0 63 0 2 41 40 40 24 22 22 28 22 22 41 30 30 4819 4092 3906 2724 4619 5089 4033 51 105 105 4176 30 4593 101 8 3635 4650 43 25 25 16 28 28 49 52 30 99 27 27 30 30 30 29 32 40 40 30 30 42 0 32 36 36 36 36 36 82 82 52 73 39 33
-2147483648 -2147483648 -2147483648 -2147483648 -2147483648 -2147483648 -2147483648 -2147483648 40 31 31 31 27 28 28 28 44 0 0 0 0 0 8 0 19 19 0 17 0 0 58 58 17 38 24 3851 22 0 67 22 22 3 84 31 3460 4671 30 80 5973 5600 4262 31 50 50 3 4544 32 42 39 49 49 38 43 25 34 34 38 38 30 18 28 27 28 5783 30 29 29 40 40 40 30 49 52 30 35 35 26 26 26 36 73 73 45 83 3 35
-2147483648 -2147483648 -2147483648 29 -2147483648 0 10 40 40 31 31 31 28 2 28 28 0 2 2 1 0 0 0 8 41 28 0 17 17 0 33 17 17 17 55 46 67 67 41 51 4 3675 4166 46 30 92 5288 80 5117 3715 124 51 45 86 80 31 32 31 38 28 49 33 33 46 34 34 27 18 18 6 39 33 0 2207 29 29 29 0 43 43 43 30 29 36 36 36 18 39 39 35 71 73 41 56 35 80
-2147483648 -2147483648 29 29 34 53 32 32 44 23 23 27 27 28 28 28 1 0 2 1 0 0 8 8 41 0 14 1 16 16 20 17 42 26 55 35 55 55 37 51 82 8 30 46 5 30 30 61 2911 3777 30 45 80 7075 6182 122 31 31 28 28 32 26 26 36 38 31 80 1560 21 24 24 33 30 38 32 32 32 37 2623 35 43 29 25 25 36 26 18 42 18 40 36 36 39 64 28 86
19 0 2 32 45 45 5 43 43 23 23 27 19 19 28 14 0 1 1 0 0 26 8 631 36 14 0 0 16 46 20 42 43 26 35 35 55 55 19 37 72 8 36 39 41 39 39 30 215 70 57 45 40 42 39 39 46 31 28 113 26 26 21 21 3418 30 29 47 21 22 26 24 36 4 53 32 32 31 23 23 29 0 25 25 26 22 18 17 18 55 106 39 42 64 28 38
0 19 0 0 23 23 0 30 46 56 20 20 3 41 14 14 0 0 3 0 26 26 26 0 8 14 0 16 29 46 42 20 43 68 32 17 37 19 19 37 49 67 36 4325 27 39 80 4585 36 48 57 32 32 42 5 39 39 30 31 36 36 21 21 45 38 80 30 22 22 26 26 43 43 43 53 53 53 29 29 23 0 47 25 22 22 22 17 17 17 29 106 38 42 64 59 63
19 2 30 30 32 23 23 25 25 56 20 20 23 1 14 14 0 17 25 1 0 0 0 0 29 17 17 17 29 29 29 29 43 40 2 37 57 57 19 19 49 62 30 39 71 43 43 36 33 48 29 90 4174 30 42 39 72 31 34 26 29 52 33 45 38 38 34 103 43 26 31 43 43 31 31 46 46 38 29 0 50 2763 46 22 22 3 26 5 17 29 29 5 3968 55 47 54
24 30 30 20 20 18 18 18 25 25 3 0 1 27 27 17 17 25 25 0 0 0 0 0 0 17 17 17 23 23 29 29 3 40 40 37 57 57 32 5 37 62 3479 50 50 50 27 41 33 33 45 90 58 42 3 82 31 31 34 41 41 52 45 30 67 67 46 34 3334 31 31 31 44 31 31 46 46 38 42 50 30 34 34 35 35 41 2988 5 26 29 31 81 85 63 63 54
24 17 30 47 20 18 18 18 25 44 0 23 23 27 2 17 16 16 16 0 20 16 16 16 0 29 22 22 0 23 23 51 36 97 97 100 32 32 66 66 3877 41 36 46 50 27 49 3456 47 47 3289 45 51 36 36 22 22 27 4130 35 33 33 4523 80 43 4239 40 48 133 33 40 31 71 80 34 42 39 42 42 35 34 34 44 33 33 0 5 5 31 31 5 31 31 42 42 41
17 17 32 32 20 20 18 25 61 44 44 23 38 27 27 16 16 16 1 20 0 16 16 16 16 26 26 0 0 20 20 66 66 36 4121 72 36 32 66 66 63 63 36 37 94 94 34 39 26 26 30 51 48 48 33 22 22 53 25 35 43 32 101 30 30 43 23 81 38 33 33 71 44 51 34 33 35 35 41 35 39 39 44 33 3 33 50 35 2 35 53 31 42 42 36 41
17 84 32 32 38 38 40 40 3 44 43 43 3 80 41 16 16 0 0 20 20 0 22 2 22 34 26 0 0 20 20 20 55 4 48 36 18 32 2859 4 34 63 35 37 94 35 42 44 32 30 54 34 26 33 22 36 47 81 43 32 56 234 153 73 4 56 3 38 59 10 40 40 30 32 32 48 53 41 41 64 48 46 46 40 50 22 4 57 35 35 53 55 54 32 40 40
92 92 78 36 38 0 0 -2147483648 50 71 0 58 38 47 0 0 0 0 0 0 0 0 0 0 22 34 0 0 0 20 20 55 26 38 38 39 18 2 86 41 34 34 30 72 72 71 37 32 32 54 54 17 26 33 33 36 47 47 36 32 45 31 153 73 48 48 43 44 59 42 34 34 33 89 67 32 48 30 30 38 48 46 30 46 22 57 57 50 50 42 55 55 54 32 36 26
80 62 -2147483648 -2147483648 -2147483648 -2147483648 -2147483648 -2147483648 42 56 216 52 45 102 52 5 66 6 0 0 5 0 0 0 0 82 39 0 23 23 23 23 38 38 44 39 18 3 61 61 34 77 37 37 34 34 34 32 94 69 17 17 17 35 35 31 40 46 27 3 46 31 77 77 42 42 43 37 30 5273 42 73 33 33 46 58 44 7247 80 38 50 53 56 56 22 30 30 3242 3632 49 40 40 67 47 38 35
80 -2147483648 -2147483648 -2147483648 -2147483648 -2147483648 -2147483648 -2147483648 0 160 110 41 39 56 56 0 2300 30 75 5 5 0 0 0 0 0 79 35 0 65 18 18 38 44 52 3 70 70 23 56 77 51 51 32 58 40 40 16 24 91 38 3 32 96 2797 30 32 46 27 26 33 6 34 77 4851 42 54 61 75 57 41 31 3020 52 46 30 29 30 84 38 38 50 53 56 44 58 58 119 54 60 61 54 67 47 35 35
-2147483648 -2147483648 -2147483648 -2147483648 -2147483648 -2147483648 -2147483648 -2147483648 -2147483648 -2147483648 4545 41 72 56 30 2043 3 0 0 0 59 4 75 0 131 2157 0 0 2681 23 18 18 18 64 64 8 3 50 51 74 96 30 4494 80 0 5 16 16 24 47 38 40 40 40 50 50 67 67 40 26 33 63 30 4009 30 54 9 0 39 57 5 32 52 24 79 79 34 60 4008 36 1783 28 40 40 44 38 58 54 54 60 234 30 62 62 38 40
-2147483648 -2147483648 -2147483648 -2147483648 -2147483648 -2147483648 -2147483648 -2147483648 -2147483648 -2147483648 -2147483648 0 0 3177 80 30 66 0 6 6 0 2186 4 0 0 0 0 0 117 23 27 27 30 30 33 3 3 35 35 77 7765 44 30 4010 31 31 16 16 47 47 40 36 40 40 92 92 41 40 40 56 30 53 53 3325 80 2252 25 42 51 51 68 39 35 24 79 47 34 29 36 50 50 28 40 44 38 38 48 46 38 36 108 108 62 38 38 40
-2147483648 -2147483648 -2147483648 -2147483648 -2147483648 -2147483648 -2147483648 -2147483648 54 0 4 0 3460 -2147483648 80 3872 156 4 4 0 0 4 0 0 167 66 0 4 53 22 28 28 27 37 2906 11 8 68 -2147483648 53 39 39 28 25 29 29 31 31 25 33 26 32 32 151 3 92 68 41 40 24 77 78 110 26 26 25 25 94 51 68 3016 37 35 35 23 23 47 44 55 52 51 28 30 35 2148 33 46 56 38 36 54 54 106 53 51 48
-2147483648 -2147483648 -2147483648 -2147483648 -2147483648 -2147483648 -2147483648 -2147483648 50 54 -2147483648 30 -2147483648 -2147483648 -2147483648 4523 0 0 9 7 0 0 0 4067 3068 37 4 65 22 22 26 29 85 37 71 107 95 -2147483648 35 74 43 5 28 28 25 2 43 18 18 24 26 2 46 43 47 54 54 4014 48 50 9 61 33 33 26 32 32 42 62 44 46 30 22 22 23 23 44 55 46 30 36 36 71 50 33 33 31 56 71 50 50 36 2519 63 63 30
-2147483648 -2147483648 -2147483648 -2147483648 -2147483648 -2147483648 -2147483648 -2147483648 -2147483648 -2147483648 -2147483648 -2147483648 -2147483648 -2147483648 -2147483648 -2147483648 3 46 0 5 0 5124 0 0 30 0 3 80 26 26 29 29 2 113 86 30 67 35 42 3267 3444 61 28 28 25 26 26 18 18 80 66 35 34 46 6 54 52 35 35 62 61 61 30 57 40 32 34 42 5048 53 53 69 4 50 46 28 28 34 44 64 64 36 35 50 46 46 34 42 71 51 47 41 5048 5500 65 30
-2147483648 -2147483648 -2147483648 -2147483648 -2147483648 -2147483648 -2147483648 -2147483648 -2147483648 -2147483648 -2147483648 -2147483648 -2147483648 -2147483648 -2147483648 -2147483648 47 7 2376 0 0 100 109 0 3333 31 4334 32 2912 4 39 54 60 113 -2147483648 22 33 33 83 5 35 6 51 80 48 26 47 47 27 27 66 34 42 2678 39 41 41 67 67 61 61 61 34 40 81 52 3 54 7075 36 83 83 5242 50 46 28 58 32 45 44 42 42 35 35 46 46 34 42 33 65 40 40 39 78 65 43
-2147483648 -2147483648 -2147483648 -2147483648 -2147483648 -2147483648 -2147483648 -2147483648 -2147483648 -2147483648 -2147483648 -2147483648 -2147483648 -2147483648 -2147483648 -2147483648 30 40 3582 30 8 80 4 2729 30 45 33 3054 87 37 37 29 54 -2147483648 22 22 53 58 127 15 30 30 30 51 48 49 47 43 27 50 2954 87 7 32 3396 80 41 54 60 60 46 46 5958 2618 30 51 72 52 46 49 41 39 36 52 61 61 58 30 9 53 61 33 53 45 43 83 76 77 77 66 66 103 39 34 78 43
-2147483648 -2147483648 -2147483648 -2147483648 -2147483648 -2147483648 -2147483648 -2147483648 -2147483648 -2147483648 -2147483648 -2147483648 -2147483648 -2147483648 -2147483648 -2147483648 -2147483648 51 65 51 45 78 38 30 80 4455 43 -2147483648 37 37 -2147483648 -2147483648 -2147483648 22 22 46 46 27 80 15 15 30 39 8 0 45 32 43 48 48 47 22 33 30 7 4104 106 54 54 2956 46 92 92 4 41 41 41 52 2768 30 49 3684 102 87 61 50 52 51 51 54 45 51 53 4081 60 54 76 47 30 30 90 51 88 82 4546 -2147483648
-2147483648 -2147483648 -2147483648 -2147483648 -2147483648 -2147483648 -2147483648 -2147483648 -2147483648 -2147483648 -2147483648 -2147483648 -2147483648 -2147483648 -2147483648 -2147483648 -2147483648 -2147483648 51 65 45 49 75 41 906 -2147483648 -2147483648 -2147483648 -2147483648 -2147483648 -2147483648 -2147483648 105 30 80 46 3452 27 4 39 39 3497 42 39 39 39 32 42 48 48 32 22 30 2393 3826 101 83 54 37 66 37 3224 34 31 31 58 34 5988 46 3379 10 4 102 30 127 50 33 83 51 53 54 50 64 72 59 52 146 47 4880 7 75 51 51 0 -2147483648 -2147483648
-2147483648 -2147483648 -2147483648 -2147483648 -2147483648 -2147483648 -2147483648 -2147483648 -2147483648 -2147483648 -2147483648 -2147483648 -2147483648 -2147483648 -2147483648 -2147483648 -2147483648 -2147483648 -2147483648 47 83 49 30 41 -2147483648 -2147483648 -2147483648 -2147483648 -2147483648 -2147483648 4549 137 80 4753 30 119 27 27 27 39 39 39 50 50 48 3972 5918 32 36 28 28 47 42 29 6 49 83 83 37 37 66 59 30 2147 30 58 34 3226 5 80 122 52 88 7 95 68 6861 49 45 53 44 50 50 72 2058 0 4069 47 46 0 75 49 58 34 -2147483648 -2147483648
-2147483648 -2147483648 -2147483648 -2147483648 -2147483648 -2147483648 -2147483648 -2147483648 -2147483648 -2147483648 -2147483648 -2147483648 -2147483648 -2147483648 -2147483648 -2147483648 -2147483648 -2147483648 -2147483648 -2147483648 -2147483648 -2147483648 -2147483648 -2147483648 -2147483648 -2147483648 -2147483648 -2147483648 -2147483648 33 30 4 100 2620 5395 30 42 27 27 27 37 49 32 76 34 44 2670 57 28 28 28 1918 29 29 39 39 4134 86 37 61 46 5 30 3 69 80 30 80 80 3 122 3007 36 95 65 35 45 49 49 45 44 4384 114 37 37 45 66 66 0 46 -2147483648 49 4731 -2147483648 -2147483648 -2147483648
-2147483648 -2147483648 -2147483648 -2147483648 -2147483648 -2147483648 -2147483648 -2147483648 -2147483648 -2147483648 -2147483648 -2147483648 -2147483648 -2147483648 -2147483648 -2147483648 -2147483648 -2147483648 -2147483648 -2147483648 -2147483648 -2147483648 -2147483648 -2147483648 -2147483648 -2147483648 -2147483648 107 107 4036 57 57 87 4664 30 74 42 42 75 37 80 32 32 39 76 28 44 28 28 40 40 34 34 34 85 39 54 54 37 61 61 31 4 80 2223 3105 47 30 30 3072 80 5722 30 6456 77 3 39 39 59 59 34 5644 96 3203 30 -2147483648 -2147483648 -2147483648 41 -2147483648 -2147483648 -2147483648 -2147483648 -2147483648 -2147483648 -2147483648
-2147483648 -2147483648 -2147483648 -2147483648 -2147483648 -2147483648 -2147483648 37 3144 35 0 35 -2147483648 -2147483648 -2147483648 -2147483648 -2147483648 -2147483648 -2147483648 -2147483648 -2147483648 -2147483648 -2147483648 -2147483648 -2147483648 -2147483648 -2147483648 30 40 30 48 101 83 83 58 30 30 1972 2198 33 33 95 5035 39 28 21 21 52 52 40 40 34 34 34 38 27 34 34 5 123 61 30 2603 3 76 1414 47 3 4251 6245 3461 6336 6983 118 3 30 48 51 137 38 34 82 82 82 72 52 46 41 41 -2147483648 -2147483648 -2147483648 -2147483648 -2147483648 -2147483648 -2147483648
-2147483648 -2147483648 -2147483648 -2147483648 -2147483648 -2147483648 33 33 33 35 20 35 19 19 0 28 -2147483648 28 -2147483648 -2147483648 -2147483648 -2147483648 -2147483648 -2147483648 -2147483648 -2147483648 30 53 40 39 7 101 0 110 58 88 3807 3 45 47 102 50 27 29 28 33 80 31 31 31 41 103 42 53 38 5 30 41 41 41 80 61 4516 3424 80 30 3495 5 5239 5391 6346 6541 11153 9454 6889 39 6430 103 4149 30 4640 34 59 6292 72 52 63 63 41 -2147483648 -2147483648 -2147483648 -2147483648 -2147483648 -2147483648 -2147483648
-2147483648 -2147483648 -2147483648 -2147483648 -2147483648 -2147483648 -2147483648 41 101 20 26 26 26 11 0 0 0 28 30 -2147483648 -2147483648 -2147483648 -2147483648 -2147483648 -2147483648 -2147483648 28 44 73 39 19 19 59 71 31 4909 71 71 47 54 83 50 2264 45 33 33 32 2 53 41 27 42 80 33 39 39 43 4605 5292 1463 38 6 40 149 30 33 5006 80 8502 92 16594 8894 9684 10058 10881 6446 6834 3452 121 34 3382 93 33 30 80 59 59 -2147483648 -2147483648 -2147483648 -2147483648 -2147483648 -2147483648 -2147483648 -2147483648 -2147483648
-2147483648 -2147483648 -2147483648 -2147483648 -2147483648 -2147483648 -2147483648 -2147483648 -2147483648 52 26 18 18 11 11 11 32 32 3 76 33 88 43 43 49 39 103 48 48 48 46 19 39 69 42 46 46 44 37 44 29 84 20 45 33 1581 32 34 53 20 54 54 3274 105 31 43 43 46 5136 80 33 3 30 3 3913 80 5 6664 5330 3 13736 13698 12816 109 8285 114 5721 41 41 37 37 30 5124 3 30 52 0 70 -2147483648 -2147483648 -2147483648 -2147483648 -2147483648 -2147483648 -2147483648 -2147483648
-2147483648 29 29 -2147483648 -2147483648 36 2247 31 29 59 29 18 18 18 1 11 1 13 44 51 51 88 0 39 74 31 125 39 30 0 46 2559 39 69 5 61 29 44 37 29 29 84 20 45 20 20 32 32 20 33 27 61 47 79 41 99 4 32 125 31 30 3440 4 3 80 4701 5114 6683 5061 104 10223 18128 111 7480 7017 7337 -2147483648 38 7519 37 6 124 34 0 -2147483648 3696 -2147483648 -2147483648 -2147483648 -2147483648 -2147483648 -2147483648 -2147483648 -2147483648 -2147483648 -2147483648
-2147483648 29 29 48 77 36 95 48 34 59 25 25 18 1 18 0 33 13 13 14 14 36 0 74 30 4803 34 39 75 0 52 28 28 67 34 41 29 37 30 0 0 0 0 0 48 48 32 32 20 33 33 33 56 41 47 44 40 38 5 39 80 3 2679 0 80 3931 86 124 4811 80 8727 5822 8926 7139 5393 3724 6434 36 -2147483648 120 -2147483648 58 53 -2147483648 -2147483648 -2147483648 -2147483648 -2147483648 -2147483648 -2147483648 -2147483648 -2147483648 -2147483648 -2147483648 -2147483648 -2147483648
20 20 29 29 23 2 32 40 34 34 25 25 21 21 21 2 33 1 14 1 30 62 36 39 5 44 34 34 30 5576 61 39 28 42 41 41 4 24 3 24 18 18 28 28 48 37 2219 57 57 33 33 33 37 41 48 93 3581 34 91 4 0 2539 0 86 3 2722 80 3 4767 5403 6877 7488 6172 4279 3940 80 35 61 30 6496 48 6 53 -2147483648 142 -2147483648 -2147483648 -2147483648 -2147483648 -2147483648 -2147483648 -2147483648 -2147483648 -2147483648 -2147483648 -2147483648
20 20 29 32 23 33 33 2 36 18 18 25 20 20 20 23 23 23 23 30 30 30 30 2278 74 44 78 35 35 36 87 39 39 48 5 4 33 24 24 18 3 28 28 28 51 37 47 65 65 4131 36 37 47 47 48 4721 39 56 3 60 5 84 0 4 37 51 80 30 3 2757 30 3131 5164 54 3354 30 1481 5 34 4 4878 4181 -2147483648 -2147483648 41 50 80 -2147483648 -2147483648 -2147483648 -2147483648 -2147483648 -2147483648 -2147483648 -2147483648 -2147483648
43 26 28 32 26 33 25 25 36 20 39 18 2 44 20 23 23 37 35 35 81 3214 68 68 57 66 0 106 74 36 87 38 38 31 31 31 119 37 37 21 21 28 38 38 38 9 47 34 36 36 36 36 33 47 48 24 24 56 32 80 4219 30 76 5310 30 3 4 3 3 1665 80 4611 47 4324 79 4 30 55 30 40 11 6319 4624 107 55 65 65 44 -2147483648 -2147483648 -2147483648 -2147483648 -2147483648 -2147483648 -2147483648 -2147483648
26 28 28 32 2 26 26 17 19 20 39 50 50 26 26 3 50 30 35 35 36 41 45 5 61 67 55 88 111 93 6 44 73 35 35 31 3723 37 37 61 21 21 21 33 54 39 39 23 23 23 23 33 33 33 24 24 36 36 36 6 3 8 69 70 30 3 8 3588 5 2391 4810 77 3 30 100 3313 3 766 2760 33 30 60 3 107 30 65 65 51 -2147483648 3335 85 30 49 4655 32 2242
24 24 1 18 2 32 30 36 19 19 47 18 26 26 26 20 50 37 84 84 36 36 45 33 33 34 30 83 52 93 87 37 37 35 35 59 52 70 27 31 31 16 16 20 54 54 5 52 23 49 34 34 26 26 43 30 7 38 45 43 4 0 2737 43 72 3 8 4 41 36 6 38 30 56 4 64 33 38 62 103 4367 5428 43 43 107 45 45 51 6 72 152 93 93 2880 49 -2147483648
26 24 18 32 1 21 13 13 13 2 57 26 26 26 41 32 32 3 27 44 5 28 28 41 33 37 37 76 74 92 50 37 37 37 64 118 52 48 27 58 16 16 16 20 46 31 5 52 49 3 25 4489 26 2 32 52 3 38 146 3 3 71 90 82 2194 2581 78 41 77 30 77 34 30 47 112 36 3242 30 66 102 70 30 34 38 43 45 45 51 4 32 45 45 50 94 -2147483648 -2147483648
20 26 26 18 0 21 21 58 58 46 52 35 35 35 41 70 70 38 38 44 44 28 28 41 41 47 37 37 100 50 50 101 19 37 33 68 62 33 3 31 31 31 24 24 46 5 36 36 42 5 25 2806 53 32 32 52 34 66 0 33 4 3 47 5 54 54 57 36 36 80 3043 3 3 85 64 64 3 60 5722 55 55 69 45 45 113 4 4 32 6 56 55 38 50 107 113 -2147483648
35 26 26 20 43 20 21 0 0 0 32 32 84 41 41 34 38 38 2411 27 85 32 70 70 41 31 36 36 40 35 81 19 55 35 35 39 62 33 36 31 31 32 24 30 0 0 27 27 35 73 4382 3 53 36 36 40 34 34 5 65 79 4 32 32 65 57 57 4691 5 3 4 114 30 88 3 30 3315 43 51 51 5 51 45 45 35 32 63 38 56 104 38 38 6 57 3931 -2147483648
35 35 35 22 22 3 0 0 0 0 1793 26 4 55 56 80 3140 30 27 51 51 65 32 70 53 31 31 73 40 16 31 31 26 28 29 45 45 3289 84 31 32 6 3 0 0 0 3 71 30 3630 80 35 42 5 36 40 40 40 44 0 34 34 30 4 29 94 44 87 5 4 4 98 65 5 3 24 24 33 127 40 76 27 35 35 68 30 3672 5 35 23 5 48 39 50 0 -2147483648
2 53 45 2 31 43 0 0 0 0 26 48 26 55 3 30 -2147483648 30 30 30 51 68 30 27 27 1608 40 73 43 6 16 31 26 28 25 29 29 38 27 27 32 32 3 0 0 3 60 3 3 -2147483648 4902 37 108 5 47 35 45 44 3 53 53 4 30 4 3 51 51 35 39 43 151 98 4 88 30 1177 3 33 47 3 76 39 30 4 36 2173 45 38 35 96 45 46 4406 50 -2147483648 -2147483648
0 53 92 159 31 43 0 0 0 4 0 0 48 55 55 4 -2147483648 4299 30 -2147483648 -2147483648 -2147483648 -2147483648 -2147483648 -2147483648 -2147483648 -2147483648 30 32 20 16 26 26 25 25 29 29 29 35 44 75 1857 3 30 6 0 28 3 3 2461 2957 3686 81 28 4 5198 30 6 6 28 28 4 24 30 1535 30 35 35 39 43 37 53 33 1586 30 56 28 37 47 84 3 30 30 37 4 36 38 17 58 80 4538 -2147483648 -2147483648 -2147483648 -2147483648 -2147483648
41 80 76 159 31 6 0 0 32 0 44 44 84 6 30 36 -2147483648 -2147483648 -2147483648 -2147483648 -2147483648 -2147483648 -2147483648 -2147483648 -2147483648 -2147483648 -2147483648 -2147483648 -2147483648 20 31 31 4645 25 42 0 5 4 67 2561 0 4158 4 55 54 3 0 0 28 0 0 40 30 3759 4057 2908 30 103 77 40 28 42 45 30 30 30 40 87 39 3168 44 4 70 81 25 56 3 75 5 44 36 53 28 28 17 17 17 30 -2147483648 -2147483648 -2147483648 -2147483648 -2147483648 -2147483648 -2147483648 -2147483648
