Models/Synthetic/Density/data/example.asc
ncols        500
nrows        300
xllcorner    3551300.000000000000
yllcorner    2778420.000000000000
cellsize     835.600000000000
NODATA_value -2147483648
[rows 116 to 173 of 300, columns 96 to 191 of 500]
14 1 14 14 14 13 21 21 21 21 21 21 21 30 30 21 21 3 37 1 1 38 38 38 38 1 0 3 38 38 15 15 15 15 15 17 1 607 17 17 17 20 38 3 22 22 22 28 3 20 20 20 3 45 23 23 23 28 23 24 24 24 31 17 306 17 21 21 425 3 3 2 2 17 27 3 27 22 22 22 22 28 28 28 59 19 59 29 29 29 3 27 27 30 1395 30
14 14 14 14 14 13 13 13 21 21 2 21 21 21 21 3 3 3 1 1 1 38 38 38 40 38 3 3 38 38 38 15 15 15 15 17 17 17 17 17 20 20 2 38 3 22 22 28 28 3 20 20 23 23 23 23 18 23 23 23 24 21 21 17 17 17 21 21 21 145 24 2 2 2 27 80 27 22 22 22 22 28 28 30 59 30 30 29 872 22 22 27 27 27 27 27
9 19 14 14 1 13 1 13 13 13 13 21 21 21 21 3 3 1 1 39 39 37 27 27 27 1 1 3 3 38 15 15 15 15 15 20 20 20 20 20 20 20 20 20 22 4 22 22 22 34 34 34 34 23 23 18 18 45 23 23 21 21 31 65 13 13 13 14 14 145 14 24 629 3 15 3 30 30 22 22 22 3 30 30 30 30 30 3 28 22 22 27 27 27 27 123
9 19 14 14 14 13 1 13 13 13 13 13 21 21 21 21 21 1 37 37 39 37 27 27 3 1 1 3 3 15 321 15 15 15 15 20 20 20 20 20 20 20 50 50 47 47 22 22 22 34 34 34 34 34 18 484 18 23 23 23 31 31 31 31 13 13 13 14 14 14 14 24 15 34 15 30 30 30 26 26 26 4 3 28 28 28 28 28 28 18 18 4 54 54 54 123
19 19 19 14 19 13 13 13 13 13 13 13 21 21 21 3 3 37 37 1 1 37 39 3 3 3 3 2 2 2 15 321 15 15 20 20 20 20 14 14 14 14 61 61 22 22 47 22 18 18 18 34 34 34 18 18 20 20 20 31 31 2126 31 31 19 19 19 19 19 19 30 30 30 3 3 30 892 26 26 26 26 108 28 3 28 28 28 1032 1032 28 28 18 34 34 2 3
19 19 19 13 13 13 13 13 13 13 13 1 16 3 21 3 3 1 37 37 1 1 1 4 3 3 3 3 1 1 35 15 15 15 20 20 20 20 14 21 21 30 61 61 4 22 4 18 18 18 18 18 18 40 18 18 20 20 20 5 31 31 31 3 19 19 19 19 19 19 30 30 30 3 3 892 30 26 26 26 55 55 26 26 28 28 28 28 28 28 24 24 3 34 34 25
19 40 13 1 13 13 13 27 27 2 16 16 16 2 16 16 2 1 1 1 1 0 4 4 4 3 3 30 30 30 30 15 15 15 20 20 20 20 4 21 45 45 30 30 22 47 22 18 403 403 18 18 18 18 18 18 18 16 16 31 31 31 31 1 1 3 3 29 1737 29 29 1696 1696 30 60 30 30 31 31 4 4 3 26 26 60 80 80 28 28 24 24 24 24 24 25 25
19 19 19 13 1 2 27 27 33 33 33 2 1024 16 2 2 2 1 1 37 1 4 4 75 75 75 30 30 30 30 30 30 15 40 40 20 2 20 4 21 21 45 2005 3 30 30 21 21 18 18 21 18 18 18 40 18 18 16 16 16 65 31 31 21 1 1 3 4 4 29 29 3 30 30 30 30 30 1704 81 26 3 26 20 20 80 80 80 28 24 3 24 24 24 24 25 26
19 19 19 19 1 27 27 33 33 33 2314 20 20 20 16 2 2 2 1 37 4 4 4 75 75 4 3 3 1578 30 30 45 22 22 40 40 40 37 40 45 18 18 30 30 30 30 21 21 21 21 21 18 18 18 18 18 16 16 16 16 21 21 1 21 1 3 3 26 3 4 3 3 3 30 30 30 1704 81 81 31 3 20 20 20 20 20 22 133 3 3 3 17 24 17 30 3
1 1 1 3 3 53 33 33 33 33 33 20 20 20 443 20 20 3 1 4 4 4 3 22 3 3 3 3 1578 30 57 45 22 3 22 40 40 18 18 18 1 18 18 30 21 21 21 21 21 2 15 15 15 16 16 16 16 630 16 16 21 21 21 21 30 30 26 30 3 4 3 3 3 30 30 30 3 25 25 25 31 31 3 3 20 20 22 22 22 17 17 17 3 3 653 30
32 29 4 29 53 53 53 33 33 70 33 20 20 20 20 20 2 24 4 4 4 4 3 22 22 793 22 30 30 30 22 22 0 22 22 22 40 18 18 18 18 18 18 45 45 21 21 21 21 15 15 15 18 18 16 16 19 19 19 19 19 21 21 1 30 30 3 3 3 3 3 1343 1343 1343 3 77 3 926 25 25 25 25 17 17 22 44 22 22 22 22 86 44 19 19 30 30
32 32 4 29 29 53 53 53 3 33 24 24 24 20 24 24 2 24 4 4 4 4 59 22 24 22 22 22 30 30 2 22 22 3 22 22 45 8 18 18 18 13 13 21 21 21 45 21 21 18 15 18 18 18 18 18 19 19 40 19 19 19 21 21 21 3 3 3 1537 30 30 30 30 3 1701 1701 3 25 25 25 25 17 17 17 2 22 22 22 3 44 44 44 44 19 19 30
30 29 29 29 29 29 53 3 53 53 24 24 24 24 24 2 2 2 28 4 1802 59 28 59 24 24 24 0 0 26 30 30 26 45 22 8 8 8 8 13 13 13 13 2 2 21 21 21 21 18 18 489 18 18 18 19 19 19 19 19 19 41 3 27 3 3 30 3 30 744 30 30 3 30 3 3 659 24 22 22 22 17 17 17 22 22 3 22 3 3 3 26 889 26 3 20
30 1828 29 29 29 29 59 29 53 4 4 29 24 24 2 2 24 23 23 28 28 28 28 24 24 24 24 24 26 26 26 26 26 26 8 8 8 8 8 13 13 13 13 13 13 13 19 19 19 19 18 18 3 18 18 3 3 19 19 19 19 19 27 27 27 27 27 30 30 30 3 3 3 30 3 3 24 22 1382 22 22 17 37 601 22 3 22 22 44 3 44 26 26 3 20 20
30 2918 2918 2918 29 29 89 45 4 4 4 4 29 29 24 24 24 3 23 23 4 4 28 28 24 24 24 24 26 26 26 16 16 8 8 8 12 12 12 12 13 13 13 2 2 19 19 19 19 19 2 3 21 3 3 19 19 19 21 21 3 19 3 27 0 27 50 55 3 744 30 3 3 3 3 3 22 22 22 22 22 17 22 22 22 22 22 3 24 24 3 30 3 3 3 30
30 30 80 80 29 45 45 45 4 0 4 29 18 19 3 19 23 23 1172 3 4 4 16 28 28 24 24 24 16 16 16 16 16 16 16 16 47 12 12 12 13 13 19 19 19 19 19 19 19 19 19 21 21 21 3 19 21 21 21 21 606 21 21 3 3 27 27 3 3 30 3 3 3 3 3 3 22 22 22 3 26 22 22 22 22 22 22 24 3 24 30 30 30 1091 30 3
30 30 80 28 28 4 45 45 89 6 18 3 18 18 40 19 45 23 23 23 23 2 2 16 16 30 24 24 16 16 16 16 35 16 16 24 24 24 24 24 19 19 19 20 20 20 3 17 30 3 30 21 21 21 43 3 3 21 43 21 43 4 56 51 56 3 30 30 3 3 3 3 3 3 3 26 3 3 22 3 26 26 22 22 670 22 22 24 24 30 30 1106 30 30 28 30
30 30 28 28 28 28 58 28 28 58 18 18 18 18 40 19 45 23 23 23 16 16 16 594 16 30 30 30 30 30 2 16 16 16 16 16 24 24 24 24 40 40 20 20 3 20 3 17 30 30 30 1417 21 21 21 21 3 3 30 30 30 3 56 56 56 4 30 1755 3 3 3 3 21 21 26 3 21 3 26 26 26 26 22 22 22 22 22 30 30 30 30 30 30 28 28 3
14 14 18 3 18 28 28 28 18 28 28 18 39 18 1 1 23 23 16 16 16 16 16 29 2 30 30 30 81 30 30 3 29 29 32 32 47 24 24 3 2 19 0 20 3 17 17 17 17 0 30 2114 1417 21 21 3 30 3 30 30 30 30 3 3 3 25 3 30 3 3 3 3 21 21 21 21 26 26 1549 26 26 26 29 24 24 24 30 30 30 30 28 28 28 28 1110 3
14 14 14 18 18 18 18 18 18 18 1 18 18 15 15 15 15 20 20 20 20 29 29 29 29 29 30 2248 2248 2248 30 67 516 29 32 32 24 24 47 2 15 0 2 20 20 17 17 1155 3 30 75 30 2114 2114 1417 1773 30 30 1119 3 30 1412 3 25 25 30 3 25 25 3 3 3 3 744 26 26 26 26 26 26 29 29 29 29 24 24 30 2312 2312 539 27 28 28 28 1110 3
14 14 14 18 18 18 18 18 18 18 18 15 15 1 15 2 15 20 20 20 134 3 3 29 67 30 30 30 30 30 30 30 32 32 32 32 24 0 564 15 2 2 2 2 3 17 3 17 17 30 30 30 30 3 30 30 1773 3 3 3 725 29 30 25 3 3 30 3 25 25 30 21 21 21 21 21 21 21 21 27 27 24 24 773 24 24 30 30 27 27 27 27 3 27 27 27
18 18 18 18 18 18 18 18 18 18 1 15 15 15 15 0 2 2 2 3 3 29 29 30 30 30 30 30 30 30 30 15 15 2 32 2 54 24 15 15 15 2 15 15 1 1 1 17 17 17 30 3 30 30 30 30 30 30 3 29 725 29 3 3 30 30 30 3 3 25 30 30 3 30 30 30 21 634 21 27 23 24 24 24 24 24 27 539 539 27 27 27 27 27 27 3
18 18 18 18 18 18 17 17 36 13 1 13 13 15 17 17 1 1 17 17 11 11 11 1 12 12 12 15 15 15 2 2 15 54 54 4 54 12 12 9 9 9 9 9 15 15 15 15 17 30 30 30 30 2 30 19 19 30 19 19 19 29 29 3807 3807 3807 3807 30 80 80 30 1317 30 30 30 17 17 17 23 23 23 23 3 26 495 20 26 26 26 19 3 27 27 1276 0 3
18 18 18 18 18 18 17 17 17 17 1 13 13 46 46 17 17 17 28 11 11 11 12 12 12 12 12 15 2 15 15 15 15 15 15 54 1 12 12 12 9 10 10 10 15 15 15 15 15 30 19 32 32 32 32 19 19 565 19 324 3 3 3 3718 3807 3807 3807 3807 3807 30 30 30 30 30 17 17 17 17 17 23 755 23 23 20 20 20 20 20 26 19 3 3 3 19 0 3
2 2 18 18 18 17 17 17 17 13 1 13 13 46 46 17 28 28 28 11 1 12 12 623 623 12 12 12 15 15 13 13 15 15 15 12 12 12 12 30 30 30 1 10 10 15 15 11 11 19 19 2 32 2 32 18 18 19 24 24 24 24 3 3 30 30 3807 3807 30 30 30 3 1045 30 3 17 17 33 33 23 23 23 20 20 20 20 20 20 3 19 19 19 19 19 0 0
2 2 3 2 17 17 13 1 1 13 13 1 13 2 28 13 28 28 15 15 15 12 12 1 12 12 12 1 2 15 440 13 15 13 13 12 12 12 56 30 30 30 10 10 10 15 15 11 19 745 19 19 32 32 18 18 18 18 19 19 24 24 24 3718 30 3718 80 3807 30 30 30 1045 30 30 30 33 33 33 33 33 20 20 20 20 20 20 20 20 20 28 28 28 1581 28 0 0
2 2 0 17 490 1142 25 13 13 13 13 13 15 15 13 13 13 15 15 15 15 15 13 12 12 12 1 1 12 13 13 13 13 13 13 12 30 30 30 30 30 30 11 11 11 11 11 11 19 19 19 19 19 18 18 18 18 19 19 19 19 47 24 1031 3 80 30 30 30 30 21 0 21 3 20 20 3 20 3 20 20 20 20 20 20 42 3 3 3 3 26 26 3 28 3 3
16 3 25 25 1142 1142 13 13 13 13 13 15 15 15 13 13 1 15 15 15 15 13 13 13 1 1 1 1 12 1 13 13 13 13 10 10 10 30 30 1 11 11 11 11 11 1 11 11 19 19 19 18 18 18 18 18 21 21 3 19 39 47 3 24 3 24 30 19 19 19 21 24 3 3 20 20 3 20 20 20 20 643 20 20 3 20 18 18 18 3 26 1480 26 3 3 3
0 3 3 3 3 3 49 49 15 15 15 15 35 15 13 13 13 13 1 13 13 13 13 13 30 12 21 21 1 1 13 13 2 10 10 10 10 11 11 11 11 11 11 11 11 11 11 11 11 19 13 18 18 18 18 21 21 19 19 19 30 30 30 3 3 24 3 19 19 3 24 24 24 20 20 3 24 24 20 20 22 22 35 35 35 1 18 3 187 17 17 3 3 3 2 3
0 0 3 3 3 3 0 49 49 15 15 15 15 13 13 13 13 1 1 13 13 13 13 13 30 12 21 21 21 21 1 32 32 10 10 10 11 11 11 11 11 11 11 11 11 11 11 11 11 13 13 13 18 38 38 21 21 19 19 3 30 1547 1547 30 3 19 19 19 3 3 3 3 3 914 3 25 24 667 24 22 22 22 22 35 35 1 9 3 187 3 16 16 2 2 2 2
3 3 3 3 3 3 0 3 1 25 2 2 1 1 1 1 1 40 18 18 3 3 1 3 18 18 18 21 1 1 32 2 1 1 1 17 17 1 11 11 11 11 11 11 33 14 14 2 14 14 13 13 1 13 38 38 21 21 19 3 25 30 30 30 19 19 19 19 19 17 25 25 25 25 25 3 3 3 3 22 22 22 25 25 1323 25 3 9 1 16 16 2 2 2 2 2
3 0 0 3 3 8 53 25 25 1 1 1 1 1 1 0 1 18 18 18 3 3 3 3 18 18 18 18 16 16 16 16 32 1 1 17 17 1 11 11 11 11 11 14 14 14 14 14 14 14 14 13 13 13 2 38 3 5 3 25 3 25 30 30 19 19 19 19 17 17 17 25 3 25 914 25 30 30 3 22 3 28 28 3 25 25 25 2 16 16 16 2 2 2 0 2
24 24 24 24 5 24 47 1 1 1 1 1 1 1 16 1 1 16 18 3 3 3 3 562 18 18 18 16 16 16 16 1 1 1 1 17 17 1 13 13 13 14 2 14 14 14 2 2 2 14 33 13 13 244 2 38 36 43 3 25 1 12 30 19 19 19 19 17 17 17 18 18 25 25 25 30 1661 1661 3 28 3 28 24 24 3 3 20 20 2 16 2 2 2 2 3 3
24 24 24 24 24 24 29 25 25 25 25 1 16 16 16 16 16 16 16 3 3 3 3 100 3 18 20 1 16 16 1 1 0 17 1 17 13 13 13 13 13 13 2 14 14 14 2 2 14 1 14 13 13 1 1 25 25 21 21 12 12 12 12 19 14 14 14 17 525 17 18 18 25 25 25 3 30 1661 30 28 771 28 28 573 24 24 20 752 752 3 20 3 20 20 20 3
24 24 24 24 24 3 28 14 14 1 14 1 16 16 16 16 1 16 16 18 3 3 3 100 20 20 20 20 16 1 1 1 22 22 17 1 1 1 1 13 13 2 33 14 14 14 14 14 14 1 1 13 13 1 1 25 25 19 19 12 29 12 12 12 14 14 14 17 17 18 816 18 18 2 3 30 30 30 1976 3 1855 771 28 28 573 24 16 20 3 3 3 3 20 20 3 3
24 24 23 23 2 2 28 14 14 14 1 14 14 1 14 16 1 16 14 3 3 3 100 3 20 20 20 16 1 1 16 1 22 22 22 22 3 13 1 13 13 2 2 14 14 14 14 16 16 1 1 16 16 1 1 25 25 19 19 19 12 12 12 12 16 16 16 16 16 18 18 3 2 14 14 30 30 30 1976 3 30 771 3 24 24 16 16 16 16 3 20 3 20 3 24 24
16 16 23 23 2 28 14 1 14 14 14 1 14 1 1 1 1 1 14 14 3 3 3 3 3 3 3 3 3 0 3 3 3 22 3 3 0 13 13 13 13 13 13 1 14 16 16 16 16 16 1 16 1 3 19 1 19 19 19 19 16 12 16 16 16 16 16 16 16 18 18 18 14 14 14 14 30 30 30 30 30 30 3 30 3 28 16 2 16 2 3 3 446 3 3 20
16 16 16 16 23 14 1 14 1 14 14 1 1 1 1 0 1 1 14 1 1 1 14 3 3 3 3 3 0 0 0 3 43 3 3 3 3 21 218 13 13 13 1 22 22 16 16 16 16 16 16 16 1 3 19 19 19 19 40 19 2 16 16 16 16 16 16 16 16 3 16 16 16 14 14 14 18 30 30 30 3 30 807 30 3 28 3 2 2 30 24 20 3 0 24 30
16 1 16 1 38 20 20 3 20 20 20 1 1 1 0 3 3 1 14 14 14 14 14 28 2 3 3 3 3 3 0 3 3 3 1063 21 21 13 13 2 1 22 22 22 22 1 16 16 1 16 1 1 30 1954 14 19 19 19 40 19 16 16 16 16 16 16 16 16 16 16 16 16 16 16 18 18 18 18 18 30 30 0 30 30 52 28 739 739 28 3 30 3 3 24 4 4
0 1 1 1 38 20 20 20 20 20 20 3 20 3 3 3 3 1 14 14 14 14 28 28 2 2 3 3 3 3 3 21 21 21 1063 1063 21 21 21 22 22 22 22 22 1 16 16 16 1 1 2 2 30 1954 14 14 14 14 16 16 16 16 16 16 16 16 16 16 16 16 16 16 16 18 18 18 18 658 38 30 30 0 2334 30 28 28 28 28 739 59 30 4330 3 1025 4 4
2 15 2 2 38 3 20 20 20 3 20 3 20 3 3 1 1 0 28 28 28 28 28 28 28 18 18 18 18 3 3 3 21 3 3 3 21 21 1063 1063 14 22 14 14 2 1 1 1 14 14 14 14 14 14 14 14 14 14 16 16 16 16 16 16 16 16 16 16 16 16 16 16 16 3 3 3 3 18 18 30 3 3 1817 1817 3 28 30 30 30 3 30 30 35 1025 3 23
15 2 2 2 38 2 20 20 20 20 20 3 20 3 1 1 1 1 2 28 28 28 28 28 28 18 18 18 18 18 3 3 3 3 3 3 3 21 21 21 32 14 14 14 14 13 13 13 13 14 14 14 33 14 14 14 14 14 16 16 16 440 16 16 19 577 19 16 16 16 16 16 16 16 3 3 3 18 18 30 30 2334 2334 80 3 30 30 30 30 30 30 30 93 30 23 3
15 2 2 38 38 37 3 3 3 16 43 20 20 15 15 1 1 1 1 28 28 28 13 13 13 13 13 13 18 3 18 3 3 3 3 3 3 3 14 14 14 14 14 14 14 13 13 13 13 13 17 17 14 33 14 14 14 452 14 16 16 16 16 16 19 19 19 19 19 19 19 16 16 44 22 22 3 22 22 30 30 30 80 30 3 3 29 29 30 21 3 30 35 35 3 23
26 0 3 0 38 37 16 16 16 1 20 15 15 15 15 1 1 1 12 12 12 12 13 13 13 13 13 13 21 758 18 3 3 3 3 3 3 3 2 14 14 14 14 14 14 14 13 13 13 17 17 17 17 14 14 14 14 14 14 14 16 16 19 16 16 19 19 19 19 681 19 19 15 34 22 22 556 22 22 30 28 28 28 30 3 54 29 29 3 21 21 3 21 35 17 3
1177 26 0 1 38 1 23 16 1 16 16 15 15 15 15 12 12 1 12 12 12 12 12 12 12 13 13 21 21 21 21 21 21 3 25 3 3 25 14 14 14 32 14 14 14 14 14 14 32 37 17 537 17 17 14 14 14 14 14 14 17 17 17 19 19 19 19 19 19 19 19 15 15 2 15 2 22 22 24 24 24 28 3 1044 28 28 3 21 21 21 21 21 21 17 2 17
3 26 1 38 38 23 23 23 1 16 16 15 1 15 15 12 1 1 1 12 12 12 12 12 12 12 21 21 21 21 21 21 21 21 3 3 1095 25 34 34 34 32 14 14 14 14 14 14 14 13 3 3 17 18 14 14 14 17 17 17 17 17 17 17 19 19 19 15 2 15 15 15 15 15 15 2 22 24 24 24 1158 3 3 1044 30 28 3 3 24 24 21 21 21 17 17 17
14 1 15 15 23 23 23 1 1 1 3 3 3 1 12 12 12 1 12 1 1 42 42 42 12 12 12 21 42 21 21 21 21 25 34 34 34 2 3 3 3 18 18 18 18 14 14 14 13 13 13 18 18 18 18 18 17 17 1 17 21 21 21 21 17 19 19 18 18 15 15 15 15 15 15 15 22 24 24 24 24 24 28 3 30 28 28 3 24 24 30 30 30 17 17 529
14 14 1 15 23 23 23 1 1 3 3 22 3 1 1 1 1 12 12 12 2 2 2 42 12 12 21 21 21 21 776 30 30 25 34 34 34 34 34 3 3 3 18 18 18 18 18 18 13 13 13 18 18 39 39 18 17 17 17 17 21 685 21 21 19 19 18 421 18 15 15 15 15 15 15 15 30 30 30 30 30 0 28 3 28 24 24 24 706 30 30 30 30 17 529 17
14 14 14 14 23 23 1 23 23 22 22 3 3 2 12 12 12 1 2 2 42 42 42 21 21 33 33 33 33 33 21 1866 1866 30 30 34 34 34 34 1 1 3 18 3 818 18 18 818 13 13 13 18 18 18 24 3 17 17 17 17 21 21 42 2 19 21 18 18 18 15 15 15 15 15 15 15 30 30 1173 30 0 24 1169 3 19 3 3 24 24 24 3 1730 30 30 21 21
1 1 14 16 23 23 23 1 22 22 3 3 22 15 12 12 1 4 2 42 42 2 42 21 4 2 33 33 33 33 3 3 30 30 38 38 3 1 1 1 13 1 13 18 18 18 18 18 13 13 13 18 18 18 24 24 3 24 17 17 17 3 3 3 3 21 21 21 21 15 15 15 15 30 30 30 30 30 30 3 30 24 24 24 19 19 80 24 24 24 24 706 1730 30 405 43
2 19 1 1 17 17 17 22 22 22 22 22 15 15 15 2 4 4 4 21 21 4 21 4 4 21 33 33 33 38 38 38 38 38 38 38 3 1 1 1 13 13 1 13 13 21 21 698 21 13 13 18 18 39 18 24 24 3 3 3 3 3 3 21 21 21 21 21 21 21 30 30 15 30 30 30 30 1193 3 30 19 19 19 19 19 21 21 2 21 21 3 25 3 3 25 21
19 19 16 16 17 17 17 17 447 22 995 15 15 15 15 4 4 21 21 1382 21 21 4 4 4 21 33 33 33 38 38 38 38 38 38 38 3 1 1 13 13 13 1 3 3 21 21 21 21 21 30 30 30 18 18 24 24 24 24 22 3 3 3 3 42 21 21 21 34 34 3 3 1970 30 30 30 3 30 3 3 3 19 19 19 19 21 21 2 21 21 21 25 25 1710 405 21
18 18 17 14 17 17 17 17 17 17 3 15 15 15 15 15 21 21 21 21 21 21 4 21 21 21 21 18 18 38 38 38 38 38 38 38 1 1 1 1 3 3 3 4 46 22 22 22 22 22 1892 30 30 30 30 24 643 22 22 22 22 22 22 22 28 28 28 3 34 34 34 1970 3 30 2003 30 30 3 30 30 30 19 19 19 19 21 21 21 21 21 17 29 29 29 3 33
18 18 14 14 14 14 14 14 14 20 20 20 15 15 20 20 4 21 21 21 19 19 21 21 21 21 18 18 18 18 18 1 17 1 1 3 1 1 1 3 3 38 4 22 22 22 22 4 0 22 30 70 0 30 22 22 22 22 22 22 22 22 22 22 28 28 28 28 34 34 34 30 1970 30 2003 30 30 3 30 30 30 30 19 19 19 21 21 21 17 660 17 16 16 16 29 5
18 3 18 18 14 14 14 14 14 14 14 20 20 20 20 20 28 28 21 19 19 19 19 19 18 18 18 18 18 18 18 18 17 1 1 1 1 1 3 3 38 38 22 22 22 22 22 22 22 22 22 29 30 30 788 22 22 45 22 22 22 28 28 28 28 28 28 28 34 91 4204 4567 4567 4567 30 5 30 3 3 80 80 26 26 26 17 17 17 17 17 17 16 16 16 16 16 3
18 18 18 38 18 27 14 14 531 14 14 28 20 20 28 28 28 28 28 19 19 19 19 19 19 18 18 18 18 18 18 17 1 17 1 11 1 1 3 38 38 38 31 31 22 22 22 22 22 22 29 29 29 29 3 3 3 22 0 22 30 28 28 28 1451 28 28 28 30 5340 91 4204 4567 4567 4567 80 4567 30 26 26 26 26 26 26 17 17 17 17 17 17 16 16 16 16 16 3
18 18 18 18 38 27 27 27 14 27 24 28 28 28 28 28 55 28 28 19 19 19 19 18 18 1 18 18 18 18 17 17 1 17 11 11 796 11 11 11 31 31 31 31 31 18 18 18 18 18 29 29 29 13 13 13 13 22 30 30 30 1579 30 28 28 28 28 28 5340 5340 80 3059 4567 80 4567 80 80 80 26 26 1100 26 21 21 17 17 17 17 17 24 24 24 24 24 24 21
18 18 28 28 18 27 27 27 27 27 24 28 28 28 28 28 28 28 28 19 19 19 1 18 21 18 18 18 18 18 18 4 91 11 11 11 11 11 11 28 31 31 31 2 18 18 18 18 18 18 18 13 13 13 264 13 13 30 30 30 1579 1579 30 30 28 28 28 21 80 80 3059 3059 3 2203 80 80 18 18 26 21 3 26 21 21 17 17 17 17 17 24 24 24 24 3 3 21
