Models/Synthetic/Density/data/example.asc
ncols        500
nrows        300
xllcorner    3551300.000000000000
yllcorner    2778420.000000000000
cellsize     835.600000000000
NODATA_value -2147483648
[rows 174 to 231 of 300, columns 96 to 191 of 500]
23 23 23 28 28 28 27 27 27 27 24 571 2 2 28 28 28 28 3 28 2 18 18 18 18 21 21 21 21 21 21 91 1 11 11 1 11 12 31 2 1 1 1 1 14 14 40 40 9 9 9 13 13 13 13 19 19 20 20 20 30 30 30 30 21 21 21 21 21 30 2006 3 2203 30 30 18 18 18 21 21 21 21 21 21 865 21 17 17 24 24 24 24 1274 24 13 21
23 23 23 23 28 28 1238 27 27 27 24 24 2 2 28 28 3 3 3 2 1 18 18 18 18 18 21 21 21 21 2 2 1 1 11 1 1 1 1 1 1 1 1 1 14 2 1 9 9 9 9 13 13 19 19 19 19 20 20 20 20 22 22 0 21 21 21 21 21 21 30 2006 3 30 30 18 18 18 21 21 21 21 21 21 21 21 17 17 20 20 24 24 24 3 13 13
23 23 23 23 23 28 28 28 3 27 30 30 30 28 28 28 28 28 3 35 35 35 35 18 18 18 21 21 21 21 21 21 1 2 1 1 1 1 12 12 12 12 14 1 14 14 14 9 9 9 9 9 19 19 19 19 19 20 20 20 22 45 22 22 0 0 21 30 30 30 28 30 1917 30 30 18 18 3 21 21 21 21 21 21 21 21 20 20 20 20 15 15 2 2 13 13
23 23 23 35 23 17 17 17 17 3 80 30 28 905 28 28 28 28 28 28 35 35 35 35 21 21 3 21 21 21 21 15 15 15 15 15 1 1 14 14 191 12 12 12 12 1 1 17 17 17 17 17 17 19 19 19 19 27 27 27 45 22 22 18 39 3 21 30 30 30 28 3 30 30 30 18 20 20 3 21 21 21 21 21 20 20 20 799 20 20 15 15 15 13 321 13
23 23 35 35 17 17 17 17 30 30 2788 2788 2788 28 28 3 3 28 28 28 28 28 28 35 35 21 21 21 21 21 21 21 15 15 2 15 16 16 16 14 34 14 12 12 12 13 13 13 13 17 17 17 19 19 27 27 27 1191 1191 27 27 18 18 18 18 21 21 30 1782 28 28 3 28 24 24 20 20 1244 20 20 21 21 21 18 18 20 20 20 20 20 15 15 15 15 13 13
23 35 35 17 17 893 17 30 30 30 30 2788 2788 28 3 20 20 28 28 28 28 28 28 35 35 3 21 21 3 21 21 21 21 15 15 15 16 16 1 14 14 14 14 14 12 13 13 13 38 38 17 19 754 19 27 27 27 27 27 18 18 18 18 18 21 21 21 30 30 30 28 28 28 24 24 20 20 20 20 20 20 18 18 18 18 18 20 20 20 16 16 15 15 339 16 16
23 22 22 17 17 17 30 30 30 30 30 30 3 30 30 28 1130 20 20 28 28 28 28 2 2 21 21 21 47 21 21 21 15 366 16 16 16 16 16 1 14 14 14 14 14 1 1 13 13 19 19 19 19 19 19 27 27 27 18 18 18 15 15 21 21 21 21 21 21 25 25 25 24 24 24 24 20 20 20 20 20 18 18 18 18 18 18 18 20 16 16 16 16 16 16 16
22 22 22 17 17 17 17 17 17 3 30 34 34 30 28 28 28 28 20 20 28 28 1 1 3 26 26 26 21 3 21 15 15 15 1 16 16 16 16 16 14 34 14 1 3 42 31 13 19 19 19 19 19 19 19 27 27 18 18 18 18 15 15 15 21 21 21 21 25 25 25 25 25 24 24 20 20 20 20 20 18 13 18 18 596 18 18 18 18 16 16 16 16 16 16 16
22 22 22 22 22 17 17 17 2 2 16 34 34 34 34 28 28 28 20 20 20 21 21 21 21 21 26 26 26 26 26 26 26 15 13 13 13 16 16 16 14 3 31 34 42 42 3 42 31 31 31 31 14 14 14 14 14 16 18 15 15 15 15 15 15 15 15 25 25 25 25 25 25 25 25 25 13 13 13 13 13 18 18 18 18 18 18 18 16 16 16 16 16 16 16 16
22 22 22 17 17 17 17 2 2 16 2 34 16 16 16 16 28 28 28 28 21 1 1 21 21 21 21 26 1 26 26 3 26 13 13 13 13 13 16 13 13 3 31 31 31 31 31 31 58 31 31 14 14 14 14 14 16 16 16 15 15 15 15 15 15 15 15 25 25 25 25 25 25 25 25 25 25 13 13 13 13 13 13 18 25 25 18 18 16 16 16 14 14 16 16 16
17 17 17 17 2 2 17 2 17 16 16 16 16 16 16 16 16 21 21 21 21 13 13 13 13 13 13 2 14 14 14 14 14 24 24 24 13 13 2 2 13 2 1 17 17 31 31 31 31 1857 31 14 14 14 14 16 16 16 16 14 14 14 15 15 15 363 15 15 18 25 25 25 25 25 25 25 25 13 13 13 13 13 13 13 25 25 25 16 16 16 16 16 14 14 14 16
17 19 19 19 3 3 19 19 19 22 16 16 16 16 16 16 16 21 21 21 13 13 13 13 31 13 13 13 2 1 14 14 14 14 14 31 2 2 2 2 13 13 1 17 17 31 31 31 31 31 31 31 14 24 14 16 16 17 16 14 14 14 14 14 15 15 15 15 18 18 18 22 22 22 22 25 36 16 16 13 13 13 13 13 25 25 25 16 16 674 16 14 14 14 14 14
0 19 19 19 3 19 19 19 19 22 22 16 16 25 25 25 2 2 21 21 21 14 13 13 14 2 2 14 20 14 14 14 13 13 14 13 13 13 2 0 2 2 13 26 26 26 31 31 31 31 31 27 27 24 24 24 24 2 17 14 14 14 14 14 14 15 15 15 18 692 18 22 22 22 22 22 16 16 16 13 13 13 11 11 11 25 25 16 16 16 16 16 16 14 14 11
0 19 19 19 19 19 19 19 19 19 22 22 25 25 25 25 25 21 21 21 14 14 14 14 2 2 20 2 2 15 2 2 13 13 13 2 13 13 2 2 2 13 13 26 26 26 26 31 3 27 27 27 27 24 24 24 24 19 17 17 14 14 14 16 16 15 15 15 16 18 18 18 22 24 24 24 20 16 13 13 13 11 11 11 11 11 11 11 16 16 16 16 10 10 10 11
2 19 19 19 1239 19 19 19 19 19 22 22 25 25 25 13 13 13 13 13 14 14 14 14 2 20 20 15 2 15 15 13 12 13 13 13 13 13 13 13 13 20 20 20 26 26 26 2 27 27 27 27 27 24 19 19 19 19 16 16 14 14 16 16 16 16 16 35 16 16 16 16 16 24 24 24 20 20 20 27 27 27 11 11 11 11 11 11 11 11 16 16 10 10 10 10
36 19 19 19 19 19 19 19 19 19 19 22 25 25 25 13 13 13 13 13 1 2 2 2 20 20 20 15 15 15 15 12 12 13 13 13 13 13 1 1 20 20 20 20 26 26 26 2 27 27 22 22 27 19 19 19 19 16 16 16 16 16 35 16 16 16 16 16 16 2 16 16 16 24 24 24 20 20 27 27 27 27 27 27 11 11 11 11 11 11 13 10 10 10 10 10
23 36 19 19 19 19 19 19 19 41 19 17 1 25 25 25 25 13 1 14 2 14 14 14 20 20 15 15 15 15 15 12 12 33 33 33 33 2 2 30 30 30 20 26 26 26 26 22 14 14 22 22 22 19 19 19 19 16 16 16 16 2 16 16 16 15 16 15 2 15 16 16 24 24 24 24 24 2 27 27 27 80 1376 27 27 11 27 13 13 13 13 13 13 10 10 10
3 20 19 19 19 19 19 19 19 17 17 17 1 3 25 25 3 13 25 2 2 14 13 1 32 13 13 15 15 15 15 12 12 33 33 33 33 33 33 30 30 30 30 24 26 26 14 14 325 325 22 22 19 19 19 19 19 17 16 16 2 16 17 16 21 15 15 2 15 15 16 2 24 24 24 2 22 22 22 27 27 27 1376 27 27 27 27 13 13 13 13 13 13 10 10 10
20 20 20 19 19 19 19 12 17 17 17 17 1 25 25 25 25 25 14 14 14 1 14 14 13 13 13 13 13 13 13 13 13 12 33 33 33 33 33 30 30 64 24 24 24 24 14 14 14 14 14 14 14 19 19 19 17 17 17 17 17 17 17 21 21 21 21 15 15 15 15 15 15 15 22 22 22 22 22 8 8 27 27 27 27 27 27 27 13 13 13 14 14 319 14 14
20 20 20 20 19 12 12 12 12 17 17 1 17 15 15 25 25 25 14 14 14 14 14 30 12 12 12 12 12 12 12 13 12 12 12 33 33 33 30 30 1649 1649 24 24 24 24 14 24 14 14 14 14 14 19 19 17 17 17 956 17 17 21 21 21 21 15 15 15 15 15 15 15 15 14 22 22 8 8 8 8 8 8 27 27 27 27 27 27 13 13 13 14 14 14 14 14
20 20 19 19 12 12 12 12 12 12 17 17 15 1 15 15 15 25 14 14 14 14 14 14 12 12 12 12 12 12 12 12 12 12 12 12 12 12 30 30 1649 1649 24 24 24 24 24 32 14 14 14 14 14 14 14 17 2 17 17 17 2 21 21 21 15 15 15 15 19 19 15 15 14 14 14 14 14 8 8 8 8 8 27 27 11 7 7 7 7 13 14 14 14 14 14 13
20 19 19 19 3 12 12 12 12 13 13 15 1 15 15 15 15 15 14 14 14 14 14 14 12 12 12 12 12 12 12 12 12 12 12 12 12 12 30 30 30 24 24 50 24 24 24 14 14 14 14 14 14 14 26 26 26 17 17 17 21 21 21 15 15 15 15 19 19 19 15 12 12 14 14 14 8 8 8 11 8 8 11 11 11 7 7 7 7 7 14 14 14 14 13 13
19 19 1082 19 19 12 13 13 13 13 13 13 13 1 13 15 15 15 15 15 17 17 14 12 12 12 12 12 12 12 12 12 12 12 12 12 12 12 24 24 24 24 24 24 24 24 14 14 14 14 14 14 14 26 26 26 26 26 2 30 30 30 30 30 15 15 19 19 19 19 12 12 12 12 12 12 12 12 11 11 11 11 11 11 11 7 7 7 7 7 7 14 14 14 13 13
24 24 24 2 12 12 12 13 13 13 13 12 12 13 13 13 15 15 1 15 15 17 17 3 17 17 12 12 12 12 12 12 12 12 12 12 12 12 24 24 24 24 24 24 24 24 14 2 2 2 2 2 2 26 26 26 2 30 30 30 30 80 30 30 12 12 12 12 12 12 12 12 12 12 12 12 12 11 11 11 11 11 11 11 7 7 7 7 7 7 7 14 14 14 13 13
24 24 24 24 12 12 12 12 30 12 12 12 12 1 1 1 12 17 17 17 17 17 17 17 3 17 17 17 17 17 17 17 12 12 12 12 12 24 24 24 24 24 24 24 23 23 23 23 14 32 14 14 15 15 15 15 15 30 3 1531 30 1531 30 12 12 12 12 12 12 12 12 12 12 12 12 12 17 17 17 17 11 17 11 11 7 7 7 7 7 7 9 9 9 9 13 13
24 2 24 18 12 12 12 12 12 12 12 12 1 12 1 1 1 12 37 17 17 17 17 17 17 17 17 17 17 17 17 17 16 35 12 12 12 50 24 24 24 24 24 23 14 23 23 23 14 14 14 14 15 16 1 15 1 30 30 30 1531 30 12 12 12 12 12 12 12 12 13 12 12 12 12 12 823 17 17 17 14 0 11 11 7 7 7 7 7 7 9 9 9 9 9 13
17 24 24 18 18 39 18 14 14 14 2 0 1 14 14 14 1 1 17 17 17 17 37 17 17 17 17 17 17 16 16 16 16 16 16 16 13 13 13 13 13 13 23 13 14 14 14 14 14 14 2 32 16 16 16 16 30 30 30 30 30 30 2 30 30 30 12 12 12 13 13 13 12 12 17 17 17 17 17 17 0 0 14 14 7 7 7 7 7 9 9 9 9 9 9 12
17 17 39 3 3 18 18 14 14 2 2 1 1 14 14 14 14 14 14 3 17 17 17 17 11 11 11 11 11 16 16 16 16 16 16 16 16 13 13 13 13 13 13 13 14 14 14 14 519 14 14 20 16 16 16 16 16 30 30 30 30 30 30 30 30 18 18 18 13 13 13 13 13 17 17 17 17 17 17 14 14 14 14 11 11 1 1 1 9 9 9 9 9 9 9 12
17 12 12 18 18 18 827 14 14 2 1 1 1 1 1 14 14 14 9 9 17 17 11 11 11 11 11 11 11 16 16 16 16 16 16 16 16 16 13 13 13 13 13 13 13 14 14 33 2 14 14 20 20 16 16 16 16 30 30 2 2 30 2 30 18 18 18 18 11 11 11 11 11 11 17 7 7 7 7 7 7 14 14 11 1 11 11 1 1 1 9 13 13 13 13 13
17 12 12 14 14 14 14 14 1 19 19 19 19 1 9 9 9 9 9 9 17 1 11 11 11 11 16 16 16 16 16 2 16 16 16 16 16 16 31 13 13 13 13 13 13 14 14 14 14 20 20 20 20 20 16 1 1 30 30 2 30 30 30 30 18 18 18 11 11 11 11 11 11 11 7 7 7 1 7 0 7 7 7 11 11 1 1 1 1 11 13 13 13 13 13 13
12 12 12 14 14 14 14 14 14 14 14 19 19 19 9 9 9 9 9 9 11 11 11 11 35 16 16 16 16 16 16 16 16 16 16 16 16 16 13 13 13 13 13 13 13 14 14 14 20 20 20 20 20 20 3 3 30 30 30 3 3 2 2 14 14 11 11 11 11 11 11 11 11 11 7 7 1 11 11 11 11 7 0 24 24 24 24 11 11 13 13 13 13 13 13 1
1411 22 22 22 22 14 14 14 14 14 19 19 19 19 9 9 9 9 11 11 11 11 11 11 16 16 16 16 16 2 0 2 16 16 16 746 2 16 13 13 13 13 13 13 14 32 14 20 20 20 20 20 20 20 20 3 30 20 19 19 3 14 14 14 11 1 11 11 11 11 11 11 11 11 11 7 11 11 11 11 11 11 7 24 24 24 24 24 9 13 13 13 13 13 13 13
1411 22 22 22 22 22 12 12 12 12 12 12 19 19 8 8 8 8 11 11 11 11 11 11 11 11 12 12 12 12 16 16 16 16 16 30 3 16 16 15 13 13 14 14 14 14 2 14 20 42 20 20 3 20 20 20 20 20 561 19 3 14 2 358 14 14 2 1 11 11 11 0 11 11 11 11 11 11 11 11 11 11 7 24 24 24 24 24 24 9 9 9 9 9 13 13
22 22 22 46 22 22 1 1 12 12 12 1 12 19 8 8 8 8 11 11 11 11 11 10 11 11 12 12 12 12 16 12 12 12 34 30 3 15 15 15 14 14 14 14 32 14 14 14 30 30 30 30 30 20 20 20 20 20 20 20 561 561 14 14 14 14 14 11 16 11 11 11 11 11 13 13 1 11 11 11 12 12 7 7 24 24 24 24 9 9 9 9 9 9 13 13
3 3 46 22 22 22 1 12 1 12 29 29 12 12 12 8 19 19 11 11 10 10 10 10 10 10 10 10 10 10 12 12 12 12 15 292 292 15 15 15 2 14 14 14 14 2 2 2 30 3 30 30 30 3 80 30 20 20 20 26 20 19 12 14 14 16 16 16 16 0 13 13 11 13 13 13 13 13 12 12 12 12 12 12 9 9 9 16 16 16 12 12 12 12 1 13
3 22 22 22 22 1 11 1 12 12 12 12 12 12 19 19 19 19 19 11 10 10 10 10 10 10 10 10 10 10 10 12 12 15 15 15 15 15 15 12 30 12 2 14 14 14 2 2 30 3 30 30 2814 80 2814 2814 26 26 26 26 20 12 12 12 16 16 16 16 16 13 13 13 13 13 13 13 13 13 12 12 12 12 12 12 9 9 16 16 16 16 16 12 12 12 12 13
2 24 24 1 11 11 11 11 28 12 29 12 12 12 19 19 19 19 19 19 19 19 19 1 1 10 21 21 21 21 752 21 21 21 16 16 16 16 12 12 12 12 12 30 55 3 30 55 30 956 956 26 30 2814 2814 30 26 26 26 26 12 12 12 12 16 16 16 16 16 13 13 13 0 13 13 13 10 10 12 12 12 12 12 12 16 9 16 16 16 16 16 16 12 12 12 12
24 24 24 11 11 1 11 1 11 12 12 12 12 12 12 19 12 19 19 9 9 9 9 9 9 9 21 21 21 42 752 21 21 21 16 16 16 16 12 12 12 12 12 12 17 3 3 30 3 30 26 1088 26 30 30 30 5 5 26 5 12 12 12 12 12 16 16 16 16 16 13 13 13 13 13 10 10 10 12 12 12 12 12 12 16 16 16 16 16 16 16 16 12 12 12 8
24 24 24 11 11 1 11 28 12 12 12 12 12 12 12 12 12 9 9 9 9 9 9 9 9 9 21 21 42 21 21 21 10 10 10 10 12 12 12 12 12 17 17 17 17 17 24 30 24 24 26 26 80 26 30 30 5 5 12 12 12 12 12 12 12 19 19 14 13 13 13 10 13 13 0 10 10 10 12 12 12 12 11 12 12 16 16 16 16 539 16 16 16 16 12 16
24 24 24 24 11 28 11 11 12 12 12 12 30 12 29 12 12 12 12 9 9 9 9 9 9 9 21 1 42 21 21 21 10 10 10 10 10 10 12 17 17 17 17 17 3 17 17 644 24 24 26 26 26 26 11 11 11 5 12 12 12 12 18 12 19 19 19 14 14 14 14 10 10 10 10 10 10 10 10 11 11 11 11 12 30 30 30 16 16 16 16 16 16 16 16 16
20 24 24 11 1 11 11 12 12 12 12 12 30 12 12 12 12 12 12 12 1 12 12 9 9 9 10 10 10 1 1 10 10 10 10 1 10 17 17 17 3 20 20 20 3 37 17 24 3 16 26 26 26 11 11 11 11 11 11 12 12 12 18 18 19 19 14 14 14 14 14 14 10 10 10 10 10 10 10 11 11 11 11 30 30 30 30 14 14 14 14 14 16 16 16 16
20 20 14 11 11 11 11 12 12 12 12 12 12 30 12 12 12 12 12 12 12 12 29 11 9 11 10 10 1 10 1 10 1 1 10 10 10 10 17 30 3 3 30 3 42 20 16 16 16 16 16 3 11 11 11 11 216 11 11 11 12 18 18 18 19 18 14 14 14 14 14 8 8 10 10 10 13 13 13 11 11 0 11 30 30 30 30 14 14 14 16 16 16 16 16 16
20 30 14 14 14 14 14 1 1 12 12 12 33 30 30 12 12 15 15 15 1 12 1 11 11 11 11 11 12 11 11 10 1 18 1 18 14 14 14 14 3 30 3 80 30 30 16 1 16 16 16 1 11 11 11 11 11 11 11 12 12 18 18 18 19 18 18 14 14 8 8 8 8 8 8 13 13 13 13 13 11 11 11 11 30 30 30 14 14 16 16 16 16 16 15 16
3 20 30 14 14 14 14 14 12 12 12 15 15 30 30 12 1 15 15 15 15 15 15 11 11 11 12 12 12 12 10 18 18 18 18 1 1 14 14 14 30 3 30 1533 30 30 16 16 16 16 16 1 11 11 11 1 11 1 12 12 12 18 18 18 18 18 18 14 14 8 8 8 8 8 8 13 13 13 11 11 11 11 17 30 30 21 30 21 21 21 21 16 15 15 15 16
20 20 30 1 14 1 14 14 15 15 15 15 15 15 56 56 12 1 15 1 15 15 12 1 12 12 11 12 12 12 12 18 18 1 1 18 1 1 14 1 30 30 30 3 30 18 18 18 18 18 16 16 21 21 11 11 11 12 12 12 12 11 11 11 18 18 18 18 18 18 8 8 8 8 8 8 14 14 14 14 14 17 17 17 21 21 21 21 21 21 21 19 15 15 15 15
20 30 30 30 14 14 1 14 1 15 15 15 15 15 30 30 15 15 16 1 16 15 1 12 12 12 12 12 12 12 12 12 1 1 1 18 18 18 14 1 3 30 38 38 2 18 3 794 3 18 21 21 21 21 21 12 12 12 12 12 12 12 11 11 11 11 18 18 18 8 8 8 8 8 8 8 14 14 14 14 17 17 17 17 17 21 21 21 21 21 21 19 15 15 15 15
1743 30 21 21 21 15 15 15 15 15 15 15 15 15 15 1 15 16 16 16 16 16 12 12 12 12 12 12 12 12 12 1 1 1 1 1 1 2 2 2 38 38 2 38 38 18 18 18 18 12 12 12 1 21 12 12 11 1 12 12 12 12 11 11 20 11 11 11 18 8 11 11 8 15 15 15 15 14 14 14 14 17 17 17 1070 17 17 21 21 0 21 19 19 19 15 23
30 21 21 2 21 15 15 15 15 15 15 2 15 15 15 15 15 15 16 16 16 16 12 12 12 12 12 12 1 12 12 3 3 3 1 1 1 2 2 2 38 38 37 37 38 12 12 12 12 12 1 12 12 12 12 12 11 11 12 12 11 11 11 11 11 11 11 11 11 11 11 11 11 15 15 15 15 14 14 14 17 17 17 17 17 17 17 17 21 21 5 19 19 19 23 23
21 21 22 21 21 15 15 15 33 2 2 15 15 15 15 15 15 15 16 12 12 1 12 12 12 29 41 12 12 12 20 3 3 3 3 3 3 3 19 19 19 12 1 1 1 12 12 12 12 10 10 10 10 10 12 11 11 11 11 28 11 11 11 10 11 11 11 11 11 11 11 11 11 15 15 15 15 15 15 17 17 17 17 17 17 17 17 17 5 5 5 5 19 19 20 23
30 22 22 21 21 15 15 22 15 33 15 15 15 33 15 15 15 15 12 12 12 12 12 12 12 12 12 20 20 20 20 20 3 3 2 3 3 19 795 19 19 18 18 1 1 12 12 12 10 10 10 10 10 10 10 11 11 11 11 11 11 11 10 10 10 11 10 11 11 11 11 15 15 15 15 15 15 15 15 17 17 17 17 17 12 12 12 17 20 20 5 5 20 20 23 23
22 22 22 22 21 15 22 22 22 15 15 15 15 15 15 15 15 12 12 12 12 12 12 12 29 29 20 20 20 20 3 20 32 2 2 2 3 19 19 39 3 39 18 18 18 18 12 12 12 12 12 10 10 10 10 8 11 11 11 11 11 1 11 10 10 10 10 11 11 11 15 15 15 15 15 15 15 15 15 15 15 12 12 12 12 12 12 12 20 20 20 20 20 20 4 23
22 22 22 22 22 22 22 22 22 22 22 22 15 15 15 15 15 15 12 12 12 12 12 12 12 12 12 20 20 20 20 31 31 2 32 2 3 3 19 3 19 18 18 18 39 18 12 12 12 12 12 12 10 10 10 8 8 11 11 11 11 11 10 10 10 10 10 11 11 15 15 15 15 15 15 15 15 15 15 15 15 19 12 1 1 12 12 28 28 28 20 36 36 36 36 23
22 22 22 22 22 22 22 22 22 22 22 22 15 15 15 15 15 15 15 18 29 12 12 272 29 12 12 22 20 20 20 31 31 32 32 3 3 20 20 20 20 39 18 18 18 18 18 12 12 195 12 12 12 8 8 8 8 8 8 15 15 15 15 15 15 10 10 22 15 15 15 15 15 15 15 15 659 15 15 40 19 19 19 22 22 1 22 1 1 28 1 36 36 36 36 36
22 22 22 22 22 22 22 22 22 22 22 22 22 15 15 15 15 15 18 18 18 2 12 12 12 12 22 22 20 20 41 31 32 31 31 3 3 3 20 41 20 18 39 18 18 18 18 18 10 12 12 12 12 9 8 8 8 8 11 15 15 15 15 15 15 15 22 22 22 22 15 15 15 725 15 15 15 15 3 19 19 19 19 22 22 1 1 1 1 28 28 36 36 36 2470 96
22 23 22 49 22 22 22 22 22 22 22 22 22 38 18 18 18 18 18 2 2 18 2 1 12 22 22 22 22 2 41 41 31 31 24 3 47 27 3 635 3 20 39 1 10 1 1 10 10 1 10 1 9 9 9 9 9 11 11 11 11 15 15 15 15 22 22 1142 1142 22 22 15 15 15 15 15 15 15 19 19 19 19 111 111 22 22 1 1 1 28 1 1 36 36 36 75
23 23 22 22 22 22 22 22 22 22 49 49 31 38 18 18 18 18 18 2 18 2 2 2 22 22 22 22 22 2 41 24 24 32 47 0 27 27 2 20 20 20 20 1 1 1 1 1 10 1 10 10 9 9 9 9 9 11 11 11 11 15 15 15 15 22 22 22 22 22 22 22 15 15 13 15 15 15 19 3 19 28 28 28 4 4 4 1 1 1 1 4 36 30 30 1936
23 23 23 23 4 22 22 22 22 20 20 20 31 31 18 3 18 18 2 18 1153 2 18 22 22 22 22 27 55 2 41 39 24 1077 24 27 27 27 27 20 3 3 1 10 1 1 10 10 1 1 1 1 1 9 9 1 11 11 11 11 11 15 15 15 15 22 22 22 22 22 22 22 13 13 13 13 13 13 13 13 13 28 28 28 28 4 4 3 3 30 3 79 79 30 30 1936
23 23 23 23 22 4 22 20 20 3 20 3 31 31 18 18 18 18 18 18 18 39 2 2 2 72 4 27 27 27 39 41 24 3 24 27 27 27 27 27 20 20 10 10 10 10 10 10 1 10 10 1 1 1 1 1 1 11 11 11 11 15 15 15 15 11 22 22 22 22 22 22 22 13 13 13 13 13 13 2 28 28 28 28 28 28 4 3 30 58 3 3 30 30 30 30
