Models/Synthetic/Density/data/example.asc
ncols        500
nrows        300
xllcorner    3551300.000000000000
yllcorner    2778420.000000000000
cellsize     835.600000000000
NODATA_value -2147483648
[rows 232 to 289 of 300, columns 0 to 95 of 500]
38 18 38 38 18 18 18 0 0 19 0 19 19 3 19 18 39 18 32 3 3 3 24 24 24 24 24 3 19 19 19 2 19 19 40 39 18 18 18 18 18 18 18 3 3 3 22 3 3 44 22 22 22 22 22 3 3 4 2 14 14 14 14 14 14 14 14 2 2 0 2 14 14 14 35 15 15 15 15 2 17 2 17 2 17 17 17 2 17 30 30 30 30 40 40 40
3 21 18 18 18 18 21 21 21 19 19 19 3 19 32 32 39 69 32 69 3 3 24 24 3 24 19 19 19 19 19 19 19 19 18 18 18 18 18 18 18 18 18 900 3 3 3 3 22 22 22 22 992 3 22 3 3 2 2 2 14 14 14 14 2 14 14 14 2 2 2 2 14 14 15 15 15 15 2 17 17 17 17 2 17 2 17 567 20 3 30 30 34 40 40 40
3 3 43 21 0 21 43 43 21 18 18 18 18 19 32 32 32 69 3 69 69 3 48 48 24 19 19 40 19 2 19 19 19 19 3 3 18 18 18 18 18 3 18 3 18 44 22 22 22 22 22 22 22 44 3 3 2 2 14 14 14 14 14 14 14 14 14 14 14 2 3 17 17 17 17 21 21 21 21 17 17 17 17 17 23 23 20 3 20 20 15 15 15 47 14 14
21 3 21 21 21 21 21 21 18 3 18 3 18 32 32 32 85 85 69 69 69 3 24 24 19 19 19 19 19 2 19 42 2 19 19 19 18 18 18 18 3 3 3 39 18 15 22 3 22 22 22 22 22 18 2 3 2 2 14 14 14 14 14 14 14 14 14 14 14 3 3 17 17 3 21 21 21 21 21 17 17 36 17 23 23 23 3 20 15 34 15 15 15 2 14 14
21 21 21 21 43 18 18 18 18 18 18 18 18 18 69 69 69 2291 2291 2291 2291 32 24 24 19 19 19 19 19 42 42 19 19 19 19 2 18 18 18 18 18 18 39 3 18 15 15 15 22 44 22 707 18 18 2 2 2 14 14 14 14 14 14 17 17 14 14 14 14 3 17 17 17 17 21 21 42 21 21 2 17 17 17 23 3 23 2 20 657 15 2 15 15 15 14 14
43 21 21 80 1094 21 38 18 38 18 18 18 18 32 32 32 69 32 2291 32 0 0 32 32 32 19 19 19 19 19 19 1228 19 19 19 19 18 18 18 18 18 18 39 3 2 15 15 15 15 22 22 18 18 18 2 2 14 14 22 22 22 14 14 17 17 14 14 14 17 17 17 785 17 17 21 21 21 80 17 17 17 17 17 17 46 36 17 17 15 15 15 15 15 14 25 25
21 21 21 21 21 21 18 3 3 39 3 19 19 69 32 69 32 3 32 69 69 32 32 0 5 3 2 2 14 19 19 2 90 19 19 2 19 19 2 2 3 3 467 18 15 15 24 24 24 18 18 18 18 18 32 14 32 14 22 22 22 22 22 17 17 17 17 17 17 17 17 17 17 17 21 21 938 80 30 17 17 14 14 14 17 17 17 17 17 17 25 25 25 25 13 13
24 47 80 43 80 3 53 18 18 38 19 39 3 32 69 69 32 32 69 3 85 32 69 32 32 3 14 2 463 33 2 2 19 2 19 42 19 19 19 2 18 3 18 18 18 15 24 24 24 18 18 18 18 3 14 2 14 14 22 22 22 22 22 30 30 17 17 17 17 17 37 17 17 3 3 3 1017 5 30 17 17 14 14 14 1 17 17 2 28 17 25 25 25 25 13 13
21 3 43 3 29 53 53 3 18 18 3 3 19 3 3 37 32 32 3 3 69 3 3 69 3 2 2 2 33 14 33 2 3 27 19 19 19 19 19 2 3 18 18 18 24 24 3 987 987 3 3 3 3 3 3 2 14 2 22 45 45 643 22 30 30 30 3 17 0 80 17 17 37 17 17 17 30 1017 30 12 12 12 12 1 12 12 12 17 28 28 2 25 2 13 13 13
3 3 3 3 29 53 53 2 38 18 3 3 19 19 19 37 3 32 32 3 3 3 3 3 32 14 33 14 14 2 2 2 3 27 27 19 27 27 19 2 3 3 18 38 24 24 24 24 3 24 3 3 3 43 3 2 14 32 14 14 22 643 30 30 30 30 29 29 17 17 17 1045 17 17 17 17 17 12 12 12 12 12 12 12 12 12 12 17 28 28 25 25 13 13 368 13
3 3 3 3 19 3 2 2 36 17 17 3 19 19 37 2 47 4 4 22 3 69 3 3 2 33 2 2 14 14 2 3 12 3 27 27 27 27 27 27 51 27 3 3 24 24 24 46 24 46 21 80 21 80 21 3 32 28 52 52 28 1950 1950 30 29 29 54 0 17 17 17 17 17 17 17 25 25 25 12 12 12 8 12 12 12 12 9 1 1 9 1 9 13 13 1 1
4 3 3 3 19 697 17 17 17 17 17 17 37 37 35 2 47 47 22 22 22 47 3 1 2 2 2 2 2 2 1 12 12 27 27 27 51 27 51 27 27 3 27 3 3 46 24 24 24 24 21 823 43 21 3 21 43 43 52 52 28 80 80 661 29 29 29 29 17 3 17 17 17 37 37 25 25 25 12 12 8 8 12 12 12 1 9 1 9 9 1 9 13 12 12 1
3 3 3 14 19 39 39 17 36 36 17 17 17 2 35 22 22 22 22 4 4 1 1 1 1 2 1 12 12 12 1 1 1 12 3 27 27 1372 1372 27 27 27 3 2 46 11 11 21 21 3 21 21 21 21 21 2 26 26 18 754 28 28 15 15 0 15 15 15 15 15 15 15 17 17 25 25 25 25 29 25 8 8 8 12 13 13 9 9 1 1 1 12 12 12 1 12
3 3 3 14 14 14 32 32 17 17 17 17 36 17 17 22 4 47 22 4 0 1 1 1 19 28 1 12 12 12 12 1 1 12 3 3 27 27 1372 3 27 27 3 2 3 11 11 1 3 3 21 21 43 21 21 2 26 2 3 18 18 18 15 5 15 15 15 35 35 15 15 2 15 17 25 25 25 25 2 1 1 8 8 13 13 13 1 1 9 1 1 1 12 12 12 1
46 49 2 2 32 32 14 524 14 2 32 32 36 2 17 22 22 47 4 1 1 1 19 19 19 1 1 12 1 12 12 12 12 12 12 15 15 15 15 15 51 27 27 14 453 14 11 27 27 27 11 11 11 21 26 26 26 2 3 18 18 18 16 15 15 15 15 15 15 15 2 15 15 2 14 1 8 8 8 8 8 13 8 8 13 13 13 13 13 13 13 13 13 13 12 12
49 41 3 3 14 14 14 14 32 14 14 32 32 2 34 4 4 1 1 19 1 19 19 1 1 1 1 9 12 12 12 12 12 12 15 15 15 15 15 15 15 27 14 14 14 2 2 1 11 27 11 11 11 26 26 26 26 12 14 3 18 38 16 559 16 15 35 15 15 15 14 152 2 14 14 14 1 8 1 1 13 13 13 13 13 13 13 13 13 13 13 13 13 13 13 13
19 3 3 19 19 14 32 14 14 32 2 14 34 34 28 4 4 19 19 19 19 19 19 19 9 9 9 1 9 9 9 9 12 15 15 2 15 691 15 15 12 12 14 2 33 14 2 1 11 11 11 11 12 12 12 1 12 14 14 14 16 16 16 36 16 21 21 21 21 14 14 14 32 353 14 32 8 8 15 13 13 13 13 13 13 13 13 13 13 1 13 632 13 1 13 13
19 19 19 19 19 35 35 2 2 14 32 2 34 2 4 4 55 28 19 1 19 19 1 1 9 9 9 35 24 9 10 10 10 10 15 2 15 15 15 2 12 12 1 1 2 2 32 1 11 11 1 12 29 12 12 12 14 14 14 14 14 16 16 16 16 21 21 21 21 14 14 14 14 32 14 32 15 15 15 13 13 13 13 13 13 13 1 13 13 12 13 13 13 13 13 13
3 3 1253 19 19 16 16 35 16 16 14 2 3 14 28 4 28 11 11 11 11 15 1 1 9 9 9 9 9 9 10 10 10 26 10 1 34 34 12 12 12 12 12 12 14 2 32 32 11 11 11 11 12 1 12 12 12 12 14 33 14 14 21 21 21 21 602 43 43 32 14 14 14 14 14 15 15 15 15 13 1 13 13 13 12 12 12 12 12 1 26 26 13 13 13 13
19 41 19 19 16 16 16 16 16 2 2 3 3 28 4 28 1 11 11 11 11 9 9 9 9 9 9 9 9 9 1 10 10 10 10 10 15 12 12 12 12 12 12 12 2 14 14 32 14 14 5 11 12 12 1 1 12 12 2 14 2 14 21 21 21 21 43 43 21 14 14 14 14 15 15 15 15 15 15 15 2 13 2 1 1 29 12 12 12 1 1 26 1 1 1 13
19 41 19 19 3 16 16 16 16 16 3 30 1523 1523 55 11 1 11 11 11 11 15 9 9 9 1 1 9 9 9 10 10 10 10 10 10 1 1 12 1 12 12 12 12 14 14 14 32 14 14 14 14 80 12 1 12 12 12 1 3 17 17 17 17 3 17 556 17 17 14 14 14 2 15 15 15 15 15 15 13 13 13 13 12 1 12 1 12 12 1 26 26 1 13 13 13
19 34 34 34 19 16 16 20 20 20 3 3 1523 1523 3 11 1 11 11 11 15 9 9 9 9 17 17 9 9 9 10 10 1 10 10 1 9 1 1 9 9 9 30 30 16 16 16 14 14 14 14 14 14 12 12 12 12 12 1 3 17 17 17 17 3 17 556 3 556 17 17 15 15 15 15 15 729 15 15 13 13 13 13 2 1 1 12 12 12 26 26 26 1 1 1 1
19 2 34 34 34 20 20 20 86 20 20 43 43 20 30 35 1 1 11 11 11 9 9 9 9 17 17 17 9 9 3 13 13 1 1 1 1 9 9 9 9 13 30 13 16 38 1 1 2 14 14 14 16 16 16 16 1 1 26 2 3 3 17 17 17 17 17 17 37 17 15 33 15 15 15 2 15 15 15 15 13 13 13 2 2 12 12 12 1 2 26 1 26 15 15 15
40 40 34 34 20 20 20 20 20 20 20 20 20 20 35 35 2 1 1 11 1 15 9 15 9 17 17 17 9 23 23 13 30 1 1 13 9 9 9 9 1 1 13 13 16 16 16 1 2 14 14 16 16 16 16 16 16 26 26 26 2 17 17 17 17 17 17 17 17 17 15 33 33 15 15 15 2 15 15 15 13 13 13 2 2 2 2 2 2 15 2 26 15 15 33 15
38 38 3 38 17 17 17 20 43 20 20 20 35 35 35 35 35 2 1 1 1 1 15 15 9 9 11 23 23 23 13 30 23 13 13 13 13 12 12 12 13 1 13 13 13 1 16 1 1 14 3 16 24 16 16 16 2 26 26 26 26 17 3 17 17 17 17 17 20 20 20 20 20 82 15 15 15 15 15 15 15 15 2 2 2 2 2 2 2 2 15 15 872 15 15 15
43 38 38 38 37 17 17 17 20 20 20 35 35 35 35 35 35 41 1 41 1 1 11 9 9 9 540 23 23 23 13 23 23 13 13 23 12 12 12 12 12 13 13 1 13 10 10 1 1 3 3 24 24 2 2 2 2 16 26 26 26 26 3 17 17 17 17 17 20 20 20 3 20 20 20 20 20 15 15 15 15 15 770 15 2 2 2 2 2 15 15 15 15 15 15 15
46 38 38 37 753 3 3 3 17 20 20 20 18 35 35 35 41 41 41 41 1 1 1 1 1 11 11 11 1 23 23 46 876 23 80 23 12 12 12 12 12 12 26 10 10 26 10 13 1 1 3 3 3 3 3 2 16 16 14 14 14 15 15 15 15 15 20 20 20 20 20 1286 20 20 20 20 20 15 15 15 15 15 34 34 15 2 2 15 2 3 3 15 15 15 15 15
46 54 54 17 37 37 3 3 37 20 18 18 18 18 18 18 41 41 41 1 1 1 11 11 1 1 11 11 11 23 23 23 46 23 23 46 12 12 12 12 12 12 10 10 10 13 13 13 13 13 24 3 24 3 3 24 14 14 14 14 15 15 15 15 15 15 2 20 20 20 20 1286 20 20 20 20 20 22 22 22 22 15 15 34 15 15 22 3 3 3 3 2 22 15 15 17
46 54 17 37 30 3 30 3 17 17 18 18 3 18 3 18 1 1 1 1 1 11 1 1 2 14 14 28 11 23 23 13 288 13 23 12 12 12 12 12 12 10 13 13 30 30 30 24 24 11 24 24 3 24 2 14 14 14 2 2 2 15 33 639 15 15 15 2 3 3 20 20 3 20 20 20 22 22 22 22 22 15 15 15 22 22 3 22 48 48 48 110 22 22 17 3
30 30 30 30 30 3 30 3 18 3 18 38 39 18 1 29 3 1 1 2 2 11 14 2 32 2 14 14 11 23 23 13 13 13 30 14 14 12 12 1 14 14 14 13 13 14 14 11 11 11 11 24 3 3 2 14 14 2 14 14 14 15 15 15 15 15 15 2 3 3 3 20 3 20 20 20 22 22 3 3 22 22 2 15 22 3 3 22 22 3 22 110 26 110 17 17
60 30 60 30 3 3 38 3 38 3 3 3 1 31 31 29 31 25 3 2 14 14 637 14 14 32 14 28 46 23 13 13 13 13 14 14 32 14 14 14 2 14 14 14 14 14 14 14 11 11 11 11 11 0 1 1 2 14 2 14 14 15 15 15 15 15 15 2 2 3 3 20 3 20 20 20 22 3 22 22 22 22 3 3 22 3 22 3 3 3 3 3 26 26 17 17
80 1614 60 30 60 18 651 3 3 3 3 3 25 25 48 25 3 3 3 2 32 32 14 2 2 14 28 1 23 1 1 1 2 2 32 14 32 14 14 14 0 2 14 14 332 332 14 14 11 11 11 11 11 1 0 0 1 2 0 2 14 2 2 2 15 15 15 0 2 3 3 3 20 20 20 22 22 3 22 22 22 3 44 3 26 3 3 3 48 3 3 3 26 3 17 17
30 30 30 30 3 30 38 38 18 0 3 48 48 48 25 3 0 0 0 14 14 14 14 2 24 1 24 1 1 1 1 2 34 34 2 2 2 2 1 1 0 14 14 32 2 14 14 11 11 28 23 1 1 1 1 3 3 3 3 3 3 3 15 15 2 2 2 2 20 3 3 20 20 20 20 20 22 22 22 22 26 26 1450 26 3 3 22 22 22 3 3 26 3 3 26 17
30 30 60 60 60 18 80 18 80 3 25 48 48 25 25 3 25 3 2 2 14 14 32 2 2 24 1 1 1 1 1 3 39 2 18 3 2 0 1 0 1 0 14 32 14 14 14 23 23 23 23 23 3 17 17 17 3 3 3 3 3 3 3 3 2 2 15 15 20 20 1280 20 20 20 20 3 22 22 46 22 26 3 3 3 3 3 3 22 3 3 3 50 26 1564 26 26
50 30 30 30 18 38 38 25 3 48 48 3 48 3 48 25 25 3 2 2 32 14 2 2 21 3 3 3 3 3 18 18 39 18 18 39 3 11 1 1 11 11 337 11 11 0 14 14 23 23 3 45 17 17 17 17 3 3 3 3 22 3 3 22 3 22 3 2 3 20 20 3 3 24 3 3 0 3 22 90 46 26 30 30 30 30 3 26 26 26 50 26 26 26 3 4
27 27 30 18 18 18 25 48 25 48 48 3 25 3 48 48 3 3 2 14 14 3 42 42 3 3 3 3 3 3 39 18 18 18 18 18 3 11 1 11 27 11 11 11 33 0 14 14 23 23 23 45 37 17 17 17 3 3 3 3 22 22 3 22 22 3 3 23 3 23 3 3 3 3 24 24 24 22 22 22 30 60 30 80 30 3 30 26 26 3 26 26 26 26 26 4
50 27 25 25 25 3 25 25 48 25 48 3 3 24 3 25 24 24 21 3 21 21 21 21 21 21 39 18 39 3 39 3 18 18 18 18 18 2 1 10 1 1 11 14 14 14 14 14 14 23 23 603 17 17 3 80 17 3 22 3 22 22 48 22 23 23 23 23 23 3 3 30 24 3 24 3 24 22 22 3 30 1706 30 30 30 30 60 30 32 26 26 26 26 26 26 28
50 27 48 25 25 25 25 25 25 81 25 24 24 0 47 856 3 24 24 24 21 21 21 21 21 21 21 18 18 18 39 18 18 18 18 18 14 2 2 1 1 2 2 14 14 2 636 14 14 14 23 23 17 17 17 3 3 3 22 3 22 22 22 22 23 1416 23 3 3 33 33 33 3 24 24 3 30 65 30 3 30 80 30 30 2096 30 32 32 32 26 26 26 26 26 50 52
50 27 28 25 25 25 25 48 25 1506 1506 1506 44 24 24 47 47 3 3 21 21 21 21 21 1296 21 18 18 18 18 18 18 10 18 14 14 14 14 2 1 1 1 14 14 14 2 2 33 14 14 23 23 17 17 3 603 22 3 3 3 3 3 48 3 22 3 23 3 3 3 33 63 30 3 30 1660 30 30 30 1944 30 30 30 30 2096 30 5 32 32 3 30 30 30 30 28 28
27 52 28 25 25 48 1506 48 81 48 25 25 39 44 44 39 39 47 24 47 21 42 3 42 21 21 720 720 39 39 18 10 10 10 10 14 14 14 2 1 10 1 2 2 2 2 33 2 33 11 1 27 17 17 17 3 17 3 3 22 3 3 3 24 22 33 3 3 3 3 30 30 30 73 73 3 30 1660 1660 3 30 65 30 80 80 32 32 32 32 3 30 30 58 30 28 28
27 50 28 52 25 25 48 25 48 25 48 44 44 44 44 39 39 44 44 21 21 21 3 3 3 3 39 3 3 3 18 3 1 10 1 14 14 14 2 325 1 1 11 1 11 309 27 1 1 1 11 11 11 19 2 3 2 2 2 2 2 2 24 24 3 3 3 33 33 33 33 3 30 30 30 30 3 30 80 80 30 90 90 90 6 5 65 3 30 3 30 30 58 58 52 3
50 52 52 52 28 25 25 25 48 81 44 44 44 44 44 44 3 3 3 21 3 42 1 1 1 3 3 3 39 3 3 1 1 1 1 10 2 26 1 26 1 1 1 1 27 27 11 1 1 1 1 1 1 2 2 2 2 2 19 2 2 42 3 46 3 3 3 3 33 33 3 30 3 30 30 73 73 3 80 80 30 7454 7454 90 6 6 30 63 3 63 30 30 58 30 28 52
4 0 784 52 48 48 48 48 3 4 25 31 31 58 3 107 6 6 21 107 3 1 1 1 1 1 1 1 1 1 1 1 1 2 2 2 2 1 1 1 1 1 1 1 1 1 1 3 3 3 3 3 3 3 2 19 19 19 19 19 19 2 19 3 3 3 3 3 33 33 33 33 30 1392 1392 30 30 80 30 2889 2889 7454 7454 7454 90 90 1208 1208 30 30 1147 1147 30 30 52 3
4 4 0 48 25 25 25 25 25 4 4 31 58 4 107 86 86 86 6 6 4 4 1 17 1 1 1 1 1 1 1 1 3 3 2 2 32 1 1 1 1 1 1 1 1 1 1 23 3 3 3 23 3 3 19 19 19 1269 19 2 19 2 19 24 3 3 24 3 2086 2086 33 30 30 30 1392 1392 1392 80 2889 2889 2889 90 7454 7454 7454 30 30 30 30 30 1147 1147 30 30 28 28
4 58 4 58 0 1291 48 48 31 31 58 4 58 1845 58 31 86 107 6 61 61 61 4 1 42 1195 42 3 1 42 42 1 3 3 3 3 32 1 10 10 1 10 1 1 1 1 3 3 3 3 23 3 3 3 23 23 2 3 3 2 19 19 19 24 3 3 24 65 0 89 65 30 73 73 1392 0 0 0 80 3518 14013 14013 7454 4901 4901 4901 4901 4901 2305 2305 80 0 30 30 58 28
28 28 58 28 1758 48 48 25 25 25 58 58 31 58 58 58 107 107 4 61 61 61 50 50 3 3 3 3 3 1 1 6 3 3 3 3 41 10 1 1 1 10 10 1 1 18 3 3 3 3 23 3 3 3 23 23 23 57 57 30 30 30 30 24 1448 1448 33 33 33 0 0 65 30 1787 80 80 80 3518 3518 7454 7454 7454 7454 4901 4901 5 5 5 5 2305 80 80 0 30 30 28
4 4 58 4 28 0 25 48 30 80 30 30 31 58 31 58 107 4 61 61 4 4 4 3 3 3 3 3 3 78 6 6 6 30 3 3 3 3 3 3 1 1 1 1 1 3 340 2 972 1441 3 3 3 3 3 3 46 30 30 30 30 30 3 0 132 132 96 132 132 0 33 33 65 30 30 30 30 30 30 0 7454 7454 7454 7454 90 90 87 33 30 30 80 80 1759 1759 1759 80
3 58 58 4 28 30 0 30 80 80 30 30 30 31 31 31 31 61 31 31 61 4 3 3 50 25 3 3 3 6 6 0 6 3 3 3 3 3 3 3 3 1 1 1 2 3 2 2 2 3 3 3 3 3 23 3 23 3 30 30 882 57 0 132 132 132 33 65 33 33 33 33 3 2067 2067 72 3 4154 3 34 90 0 7454 90 80 0 30 33 30 30 30 1759 80 1759 3 80
47 47 3 3 30 3 3 30 0 80 2662 30 30 30 80 31 31 31 61 1922 61 61 50 3 1556 50 50 6 6 6 6 6 6 3 3 57 41 41 3 3 3 3 3 3 3 2 2 16 16 3 3 3 3 23 23 1441 80 46 57 57 0 22 0 22 1423 3 22 65 33 65 3 3 3 3 2067 72 4154 80 4154 80 4154 4154 7454 2110 2110 2110 80 63 63 30 3 30 30 30 80 30
47 47 3 47 80 30 80 80 0 0 2662 80 80 80 30 30 31 31 31 61 31 50 50 25 50 50 78 78 36 36 36 36 6 3 3 57 41 20 3 3 3 3 3 3 3 2 2 2 2 2 3 3 23 46 23 1441 23 23 0 0 22 3 3 46 22 22 65 65 65 65 33 3 30 2067 2067 80 80 4154 4154 4154 4154 3287 80 80 2110 80 80 63 30 3 3 1407 0 30 30 40
47 3 3 3 80 80 80 80 2662 80 0 2662 80 80 60 60 31 31 31 61 31 25 25 50 50 25 78 36 36 36 36 36 30 1663 57 20 41 41 20 23 23 3 3 3 3 3 39 16 36 972 2 23 0 22 98 98 98 134 25 4 25 4 3 3 22 22 22 33 33 3 3 2067 80 30 3 80 80 4154 4154 85 32 85 3287 3 3287 80 80 30 63 30 1407 30 30 30 2364 105
47 3 3 3 3 3 5 5 2662 80 2662 2662 80 80 60 60 31 31 61 31 61 25 25 25 25 25 36 36 78 78 78 78 1663 1663 30 57 23 23 20 23 23 21 21 3 3 3 3 16 2 2 2 0 44 22 6 134 3 52 51 25 51 51 4 4 22 21 21 21 30 30 72 30 30 30 30 30 30 30 30 30 5 85 85 32 3287 3 3 3 3 3 30 30 40 40 40 40
3 3 42 3 42 42 3 30 2662 2662 2662 2662 0 0 1960 60 31 60 49 49 25 25 49 25 25 48 48 25 36 36 36 36 30 57 57 45 45 45 23 23 23 428 428 612 612 612 18 0 3 44 3 22 44 52 28 718 28 28 25 4 25 25 25 25 21 21 21 21 21 21 30 30 30 30 30 30 3 30 30 30 3 85 85 32 85 32 32 56 3 3 30 40 40 40 40 40
45 3 20 20 20 1161 26 80 2662 3 2662 80 30 80 0 30 0 49 25 25 25 25 49 49 48 48 48 25 48 48 0 36 30 30 30 30 23 23 23 23 23 43 43 39 39 39 0 44 22 18 18 18 3 28 28 28 3 30 30 30 3 25 4 2 21 21 21 21 21 21 29 29 29 30 3 30 30 30 80 3 3 1529 3 30 30 3 3 30 3 3 3 74 4 40 74 40
736 22 22 20 49 26 26 26 3 0 30 30 30 80 3 30 25 24 0 25 25 49 25 48 25 48 48 48 48 25 25 25 49 49 49 49 49 25 25 49 49 0 0 0 0 39 18 18 18 39 3 3 18 23 0 30 3 30 30 30 30 30 30 2 2 2 21 45 21 29 29 29 3 30 3 0 3 69 30 3 3 3 1529 66 3 66 30 56 56 3 3 30 40 4 40 40
22 22 22 26 49 49 49 3 26 3 30 1188 30 3 3 25 25 24 24 0 1180 49 49 49 48 48 48 756 48 48 48 756 49 25 49 49 49 1243 0 0 49 45 22 39 39 39 3 18 3 39 3 39 3 50 50 23 30 55 30 30 55 30 3 2 2 2 21 29 29 29 53 3 30 30 3 3 69 80 80 5 30 1496 3 3 80 3 56 3 30 30 30 3 3 29 23 23
23 597 23 23 26 26 46 23 23 3 65 80 3 25 48 48 24 47 22 776 44 0 25 25 48 48 48 0 23 23 3 30 0 0 0 3 25 22 22 45 45 3 3 39 39 3 18 18 39 3 3 3 3 50 50 50 23 23 23 1013 30 55 30 3 30 18 18 29 29 29 29 1377 1449 1449 1449 1449 30 30 30 3 1496 1496 3 1529 1529 3 30 3 1486 30 30 30 29 3 3 3
15 23 23 23 23 23 23 23 23 30 80 30 25 25 822 48 24 3 44 22 28 731 0 28 48 0 23 45 45 45 45 59 80 59 59 59 59 45 45 1305 45 45 3 3 3 39 3 7 107 7 3 3 3 3 50 3 50 3 1502 23 3 23 1013 30 3 55 18 3 3 29 29 29 29 30 30 30 30 30 3 20 20 80 3 3 30 30 30 30 30 30 1486 30 29 5 29 3
