Models/Synthetic/Density/data/example.asc
ncols        500
nrows        300
xllcorner    3551300.000000000000
yllcorner    2778420.000000000000
cellsize     835.600000000000
NODATA_value -2147483648
[rows 232 to 289 of 300, columns 288 to 383 of 500]
14 14 14 16 16 16 16 16 16 21 21 1 12 12 12 12 12 12 12 14 14 1 1 12 12 12 12 14 14 28 19 19 19 19 3 23 23 3 46 675 3 3 3 3 3 3 3 24 3 18 18 18 18 15 15 15 15 15 15 16 29 29 29 29 29 29 17 17 17 17 31 31 31 22 22 3 22 22 19 19 19 25 25 25 1 1 15 3 3 22 27 27 27 27 15 15
265 14 14 14 16 21 21 21 21 21 4 21 12 12 12 1 12 12 1 12 2 0 1 29 367 12 2 14 14 14 14 19 19 3 19 40 23 23 718 20 20 20 3 3 3 3 3 24 3 18 18 18 18 15 15 15 15 15 15 16 29 29 29 29 29 29 42 17 37 3 2 31 32 3 42 42 22 19 19 19 19 19 25 2 2 15 1 3 3 27 27 27 27 27 2 1
14 22 22 22 22 21 21 21 21 21 21 21 21 12 12 12 12 12 12 14 12 12 12 12 12 2 14 14 14 14 32 14 19 19 19 19 23 23 23 46 0 2242 2242 2242 2242 3 30 24 24 18 18 18 18 18 30 30 30 15 16 16 16 29 29 29 29 29 3 42 42 92 42 92 92 3047 92 42 92 20 3 19 19 25 25 25 25 2 15 15 27 27 27 27 27 27 2 2
22 22 22 22 22 21 21 21 21 21 21 21 21 3 12 12 12 12 2 14 14 14 1 1 1 2 14 14 14 14 14 14 3 19 665 19 23 23 23 17 67 80 80 2242 2242 2242 30 30 30 18 18 18 18 18 30 30 30 30 16 35 35 29 1435 29 29 29 3 42 42 42 42 92 3047 3047 111 42 20 20 20 20 20 42 20 25 25 25 15 15 27 27 27 27 2 2 27 27
22 22 22 3 21 21 21 46 46 46 21 21 1371 21 21 21 12 14 14 14 14 14 14 2 14 2 22 22 22 22 2 14 19 3 19 17 17 37 30 30 30 3 3 2242 3 30 0 30 30 30 30 30 30 2683 2683 30 30 80 80 16 29 29 29 54 29 42 42 42 42 42 92 28 42 28 42 22 22 20 20 20 20 39 39 3 22 22 22 3 3 2 27 2 2 1 1 10
22 45 45 45 46 46 46 21 21 21 3 21 21 45 45 34 34 34 14 829 2 14 14 2 14 22 22 22 22 22 22 14 19 19 2 17 1025 17 30 1082 3 24 24 2 2 2 36 17 17 30 30 30 30 2683 2683 80 30 43 3 21 21 21 19 19 19 4 4 28 28 28 28 111 28 57 22 22 22 41 41 39 39 39 39 3 1 1 3 3 3 2 2 2 1 1 1 1
22 22 3 22 22 21 21 21 21 21 21 21 21 1 34 34 34 34 18 14 14 14 14 14 14 0 22 22 22 22 2 2 22 17 2 2 2 3 24 3 24 24 17 17 17 17 17 463 2 52 28 30 1418 80 36 2866 2866 36 43 21 21 19 19 19 19 19 4 28 4 28 28 28 57 4 44 22 22 41 41 39 39 29 29 29 2 3 3 3 3 2 2 2 1 1 1 1
22 14 22 22 3 21 21 21 46 21 21 21 15 15 34 34 34 1 18 18 18 18 33 14 14 14 22 22 20 20 20 22 22 2 2 17 3 24 24 24 24 2 17 17 17 17 17 17 17 28 52 63 30 4 84 36 36 21 21 21 18 19 19 958 3 19 28 57 28 4 4 4 4 4 4 22 22 38 38 41 29 29 29 29 2 20 20 3 3 2 2 2 1 1 1 1
14 14 14 14 14 21 46 21 14 21 15 15 15 15 15 34 28 18 18 18 18 18 14 14 14 14 22 20 20 20 1 20 1 2 18 3 18 18 18 18 18 18 18 17 17 16 16 16 28 28 30 30 30 64 36 30 36 21 21 3 39 18 19 19 19 19 19 19 4 4 0 0 4 4 4 4 29 41 3 41 14 14 29 20 20 20 20 664 14 2 2 1 1 10 1 1
14 14 14 14 14 2 21 21 21 14 14 15 15 15 28 28 28 18 1 18 18 18 2 1 33 14 13 2 13 31 20 20 3 3 18 38 704 18 18 39 18 18 18 16 16 16 16 2 16 23 23 30 30 64 30 64 84 36 21 21 18 18 3 3 3 3 3 4 0 4 4 4 4 4 4 4 4 41 41 2 14 14 14 14 20 42 664 20 14 14 14 10 10 10 135 10
2 14 14 14 14 2 14 14 14 14 14 14 15 28 52 1230 28 28 18 18 18 1 1 1 2 2 13 13 13 13 13 15 15 3 18 18 18 18 18 18 18 18 19 19 16 16 16 16 16 470 23 24 30 24 3 80 26 3 3 37 37 18 18 3 3 50 3 28 23 4 3 4 4 62 4 4 3 31 2 2 2 14 14 14 32 20 20 20 14 14 14 10 10 10 10 10
12 1 14 14 14 14 2 14 14 14 14 14 14 28 28 1230 28 28 28 28 18 1 1 14 2 13 13 2 13 2 2 2 15 15 2 2 15 15 18 18 18 17 19 19 19 19 16 16 16 23 23 24 24 24 3 0 26 26 26 37 37 37 37 3 80 26 26 28 43 23 23 46 29 4 29 29 31 31 1 1 2 32 32 32 32 20 20 20 14 14 10 10 10 10 10 10
12 12 12 12 12 12 12 1 14 14 14 14 14 28 28 28 28 28 28 13 13 13 18 1 1 1 13 13 31 13 2 13 2 15 2 2 33 15 15 15 15 17 17 19 19 40 841 19 3 18 18 24 24 24 30 80 0 30 3 37 2163 37 26 26 26 26 43 43 38 38 814 23 23 29 62 4 31 31 2 12 2 32 32 32 32 1 28 20 20 20 2 2 15 20 3 12
12 12 12 12 12 12 1 12 1 7 7 7 7 7 2 15 15 33 13 13 13 13 13 13 1 1 2 13 31 13 2 2 3 3 3 26 26 26 26 26 26 17 17 17 19 24 3 19 3 3 18 18 30 30 57 0 30 30 37 37 67 4 1267 26 26 26 38 43 38 38 23 23 23 23 29 29 31 31 31 12 12 32 32 32 10 1 28 20 20 20 20 15 20 20 3 1
12 12 12 12 12 12 12 12 12 29 7 7 15 15 15 15 34 15 15 13 13 13 13 13 1 1 13 2 2 13 2 2 3 3 3 26 26 26 26 26 17 17 17 3 37 24 3 24 24 18 30 58 3 1480 1480 30 0 30 4 4 4 3 3 50 3 3 43 38 38 38 46 23 23 29 29 29 29 31 31 12 245 12 10 10 123 1 28 28 20 20 4 20 20 20 19 19
12 12 12 12 29 29 1 1 12 1 15 15 15 15 15 15 15 15 13 13 1 13 13 13 13 2 13 2 15 15 13 2 2 3 3 26 26 26 26 26 17 17 17 17 24 24 726 24 3 18 3 3 58 58 1480 30 0 30 3 30 3 3 3 3 3 3 43 3 3 3 1 4 29 29 29 29 29 19 2 12 12 12 10 10 10 10 10 28 20 34 34 34 989 40 3 3
11 12 12 12 29 12 12 1 1 15 15 15 13 15 2 1 15 13 13 13 1 13 1 13 504 13 13 2 2 2 15 2 2 2 15 15 15 15 2 15 17 17 17 17 24 3 726 24 3 3 3 3 3 3 80 30 1353 57 57 3 30 30 6 3 3 3 17 17 17 3 1 12 21 21 19 19 19 19 19 2 1 12 10 1 8 8 8 8 28 34 34 4 19 19 3 3
11 11 9 9 12 12 12 1 1 15 15 15 13 13 1 1 13 13 32 13 13 1 1 13 1 2 13 13 13 15 15 2 13 33 15 15 15 15 15 15 17 17 2 17 24 24 24 24 3 18 3 3 3 3 58 58 1353 57 30 3 30 30 3 6 3 3 38 711 17 17 12 12 12 21 42 42 19 19 19 2 19 1 10 8 8 8 8 8 8 34 63 4 19 28 53 3
1 11 11 9 9 29 29 9 2 14 14 14 14 13 13 13 13 13 13 13 11 11 11 1 1 2 2 2 13 2 13 2 2 13 13 13 13 30 619 619 17 17 2 17 17 24 24 3 3 47 47 3 3 3 3 3 2102 2102 2102 3 3 3 31 6 6 80 3 17 17 17 12 12 12 21 21 19 2 2 2 2 2 2 1 8 0 0 2 2 43 4 4 43 4 43 28 43
11 11 11 9 9 9 9 9 2 2 14 33 14 14 13 13 1 11 11 11 11 11 11 1 1 2 1 1 2 2 13 13 2 13 13 13 13 3 19 3 19 17 17 2 17 24 24 920 24 3 3 3 28 3 28 28 30 3 30 3 83 3 3 6 6 6 3 15 17 17 12 1 12 2 27 27 19 2 19 32 32 19 1 12 12 1 28 28 43 4 4 4 4 2546 2546 43
11 11 1 1 9 9 1 9 2 14 14 14 14 14 13 13 13 13 11 531 11 11 11 1 1 1 1 13 13 2 2 13 2 13 13 1 10 10 21 21 21 21 21 23 23 3 24 24 920 3 24 3 28 28 28 28 30 83 31 31 3 83 31 88 15 2 15 518 15 14 14 12 12 14 27 27 27 27 32 32 24 24 12 12 298 12 12 25 25 25 43 43 43 43 4 43
11 11 11 11 26 1 10 10 14 14 14 14 14 14 14 14 14 1 11 11 11 11 11 11 1 1 1 1 2 11 2 1 1 10 10 14 14 21 21 21 21 23 23 1166 23 3 24 47 3 3 24 3 3 28 28 28 31 31 83 31 31 31 24 24 24 15 15 15 2 14 14 2 14 14 24 24 24 32 24 32 3 3 12 12 12 1 12 2 25 25 43 43 43 43 43 4
11 10 1 1 10 1 10 1 33 33 14 14 646 14 14 14 14 2 2 2 2 11 11 11 11 11 1 1 1 1 1 2 2 14 14 14 32 14 21 59 59 59 59 23 23 1166 3 4 4 3 30 3 30 1821 76 83 3732 83 83 31 31 1079 24 24 24 24 24 24 2 33 33 33 2 14 24 24 24 24 24 24 24 1 1 1 12 12 25 2 4 43 43 43 43 43 43 4
10 1 10 10 10 10 10 1 14 14 14 14 14 14 14 14 14 2 14 2 2 11 11 11 11 28 1 1 1 1 1 2 2 2 14 14 14 14 4 59 3 24 24 23 23 23 3 4 0 3 30 30 30 1821 83 3732 3732 3732 3732 31 31 24 24 24 47 24 24 24 14 14 14 14 14 3 24 24 24 1480 48 24 3 13 30 13 1 1 25 2 14 43 43 43 43 43 4 4
10 10 10 1 10 10 10 14 14 14 14 14 14 10 10 14 14 14 14 14 1 1 11 11 11 19 11 11 11 11 11 2 14 2 2 4 55 55 4 59 24 24 1445 24 3 23 4 4 31 4 31 31 31 62 83 3732 3732 3732 3732 31 31 31 24 24 24 24 47 24 24 14 14 14 3 3 24 24 24 24 24 26 26 13 13 2 1 21 21 14 14 14 43 43 4 4 4 4
1 10 10 10 10 10 10 14 2 10 10 10 10 10 10 14 14 1 1 1 28 11 11 19 19 19 1 19 19 19 3 3 55 14 55 4 50 4 4 4 47 24 24 3 24 24 4 4 31 4 1939 4 31 83 83 83 31 3732 3732 83 0 30 59 59 59 59 3 47 24 29 2 33 3 3 24 24 24 24 26 26 26 26 26 2 21 21 1 14 14 14 17 17 1 43 4 4
18 18 1 10 1 3 1 1 1 1 10 1 10 10 10 14 14 1 14 14 14 1 1 1 1 1 19 19 19 25 3 3 3 25 55 4 55 50 4 3 3 24 24 47 47 3 4 4 4 33 33 33 33 31 31 31 31 31 83 31 30 30 59 48 59 59 14 14 14 2 2 29 24 29 29 29 24 24 2 26 26 26 26 28 28 1 1 1 1 14 17 17 17 17 1 1
18 18 10 18 3 3 1 1 10 1 10 1 10 10 10 14 14 1 14 14 14 14 1 1 1 1 19 19 19 25 3 25 25 25 25 4 50 55 4 3 3 47 24 24 3 3 33 33 33 33 33 33 23 23 31 31 31 31 31 30 2231 30 30 59 17 2 14 14 14 14 14 2 29 29 29 24 24 3 26 2 26 11 11 11 17 17 1 17 17 1 17 17 17 1 9 9
18 18 18 3 11 27 11 11 11 10 1 10 10 10 10 14 14 14 14 1 1 1 1 1 1 1 1 25 25 25 25 1324 48 25 48 25 4 4 4 36 2 16 16 16 35 35 35 33 33 33 33 33 23 23 23 23 0 31 76 76 17 37 17 3 37 37 33 14 14 14 33 29 29 15 15 24 3 1 26 2 2 11 11 17 17 17 17 17 17 1 17 17 17 17 9 9
18 18 18 18 11 27 11 11 27 1 0 0 10 10 14 1 14 14 14 1 1 1 1 1 19 1 3 25 3 25 25 25 1324 25 25 50 55 16 16 36 990 2 990 16 16 35 35 35 4 33 33 33 23 1304 23 23 31 0 76 17 17 17 17 17 17 37 14 14 2 14 14 14 14 15 15 15 15 15 1 2 2 1 11 17 17 17 17 17 10 10 15 12 12 22 1 1
18 18 18 27 11 11 11 11 11 11 1 5 5 5 5 10 14 1 10 10 10 10 10 10 1 22 2 22 25 3 25 25 25 25 16 16 2 2 2 2 16 16 16 16 16 35 35 35 4 33 33 35 23 23 45 23 9 81 153 17 17 17 17 17 17 3 17 17 1 1 14 14 14 14 1 15 1 15 1 1 11 11 17 17 17 1 10 10 10 1 1 1 12 12 22 0
18 18 11 11 11 11 11 11 1 1 1 0 0 5 5 5 10 1 1 10 772 1 10 10 10 1 2 22 2 22 3 25 25 25 25 25 2 25 2 2 16 16 16 16 16 35 35 35 33 33 16 35 16 16 16 45 3 45 45 17 17 37 3 37 17 37 17 3 3 3 14 14 14 14 14 15 15 1 1 1 11 1 17 17 10 10 10 10 15 1 1 12 12 1 12 22
18 11 11 11 11 11 12 12 12 12 12 0 0 5 0 5 1 10 1 10 10 10 10 10 10 22 22 22 22 2 22 22 25 25 25 25 25 25 2 2 16 16 16 16 16 35 35 35 35 35 35 2 16 16 16 3 23 51 81 153 0 9 149 37 37 37 2 3 3 14 1 14 14 14 14 14 14 1 1 1 14 14 1 10 10 1 1 10 15 15 12 12 12 1 12 14
1 11 11 11 11 12 12 12 12 12 1 0 0 5 0 5 10 10 1 10 10 10 10 10 22 22 22 22 22 2 2 22 11 11 25 25 2 15 15 15 2 16 16 16 16 35 35 24 35 35 35 2 16 35 2 23 51 27 27 153 81 47 149 2 35 37 37 2 37 1 37 14 14 14 14 14 14 1 1 14 14 14 14 1 1 21 10 1 15 15 12 12 1 12 12 14
1 1 11 11 12 1 12 12 12 12 1 3 18 0 0 0 10 1 1 1 10 1 10 10 10 22 22 22 11 1 1 11 11 11 11 11 15 15 409 34 13 1 13 13 24 24 2 24 24 35 35 15 16 16 16 51 27 51 27 3 24 1312 171 37 37 39 18 18 18 3 3 2 18 18 3 14 1 14 14 14 14 14 14 1 1 21 1 15 5 1 12 12 1 14 14 14
11 1 27 12 12 12 12 12 12 12 18 18 3 0 5 5 0 1 10 1 10 1 10 27 10 22 22 31 13 2 14 14 11 11 11 32 15 15 15 34 13 13 13 13 13 24 24 24 24 15 2 15 15 15 45 51 27 16 3 3 24 24 24 24 18 0 18 18 3 3 3 3 18 3 20 14 20 1 1 1 1 1 14 10 1 21 10 12 1 12 1 12 12 14 14 14
1 11 1 12 12 1 1 12 18 18 18 18 18 0 0 5 5 2 2 2 18 2 2 18 18 18 14 14 2 13 13 13 32 14 2 14 14 13 13 13 13 30 13 30 13 13 2 1 11 11 34 15 15 34 15 16 35 16 16 16 3 3 24 24 13 207 883 18 18 3 3 3 20 20 3 3 9 9 9 1 1 1 10 10 10 1 12 12 12 12 14 14 14 14 2 2
1 1 9 1 1 1 3 18 18 18 80 18 18 18 5 18 0 1 2 2 2 18 18 18 2 2 18 2 2 13 31 13 14 235 14 14 14 13 30 13 13 271 13 30 13 13 24 11 11 11 15 15 15 15 15 0 16 2 16 3 3 2 13 13 13 207 18 18 3 20 20 20 0 20 20 20 9 9 9 1 1 1 10 10 10 1 14 14 12 14 2 14 14 2 14 2
9 0 1 1 1 1 3 3 18 18 3 38 18 18 18 18 14 14 1 18 2 2 2 18 18 18 14 14 14 31 13 13 13 14 9 9 9 13 30 13 13 13 13 13 13 13 11 11 11 11 19 30 13 13 13 2 2 2 16 2 2 13 13 13 2 28 20 20 41 3 1036 20 20 20 20 1 9 1 1 1 1 10 10 10 10 10 26 14 14 14 14 33 14 14 6 14
9 1 24 24 1 1 1 3 3 3 18 18 18 18 3 18 14 14 14 14 18 18 18 2 2 2 14 32 2 14 13 14 31 13 9 9 9 9 13 13 13 13 13 13 13 11 27 11 11 19 19 13 450 30 13 2 2 2 13 2 13 13 13 31 2 28 3 41 41 20 20 20 20 20 9 1 1 24 281 1 1 1 10 10 10 10 10 14 14 14 14 6 6 6 6 0
9 9 9 1 9 9 1 1 3 3 3 18 18 3 18 14 14 14 1 1 14 1174 18 2 18 2 14 466 14 14 14 14 14 12 29 12 9 9 11 11 11 11 13 13 13 25 25 17 38 19 13 2 2 13 2 2 13 0 13 13 13 2 2 14 33 28 3 20 3 20 20 20 0 13 9 1 1 9 9 1 10 10 10 10 10 10 6 6 6 6 6 6 6 6 0 6
9 9 566 9 9 1 1 3 3 3 3 18 0 0 1 1 14 1 1 14 14 14 14 2 2 2 32 14 14 14 14 14 12 12 12 12 9 9 11 11 11 11 11 11 19 25 2 17 17 17 17 2 2 13 1 2 0 0 0 13 1 1 1 14 14 2 2 3 3 1 20 1 1 1 9 1 1 1 9 1 24 1 10 10 10 19 6 6 6 6 6 6 0 0 0 0
9 9 9 9 9 9 9 9 1 3 3 1074 3 18 1 1 1 1 14 14 14 14 14 14 16 14 14 14 14 14 14 14 14 12 12 12 12 9 11 11 11 11 11 1 19 19 19 17 1119 17 17 2 1 9 9 1 0 13 13 1 11 1 11 11 14 14 2 1 11 1 420 1 1 13 1 13 19 19 19 19 19 19 19 19 19 3 0 10 10 10 10 1 10 1 6 10
9 1 1 9 9 9 9 9 1 3 3 3 17 14 1 1 1 1 1 1 1 1 16 16 16 16 14 14 14 14 14 14 14 14 1 12 1 1 11 11 11 11 11 19 19 19 17 17 17 17 17 2 1 9 67 9 13 0 0 1 1 13 11 11 37 37 2 1 11 1 11 1 1 13 13 19 0 0 19 19 19 19 19 19 19 3 1 1 10 10 1 285 1 1 10 10
2 2 2 9 9 9 1 1 1 3 3 3 3 3 1 1 1 1 1 12 12 1 16 16 16 16 16 14 14 242 14 14 14 14 11 11 11 1 1 1 11 11 1 19 1 17 17 2 17 17 9 9 9 9 9 9 0 13 0 0 30 30 13 15 422 2 15 11 11 1 1 13 13 13 13 13 19 19 19 19 19 19 19 19 19 3 1 1 1 5 10 10 1 1 10 10
13 2 13 2 1 1 3 3 3 3 3 3 3 3 1 12 1 1 1 1 12 12 12 16 16 16 16 14 14 14 14 2 2 14 11 11 11 11 1 1 1 1 1 1 1 17 17 17 2 2 9 9 9 1 1 1 13 13 13 13 700 13 13 15 422 2 2 2 1 1 1 589 1 1 13 13 12 12 12 19 19 19 19 19 19 3 1 1 1 1 10 10 1 1 1 1
13 31 13 13 31 13 17 3 17 17 3 17 3 17 1 12 1 12 1 12 12 12 12 16 16 11 11 11 11 11 14 11 11 1 11 11 11 11 9 9 1 1 1 1 1 2 2 17 2 2 2 1 1 1 1 1 13 13 1 1 13 1 2 15 2 2 15 2 2 13 13 0 13 1 12 12 12 12 12 12 12 19 3 19 3 3 0 29 1 19 19 1 1 10 10 1
13 31 527 13 13 2 17 17 17 17 17 17 17 17 12 12 12 30 12 298 12 12 1 16 16 11 11 11 11 11 11 11 11 1 11 11 11 11 1 1 1 1 1 1 1 2 2 17 2 2 1 1 1 1 1 1 13 1 1 1 11 13 1 15 15 15 422 15 2 13 1 12 1 1 1 12 12 12 12 1 1 3 3 3 3 1 1 1 29 29 19 1 10 10 1 10
31 13 13 13 13 13 38 38 38 1024 17 17 17 13 2 30 12 12 12 12 12 12 12 12 12 11 11 11 1 11 11 11 11 1 1 1 9 1 1 9 23 9 9 1 12 12 1 2 3 3 3 1 1 1 1 1 11 11 11 11 11 11 11 11 11 15 2 2 1 1 1 1 551 12 1 1 1 1 2 2 1 3 3 3 2 2 1 1 10 29 19 1 1 1867 3 30
13 13 13 13 2 13 17 17 17 1024 17 17 2 13 13 13 12 12 12 12 12 12 12 12 12 11 11 11 11 11 11 1 11 11 11 12 1 9 1 1 223 9 1 12 331 12 1 2 2 3 11 140 1 3 1 1 1 1 1 1 11 1 11 11 11 2 2 2 1 1 13 1 1 0 1 2 1 1 2 2 2 3 17 3 2 14 10 10 10 10 10 19 1 30 30 15
13 13 13 21 13 21 1 13 31 2 13 17 13 13 13 13 13 12 12 11 12 11 11 11 11 11 11 11 11 11 1 12 1 12 12 12 12 1 1 9 9 9 1 12 12 12 0 2 2 21 11 11 3 18 1 1 11 11 11 35 2 2 2 29 29 29 2 1 1 30 1 2 2 13 2 2 2 1 1 2 2 2 17 17 17 319 14 10 10 10 10 10 16 16 16 1
13 13 21 21 21 21 1 13 31 13 2 13 13 13 13 13 13 13 11 11 11 11 11 11 11 241 11 11 1 1 29 1 12 12 12 12 12 12 12 1 9 9 12 1 1 1 1 2 2 21 21 21 18 18 18 18 35 11 11 16 0 2 1 29 29 1 1 26 1 13 2 2 2 2 17 3 1 1 1 10 2 2 3 17 17 14 19 19 10 10 10 10 16 16 16 15
18 21 1 1 1 1 1 13 13 13 13 13 13 13 13 13 13 11 11 11 11 11 11 11 11 11 11 11 1 12 12 12 12 12 12 12 12 12 1 9 9 12 1 1 1 12 12 16 16 21 698 698 466 18 13 18 18 16 16 2 16 16 2 1 29 1 1 29 11 2 2 37 3 17 3 3 1 1 10 1 4 16 16 17 17 20 19 19 19 19 10 10 16 16 16 16
30 21 21 1 1 1 21 13 13 394 13 13 13 13 13 13 11 11 11 11 11 11 11 11 11 11 11 11 12 12 12 12 12 291 12 12 1 1 1 1 1 1 1 12 1 12 12 16 16 14 14 21 13 13 13 13 19 16 16 2 16 0 1 29 29 29 1 11 11 1 37 2 37 17 17 3 1 10 298 10 63 2 0 3 474 20 19 19 19 19 19 16 16 16 16 26
30 15 15 15 21 21 21 21 21 21 13 13 13 13 13 11 11 11 11 11 11 28 13 13 28 13 13 13 13 13 12 29 12 12 12 12 12 1 1 12 12 12 1 12 1 1 16 16 16 14 14 14 1 13 13 19 0 2 16 2 16 16 16 1 1 1 1 11 11 1 1 2 15 15 15 5 10 10 10 10 63 17 16 16 20 20 20 20 19 19 19 16 11 11 11 26
3 15 15 15 1 1 16 1 21 16 2 13 13 13 11 11 11 11 11 11 11 1 13 13 13 13 13 13 13 13 13 1 12 1 12 12 12 0 12 12 12 12 12 2 2 1 16 16 14 14 2 14 2 13 0 19 0 2 2 16 2 2 1 1 1 1 1 1 1 27 1 11 2 2 15 15 14 14 14 10 17 17 17 20 20 474 20 3 20 19 16 20 11 11 11 11
15 15 15 15 16 2 2 16 16 16 16 16 16 12 1 1 11 11 11 1 1 13 13 13 13 523 13 13 1 13 13 13 12 12 12 1 12 12 12 573 12 14 14 14 14 30 3 2 16 16 3 3 3 2 0 0 0 1 33 1 1 1 1 1 1 11 1 1 1 11 11 11 1 2 1 2 2 14 14 14 14 17 17 32 3 20 20 20 20 20 20 41 11 11 11 11
15 15 15 15 16 16 37 16 16 16 16 16 2 12 1 11 1 1 1 1 1 13 13 13 13 523 13 13 1 13 13 13 13 29 1 12 12 12 12 12 12 14 14 14 32 30 30 16 16 2 3 3 3 3 0 0 0 1 28 28 33 28 1 1 1 1 1 1 1 1 11 1 1 2 29 29 2 14 14 14 28 28 32 32 32 32 20 3 20 20 3 16 16 11 11 11
