Models/Synthetic/Density/data/paris.asc
ncols        100
nrows        100
xllcorner    3643999.999950550962
yllcorner    2771999.999642010313
cellsize     2690.000000234787
NODATA_value      0
[rows 0 to 54 of 100, columns 0 to 95 of 100]
-2147483648 -2147483648 -2147483648 -2147483648 -2147483648 -2147483648 -2147483648 -2147483648 -2147483648 -2147483648 -2147483648 -2147483648 -2147483648 -2147483648 -2147483648 -2147483648 -2147483648 -2147483648 -2147483648 -2147483648 -2147483648 -2147483648 -2147483648 -2147483648 -2147483648 -2147483648 29 0 698 3 47 18 18 5 3 23 20 17 13 16 15 15 10 16 30 17 12 12 608 53 53 14 29 20 20 18 46 28 28 28 31 24 24 90 26 52 64 30 30 30 0 30 30 28 30 30 30 30 30 28 30 27 29 30 30 30 30 78 30 22 31 3 983 80 24 24
-2147483648 -2147483648 -2147483648 -2147483648 -2147483648 -2147483648 -2147483648 -2147483648 -2147483648 -2147483648 -2147483648 -2147483648 -2147483648 -2147483648 -2147483648 -2147483648 -2147483648 -2147483648 -2147483648 -2147483648 -2147483648 -2147483648 -2147483648 -2147483648 -2147483648 0 20 30 22 25 352 0 0 16 19 26 18 18 15 15 16 16 177 12 13 36 16 30 30 2 2 2 14 20 28 21 22 21 54 54 92 28 22 19 17 19 48 30 30 21 23 25 30 30 0 30 30 30 30 28 30 25 30 41 30 30 30 54 25 30 83 3641 30 80 1855 1855
-2147483648 -2147483648 -2147483648 -2147483648 -2147483648 -2147483648 -2147483648 -2147483648 -2147483648 -2147483648 -2147483648 -2147483648 -2147483648 -2147483648 -2147483648 -2147483648 -2147483648 -2147483648 -2147483648 -2147483648 -2147483648 -2147483648 -2147483648 -2147483648 -2147483648 30 28 30 23 23 25 2 2 22 30 30 28 26 15 14 13 13 17 16 22 13 11 16 30 30 30 56 27 17 30 17 20 3 22 22 47 18 975 29 19 19 17 23 23 30 5 56 29 52 25 30 1469 1469 20 28 24 17 28 1368 76 0 0 0 0 26 80 30 1994 27 973 973
-2147483648 -2147483648 -2147483648 -2147483648 -2147483648 -2147483648 -2147483648 -2147483648 -2147483648 -2147483648 -2147483648 -2147483648 -2147483648 -2147483648 -2147483648 -2147483648 -2147483648 -2147483648 -2147483648 -2147483648 -2147483648 -2147483648 5 5 30 30 30 30 23 30 19 20 20 22 42 2979 30 20 194 17 17 17 13 23 22 743 2 31 31 16 16 16 27 17 20 21 21 22 42 42 21 772 20 21 23 23 21 20 20 1523 30 30 80 32 25 30 30 30 30 30 512 27 29 144 0 0 0 30 30 3 38 26 47 20 19 19
-2147483648 -2147483648 -2147483648 -2147483648 -2147483648 -2147483648 -2147483648 -2147483648 -2147483648 -2147483648 -2147483648 -2147483648 -2147483648 -2147483648 -2147483648 -2147483648 -2147483648 -2147483648 -2147483648 -2147483648 30 30 1271 1271 80 30 30 30 30 30 44 18 18 41 42 4 26 198 26 26 18 18 23 24 17 2 21 31 31 22 22 23 15 14 17 16 19 21 20 20 30 41 51 26 16 22 18 21 21 47 23 32 3532 27 30 27 30 30 30 30 30 349 30 0 0 0 0 30 1909 30 3 2 18 22 28 28
-2147483648 -2147483648 -2147483648 -2147483648 -2147483648 -2147483648 -2147483648 -2147483648 -2147483648 -2147483648 -2147483648 -2147483648 -2147483648 -2147483648 -2147483648 -2147483648 -2147483648 -2147483648 -2147483648 -2147483648 30 30 1271 1271 80 30 30 30 30 30 44 18 18 41 42 4 26 198 26 26 18 18 23 24 17 2 21 31 31 22 22 23 15 14 17 16 19 21 20 20 30 41 51 26 16 22 18 21 21 47 23 32 3532 27 30 27 30 30 30 30 30 349 30 0 0 0 0 30 1909 30 3 2 18 22 28 28
-2147483648 -2147483648 -2147483648 -2147483648 -2147483648 -2147483648 -2147483648 -2147483648 -2147483648 -2147483648 -2147483648 -2147483648 -2147483648 -2147483648 -2147483648 -2147483648 -2147483648 -2147483648 -2147483648 19 37 20 26 26 30 3 30 26 23 19 22 16 16 23 68 19 59 31 24 15 2 2 23 30 25 23 18 31 22 22 22 18 17 25 17 21 28 21 19 19 21 21 30 21 21 22 27 14 14 557 30 30 18 19 1097 30 30 30 30 26 66 44 30 0 0 0 0 21 26 27 50 24 20 20 1933 1933
-2147483648 -2147483648 -2147483648 -2147483648 -2147483648 -2147483648 -2147483648 -2147483648 -2147483648 -2147483648 -2147483648 -2147483648 -2147483648 -2147483648 -2147483648 -2147483648 -2147483648 941 25 22 2 20 17 17 22 2 4 30 19 15 659 22 22 19 12 19 20 17 0 69 30 30 31 30 22 26 24 22 22 780 780 17 17 25 21 16 28 22 16 16 28 21 7 18 40 30 27 2 2 20 30 31 677 20 56 30 3957 3957 30 26 23 30 27 32 0 1441 1441 22 25 25 25 22 24 24 31 31
-2147483648 -2147483648 -2147483648 -2147483648 -2147483648 -2147483648 -2147483648 -2147483648 -2147483648 -2147483648 -2147483648 -2147483648 -2147483648 5310 5310 30 22 27 23 19 19 20 24 24 13 3 17 24 16 37 20 20 20 13 19 24 26 33 33 49 30 30 4 25 1550 31 3 28 24 24 24 17 19 20 18 30 63 39 18 18 18 21 18 25 32 27 22 22 22 18 22 3 18 20 30 30 29 29 28 36 36 20 1384 32 18 23 23 654 23 25 30 23 15 15 38 38
-2147483648 -2147483648 -2147483648 30 -2147483648 -2147483648 -2147483648 364 19 17 20 30 30 80 80 30 22 24 73 35 15 17 17 17 12 1 3 1692 30 16 290 30 30 14 2 22 26 26 16 22 0 0 26 22 25 31 25 28 20 19 19 12 20 20 18 30 80 39 2 2 33 10 20 20 18 18 18 19 19 22 22 20 18 18 19 30 30 30 25 29 36 20 1088 508 18 1143 1143 32 25 37 30 19 1899 2 2 2
17 18 23 30 24 24 19 20 16 17 603 26 1132 30 30 30 3 1594 3 30 15 2 17 17 1 12 12 0 30 23 24 27 27 1 13 22 11 12 16 19 33 33 4 22 44 18 25 19 54 53 53 21 29 25 23 24 1123 19 28 28 1 2 24 3 3 22 15 19 19 23 20 19 30 30 20 23 3 3 1071 29 22 17 18 16 16 19 19 17 17 37 28 28 19 3 32 32
60 3 28 30 146 146 15 21 21 26 26 24 29 3 3 27 25 30 30 15 15 13 626 626 5 12 18 1 20 23 32 21 21 15 220 14 22 2 2 24 18 18 40 26 0 33 33 22 22 24 24 27 20 0 143 16 30 26 13 13 23 21 16 17 24 2 15 22 22 23 19 12 18 1226 24 22 42 42 77 22 22 60 19 19 30 29 29 34 34 17 21 18 19 34 28 28
24 2261 47 47 33 33 29 25 436 23 23 30 43 528 528 18 32 3 19 19 13 46 23 23 12 32 30 16 21 3 61 15 15 16 18 16 36 18 18 18 17 17 21 40 1266 33 6288 30 4 3 3 30 30 76 19 27 15 0 19 19 0 5 0 30 17 18 17 30 30 248 769 24 23 20 27 21 42 42 42 3 3 2 1519 17 27 4 4 4 4 19 19 30 30 3018 4 4
3 3 22 29 51 51 24 21 17 51 38 30 27 30 30 22 26 19 2 13 14 23 28 28 13 32 40 19 2 2 0 30 30 21 13 16 16 16 3 19 41 41 20 3 30 33 6288 0 52 29 29 22 30 22 18 0 31 16 19 19 22 45 28 0 30 3 38 17 17 20 19 24 38 25 27 30 30 30 28 17 18 16 15 12 27 13 13 4 4 30 3 18 3 3 36 36
3 3 22 29 51 51 24 21 17 51 38 30 27 30 30 22 26 19 2 13 14 23 28 28 13 32 40 19 2 2 0 30 30 21 13 16 16 16 3 19 41 41 20 3 30 33 6288 0 52 29 29 22 30 22 18 0 31 16 19 19 22 45 28 0 30 3 38 17 17 20 19 24 38 25 27 30 30 30 28 17 18 16 15 12 27 13 13 4 4 30 3 18 3 3 36 36
796 75 45 34 78 78 27 21 33 4 20 31 30 42 42 9 2 32 4 15 15 1 19 19 14 30 2 3 19 18 20 247 247 13 16 17 252 14 14 16 18 18 18 24 30 912 33 0 30 20 20 3 30 22 22 18 21 16 17 17 21 33 19 20 20 20 15 19 19 24 19 20 29 24 14 307 20 20 16 17 21 21 21 15 13 1 1 24 18 20 24 19 20 20 5 5
15 29 4 14 21 21 24 40 39 32 19 30 26 26 26 45 3 4 20 18 12 3 1 1 17 15 15 15 13 19 28 22 22 265 12 16 15 23 24 30 563 563 20 3 27 3 29 3 30 23 23 21 3 26 428 26 19 17 20 20 41 18 19 20 19 20 41 29 29 3 15 27 29 3 26 22 17 17 16 21 40 30 17 15 13 12 12 13 14 21 15 19 25 5 3 3
28 34 21 1008 38 38 29 25 23 1 63 22 31 31 31 57 20 4 3 3 26 4 2891 2891 32 15 1 13 13 12 30 30 30 16 19 18 15 1708 41 16 1 1 3 19 27 25 3 18 22 0 0 20 19 15 12 50 80 17 17 17 15 532 22 18 22 20 41 29 29 17 30 5 80 80 28 17 16 16 16 13 13 30 17 16 22 17 17 14 14 21 2 27 30 0 27 27
57 57 48 27 38 38 50 30 30 23 42 30 59 26 26 41 30 71 3 3 31 31 20 20 17 15 11 14 12 12 1 29 29 19 11 11 16 14 2 0 11 11 5 20 24 24 19 0 17 30 30 3 25 13 20 22 25 25 41 41 56 293 18 3 18 16 13 17 17 30 28 30 80 36 28 14 26 26 1099 24 13 14 13 16 146 23 23 12 14 21 16 3 3 13 16 16
31 20 27 30 30 30 587 62 60 24 22 32 39 27 27 36 45 31 31 24 26 30 18 18 18 15 14 17 16 16 1 20 20 20 11 1 35 20 20 18 27 27 24 17 241 29 29 3 29 11 11 30 22 22 22 12 284 15 24 24 28 17 25 18 25 15 16 16 16 18 21 16 31 30 30 20 20 20 25 1157 49 12 16 25 19 9 9 17 19 30 17 17 17 13 16 16
27 27 27 29 89 89 47 59 1744 85 38 30 1205 21 21 30 19 21 21 21 17 18 18 18 27 17 23 3 16 16 3 28 28 13 14 14 12 12 13 17 15 15 178 16 12 12 22 12 16 42 42 39 3 22 21 18 23 23 18 18 2 14 30 18 3 18 21 25 25 20 24 27 27 19 23 21 25 25 25 28 12 13 12 12 1 19 19 19 21 88 13 17 12 1 10 10
76 4 959 29 20 20 41 46 29 95 23 23 3 4 4 30 24 23 51 50 38 18 18 18 3 30 18 23 14 30 22 19 19 30 17 34 19 17 20 14 13 13 14 19 19 18 0 15 18 20 20 1 30 0 21 15 16 12 19 19 19 30 12 103 25 1799 30 33 33 942 23 30 16 30 3 21 25 25 14 14 14 13 15 8 105 16 16 17 10 14 18 17 12 10 1 1
82 28 4 23 22 22 32 36 35 30 92 60 25 25 25 29 39 36 46 30 40 37 22 22 22 2531 15 13 18 18 18 14 14 30 17 3 18 17 24 1 13 13 15 18 27 20 3 19 15 18 18 1 17 13 1 16 12 413 30 30 16 16 21 21 19 29 24 22 22 558 28 30 15 23 18 21 14 14 15 339 15 13 8 21 30 8 8 16 10 1 1 11 12 8 12 12
82 28 4 23 22 22 32 36 35 30 92 60 25 25 25 29 39 36 46 30 40 37 22 22 22 2531 15 13 18 18 18 14 14 30 17 3 18 17 24 1 13 13 15 18 27 20 3 19 15 18 18 1 17 13 1 16 12 413 30 30 16 16 21 21 19 29 24 22 22 558 28 30 15 23 18 21 14 14 15 339 15 13 8 21 30 8 8 16 10 1 1 11 12 8 12 12
25 13 22 3 3 3 40 40 3 31 31 30 86 41 41 3 24 26 26 43 40 47 12 12 22 2 15 15 13 22 14 1 1 19 13 20 52 2 2 30 17 17 21 22 30 30 17 37 16 15 15 25 2340 20 20 19 14 17 35 35 46 3 21 13 20 34 19 2 2 3 21 24 18 23 26 16 17 17 17 17 18 27 18 14 14 8 8 14 15 15 13 13 14 11 12 12
24 13 3 0 4 4 30 30 30 30 3 3 3 3 3 30 24 30 43 52 2 24 24 24 21 20 2 14 14 13 19 14 14 3 26 26 30 18 30 14 17 17 16 17 18 22 2 18 40 20 20 14 18 14 170 32 1 20 16 16 2 20 20 18 27 50 26 35 35 21 3 30 30 3 30 17 17 17 15 305 21 17 18 15 15 17 17 17 15 14 14 11 11 14 23 23
0 2 4 54 4 4 0 0 3 3 3 3 3 1480 1480 3 27 31 30 39 33 24 3 3 17 241 2 29 13 13 14 14 14 26 406 35 35 32 14 22 17 17 20 16 16 17 3 15 2 20 20 27 30 24 21 17 43 18 19 19 48 16 20 705 63 3 2 26 26 30 29 30 5 30 1 17 3 3 29 17 18 16 1 15 22 22 22 12 12 14 16 241 11 23 23 23
2 2 4 4 27 27 20 24 56 3 5630 4170 2292 1165 1165 30 25 27 31 55 2 24 35 35 24 24 22 34 1123 25 13 13 13 27 23 27 53 28 30 20 16 16 21 21 21 17 28 30 21 14 14 3 30 22 21 21 237 18 25 25 25 21 3 3 3 3 26 19 19 1582 3 30 20 20 24 3 3 3 0 26 18 3 17 16 18 11 11 11 16 12 14 18 11 12 12 12
50 3 34 90 971 971 68 3 21 45 85 7626 85 5204 5204 30 3 26 74 4 3 61 3 3 24 1 24 23 30 1969 34 16 16 33 52 27 1443 26 27 17 28 28 12 12 19 24 19 38 18 30 30 30 18 20 12 559 24 3 2 2 3 3 30 80 30 18 3 19 19 30 844 3 3 3 3 1 23 23 23 18 88 30 26 23 12 32 32 2 10 13 18 38 10 15 11 11
36 30 34 23 3 3 3 0 3 4 5317 7121 3 35 35 4 25 69 20 103 3 2 2 2 24 24 22 56 24 32 34 16 16 21 34 34 30 30 30 133 66 66 21 26 17 3 16 38 971 27 27 2 16 20 28 80 30 3 3 3 24 3 33 3 3 19 46 17 17 17 18 3 3 15 2 2 2 2 18 18 30 26 30 1 1 2 2 21 3 11 8 8 19 6 6 6
64 23 54 30 66 66 30 53 3 5 5 4876 3 30 30 30 30 69 32 32 3 24 19 19 17 10 1 4 21 32 32 55 55 1362 4 3 877 7 85 25 15 15 16 17 17 24 3 18 19 32 32 48 24 25 2 19 19 3 3 3 3 75 33 3 25 3 49 3 3 3 20 30 258 2 1216 2 20 20 516 3 3267 3 17 20 29 2 2 2 86 0 19 8 13 7 7 7
4 71 51 30 4 4 3 3 80 3 3401 3401 30 30 30 26 26 20 30 34 22 3 24 24 15 15 21 29 15 24 19 31 31 30 51 3 858 30 5102 27 23 23 23 24 16 3 51 50 30 43 43 3 24 20 22 88 25 30 35 35 2507 3 3 3 10 13 3 17 17 338 42 27 32 1 1137 30 3 3 3 626 3 3 485 3 39 1090 1090 0 0 0 0 8 13 7 12 12
4 71 51 30 4 4 3 3 80 3 3401 3401 30 30 30 26 26 20 30 34 22 3 24 24 15 15 21 29 15 24 19 31 31 30 51 3 858 30 5102 27 23 23 23 24 16 3 51 50 30 43 43 3 24 20 22 88 25 30 35 35 2507 3 3 3 10 13 3 17 17 338 42 27 32 1 1137 30 3 3 3 626 3 3 485 3 39 1090 1090 0 0 0 0 8 13 7 12 12
0 49 59 49 23 23 3 3 4 0 3475 80 30 33 33 30 3 24 20 3 15 426 2 2 341 15 17 46 20 24 3 4 4 5 3 21 84 30 36 36 28 28 3 32 25 6 3 88 63 3 3 42 20 20 22 27 18 27 3 3 3 3 3 2 27 13 22 2 2 19 17 33 33 16 16 3 2 2 3 21 19 30 2 0 1 51 51 27 12 0 12 13 13 21 12 12
22 2 30 25 53 53 86 30 4 2179 1137 47 3131 0 0 0 70 21 18 18 15 14 16 16 19 17 21 17 20 34 18 18 18 27 3 32 32 3 26 29 3 3 1849 3 3 0 1868 34 56 22 22 37 20 50 3 27 23 34 146 146 3 3 2 27 30 10 21 27 27 2 7 24 24 20 27 36 3 3 623 515 14 23 1 11 34 37 37 18 12 14 9 13 13 80 40 40
65 24 60 32 6 6 6 74 3 4 3 16 3 3 3 110 3 51 17 19 3 21 18 18 25 30 29 21 2 24 18 16 16 27 3 36 659 21 20 38 133 133 3 4 195 0 30 30 3 1215 1215 25 2 25 26 1078 40 6577 5 5 5 3 3 27 1388 30 3 22 22 22 19 44 35 66 24 30 24 24 11 2 1 11 1 1 3 19 19 11 30 14 9 18 3 20 15 15
71 65 50 60 18 18 1387 126 30 3 3 16 3 2976 2976 41 60 18 68 3 44 21 18 18 19 32 27 678 3 24 30 30 30 37 28 23 36 3 21 18 31 31 22 8 11 2 39 30 1038 4 4 25 14 30 30 35 37 5 5 5 3 3 3 3 29 22 24 26 26 0 3 30 30 30 2 3 1318 1318 20 2 24 70 19 2 3 13 13 11 30 1457 30 11 19 20 14 14
3 573 2 15 2 2 30 20 15 25 30 3 80 41 41 30 3 44 0 4 44 25 3 3 20 18 19 48 30 3449 30 30 30 30 32 28 28 24 30 3 1563 1563 24 24 4 4 5 80 30 3 3 3 3 49 3 30 4 4 9 9 9 0 1334 50 56 22 46 26 26 3 30 3570 2022 5 5 0 4 4 25 4 30 5 15 1 17 17 17 5 52 21 2 11 14 20 2 2
4 26 26 7 28 28 20 21 22 17 719 3 30 72 72 3 23 7 0 44 18 18 17 17 19 20 21 16 16 2 46 29 29 20 19 23 52 1581 33 35 30 30 30 2171 3 3 29 2559 3 0 0 50 4223 60 3 2821 2273 30 3 3 0 23 34 34 2 14 52 14 14 30 30 70 29 30 26 93 30 30 30 1 57 13 21 16 20 2 2 22 22 17 3 26 36 24 39 39
4 26 16 21 21 21 23 285 18 13 23 30 50 3 3 30 23 30 3 3 21 20 25 25 3 36 1461 29 32 983 23 18 18 20 19 21 21 2450 35 35 23 23 26 30 2556 3 3927 3 129 4 4 3 3 3 108 37 5 3 3 3 23 23 24 3 16 16 13 16 16 33 19 19 7 19 39 31 2 2 3 51 20 21 19 1 16 15 15 3 18 15 18 23 36 24 21 21
1617 23 23 19 18 18 21 18 34 34 4 3 26 26 26 21 3 2974 80 24 3 20 25 25 33 18 20 47 2 30 3 35 35 51 26 83 3 26 80 1907 3 3 30 2095 59 3 30 4 3 3 3 4 3 18 18 20 32 18 59 59 3 4 24 21 2 4 2 2 2 2 2 33 2 16 16 14 21 21 3 19 3 3 838 4 4 2 2 28 3 30 30 23 17 16 21 21
1617 23 23 19 18 18 21 18 34 34 4 3 26 26 26 21 3 2974 80 24 3 20 25 25 33 18 20 47 2 30 3 35 35 51 26 83 3 26 80 1907 3 3 30 2095 59 3 30 4 3 3 3 4 3 18 18 20 32 18 59 59 3 4 24 21 2 4 2 2 2 2 2 33 2 16 16 14 21 21 3 19 3 3 838 4 4 2 2 28 3 30 30 23 17 16 21 21
3 2165 24 24 18 18 22 17 19 16 3 23 3 24 24 27 5 5 30 30 3 18 18 18 3 18 30 2 24 83 3 83 83 31 31 4 65 19 19 3 26 26 36 51 30 1856 0 30 4 30 30 35 26 24 29 20 42 21 31 31 31 22 36 16 41 4 2 3 3 26 2 15 22 10 26 14 31 31 23 21 31 16 43 5 3 24 24 21 49 25 8 48 37 23 15 15
26 3 3 24 19 19 16 18 17 25 82 30 23 3 3 23 3 25 30 30 36 4 18 18 30 29 19 16 20 8 26 21 21 31 2533 2 36 37 21 69 296 296 36 30 34 1551 1551 4862 3 3 3 35 19 15 15 18 2 23 39 39 24 18 1 1 4 1 2 2 2 12 12 12 14 11 1 12 13 13 0 15 18 2 20 2 5 3 3 30 30 80 5 48 37 17 2 2
39 3 2 15 13 13 16 22 22 27 30 3 3 21 21 4 38 80 20 3 4137 26 24 24 1573 3 21 19 20 52 2 23 23 27 3 27 3 26 3 3 3 3 124 3933 0 3 837 3 3 3 3 3 1 1 21 21 18 3 3 3 3 20 16 83 4 1 3 2 2 295 2 21 22 11 11 15 25 25 25 10 10 13 26 80 54 75 75 30 23 4046 12855 32 26 20 13 13
23 26 26 26 59 59 23 79 24 3 30 4438 845 5 5 22 59 3 50 19 4 8 30 30 28 0 3 101 3 3 23 56 56 30 3 26 26 22 24 1425 3295 3295 80 3 3 3 2429 3 1963 3 3 80 1 80 3 15 3 27 21 21 23 23 44 18 20 30 30 13 13 30 15 21 17 26 2 32 25 25 10 11 1 2 20 22 18 18 18 66 30 30 3068 3 32 20 2 2
26 2 46 15 59 59 20 105 2115 30 3 30 28 28 28 16 29 29 3 3 22 159 0 0 30 25 68 3 29 36 99 30 30 23 29 30 3 2588 30 30 3 3 3 30 3 36 79 23 2666 28 28 20 61 4 21 28 30 20 20 20 16 19 41 3 2 14 21 15 15 30 14 10 21 1453 2 32 10 10 11 11 19 6 13 21 13 12 12 6 83 26 83 30 34 20 20 20
2 16 16 2 3 3 39 12 3 4 3 30 30 20 20 17 20 16 19 26 22 20 4 4 0 35 30 25 3 3 30 30 30 3 38 6666 6666 6177 110 3165 25 25 113 30 37 24 24 33 32 30 30 31 40 20 20 33 29 20 18 18 19 20 23 33 15 15 14 20 20 35 17 17 12 17 19 3 16 16 22 1 23 6 26 3 20 30 30 3 95 119 31 21 43 30 598 598
44 2 1 2 2 2 5 23 3 21 28 3 28 24 24 31 22 2 27 27 22 19 4 4 3 30 8636 3818 30 30 3 4452 4452 2196 3 3 1559 4478 2905 30 3 3 3 30 31 5 30 38 38 7 7 31 80 2968 30 30 29 3 17 17 41 20 19 19 2 34 834 35 35 23 2 2 2 24 24 2 2 2 3 24 37 2 3 17 33 0 0 1 6 4 3 3 4 45 14 14
3 39 38 3 15 15 15 20 20 47 3 23 18 45 45 31 14 14 15 22 3 59 22 22 27 123 3 5 0 0 97 6360 6360 3 30 3 4567 4567 4096 5802 5157 5157 1749 3 36 40 80 30 6 7 7 22 24 2347 3 40 40 34 34 34 23 17 19 2 18 16 23 40 40 14 35 30 3 26 3 3 20 20 41 685 23 21 25 39 3 23 23 1 143 5 0 8 2 3 26 26
3 39 38 3 15 15 15 20 20 47 3 23 18 45 45 31 14 14 15 22 3 59 22 22 27 123 3 5 0 0 97 6360 6360 3 30 3 4567 4567 4096 5802 5157 5157 1749 3 36 40 80 30 6 7 7 22 24 2347 3 40 40 34 34 34 23 17 19 2 18 16 23 40 40 14 35 30 3 26 3 3 20 20 41 685 23 21 25 39 3 23 23 1 143 5 0 8 2 3 26 26
21 1 3 2 35 35 20 14 61 22 18 34 20 31 31 3 19 30 3 26 26 28 53 53 34 3 3 3 30 1824 4 4032 4032 3 0 34 5 5 6348 4111 6423 6423 5600 6332 10114 4744 7833 35 7 7 7 6 22 21 22 30 3 31 31 31 28 28 85 19 659 2 27 40 40 24 27 27 3017 0 26 1433 89 89 43 35 0 30 3 23 27 27 27 29 30 8 2 15 30 26 12 12
2 37 75 30 30 30 37 3 30 63 21 18 18 16 16 21 3 4 30 81 3 80 24 24 24 26 25 30 30 3 3 3 3 3 1946 105 5 3199 7264 8297 8297 8297 0 12047 36 51 55 91 40 96 96 36 36 63 63 29 27 30 27 27 3 5 5 24 2 23 3 2 2 162 27 3 30 30 18 109 1 1 3 12 10 12 12 3 3 25 25 1867 95 29 31 21 21 20 8 8
2 4 22 22 22 22 22 18 18 21 15 18 19 19 19 1 3 30 3 25 25 22 3 3 44 30 21 24 27 30 50 4 4 33 4 30 5 30 5585 96 13085 13085 14513 174 10548 10766 7705 8167 95 6161 6161 5615 80 30 28 21 27 3 80 80 2514 4 2 23 26 3 629 30 30 30 3 28 28 23 21 21 23 23 1 12 1 0 1 6 6 4 4 30 22 22 29 23 21 722 13 13
24 28 24 24 26 26 8 8 13 13 19 3 19 550 550 50 0 3 3 22 17 22 3 3 26 30 23 27 3 33 3 119 119 1675 3 3 6668 3123 87 143 22704 22704 10 15364 81 118 11775 7408 10382 80 80 30 3 1876 5 5 30 30 30 30 30 30 29 30 3 3 56 3 3 41 1333 28 57 23 1 13 13 13 20 14 10 1 2 6 43 7 7 30 21 22 21 20 3 22 19 19
