Models/Synthetic/Density/tmp/temp_raster_pop_100000.0_0.1_2_1000.0_1.2_-676096956.asc
NCOLS 50 
NROWS 50 
XLLCORNER 0 
YLLCORNER 0 
CELLSIZE 0.02 
NODATA_value -9999 
[rows 0 to 19 of 50, columns 0 to 44 of 50]
120.611041159964003 114.133316143699 104.111002763453 99.0494662262637 99.8855086209212 107.00592902501 119.016063720668 140.009123509726 162.081647821022 180.509532342369 193.907486802007 199.323056678772 188.022057301951 180.821753678945 169.408337993944 156.374816141727 150.289976333113 146.698461857091 144.470703421504 166.012181978615 222.402385318586 319.122023235027 465.082355875817 665.292500833469 851.563900342894 1010.63942895875 1067.32959099738 1013.07382234781 858.664992671748 693.465998788924 518.12740097221 379.087321368725 277.53129155597 226.058930315386 190.840447109387 179.664345863543 175.70247510308 181.159695667292 186.072393799346 195.995388763295 197.45483968797 190.097982076912 176.979734768312 160.855264830036 137.376605807002
116.683412181788 109.076456009131 102.221142136741 98.7969824734583 96.0198188399239 106.352826251683 118.517701188408 139.204302706013 154.450323848547 169.904340011724 183.001897696481 185.065516233984 179.580816766253 168.548579312247 160.719183798302 150.241261666399 145.736679904951 140.507750675456 141.759739868426 167.71457500266 211.716791025602 300.821299554296 426.06401337357 589.181610887064 758.392360670531 874.195997621139 917.591203878485 890.586119579978 772.625447336293 632.264447642538 482.303866397436 362.402666989301 277.764395105348 224.251716012762 195.172810888147 183.35794577706 182.299350225877 187.288827002533 191.497139735081 196.446802111982 198.861266097958 193.48710200247 179.795616161158 161.924529031197 139.942431281914
115.002718095483 109.594388382147 102.521597459813 95.9526161614485 96.919136653692 101.512331072701 112.342119591632 132.67215123932 142.156872876058 157.376749216375 168.619430873149 172.409252743869 167.35096194655 160.490564846882 151.52734406007 144.718334758761 137.502988451796 134.333825258253 136.620261318187 153.699421781737 198.019287966061 265.983699118331 374.177549894444 493.693091770665 619.557254585442 714.047740348745 745.645660501051 712.762048999458 641.402014821319 538.692958265082 422.824082003909 333.323070609489 270.850012764184 223.976521947444 201.101859806074 195.963035292331 195.29988570245 198.227185772031 206.148293981795 205.237626770419 209.794369054947 200.988184024786 191.469514988057 174.55643286045 147.249356536513
112.647903421163 107.02259705538 100.320824812621 94.9769263455046 96.3739673950582 98.5624523072364 105.305717322405 116.808935448651 135.065111319904 143.792127521257 154.044186129715 158.146558827461 154.562255436827 149.400284643557 144.029531760663 137.399113132759 128.530634024834 126.971761445833 126.16237937067 140.291021885972 167.856391401241 224.67445466106 296.795145347347 385.478843281433 472.72806588315 547.585637413363 566.117637015643 549.363482993487 497.997653416297 428.832071012169 357.286832088372 293.882545537312 249.423146277407 219.423027284258 206.068797700337 206.238134513405 209.969673768128 210.476598187412 213.916254274578 219.910471877894 215.557359496396 211.179517366056 198.624465210312 184.394423947188 158.303541591445
109.259430254432 105.266270737131 97.4554736588365 94.3496372153643 91.3315184118215 96.0394332303867 101.392064999829 110.088641914596 120.406128129668 133.008229128827 139.734114692714 140.746269048007 141.266521190479 138.011092891017 134.412158325239 129.293505240486 122.712310079758 118.600986614514 118.468064108775 125.308065822319 143.875247067294 178.371466448629 223.306591543883 287.217097476 343.124463199362 386.581964463829 406.556188152174 399.435435531244 370.57624417809 332.863217055929 291.072902946956 253.603433954931 228.20424106541 212.0013102687 209.4376686559 210.575802930569 211.19366924475 214.256168231044 223.26005168174 222.062463654192 223.591736989308 219.464296253004 203.05618349837 191.524139030036 165.205027540878
103.235911671771 96.9604963108751 92.4547531391149 93.868291308995 88.3368976721893 89.9538208004027 93.7705870153983 102.470726534582 110.965721126284 121.21004963894 129.268589019415 128.010660168482 129.481046622591 131.087761094394 127.90146720867 120.888704005399 116.785538787331 113.918747742535 109.928163470445 113.213630580854 123.21656157176 140.346835582029 166.000852334754 200.98414600963 236.464417629578 261.165016245253 285.539319363934 278.912818276443 269.433838219628 247.851809576822 228.749375529391 209.824803456067 199.341510200341 199.045510541522 199.962941600131 205.092291770586 212.802251323028 218.796740967737 218.962027402688 222.486589810381 224.628222928803 215.170649035791 204.084714834279 184.32116791045 161.560694945302
96.007206590896 89.9768415662774 86.2224703632284 81.7391389185007 83.0475575514901 82.0650562440078 89.0499704771891 94.0174977264099 99.1066680731741 105.111821334391 115.679952036209 118.341829451712 120.688196048433 121.349921887724 114.599969156925 113.753529586752 108.217353495609 101.89145618505 102.077121967653 99.309827965883 101.103057517711 108.731348289231 120.273856716497 139.620141077 159.142769124266 178.114814104516 189.121376143965 190.805989291822 189.834016153196 181.780340989828 177.954782041522 169.880769054668 173.42681512852 181.341818596376 182.905349005425 192.717634371009 199.751517112381 200.753005392364 211.216207242845 209.857547723406 205.607796257626 201.612673709697 186.09986614129 174.080847815655 150.298248368192
84.3012277215203 80.4196930424176 77.1202073116785 75.7413385367727 73.6577544371399 74.8554868579077 78.3572331250914 83.6878316449489 89.5395746895386 95.2164076416107 102.915655478674 106.706042212781 108.562942881198 105.824348177055 106.382693647717 102.429709071262 100.688776734907 95.1029982074314 88.8192667824385 88.3197828196971 85.8190671317541 83.9307654977537 88.2249168577136 94.5204420966127 105.08812162299 117.911065372513 123.019743376296 128.893952030074 132.709423342265 131.077737312121 139.8195250471 138.897898987539 147.217216707102 157.161204858936 165.449355595894 168.977801920897 176.571634132776 187.842971102602 186.788298673334 188.600887453247 183.681857031913 175.66665325894 164.559532271257 148.970488232498 131.197723376093
74.4950570930867 70.6521483368288 69.8596942326709 66.64518801534 65.3344341024681 66.9337724623036 68.6360340335199 73.7763629593261 78.8583856392906 85.4669835457361 89.9693319188298 94.447103637162 101.280389785833 98.6703668928215 97.7800746195699 94.6476065471477 89.2305338296135 85.7210338784996 81.3207433314374 77.1469220309439 73.7167985626933 70.0646954342809 67.5890790729164 69.2053972719611 72.4147039990289 77.6569764704627 81.1331126783513 85.5239594328773 90.0157833897725 99.9614853073792 104.010453229764 112.800079750152 123.706533683513 131.33471077344 138.42009664144 151.904145702745 153.878235646958 158.727166511062 161.362222685121 162.730220380634 157.053897933923 146.931748513152 138.855080715349 120.905143414014 105.834055111539
61.7579734363195 59.7950850701631 57.8496268619314 59.2985837029577 56.9503739351187 56.6645929520422 60.980692815968 64.0622331383493 69.3974283802213 74.1242285990537 80.9378027663068 81.9534024571523 85.2002408463409 84.4800845379321 84.8467825600369 83.2044168750374 78.1503582943489 77.2389803289687 69.8120724370419 68.0327715779151 63.7392847991121 56.9106134215705 54.355475142507 52.7454455724843 52.5265912016555 53.3979120056118 56.6225256287044 58.4549122493797 64.8735469403989 70.7855406818648 78.3551434999741 85.2153239234373 96.2641294388602 104.786806225865 116.947667626691 124.865483000091 126.796244305269 133.956909131281 134.089702233733 132.988150073709 128.703328200344 117.668598569748 108.03477199114 95.8621281069071 85.143932346052
52.0316201051648 48.6839415399053 49.2517254342596 48.8133679302467 50.6132789861904 49.4426839428205 50.617068525109 53.973075706332 58.9820250129747 64.3381875884163 66.9869775228214 69.0141710579077 69.8267204720436 73.942271848787 72.0482184571518 69.0095111359115 67.9666086923516 63.9382054077824 61.5486232502651 56.476599575229 52.8406207443233 47.124340158484 44.6252506482473 41.4489191310861 41.4710158258375 39.9709074532007 41.1289985889697 42.7615679631986 46.1999772861639 51.3451598621465 57.2822749812552 64.8324684944391 73.0222972762766 82.6807225878472 90.4168816913532 97.961760536377 104.61000232352 106.474270347677 107.718088515976 105.817584351393 100.656772259081 90.0899069253097 80.378243868941 74.4636340929044 66.0941677002066
40.2236761397442 40.3698347354108 41.4343249394597 41.3782197992598 41.1335296465696 41.0652829605354 43.4750701948036 45.6190340098055 50.2793042108863 51.6154227059993 54.4593386889071 54.5525320411735 56.5696253065908 58.5879321999814 58.3166241121853 55.9439107036165 57.4470414468325 52.7361611881936 51.0541555813022 46.9733155679183 43.9058327723173 38.2135372116314 36.9835235938725 33.2192589092895 34.1912742214659 31.214348075011 30.6174264375973 32.2808941595267 34.4372733051582 39.2742331287884 42.090613974494 48.8312147967337 55.518470195193 61.7399821672 68.8674075768465 75.1743658018622 79.3755733971592 81.4793435074387 81.7258702348828 80.2511578759727 74.4250642047957 69.986482941571 61.2789209504018 52.1957045840719 45.268340700689
31.3443688360115 32.321678990409 33.8267458943889 33.9371620446782 34.09194549874 33.3384601303417 35.3543168060433 36.3951711575034 39.3586230534227 40.5789212020503 43.0900688215274 44.8879242611392 44.9721976000992 45.5646732580206 47.0696052393158 47.4679507536808 45.0323038197675 43.8674942369623 41.7594112583447 38.6776279135674 35.7656209289093 31.3087780216864 28.8714482349014 27.891996911332 26.1957002546135 25.5284599754821 24.561835172389 24.5536758229429 25.5452162925542 28.0621484960862 31.3921521460876 35.4715532648346 40.1168803603003 45.9884525028429 52.2424906011188 57.4969857167827 59.4056636621794 61.0884089022147 60.3629349365312 57.6244455894657 53.4047929051972 50.8409570771104 45.1629157897682 38.4038565179247 31.4446933144062
26.4468582818471 26.5750071723683 26.8353817502488 27.0658529070997 26.5379578180131 27.1789286750651 27.9202094805218 29.7019930230315 30.9727679130062 30.6845061850343 33.0209140710129 33.2168881021193 34.3699610262244 36.4796870058526 35.5874691886628 35.3404093073659 34.7554712959893 34.787816442819 33.5472194814186 31.345661508305 28.1714555232149 27.4460583596634 23.40413066956 22.4210377411509 20.9843311760746 20.7945197129827 20.2544042665312 19.6453918455932 19.4862483831583 21.4596849955389 22.7981251162811 24.7002969634357 28.92203680101 32.0206765625705 34.8217368292163 40.3895455361923 41.4632333920843 41.3849626643981 41.254393669028 39.6666224341736 38.3702274110236 33.5848459800851 30.9442884025358 25.8306683866385 21.9444990978245
21.0425175291794 20.5904951080178 20.794324170594 20.5956358935548 21.2422194917805 21.7252731057229 22.2252134830971 22.349638308877 22.964615865943 24.4260991832899 24.9887902662136 26.5696093414753 27.4666596785929 29.2844433610399 26.7633175893773 26.5377373562371 27.2524126274356 26.1995379428591 24.7696541192362 23.5698996032496 24.0093784063839 20.5887051501191 18.6380472762468 17.2869173104639 16.6173592526884 16.9612645330509 15.4599581868983 15.0283741050091 14.7638261057956 15.6348624257851 15.7021728246093 17.1333300299526 19.7712331703192 21.1072308796176 23.6301563941865 27.7924209674898 27.798241114122 27.5726605189995 28.0434492194894 26.8399540650397 25.1489167125745 22.4203105479279 19.6289350079042 17.1930440322676 15.1816245890096
16.8962098546572 15.3186963549094 15.5306142516765 15.6849117402488 16.2396825703923 16.6853806164854 17.7900450995445 17.2900643364539 17.7357042722533 17.3413323977902 18.5887238081283 18.7230324968274 20.4632255476318 19.4229810838672 20.5580582556173 19.9288068878452 19.9141756186391 19.8114952697441 18.2054763007796 17.2004150817273 16.1336932989623 14.4938523826524 13.6517481438525 13.4534263994744 12.8128207559676 12.1747222784234 11.6942130714812 11.2379659452204 11.1046935784036 10.8978686417219 11.4001706933273 11.4322895046713 12.7112740274797 13.8001448701777 15.0162272345715 16.1538737564327 16.9598777181407 17.7326234875171 17.3624267443512 16.9233242811612 15.9062233549736 14.4780405255684 12.8268600894342 11.2995238406524 9.9259254347908
10.9833741513081 11.2653906898623 12.2805260636457 11.9897061276114 12.0630796484137 12.489522793397 12.5153438126319 13.1393475412123 12.2552905953506 12.4081005440681 13.4980212748915 13.0679985576408 13.6062689782383 13.6190234925188 13.8110862592868 13.9947190805465 14.2852778158397 13.6572279935855 12.8516724393695 11.8679076328408 11.0333225335851 10.3123171458322 9.86458345050051 9.72492556637287 9.6890467989021 9.26966220661845 8.80244752868765 8.38576484735679 8.15158046707243 7.71859703763948 7.68908599797849 7.69199990501102 8.12407814498981 8.78795335917061 9.50282995291489 10.596394847624 10.6129224648038 11.1096971548382 10.9096589685756 10.6595080512321 10.2265983260396 9.30852946552139 8.39472531756252 7.51336082110316 6.71672821335161
8.46592144526795 8.29304085473272 8.55169280172963 8.92987436372967 8.98381625901083 8.95356639521385 8.92383533153148 8.80863031381174 9.66599217010621 8.66685589899537 8.75687160435672 9.33799254929304 9.18938107830277 9.42043345568823 9.59297811218513 9.70793790895517 9.62242649511295 9.61800545325379 8.82159231231623 8.91834495636385 7.88708792896389 7.4387690159704 7.22982525410505 7.21086617868825 7.5533507436759 7.21802677643077 6.69838335492164 6.32673885004008 5.91595277773441 5.58447227855347 5.31698095815084 5.26402098493197 5.41636472398704 5.79754431597701 6.146423903956 6.4982269266368 6.79244611162288 6.92016984757304 6.94358418443362 6.81081766210899 6.52398504998949 6.10656102885018 5.63348599351645 5.21361603960982 4.78322635460504
6.09904346710209 6.28973043894989 6.33813185867197 6.45317396718364 6.52271908322715 6.52513798472336 6.36900282893831 6.272573741809 6.89372388308178 5.99956125372209 5.99357411785591 6.13898512077149 6.36808306720312 6.50725857183494 6.69219932286261 6.72751110086238 6.66613360041039 6.41750570474538 6.1590413042981 5.91791740776058 5.74991518963375 5.56561157042249 5.43174900482344 5.91704192793868 5.48685878043849 5.42574709686934 5.16559039080991 4.83965029042527 4.53611171758721 4.20715072731455 3.94068859530653 3.7949865742818 3.81526450991198 3.94366380294608 4.13364544621531 4.32375804780003 4.53792778722181 4.60195625417769 4.59428083980343 4.47899324953453 4.33152123757469 4.1351751495764 3.93315516673796 3.7894931521215 3.78747378844178
4.68628213062916 4.7495792462809 4.77795707892887 4.82163829349572 4.86311975516854 4.83975274697809 4.78551284402327 4.51527287718693 4.2875163646123 4.16510131800483 4.11969597371022 4.20101399193444 4.34219370130905 4.51498347471705 4.64777917125861 4.7286073326925 4.65408903213021 4.52718646162558 4.39295337179833 4.28431579296203 4.37231645509364 4.4999886916919 4.15784510137614 4.14889716869012 4.2049899919714 4.15145025157477 4.03360047491426 3.84656533525221 3.63197676013145 3.38282552574513 3.13419081086131 2.95220812870551 2.883312779514 2.90792126021509 2.9853931855735 3.09049762126458 3.21290602033718 3.57029993298277 3.22348554471479 3.13286670945056 3.05373767526464 2.96594206849305 2.88315317091217 2.82241295672267 2.74894945503749
