Models/Synthetic/Density/tmp/temp_raster_dens_100000.0_0.1_2_10000.0_1.2_-1680790725.asc
NCOLS 50 
NROWS 50 
XLLCORNER 0 
YLLCORNER 0 
CELLSIZE 0.02 
NODATA_value -9999 
[rows 18 to 35 of 50, columns 0 to 40 of 50]
0.00106660104290092 0.000837689864421362 0.000640815866113726 0.000534713842698032 0.000496821698788703 0.000483222605038349 0.00036930658410105 0.000572243431592828 0.000673859249400886 0.000673273832995307 0.000665686912488585 0.00082347672805338 0.000664442023569756 0.000271888114735156 0.000253303347076009 0.00032362368526011 0.000449130269913307 0.000600665111477748 0.000474061323674419 0.000494385084780964 0.000288828633170463 0.000322769435896097 0.000413275700036646 0.000467164195141519 0.000646997707852105 0.00066610469456318 0.000518666133171724 0.000467378937349334 0.000381170102215802 0.000335632936273931 0.000380896606827323 0.000313564524591634 0.000285611209166524 0.000250194776148824 0.000212967053491035 0.000208566725762501 0.000215819891833142 0.000262210450029924 0.000249258500350027 0.00043615115606036 0.000567962142980404
0.000395452722484684 0.000529575569889523 0.000522680409410402 0.000615193205741144 0.000477112959388645 0.00040176547370301 0.000303076951049106 0.000341606442373928 0.000384481291844522 0.000405430885076409 0.000599764447257178 0.000769254293941724 0.000327793856749736 0.000292054909272861 0.000212742068139915 0.000272392164311748 0.000301848284740757 0.000449026758057791 0.000548502321130173 0.000333592630242898 0.000286930441040019 0.000224878627198709 0.000298182502054579 0.000435672172963266 0.00066796763254257 0.000575715381249974 0.000492894679545597 0.000618559919134557 0.000458574283242808 0.000312786773294302 0.000287613554230989 0.00033554032655223 0.000318836406963426 0.00022206810041526 0.000273187269493259 0.000224353560980617 0.000263530902372468 0.000173143312744791 0.000237793389430553 0.000295105645631913 0.000354389012145861
0.000385138300678549 0.000493851287323805 0.000515853365218176 0.000438964039439492 0.000504565278223978 0.000418527535160532 0.000413839930135646 0.000332940019367787 0.00030264358809474 0.00038017690181453 0.000449951852093095 0.000385879695436474 0.000307856210789637 0.00016990830131843 0.000209553934932737 0.000259649542201403 0.000269966837645308 0.00031071246227044 0.00036120308526283 0.000275980929140608 0.000267796413949461 0.0003037900252119 0.000249180698340338 0.000291395230683166 0.000387314599033203 0.000380048505347011 0.000421315772443991 0.00047909494836988 0.000440215039303537 0.000327761141238244 0.000281677920467158 0.000289474562545537 0.000352392864063515 0.000337734127375348 0.000204774613958937 0.000204809552724034 0.00017366066998151 0.000168961084040069 0.000212317901568548 0.000254463851719229 0.000219340472667063
0.000357992662245119 0.000353098908467171 0.000499048947331417 0.00042886099949873 0.000353351783857272 0.000404974397895954 0.000352954016361509 0.000324075233564207 0.000382443752735606 0.000264994607597129 0.000218088923884374 0.000278510831186387 0.000180121492023793 0.000168417511641324 0.000195282501819634 0.000266341991843435 0.000230433381538613 0.000239586895181366 0.000224225023517742 0.000241856807701375 0.000283405077671309 0.000233134990381481 0.000255095718943871 0.000217352525096248 0.000261733006853094 0.000298202008026213 0.000279874189707137 0.000323079538321382 0.000443164521529212 0.000332081295479214 0.000210845062073833 0.000216903814158641 0.000348387717127042 0.0003544178058469 0.000304596028690402 0.000222974036206256 0.000148646320849728 0.000121840533684836 0.000139577794254139 0.000250997449536166 0.00023916102073265
0.000285896328234255 0.000294727937084262 0.000378318647608955 0.000305751595864975 0.000416552555315203 0.000299385228630017 0.000299687740307108 0.000228223854496054 0.000257220325667322 0.000248090148414291 0.000179013417333375 0.000150020048189545 0.000179220747071213 0.000150157790672889 0.000262677797475898 0.000257108656465222 0.000184419233560853 0.000161401774559022 0.000282703866307265 0.000240975708625443 0.000253038873839113 0.000212637422571729 0.000167412905322256 0.000199136239236417 0.000302999782713468 0.000189594139153112 0.000244757707146867 0.000344388955742988 0.00036422905942915 0.00033112152436799 0.00025402981445659 0.000187872713212462 0.000219083513307391 0.000314248609711397 0.00024605703021541 0.000177726354764427 0.000122916513242344 0.000103753242460797 0.000155362369273114 0.00015520296899745 0.000201725309208433
0.000141303102486769 0.000230227609798747 0.00020672463191166 0.000345148998412235 0.000408864649279919 0.000306246338857375 0.000248631818750665 0.000201473083730367 0.000190176875059061 0.000228737382699372 0.000213942274667788 0.000145365196662778 0.000144457971686625 0.00015082176137969 0.000172941853483182 0.00017082387738195 0.000150459956700449 0.000184524056642119 0.000252835236768097 0.000265233081776914 0.000202912003896965 0.000217796130108606 0.000183135037983179 0.00017673035075716 0.000150144806750235 0.000160747554406661 0.000195272481526001 0.000215496830912682 0.000249786633099588 0.000195347805036193 0.000183594936462981 0.000128229625886245 0.00017711686077443 0.000210772539361522 0.000190497232889032 0.000134800112642672 9.19985040143716e-05 0.000144860450662154 0.000137154938783435 0.000168694289331524 0.000197764506114045
9.58371904556046e-05 0.000153562292010851 0.000177882909914849 0.000195080494608486 0.000247611559087845 0.000204889072030588 0.000180969943896296 0.00017826979074329 0.000160199308613541 0.000247930969888148 0.000262502858938141 0.000168826195242078 0.00012659057609746 0.000147423213161654 0.000164838444864536 0.000147995506916629 0.000189729792377507 0.000269242929127579 0.000265285861430239 0.000291096905092557 0.000287431374520721 0.00019408149903643 0.000184120645517062 0.000128252199129236 0.000120486639644274 0.000144526097378749 0.000165910643251699 0.000186377373566735 0.000185891002579587 0.000131380616164224 0.000126930428462665 0.000111694846591076 0.000150705439519724 0.000158500899477386 0.00015201774726919 0.000111804189244783 0.000101375586878967 9.75386876732928e-05 0.000131664971588832 0.000175141220899566 0.000157683456380157
0.000111216128614988 0.000118033678324579 0.000151164683977475 0.000171552953020593 0.000172840155569552 0.000145464656532263 0.000138218518475468 0.000121495816760296 0.000132723834570096 0.000159574302804339 0.000167348193537216 0.000136663379277103 0.000106820510032951 0.000124004222664648 0.00011465066591188 0.000134973584085358 0.000158881638320321 0.000224189094423037 0.000193824631404467 0.000209943536949156 0.000213575005065891 0.000205388228850825 0.000152517888987351 0.000142515324213491 0.000104495730938927 0.000145852463409736 0.000200179079211241 0.000184452960515173 0.000155620332784968 0.000107412330866649 9.28509358886747e-05 0.000126157465716221 0.000140654573704384 0.000162754051162112 0.000167569757315995 0.000138076601815094 0.000100091193937691 9.73247277023386e-05 0.000120743535212463 0.000153264639017633 0.000115218886848812
9.75060531666394e-05 0.000148004734131193 0.0001908304676578 0.000183092367432651 0.000164633054031091 0.000197702346376338 0.000148311323054035 0.000107617246470574 0.000117127315529694 0.000141491751111252 0.000120672485833723 0.000124723744676101 9.77820770393397e-05 0.000105684521904109 0.000113808975756929 0.00011042745232398 0.000163513929350025 0.000167035904585215 0.000183835020451326 0.000139553590093324 0.000140578725057058 0.000145480424572853 0.000122904853450548 9.96467476877489e-05 0.000109476773656785 0.000123501522185015 0.000186367476749989 0.000123053322852619 0.000125625437741393 0.00010150608763748 0.000106286353506649 0.000139185360057045 0.000149498926275877 0.000148198627799076 0.000157160088905112 0.000155032509035245 0.000101794983075413 9.9629972747156e-05 0.000137530748314797 0.000179401656633701 0.000170026775021792
0.000168161635397799 0.000189408708214557 0.000202975439932537 0.000184602764655877 0.00015847262073084 0.000100005685139569 0.000102546551762228 0.000103046513082821 0.000139650839480312 0.000106164660981293 0.000120969632087413 0.000101700001197236 0.0001249188264862 0.000120306619404156 0.000132154531523389 0.000163085220594677 0.000152025934700147 0.000149984758813066 0.000150872488957698 0.000149302821028736 0.000101583498751757 8.71106289475523e-05 8.70924031505881e-05 9.00770261937405e-05 0.000101155074910484 0.000199777370597742 0.000145714282871066 0.000167940911025595 0.000121622557780806 0.000143200702748476 0.000136899792282834 0.000113335455561612 0.000120029832488042 0.000138442337688318 0.000171952638187609 0.000126880967954157 0.000127282209402895 0.000144806204067487 0.000124294743143215 0.000167591793506042 0.00018508750508453
0.00010740215230832 0.000141003897557079 0.000160275758438138 0.000149333304392056 0.00012286304355892 0.000100200927661544 7.9008765877085e-05 0.000106406233482309 0.00012821095416168 0.000121682034587308 0.000105958908617021 0.000117756795584218 0.000129961730820331 0.000124561303374592 0.000128898425076568 0.000122166946422687 0.000118097260375578 0.00012546285909773 0.000115572690467454 0.000113218512857451 0.000131241616095548 8.06818842406151e-05 6.95545470441233e-05 0.000130895247819875 0.00010070061003892 0.000123306168075477 0.00017492852397275 0.000173250861740264 0.000145367049223552 0.000137846461112847 0.000113458040122309 0.000102533942180264 0.000120276116057248 0.000121351889157884 0.00011051045172469 0.000126981944199806 0.000115873384533492 0.000102733725200486 0.000137200187640131 0.000132310493322063 0.000150321671591762
0.000131654069306268 0.00013267301341258 0.000159182702771358 0.000106216707357299 9.94200910232957e-05 9.31004671952369e-05 7.97744920775947e-05 9.08954000399041e-05 0.000137248963757435 0.000139079745306075 0.000162274180945688 0.000155156359064754 0.000137106438199033 0.000108879718847118 9.5271435931994e-05 8.94294846399461e-05 8.90664092440219e-05 0.000105816508295184 0.00014194733530448 0.000107887309468458 9.75518406051673e-05 9.79634494192754e-05 8.37248747206872e-05 8.52763565526732e-05 0.000104390125998056 0.000112437927232272 0.000136648610624409 0.000152225683423991 0.000207518557163003 0.000137095382179599 0.000109616031273407 0.0001076323887209 0.000108000220396204 8.79795096978554e-05 9.99961632284841e-05 8.48100781649302e-05 9.10941985374069e-05 0.00011845215014538 0.00012261575898695 0.000127228166203785 9.001813955319e-05
0.000120248454046348 0.000135205123558262 0.000127747860021293 0.000108566441141585 8.35104482972803e-05 8.87266418853307e-05 9.84562051276074e-05 9.45223806932585e-05 0.0001008969740039 0.000145715356609228 0.000136160189546414 0.000128592085209497 0.00013794807144963 0.000113780520988965 0.000102416995960499 0.000111256481243232 9.05195928716744e-05 7.20202782029256e-05 9.03675450843851e-05 9.2768720233268e-05 9.16380638937472e-05 9.17172411262074e-05 9.32876575948042e-05 8.38733017370531e-05 7.94833445265513e-05 9.09575834063172e-05 0.000128142113313607 0.000142566496045632 0.00013391705641117 0.000123819431397606 0.000103065294517597 0.00010778334117755 0.000102074514490731 0.000114428688567836 8.12485191906059e-05 7.94209782923785e-05 8.9265157254668e-05 0.000102244993284883 0.000130727310427039 8.12772051146972e-05 8.368457846184e-05
9.89413198562846e-05 0.000103215027297638 0.00010032400064943 8.10206434547251e-05 7.91426561577435e-05 0.000142954265508765 9.40674732039318e-05 0.000111057105998625 8.34103362594277e-05 8.9543909556535e-05 0.000113739254225795 0.000132187839292896 0.000133576788192749 0.000107722577366511 0.000100563961456712 0.000112382142870308 8.60616109093988e-05 6.68382365167976e-05 7.29465684927209e-05 7.79994068449283e-05 8.86860509521467e-05 9.58671215723035e-05 8.83534251193102e-05 6.02897047319802e-05 6.11198582826077e-05 8.22005002684966e-05 0.000108954620968373 0.000166009826163838 0.000137645896084743 0.000115034616876468 0.000107344972418563 9.35540097389081e-05 0.00012987195063908 8.78792223325923e-05 0.000102396969627098 9.14985379606964e-05 9.10618506583939e-05 0.000116338747186141 8.8616098934318e-05 7.00495084071806e-05 7.11385761136363e-05
6.45832960206323e-05 8.43788440054108e-05 8.46996902247163e-05 6.51689654464844e-05 7.87365447890442e-05 9.1118453992959e-05 0.000107226829932601 9.66492130047148e-05 7.85677590074552e-05 7.93765439698449e-05 0.000103632393547358 0.000122128888381225 0.000102859765187146 0.000100044617135911 9.76296601804514e-05 9.73507785944982e-05 8.49239309949018e-05 7.2793355080323e-05 7.91878701028955e-05 7.88856952281654e-05 8.85032115132361e-05 8.39051125861812e-05 8.1751261051916e-05 7.36910176779067e-05 5.98519159947013e-05 7.43676671711317e-05 9.0791204978965e-05 0.000134210872507957 0.000132064044681839 0.000111766539795519 7.8382583462945e-05 8.57421757467538e-05 7.80070811442813e-05 9.52060505167999e-05 9.32390640554081e-05 0.000112535784188107 0.000103593203921263 0.00010494377269527 8.33299316637963e-05 6.63195958924737e-05 7.19319590766419e-05
0.000104244225173647 7.1475817453657e-05 6.40836403099875e-05 5.30317742650157e-05 5.88979424177085e-05 8.14177063423114e-05 9.52386441532731e-05 7.60021952512587e-05 7.68630336862965e-05 8.54006621691691e-05 8.22522443118692e-05 9.06596010933819e-05 0.000102826786226727 0.00010297175335635 9.45441060226548e-05 0.000107305855568076 8.18730131611243e-05 8.14073054427242e-05 7.28669466036959e-05 6.98591777923746e-05 8.06830313708658e-05 7.46513450498588e-05 8.40859580342001e-05 8.2237695217731e-05 7.49843202225908e-05 6.18943271969942e-05 7.74068231198182e-05 8.00233008410282e-05 8.87815472895175e-05 7.61230770729218e-05 7.82018590342181e-05 6.41584821522784e-05 5.59186665630409e-05 6.23467965122195e-05 8.60465039207061e-05 9.25349293537244e-05 9.01949167398989e-05 9.38302668454205e-05 9.15387464100656e-05 7.83028568281895e-05 6.33431485183061e-05
9.99198883086173e-05 5.98855786816808e-05 4.82287967474153e-05 5.04797939533351e-05 5.79517889445277e-05 7.48428202347114e-05 7.47008315009543e-05 9.43544320487611e-05 7.96568457026174e-05 8.0896507899687e-05 8.48725750975821e-05 9.78953574924107e-05 9.5828844615766e-05 9.67848489954963e-05 0.000122820785297426 0.000101927566217573 0.000133639798775531 8.01922527050746e-05 7.51913798744378e-05 8.11479699573941e-05 7.76129554816615e-05 7.38232623656248e-05 9.87951721852087e-05 9.20895590648137e-05 7.58237624914714e-05 6.26011882796985e-05 5.81445310220933e-05 5.70033763302292e-05 5.99824962229431e-05 9.13779490402093e-05 7.96808582982139e-05 5.09625678311102e-05 5.48275636736949e-05 5.04440211677313e-05 7.70732675394252e-05 8.75623695103035e-05 8.32268441623661e-05 7.76443888644436e-05 8.1039697485311e-05 8.05613679592936e-05 6.0279182215455e-05
6.73625185219104e-05 5.84009438961534e-05 6.09482643952218e-05 5.33385066405066e-05 5.19986711699693e-05 7.28196884402031e-05 9.40648351507888e-05 0.00010390726694414 9.36614989258277e-05 9.97264552205097e-05 8.60918512569654e-05 8.53258570954058e-05 0.00010277283264295 0.000114586348246642 0.000102783098688872 0.000122628106012419 8.15232243065646e-05 8.87832593657516e-05 7.26177610113496e-05 6.76381166398101e-05 6.56874701850429e-05 6.74878494928592e-05 9.00055925345229e-05 8.6059970506482e-05 8.36106648572715e-05 5.82710415239458e-05 5.27398363216896e-05 5.70862864464259e-05 6.72479488676719e-05 7.29306885104137e-05 6.55326222897762e-05 5.69642684088389e-05 3.90080766562672e-05 5.53435523097759e-05 7.36524181684977e-05 6.77697765938374e-05 7.14268644918178e-05 7.13393343589854e-05 6.16027182060616e-05 7.32278124851975e-05 6.08323646493707e-05
