Models/Synthetic/Density/tmp/temp_raster_pop_100000.0_0.1_2_10000.0_1.2_-1606404845.asc
NCOLS 50 
NROWS 50 
XLLCORNER 0 
YLLCORNER 0 
CELLSIZE 0.02 
NODATA_value -9999 
[rows 20 to 39 of 50, columns 0 to 45 of 50]
67.758937023967 46.6468868644727 34.156365665783 32.5762988509412 33.7469738624743 30.0849707618966 27.5966688777558 41.2473376554431 52.8227838153791 44.9809390288874 60.6118133110703 65.0796655235288 74.0580292961702 46.7568373972821 38.0610388558417 27.7954919844318 38.0366926892066 34.3493192117741 44.1309619013929 45.24305995683 39.1776212524273 31.1042135360908 42.8932471462614 33.5498310477178 49.8180470463348 43.4179463222539 53.4130618320754 49.3513123030282 36.8193083766011 33.5758605272601 41.7030570133626 28.4493290729931 25.871121200267 24.5777876442862 23.5178681059598 30.6079936205281 30.2954359852844 29.6360194575341 25.5913173241305 24.8617135386232 47.4318167389866 37.4217175148091 45.3296831642285 41.8224469389758 28.3406239190626 26.0803959876905
43.7484188207684 34.4032375087956 24.0688891875739 25.4418222259374 30.9775501428054 20.9034639282205 24.7271525411436 38.3239774345609 29.140343621478 39.3039836441982 35.5098423344836 45.258513876959 39.9460636409398 45.4003410614362 31.3269289118664 33.8413232670768 30.698294985616 36.9716295164463 34.0938509508047 34.283121974718 33.0953940437071 29.9089213805773 30.3176350861595 28.4827006190049 25.6406650113392 42.1773844092592 35.0761386249011 37.4839325257228 34.8348212019584 34.7927106660965 21.1149924915765 21.7778823823652 15.7320282052151 16.5497938109853 29.7703107521759 46.9380917872375 30.3564416779556 25.7190997153868 19.7041939079756 33.9053695381206 35.3541803033424 30.4243006664701 22.3653857476375 25.1550577025831 30.7295085948288 39.8802156082358
28.9395232224176 25.9318825884544 22.5178024346359 22.4169432729703 29.6574244275993 29.439176033182 26.4227273636999 23.7351216809573 23.3369338035164 24.3760188093374 29.9607496852049 35.5513863787497 25.6801880363068 25.6634592811226 28.9845533811413 35.5894773621493 29.429111154835 30.4914995074707 28.8849777184834 26.1172778320378 33.6833637542345 39.6024293997795 37.7395319837888 27.5939215054317 25.0142873042517 25.9978742774629 26.4232871791251 27.138597486395 34.7540745013698 30.6028389975877 20.8638745838726 16.7581973303835 14.4650521877056 16.3121437091637 24.9876124272485 27.4730108343729 31.4270895584955 19.2724631902659 16.0431528402626 21.7462902623781 21.6243585194003 17.5824702670794 16.8287323840313 20.2936246915918 31.3515121632198 24.8684298165169
12.7782078975187 16.5568282886354 21.5437624156234 21.0534870792995 30.4357861361727 25.5250131245204 36.1479302869383 23.4091302038481 21.326103284458 26.7486690394623 26.9953247813915 19.2911815731635 19.5507804675829 25.7428091784178 25.6252821449748 25.7812977795215 23.3097056796524 27.218047020906 32.1573281603284 22.5795851022958 33.9958811551295 22.5699308912954 23.6691749058267 32.1083180671696 25.5093147172251 25.275334064723 25.057139403711 26.7369207323755 22.9368620173974 23.2911681043014 21.7708941666681 25.9269227675821 14.1797332968099 16.0702049244071 26.4515359951983 30.0228692248387 24.6402828492523 15.4340400118222 14.4014699976599 12.6244619341942 13.9546671176497 15.3068068820701 15.1578803356049 21.936376616876 23.1863406206967 22.372445636847
12.85526278459 18.7806346140733 13.5747357763637 17.9029565371518 20.1168423006908 22.4307539953181 21.7782879156011 21.1429200093869 23.8282829535766 15.7634262330462 14.5624508971455 12.1274896344522 15.5838063158539 18.6304112234998 22.222479110109 19.9469983993801 19.2500876632927 24.2118150792657 21.5765278527196 16.347309540178 16.7376427636202 17.4103543143349 19.2041495728029 19.3651092205428 26.7390103620099 27.1281983311718 23.1818698136693 20.7126277093297 20.6222474228091 21.7551580759372 19.6900344053791 17.2264586857428 11.9087409232522 19.7234640599621 29.5376594914131 35.2108118820314 28.5734247159402 15.1913336326292 13.3803930768221 14.2653017381473 13.8762384481964 15.9092362784078 21.6271073879581 16.3816444149101 18.3695783470905 18.0398308017544
20.6633342719364 17.023710974058 16.2557472561442 14.2832935400638 14.168124045871 12.6425905321469 16.029499067141 27.5104473491687 16.2267440853538 15.6452928938147 13.3605801186857 13.0201090382017 12.423807937706 14.6626158152685 21.9226414816967 20.7829313712915 18.1198704747401 20.5336144676751 16.643535254393 13.5421174996845 14.8582480382922 11.8813410714483 11.3955231102696 14.5081734182741 22.2627454890761 17.1810847561198 16.3313484150689 16.4322754041253 17.0553172379184 16.7503618816322 12.9688312614556 10.4126275952556 12.4510629358211 19.1788862041642 25.5287163794523 25.0106260633014 18.483118763406 11.538092162923 11.7355696044934 20.0537706910696 15.8974511125434 19.2305168193918 22.9163369424846 16.1279593662217 16.2508734136411 17.3075358092664
27.1682368055262 21.4795817658197 13.9234829307222 14.9125069095561 11.0982276593475 11.7614650450949 15.0286863179479 16.2665305565111 14.3463099024732 15.0558919963813 13.7352361261381 14.5663515102947 14.0440755616033 14.6817616349034 15.0600841235284 15.1442639842526 20.4490393283051 15.519623723072 15.0585652311901 14.9188613930237 14.5562298123552 13.2115029119847 11.180792880382 12.938044238772 15.2311957391511 14.9246952398055 14.9835100929045 12.7802145726348 14.5071248393089 15.4829269780157 13.1546092910564 11.9106051315484 14.8156281857108 15.6279403620325 16.1049908485916 16.02589111129 11.065417072135 10.7180221136733 10.3265759807582 14.245438950738 15.2717330548812 18.1646673799312 17.9622673676509 14.4735489074665 16.3177775848442 19.3137593881667
19.4913132482695 17.8103414557028 15.7365666826338 13.2345779710617 10.1401017501771 11.8158629048277 17.1858233778245 11.9898370023034 11.7433023355246 15.3190120777614 16.9851947672562 21.2706624240777 19.78713018149 13.2622338583063 11.6143540431583 15.8284611080006 18.6773377509597 18.8430273413304 16.2071564128583 17.0810534765523 13.9363908657212 14.3932065403189 17.4921067069608 16.8295162831418 9.47581079716705 9.39670647034208 11.3684118013367 10.2762987688338 12.6108373125443 10.9356277481499 12.2523460011538 12.5696080024595 11.59363287411 11.9635342842515 12.0733409323744 10.6308779867936 9.44287898545754 8.17995857743594 9.62883272923285 10.5870519515433 12.0971142908904 14.5378205320179 17.7199758427707 14.4790518229257 15.5687655372872 17.036938631883
21.9319831404195 15.1435286540279 15.275857630786 10.9396957177222 9.53982257722063 10.2832675494655 9.76672107537201 11.3881909440562 14.78776161157 13.6151305674884 13.5944204873729 14.0804288136804 13.4160247957168 13.6869305700762 12.3335495738858 15.6782534396938 15.1763417258879 14.5624042896989 14.6296368271968 11.4656882338719 12.914538124748 17.075020780703 15.5868034906858 12.2136294515229 11.1109741917241 9.20271611203012 8.24010731135924 7.39124153803639 8.23122339045104 14.1212875844837 10.9190086563508 9.86950267495454 11.3090333812211 8.79464175807204 10.9485797868206 11.3573502148516 10.8404858985222 9.99275509800069 9.28076056991348 8.89314956282343 10.1089609124042 12.2241753440894 10.3281613711815 14.5698806677875 13.8907987156745 17.9244268788945
10.0185832036968 13.0729960170402 10.8984058898146 11.1575431097763 11.9576881620896 9.15721567125198 8.81099799905383 12.0371173111438 11.1221931205608 12.6061570649306 11.4779305346777 9.68329701605127 9.3300821755246 9.57103945798931 12.479637094712 10.8747872953527 11.6229516827919 13.1701615956572 10.7744260580755 10.5848343397771 11.909431983259 12.8144613263299 11.7798260999487 14.2738536294035 11.2550569379151 10.5231826290185 7.52314238259912 6.56281045468022 10.3032056090191 10.8706624782752 10.0599104222366 8.28956514247227 11.6506896030259 11.8491174008013 10.886384314194 12.008684347969 10.0086541466858 10.4402275877842 9.6651475180573 8.22800911456927 7.24999046680538 8.62055501924143 11.2018254536171 12.475694347223 14.1971875161138 13.3847665719322
7.21096715119538 8.56785169351557 10.0565233283007 10.7421569065745 10.5948933044665 9.95275433480571 6.87401673089903 9.01580772807635 11.1302086306726 11.1726499371723 11.5504841941512 8.69139200920832 7.59415570937673 10.0850439880033 8.40118271911226 11.1069953586867 10.9619854535999 9.36077661549026 10.9885747959303 11.0318074013919 9.84110563517301 9.79777257443468 10.3604074029464 10.7360214574881 10.2860006133285 12.5533951957664 8.07961021029333 6.72942272487956 8.2204959196243 9.89700187709971 8.91195363385154 11.5059598459037 10.340783805079 13.3428874667088 11.3974611402425 11.0524765953329 12.3287917552945 10.2891887677386 9.32065004410519 8.76656551162308 7.28798214099841 10.2540261590349 12.0166861926904 15.2599310833731 13.0012493663373 12.51541566912
8.179471925992 7.39483477581394 9.38815112560341 7.30088996326171 8.25528803729499 7.08649168067101 7.09791202440214 7.58790413830529 11.1271611320794 14.2989154589417 13.4918805404519 10.9285472278005 6.52745784951652 5.9896391387153 7.0255748734247 6.99443062482535 7.79874126717734 9.1832423848787 8.38784005145728 9.50930310665598 7.01759801673413 7.74035460641632 11.8898050105251 10.1551714602958 9.92584642492394 9.79022328278306 8.26944035157115 6.60327082240586 7.74696065804718 8.82515315881283 8.91136879391675 9.52599671772916 10.9506116198523 9.64452746842482 9.61047773728905 13.0296177032294 12.3643126230487 10.7568340235195 7.17942865692675 6.87033374842732 8.67004804357521 8.91906006114393 10.2391061512213 8.33421188870028 9.2730491970023 11.9434176946668
6.14354370978441 8.98615248332994 6.68636577154518 6.46223068633929 6.81420968718521 7.14768655428808 6.05104381597631 8.85523863836329 9.21007419291125 9.90415060773972 9.9339536064335 6.47423232189629 5.72597899026123 5.51726396365806 6.1616298386581 6.45966686387217 5.67645934373053 7.12942561767965 7.68449913267366 6.61649774561985 6.23880380267343 8.97280363123071 8.18331272239744 10.90305153347 10.2556702366469 9.88905787389891 7.88833127351154 7.34820704726005 6.97510169504555 6.75863894766438 7.62061943087791 11.5638923114007 7.97391579093689 7.5600170081603 8.9458317735541 9.77204432767726 9.96316284162253 6.70380795833649 8.16810727307085 9.22377719403944 9.09612581671418 10.7250117079693 7.66208616998467 6.15489613144067 6.81292091387078 8.94146641415037
9.50703425032009 8.69543741460137 7.86334947873592 6.85161321720009 7.35309746144092 7.28780132631443 7.21207047281947 7.34650262979278 7.39580951087471 8.6059060534979 6.30466215070176 5.27172782895595 5.33820695929155 5.52795552510819 5.32409084522634 5.49604354671747 5.43477225089804 7.05321277220487 7.43096717805051 7.05305739604348 5.7424547277097 5.90743831717902 6.68609776394969 8.69502443375136 10.2478473863372 8.29757200467045 7.77597121136459 8.514276683624 6.12990503695629 5.65970823613249 7.46894488882481 7.43675175114181 6.51474687104019 6.1853331176534 6.32043749780788 6.98363482676943 5.8850173864488 5.04918959693182 6.1790408234753 7.60417631614137 9.6060000098306 10.3112626637342 8.16798225287598 6.69108241514984 5.81209275506589 7.70412884220628
6.78247018057762 8.55188280313773 7.95226162424086 7.46551515722335 5.79078547107837 7.01901592421123 7.56219809935866 7.70270463013057 6.67767324932928 6.77703875602932 6.04761535949533 5.54878087871107 6.77073434014926 6.59826186449305 6.0843928322061 5.68021070163693 8.11248266248047 7.92242496450362 8.09439303509213 6.88035875353758 5.36670098334144 5.69260100160602 7.20394303356776 9.28564381625399 9.25746419628604 8.72082694843639 8.5506454705054 7.391107095903 6.22473603490702 6.18331407964309 7.26501864912105 7.95260395043518 7.14151948331186 5.79917983204107 6.27146850800842 5.94229249416797 5.50700448415047 4.89571687291907 6.12404483159639 8.53014345915732 8.90597105687561 9.40341818021695 8.87193585884621 8.13159384946765 6.80699792252129 7.53705107312105
5.65377044490958 7.39345208132285 7.7093594038238 5.91649777955753 5.33585149054413 5.89371726319317 7.64876819715412 6.87622243413545 5.68657995725496 5.82924455714629 6.47450086024559 7.41471974182451 6.09101768131976 6.69514045832012 6.78830904756001 7.96866991461236 8.87996323349678 9.36385782107295 7.62937054354906 6.04595617905871 5.50242361563958 5.48839411424105 6.72770905936953 10.6312533857434 10.5279128483488 8.75400956958015 8.65526221522883 7.34459846480295 6.25538778664423 7.21152201446659 7.87892600062245 5.84938073134622 5.17015426538984 5.82346494573794 6.26055799634409 6.40338932822064 5.01443457752807 5.08336555490813 6.25574150601127 7.0049437806814 7.8808750592225 8.59438305735364 7.0873793945913 7.04220608508553 7.85048246445303 7.69415639040481
6.95776863529287 7.66501604745913 6.53742896754374 6.58820894645041 5.33214060994655 5.63891267720762 6.04084863207027 7.40088570537156 5.57031352103115 6.31300790484642 6.95193395804625 7.35822251717808 9.2718698360693 8.09669216940264 6.90983122053354 7.80537359961846 7.44593961214159 7.46493990032326 6.28250186438049 6.72510366062356 7.50035837002013 5.70085690651857 8.13856061584429 10.6362708182297 10.7347767666981 9.43446920406492 10.2109077337319 8.38164385435494 8.31865922811132 7.3434561793423 6.13606688509332 5.7418758982067 5.67599847622254 6.64145274134063 7.12313062847411 6.96646952422479 6.12642146133888 5.86618340226765 7.11217904561001 7.65249938798131 8.4675652175956 7.9632233939423 8.31572106087385 8.1626876947365 8.06944311179675 7.47280696181365
5.31659460709523 5.64103343620174 6.72152723235224 7.67846715630611 6.37908942880162 7.12842938146804 7.06782609151473 6.04941398258631 6.85302055841908 6.58103052420807 7.02524785216271 7.85179908480039 9.8067756434475 8.69028409250298 9.73661877952778 6.51654115977333 5.70114441980259 6.61576130110093 6.98649032564059 6.70647563539534 6.24998236430662 7.77968414246175 7.48649560027346 8.85138985760826 9.0120887713262 10.284104125163 8.29702050068624 10.017959312589 8.92900027808769 7.47640017348557 6.15344475947911 5.64218867569211 5.62276091571362 6.99929480663783 8.24157711759302 7.09634308530593 8.51924666672716 7.03959510944619 6.19222569648392 6.18906176671968 8.4857222773221 8.75398938371209 9.60435780412085 8.37742694004411 7.20740351242102 8.11397804390539
3.75541841431779 7.02879656050081 8.36322324698809 8.40685105510111 6.58758020475306 5.90007073083363 7.1017479808628 9.26497540043075 7.43961075637858 6.94617519910246 6.46448171764137 7.3651449899775 8.0546109079845 8.5599586424875 9.35273747477923 6.04760609930901 6.53999287934854 5.92608874817923 6.44410228713549 6.56861517269363 7.71098897704129 7.12295317640337 6.67106086755328 6.52082589181697 7.41680044829639 7.47189386148366 8.97732760856512 8.16808128858306 7.10855801646671 5.78500452015454 5.77169648785324 5.13101434338033 5.46956185859608 8.00888447541022 8.07903483935537 8.63496455141176 8.05384341901367 6.62258912296152 4.9357282985671 6.21320064511713 7.36708509341717 9.06948571103109 8.3791694470379 7.82843938714439 6.67404195406695 5.2613916305335
4.04082269476573 6.07390934328528 10.2182711077417 8.31068872129079 6.81026943533603 6.07624283954183 6.65645912196699 10.8542480460734 7.53836552744478 7.06989159200099 6.24070535687913 6.51502049270382 6.8848219540851 7.74811764539879 6.8723156396016 5.50537557545881 5.64759568255264 6.59530848780494 6.39377368885089 5.74476340930784 6.09040622959739 6.0654493397275 5.72708775355518 5.77504403323979 6.45932104007163 6.75472030096646 6.00110020504388 6.19653869570569 5.93303053144378 4.54834398213057 4.87333347495776 5.2275382272103 6.69157206471297 6.53333774691214 7.47491107138964 8.32926602148035 6.24748216082571 6.12804793460958 4.43027393087496 4.27085506079463 5.0309551133381 7.53857920216422 7.31492777741852 6.46772156255497 5.29051315228181 5.39621407866913
