Models/Synthetic/Density/tmp/temp_raster_dens_100000.0_0.1_2_10000.0_1.2_1069915673.asc
NCOLS 50 
NROWS 50 
XLLCORNER 0 
YLLCORNER 0 
CELLSIZE 0.02 
NODATA_value -9999 
[rows 18 to 35 of 50, columns 0 to 40 of 50]
0.000458591203982152 0.000460975548004289 0.000460786531866178 0.000448323309228281 0.000412405958822771 0.000386520023102531 0.000509870239481665 0.000803981307428472 0.000769076977744704 0.000437378979940849 0.000314173258727959 0.000244834599908638 0.00030592916635662 0.000327863139360852 0.000371586340163592 0.000312818327207114 0.000381813788526527 0.000503778581837627 0.000500311111988331 0.000360817194914403 0.000272338451333728 0.000336410448020355 0.00035870816480774 0.000549834502337308 0.000431094369535622 0.000461625245201471 0.000556428497522485 0.000548120212485422 0.000337637865139806 0.000304833197606588 0.000282124747060419 0.000277089215821652 0.000256600621576206 0.000353350658128984 0.000496961067439545 0.00066514475400874 0.000587790500565384 0.000424684569855748 0.000594434347118804 0.000673657932254643 0.000561153752505879
0.00044430307424345 0.000510323599431722 0.000436160616221709 0.000362428404154054 0.000353672448121834 0.000379225354606929 0.000535672251443348 0.000630487193822475 0.000495914075360779 0.000335685789465833 0.000248302461943638 0.000282546380015469 0.000318062431207907 0.000363312982956417 0.000268583305929866 0.000295645166120453 0.000318672661171024 0.000466967578641056 0.000511976934799517 0.000366556149272818 0.000318174348389675 0.000267603826332082 0.000451537763066935 0.000442963151965249 0.000331374983636413 0.00038505329954843 0.00043135932989547 0.000494475257618972 0.000326744410044255 0.000295847971484888 0.000325198089184239 0.000267101509464201 0.000278265739697251 0.000293531869856617 0.000378173593170793 0.000524751345792592 0.000437998208684154 0.000519030000205849 0.000624742167362342 0.000632510139365641 0.000403557538852956
0.000675049424861857 0.000493194795916161 0.000399052582340984 0.000294915452607145 0.000289056000242267 0.000411312021249457 0.000288502238823366 0.000363124420930724 0.000427370431246902 0.000333269630976195 0.000286712826173549 0.000289410678258637 0.000366927910171208 0.000393217159806 0.000294167548336085 0.000285068999558392 0.000439628521644775 0.00039029769758392 0.000425149745980454 0.000328039880012555 0.000318068110126671 0.000289870625268209 0.000281779235498604 0.000337437877799346 0.000261389991260517 0.000302916078857409 0.000287190412342989 0.000366790508193346 0.000354608553379189 0.000273838992781698 0.000291233896873876 0.00034322972112201 0.000285684442631469 0.000236653295591986 0.000283370659793574 0.000340724747363466 0.000492941051294559 0.00039108638787017 0.000421146471669439 0.000392492269878581 0.000415646008829105
0.0004795362348717 0.000427244018526192 0.0002962850100939 0.000302257790232311 0.000294175657138096 0.00026264333673411 0.000268869150459927 0.000246807258636181 0.000367381103367575 0.000326644588789837 0.000289239049022975 0.000302331601555272 0.000399901729686442 0.00043610166845741 0.000312015408933327 0.000264413947730449 0.000323720775227037 0.000309420334162092 0.000372927774345744 0.000333381398475544 0.000361421863586118 0.0002726633288637 0.000210596940632597 0.000175126189446361 0.000197269407317001 0.000204185344027691 0.000225860634910463 0.000240309522163261 0.000254575211334277 0.000250760009357028 0.000252696650333032 0.000284349746981251 0.000278789162096517 0.000231793278531491 0.000254385223766732 0.000320015904772497 0.000317127881688549 0.0002840631722952 0.000280279348478804 0.000273974541324466 0.000258236923393725
0.000291167770941775 0.000259537978468041 0.000281193960547112 0.000225571270547614 0.000243854006187517 0.000203686458427734 0.000249445858550436 0.000210132425173449 0.000281204859504172 0.000377939091834833 0.000331164335866419 0.000271463252574456 0.000351482246777357 0.000329281599611149 0.000292261402939402 0.000298004070164117 0.0003094880769608 0.000356596409431 0.00029962550493817 0.000363482206611557 0.000340719594097863 0.000275761978227115 0.00018414958575406 0.000138417208384814 0.000179398111472998 0.000168396615209054 0.000208860567235314 0.00018499712739569 0.000205529539555847 0.000177398736111458 0.00024556052355463 0.000291257831812592 0.000233727441662733 0.000209060057111415 0.000175692743409402 0.000171463053073102 0.00017845633683623 0.000184777296251343 0.000206101267082847 0.000288317139889536 0.000218883454066647
0.000217864440108397 0.000258689517916369 0.000229966921854981 0.000218623494485109 0.000185408561525699 0.00018882908941815 0.000205621436936452 0.000163218898387166 0.000213334074863845 0.000268072922409376 0.000287346103732339 0.000276092698816668 0.000256418041440931 0.000265524680950796 0.00021244111299908 0.000261336763858589 0.000348306204452233 0.000334079674372861 0.000251012271558219 0.000304584975741876 0.000380916933452718 0.00025775018907754 0.000144693419312303 0.00010493536955359 0.000136573026364513 0.000132666446786538 0.000148517327017739 0.000185674493470061 0.000182633263183068 0.000175787918126474 0.00023520637180033 0.000244015723285784 0.000170820441730008 0.000157626493086787 0.000155057266314284 0.000140042675728587 0.000106339145175909 0.000111477324172535 0.000172111876922479 0.000227978163897405 0.000224687934475445
0.000204106612608845 0.000199887438324141 0.00024080472442962 0.000180988719224412 0.000217828572019516 0.000172519599133419 0.000196909185309973 0.000239462826168075 0.000164521996840868 0.000190383730903085 0.00021296980186787 0.000216132555207446 0.000197088638760198 0.000161212644456885 0.000156736948587251 0.000197421129696022 0.000221908499924081 0.000245197121237946 0.000228519794416806 0.000241578210320026 0.000243497616590016 0.000232911136849466 0.000138790293415249 0.000110969930132312 0.000115878366373168 0.000118021368553942 0.000119740777072154 0.000161446509810097 0.000163307958181983 0.000193647833621961 0.000160854192056069 0.000173872886317356 0.00012359442459272 0.00011788022081444 0.000148778763661419 0.000132492762222242 9.99928460077586e-05 0.000108429908785741 0.000149950960942021 0.000190847270348524 0.000221365737945927
0.000137132445214562 0.000187480415158771 0.000187913364997085 0.000153440828447341 0.000170842727785016 0.00018887760887113 0.000166185794691412 0.000159233794825907 0.000175867390317832 0.000182578727277211 0.000155075388064921 0.000181548733695767 0.00018597511419322 0.000149339719783445 0.00013429276491039 0.000149037725896065 0.000172479234464511 0.000164590469443112 0.000187862994707084 0.000182727287293608 0.00018728449259225 0.000224284720741751 0.000148902034797821 0.000123750347098844 0.000134893307938986 0.00012279338720092 0.000127391439786557 0.000161002606644076 0.000209708605354675 0.000162121983545002 0.000173992246485526 0.000137306889329551 0.000109718654410187 0.000141897857357968 0.000148723161554921 0.000108929680178474 0.0001012098020679 0.00012475802605659 0.000123313365377847 0.000160263838603009 0.000154231352549718
0.000150913841728474 0.000175546825627928 0.000157320162794132 0.000142199457928924 0.000156522687048678 0.000128603399026743 0.000150963556028834 0.000154840445645308 0.000149591036268666 0.000149473675578484 0.000154225945119307 0.000141135736852134 0.000143806828153117 0.000155606208622682 0.000182442606548644 0.000138732694050289 0.000132762579551448 0.000128390470465565 0.000133692233165403 0.000132780861142667 0.000145584886606174 0.000174488032501968 0.000148075032604682 0.000113682395688709 0.000122850582758406 0.000144256794481144 0.000151265951423193 0.000142374110269354 0.000188961684224923 0.000206275577160989 0.000167353847447706 0.000141790504989382 0.000103880348229839 9.41616217366493e-05 0.000104639072992753 0.000106157348422967 0.000108911487599658 0.000113545846263255 0.000149047485967586 0.000126547471300041 0.000136354540940539
0.000126319682906678 0.000153787352683121 0.000132897704655153 0.000131927343484409 0.000114696833298202 0.000107042292801324 0.00012372998280243 0.000143764758003461 0.000135059209101745 0.000118407833981618 0.000122518450146373 0.000124233835210797 0.0001346426251284 0.000167064656648136 0.000169936564043213 0.000151064435260993 0.00015311065063042 0.000146618918852957 0.000137688115971692 0.000146241869959948 0.000123676907692916 0.000143694404852497 0.000122516616987493 0.000119741481704211 0.00011710293302889 0.000116696452304605 0.000130506214719609 0.000123190181962508 0.0001131836749242 0.000123140312464027 0.000133579931960623 0.000122209604309716 9.99386803477326e-05 8.42323997391044e-05 8.30489822242618e-05 0.00010869527989396 0.000147339130351896 0.000136739200781191 0.000144298723118349 0.000120402031389382 0.000106743928358231
8.90154968475335e-05 9.83625121574415e-05 0.000102799062769097 0.000121948781025162 0.000104322775997098 0.000104334881596047 0.000118806458557353 0.000123919322824143 0.000119511932683535 0.000105235912885866 8.7962525659689e-05 9.50537292748666e-05 0.000147233710280442 0.000184232578931564 0.000174171908476927 0.000157868532248174 0.00016388866508549 0.000116197219828524 0.000105777589790654 0.000129609830581355 0.000152778911569427 0.000135784855823489 0.000152022893563998 0.000141308952836678 0.000111992306443182 0.000108348261937137 0.000106859074497914 8.64456149517596e-05 9.08157244270042e-05 8.39352335059181e-05 8.6665805711872e-05 0.000112941656625964 0.000108571373761207 8.24847458739167e-05 0.000100316309050804 0.000137069456284748 0.000130402663487709 0.000180591045856469 0.000153559856930716 0.000103779366544596 9.95949729829562e-05
7.79981927591013e-05 8.00072953577194e-05 0.000104439788809378 0.000131428708028226 0.00012310713550748 0.000121782806848053 0.000116120915023043 0.000106072519506574 0.00010366912602636 8.40941223643037e-05 7.95509212887714e-05 8.83802584348442e-05 0.000121187866026708 0.000131319678736479 0.000121556521087613 0.000127503574454532 0.000105358939884702 0.000124945611075056 8.04134484159509e-05 0.000102960025887429 0.000125189259917972 0.00012973430968151 0.000127448984623191 0.000121931151119446 0.000152701635754643 9.33402665473533e-05 8.56025685271349e-05 7.43303248994471e-05 7.40970631976552e-05 8.90951638153339e-05 8.66385589977155e-05 0.000106342408272063 0.000103224998153188 8.63964493953065e-05 9.29962242556212e-05 0.000129042128677209 0.000109266264646523 0.000110715671817759 0.000104813557583614 8.50781466432708e-05 6.43360747189247e-05
6.76229152553394e-05 7.09660021528537e-05 8.81896489594025e-05 0.000110942396799014 0.000140357559747254 0.000125687508905884 0.000112932334804602 0.000111028041240307 0.000101075798908479 7.99263148616467e-05 7.53292651976736e-05 0.000104741822854048 0.000120576223268677 9.93685062427712e-05 0.000105928267803934 8.54907401903705e-05 8.88116859987267e-05 8.13736072809943e-05 9.15071153969712e-05 8.18210874811185e-05 9.42633739130267e-05 8.78449542329018e-05 0.000102365010966016 0.000116247349955473 0.000116101160903919 9.99561345275642e-05 8.11810117073432e-05 8.05983154862701e-05 8.50772443695554e-05 8.75180081634774e-05 0.000104702893669448 0.000101542696095503 0.00010823761348212 8.10039510371468e-05 7.91361739825698e-05 7.29800661310613e-05 8.28946716935521e-05 7.81685418311224e-05 0.000105578223320321 7.10069127778587e-05 5.65080607493718e-05
6.84830232249146e-05 8.43539900677594e-05 7.90871754709407e-05 9.45016770870716e-05 9.75727930648916e-05 0.000114861416431741 9.59825249357451e-05 8.66749495585304e-05 0.000114773547419366 9.8791912853647e-05 8.38346261679716e-05 8.60418742934992e-05 9.08014502545276e-05 8.72825316886762e-05 7.71313003243503e-05 9.92177383207975e-05 7.50553439875508e-05 9.64562230199705e-05 9.74724662579744e-05 8.05814896604597e-05 6.65665749636941e-05 7.9089257925382e-05 8.64612802868976e-05 0.000117121678262736 0.000126046398449981 0.000110671648009802 9.6433081332064e-05 9.40095801301213e-05 8.33373911460943e-05 7.97020922830274e-05 8.79676696602998e-05 9.57139790200109e-05 9.9916400116028e-05 9.5341404463723e-05 5.87235613361447e-05 5.41361453889701e-05 6.77165191681633e-05 9.16152393304601e-05 7.91898874173412e-05 6.37850693101828e-05 5.29677135890407e-05
6.80174266497043e-05 7.89583305028319e-05 6.69881694370442e-05 7.40169405612721e-05 9.35434069751223e-05 7.77381756955268e-05 7.81778656430044e-05 9.00681823966095e-05 8.54161693987668e-05 9.49151685378636e-05 7.76167470586247e-05 8.4022374637593e-05 6.61268092022206e-05 5.92920664131419e-05 6.2078552122279e-05 6.17372905180302e-05 7.9154460696166e-05 8.0399011788397e-05 9.76611636752711e-05 6.76731594911529e-05 7.35525449501527e-05 7.32006837593899e-05 7.45272771692786e-05 7.81873078056257e-05 0.000110857540541931 0.000104964598519479 8.90029254731796e-05 7.83229901345523e-05 8.82450369882913e-05 6.90082163735732e-05 6.36468836022156e-05 6.59177351792489e-05 7.42372764326576e-05 6.20351462024186e-05 6.37131876890312e-05 5.62575992438181e-05 7.49679812737776e-05 6.90534533643713e-05 5.5078547373625e-05 6.65021155214758e-05 4.69448458704891e-05
8.73024337174028e-05 6.80077232945057e-05 8.02802910366625e-05 5.63433148976621e-05 6.45821879469865e-05 8.33712691902209e-05 8.23812676882667e-05 8.58102213862825e-05 7.95870010155227e-05 7.40668469968666e-05 6.20210476521424e-05 5.52546447415674e-05 6.04496169402602e-05 7.17944742109823e-05 5.94342131476899e-05 6.83611332499165e-05 7.26527746110003e-05 6.86627800548741e-05 6.01204035437416e-05 5.8274727627487e-05 7.07878009668828e-05 7.01272291398545e-05 5.80475215167531e-05 5.64688360105332e-05 6.35176644613621e-05 7.68549077192321e-05 7.26886208470153e-05 7.66259337249959e-05 7.20504950433297e-05 6.73725870405503e-05 6.53850567733575e-05 6.71837546019886e-05 5.21481847680838e-05 5.68261496650403e-05 6.15367411550552e-05 8.07767307542633e-05 7.40743981968211e-05 6.53546831017352e-05 5.16120852168712e-05 4.3765954349113e-05 5.18228035819585e-05
7.64396327376055e-05 6.87860145307112e-05 5.68022071212333e-05 4.78651473255655e-05 5.50716486318597e-05 9.08149799232866e-05 8.73166218478027e-05 8.59700162374288e-05 9.90335004218747e-05 6.18629227218555e-05 5.5356723073459e-05 5.54964382235246e-05 5.38084818875754e-05 6.76585039407036e-05 6.84631398636779e-05 7.19841238280414e-05 5.76806499917218e-05 6.11219720636339e-05 4.91458749342134e-05 6.0549062111936e-05 6.69178736060263e-05 6.61678739063855e-05 7.09045170058758e-05 5.5108756053856e-05 4.81982379344557e-05 6.15403139152201e-05 8.20678616604389e-05 8.19761627641332e-05 7.5932957652911e-05 7.70258081468536e-05 7.36230930060501e-05 6.34275907849133e-05 7.31596747754884e-05 6.41268832026211e-05 8.03424607814726e-05 9.38571154956538e-05 8.46787985718887e-05 8.86362695907086e-05 5.14531798973885e-05 4.17631943708895e-05 4.47553865995647e-05
8.78167481872801e-05 6.16253355983368e-05 5.31412835817841e-05 5.98068730913139e-05 5.98615374938672e-05 7.36948516956144e-05 9.7597475647487e-05 9.71532237384502e-05 7.83213973474978e-05 7.34177839825879e-05 6.49095984820584e-05 6.24050732115704e-05 4.88915449260598e-05 5.36448914181567e-05 7.18878690659424e-05 6.31544591789795e-05 5.87602245472093e-05 4.72500316194904e-05 5.97780281925828e-05 5.24895042813473e-05 6.26222746663296e-05 7.10310772684289e-05 6.76757475669543e-05 5.58104558067229e-05 5.84241538476883e-05 5.72320288498297e-05 7.55208373148854e-05 7.6970230201036e-05 6.93499658778625e-05 6.93320909827234e-05 8.32562053739463e-05 7.08356991497768e-05 6.3718698557744e-05 5.8714392478818e-05 8.14751759460104e-05 7.95651748521977e-05 8.35485585654815e-05 6.97327464943128e-05 6.5600402125526e-05 4.30640268422273e-05 4.33406263400328e-05
