Models/Synthetic/Density/tmp/temp_raster_dens_100000.0_0.1_2_10000.0_1.2_-1606404845.asc
NCOLS 50 
NROWS 50 
XLLCORNER 0 
YLLCORNER 0 
CELLSIZE 0.02 
NODATA_value -9999 
[rows 0 to 17 of 50, columns 0 to 40 of 50]
0.001688691391924 0.00166827998061949 0.00144306533966417 0.000800345345605518 0.000730135447325273 0.000906179681915347 0.00122058653884352 0.00156322677778568 0.00248812126774578 0.00120632364727843 0.000868264775200817 0.000868027778953082 0.00151580339983496 0.00326181203104347 0.0024012732499896 0.00160976084898854 0.000748863468431655 0.000532401070983911 0.000399627821938553 0.000665045027765118 0.00172358236310153 0.00108115877055478 0.0013879659906794 0.00234872351264018 0.00100018093017863 0.00115443921753773 0.00127758199703518 0.00190891346610101 0.00131439598207459 0.00126552369991511 0.000641173030594003 0.000670961331721969 0.000536996834674958 0.000933581440556264 0.00131323919634 0.000905169182822984 0.000745860700238846 0.000624329071655944 0.00113833515237391 0.00105020672695769 0.000831965149449901
0.00104778250925815 0.00165642937344604 0.0010242816622819 0.00107099506505518 0.000560573980187299 0.000645594770265366 0.000780896278015964 0.00103843900829247 0.00126390665124016 0.00124033532853001 0.00125120928765326 0.00148994124584278 0.0015802421373282 0.00192721307835727 0.0016678692405705 0.00116227105261623 0.00065765937229743 0.000387578283206243 0.000460727245601765 0.000749941817261656 0.001055179807693 0.00105478233556844 0.00107472820548498 0.00123041187126979 0.00127423489766219 0.00105702459033565 0.00134434858236593 0.00139606309420367 0.0021818914683085 0.00105946486451303 0.00132133278824268 0.00105182177980749 0.00104422641060143 0.000974255771001705 0.000756335004408041 0.000693701236270422 0.000621283369191294 0.000736046945335721 0.00104456660822171 0.00126851285884031 0.00133501736937859
0.000796735078197441 0.00061805909365471 0.000799818097126669 0.000607808386991512 0.000651340365747797 0.000470568936584396 0.000515715951910134 0.000657442454869114 0.00091186403953163 0.00139294353122579 0.000908612577821852 0.000917989926566789 0.00116465587498321 0.00134359331752609 0.00169014632732397 0.000915430638774142 0.000655461892108148 0.000518595449794264 0.000647472010245603 0.000692257106067415 0.000904035623811922 0.00109681972315289 0.00102429537725916 0.0011094960228734 0.00099159777239945 0.00118877135591731 0.00141809234737223 0.00180476485429902 0.0011413746258001 0.00126653832854835 0.00128192258757211 0.00212936490376582 0.00128552019857501 0.00116033418171956 0.000946119571664083 0.000636484762725616 0.000694687616999601 0.000801023372544095 0.00106632667181956 0.00124942622975156 0.00120613883900147
0.000406959454455689 0.000521186058324087 0.000441604055466042 0.000675335233746052 0.000696520051987149 0.000565358369350264 0.000410329796624909 0.000437560801262026 0.000734179720114754 0.000726468684710766 0.00085876974298267 0.0007109926921244 0.000906880595526976 0.00114703736877052 0.00112780305438821 0.00106114846908545 0.000743687848417059 0.000541346503582153 0.000474460123160027 0.000637142721417837 0.00118014162389773 0.00119731906687356 0.000973411998869743 0.00111002559291702 0.000957297953732684 0.00101339960123331 0.00142405372383825 0.00122459230762169 0.00119167416305426 0.00114364058526299 0.00159074867714253 0.00154697369402732 0.00176170063766736 0.00119064531261582 0.00116252177044773 0.000940870426984024 0.00076676275875163 0.00080942640622912 0.0010294151241662 0.000972559751683332 0.00108559673744051
0.000297682221383391 0.000334026704559303 0.000467328692956755 0.000473475670465537 0.00069298049803655 0.000572374645897487 0.000536965685911942 0.000508587542395054 0.000541341085802031 0.00065029814643408 0.000689722840281482 0.000869944392947264 0.000730312701393439 0.000751601530868135 0.000694542630898522 0.000581302147351164 0.000506631602913954 0.000420310604012274 0.000477898897209144 0.000735874589434418 0.000840650265954017 0.00080713009987925 0.00116386593440303 0.00119285725199706 0.00114586910587849 0.000910862352769474 0.00113956069703909 0.0011279070812204 0.00131648106849418 0.00119491295609681 0.00120150254331794 0.00109918911740873 0.00134753511903536 0.00182501762103022 0.00147246335283986 0.0012343269333648 0.000725083395207849 0.000661832060349148 0.000974054547273786 0.00113522229473584 0.00100050852147995
0.000497047626974943 0.000572714289352467 0.000416296027989942 0.000544693819101355 0.000740552541103635 0.000700266141194734 0.000564274252986214 0.000485894853063142 0.000812597175025097 0.000703312254004716 0.000815958662958368 0.000766224705035929 0.000782375108489811 0.000532388099436572 0.000425932836646319 0.000317157721611584 0.000390376617525932 0.000549535667436925 0.000621347933298547 0.000847521197405563 0.000758341604527543 0.00102247072815898 0.000841238427611551 0.00109671319266442 0.000847140710463865 0.000719283723779667 0.000791072117854371 0.00121344759103482 0.00109275484951027 0.00121355296305081 0.00100938173494701 0.000844762586583001 0.00113569137324578 0.00147966476133326 0.00149739744580733 0.00113661411475301 0.00068969474191504 0.000629782037698416 0.000846212616935187 0.000965175992080335 0.00105319841261504
0.00130316664040851 0.00102560076202904 0.000560248168181967 0.000479331902190242 0.00076751030433174 0.000566713991120908 0.000557189858913575 0.000734273914383583 0.000612989902252194 0.00102653750993049 0.000925990552687933 0.000864462113147469 0.0009722938407681 0.000553777275813039 0.000416982013065428 0.000381965676674247 0.000423492924679373 0.000883906281108523 0.000811674224782514 0.000687653970496297 0.00102137968205653 0.00088918061405981 0.0008169940370786 0.000772825735632638 0.000851162918566664 0.000700377775019474 0.000833015147040888 0.0010420870905165 0.00095432204731246 0.00105983315572729 0.00103552156545554 0.000939761543313419 0.000830698509151396 0.000951546432494249 0.00111469819924729 0.00111402691668331 0.000911246178009487 0.000882046708820419 0.00109461146810722 0.00123254981784353 0.00134802172914101
0.00290783057840544 0.00141304480399794 0.000820618638191353 0.000613897871274873 0.000459507196335806 0.000568817424872388 0.000619890844586727 0.000597426519256631 0.000660990148214878 0.000639764572324493 0.000832627976265148 0.00126928604863812 0.00108824015614828 0.00117616823230024 0.000979585586635811 0.00071516918409307 0.000784813367213583 0.000639931193015042 0.00102774845898356 0.0009842943635495 0.00103608784582071 0.00101622502511062 0.00101875192411676 0.00167062749992701 0.000940733865565365 0.0012177455285138 0.00116942121779019 0.000873462188651862 0.00121666049413954 0.000997204286182143 0.00110265636199247 0.00111814843321537 0.000853227853848504 0.000900951078721353 0.00138815525575918 0.00110655194353698 0.00084217311941678 0.000961316744059424 0.00122722011357944 0.000916348241019871 0.000983682889860113
0.00140620382545308 0.00138277788870323 0.000985298193932303 0.000857723062924044 0.000638372170685525 0.00045386642619694 0.000653804761051722 0.00081758941548303 0.000606463500879665 0.00067441099867946 0.000980344143674449 0.00101034397960383 0.00159113929535997 0.00171136211863133 0.0012411476319783 0.00121198233490851 0.000799983651931394 0.000690929628941684 0.0007838590827949 0.00110747803915283 0.000907385587921485 0.00109265310332255 0.00116749364596282 0.00118956745091804 0.00113916994887003 0.000820979109925411 0.000975839389775877 0.00117699717348444 0.00117331387765621 0.0010692274725864 0.00113338175665845 0.00109275717814195 0.00116885199657354 0.00115431475260648 0.00135198164182947 0.000924647627530112 0.00102150683461341 0.000813071013928907 0.00107731738391784 0.00084152093963574 0.000790205866887232
0.000986235246116112 0.00131656642855482 0.00140943350961679 0.000972006225201853 0.00080858276919091 0.000575673340028042 0.000697819596483409 0.00101570730186891 0.00071713866787928 0.000801339856843381 0.000883123290274439 0.00108880577512647 0.00117154359479331 0.0011605185915647 0.00139699103064868 0.00108107185500579 0.00095703986205487 0.000658752473871637 0.000645187738046136 0.000729520895188564 0.00074168052462601 0.000962875421142494 0.00128270874219 0.00141142496757004 0.00101670415837909 0.000924519555665531 0.000921670895589345 0.00112189723442097 0.000942995840545921 0.000891260721810719 0.000936727887889692 0.00147784315256416 0.00194226807750119 0.00130817622548609 0.000995496782973539 0.000925971918251819 0.000734386101655719 0.000864497116420703 0.000693780998718126 0.000917016202625574 0.000634497022443793
0.00147508652172465 0.00119339088901765 0.000958283535654185 0.00092365301515498 0.000647230432848831 0.000874125884659953 0.000646740105889207 0.000711805805739228 0.000706796695576977 0.00074769911484004 0.000862377346113906 0.000746761564521348 0.000922433118241574 0.000867267609044627 0.00105739704016051 0.00123742293244987 0.000835845288566694 0.000851938435262674 0.000606838294805881 0.000733854860913359 0.000881345251420983 0.000838296833567925 0.000942601570586942 0.00150132560341909 0.00109378006767083 0.00072349075704262 0.000786229857862996 0.000971912214548013 0.000852737657183597 0.000753349677528205 0.000848235598899339 0.00175085765722702 0.0014708214715476 0.00130799171004014 0.0010592449794082 0.00132601766952221 0.000764010750291163 0.000884430427301307 0.000832564767425892 0.00106591666718189 0.0010294584036929
0.00242362466949813 0.00117829588823677 0.00069239807840611 0.000590336517902897 0.000492116009244772 0.000440074110413006 0.000566716878924087 0.00051972262832849 0.000527934360301931 0.000447634992690422 0.000582598632878207 0.000637632194111303 0.000932556721002082 0.000681784541047376 0.000937656934717692 0.000963298396788686 0.00106030687406229 0.000966091752177868 0.00111489436966453 0.000872236872385129 0.000753006214847965 0.000736348082498271 0.000633085528524303 0.000630611790175911 0.000543894366979747 0.000741171005661172 0.000674525092843514 0.000703399075252544 0.000604986467664359 0.000631500604537993 0.00094586790444518 0.00107245526083247 0.00160864797190878 0.00116469902854952 0.00180945525200018 0.0011843510489181 0.00103431203538731 0.000754036760411291 0.000783218872817621 0.00100461330946605 0.001099358665999
0.00205279972973321 0.00110373451788554 0.000698958135717934 0.000408362388174649 0.000355187745871935 0.000388169203119016 0.000663574865511321 0.000561299902257397 0.000492277820644678 0.000419917974537141 0.00056826877270563 0.000669336475974897 0.000658267123101268 0.000593935902086733 0.000581759392936887 0.000699432825552454 0.000883270173999804 0.00138845271316263 0.00115452713114587 0.00104973244950584 0.00107825285428341 0.000826778998793515 0.000542697745052 0.000535723683337682 0.000470657016553002 0.000512737111177846 0.000769185763732139 0.000604517910329341 0.00067322702767005 0.000645387308994063 0.000678475323544436 0.0011649871116228 0.000929983776375887 0.000986576032832807 0.00082248940578306 0.000912996093613991 0.00111985089478472 0.000624424164289897 0.000599593378595732 0.000929878043229419 0.00114730650786146
0.00172258803002357 0.00157100937386001 0.000741644433431671 0.000551467531112981 0.000355417439309425 0.000605721653592199 0.000488402932518251 0.000508277709247325 0.000494154452265711 0.0004968821537002 0.000396986179997673 0.000617050210331481 0.000640233569310397 0.000685677352854592 0.000637052259423244 0.000635303210972092 0.000762134492643932 0.00079118339195908 0.0009633579180635 0.00123517349451187 0.00080682173983468 0.000830252097637688 0.000707569735727125 0.000643723852044358 0.000850585466717838 0.000696737715182968 0.000590741933941824 0.000833058996850094 0.000853845022737582 0.000999195159149765 0.00096170317035723 0.000828995207632799 0.000843817096039538 0.000669660180516188 0.000653712609038047 0.000658948448161902 0.000611112590440184 0.000602286928398575 0.000683581567894251 0.000903142551627737 0.00128052272147389
0.00135709161436949 0.00144853630820722 0.00087280668814157 0.000497583032749152 0.0003992989226162 0.000416703859320865 0.000517008339317476 0.000530052197344485 0.000415142114526627 0.000377386537884298 0.00048286843210437 0.000680298188960535 0.000965951932287164 0.000681972694762201 0.000630704954520034 0.000763321924774696 0.00103905252698681 0.000741071829928296 0.000691483739632328 0.000852617004308849 0.00109682677581918 0.000743162926588969 0.000719440035828978 0.00113655667069013 0.000790475817807188 0.000774957753695725 0.000761653189153165 0.000768540055049756 0.00106282587339239 0.00197540707631271 0.00149274770347262 0.000954224018541446 0.000577220805846712 0.000625352467384025 0.000606900487541686 0.000583042231824632 0.000518999802298414 0.000771035055385773 0.000877584255901518 0.000828205856677213 0.00117292725788981
0.00103939447663882 0.00103956678761042 0.000756550871715453 0.000498547145464883 0.000568992890169598 0.000599551729589778 0.000591926855662552 0.000421157738497571 0.000455986201374711 0.000436777120637893 0.000431217970704388 0.000472011094536381 0.000626649952241765 0.000697838235270131 0.000688550274485216 0.000914332144972927 0.0013827391796233 0.0006120765443215 0.000476495048802469 0.000579790898736711 0.00060634222132051 0.00108218913797319 0.000874096671148754 0.000705030320285759 0.00100648594601343 0.000667846669790093 0.000743698553643181 0.000999149135540968 0.00111319755095567 0.00132725555817012 0.00115507672059217 0.000653483521609219 0.000929286131694943 0.000595130289969299 0.000464709427450076 0.000597339154298631 0.000625537650237456 0.000776725565834141 0.000748692124787679 0.000720514060211071 0.000871659246694994
0.00104145914241086 0.000998119456263266 0.000785188175342799 0.000731100958331317 0.000629718862512774 0.000566874734212853 0.000515823882681777 0.000595156182702269 0.000414972932915239 0.000322137400096194 0.000330744624031031 0.000368258844451708 0.000532126728319586 0.000496737385793996 0.000771956538403788 0.000937636066706655 0.000662051313834325 0.000617268486656636 0.000355843149866256 0.000432413719424337 0.000535634620138965 0.000743177914870362 0.000688265333038288 0.000573897454115478 0.000531261536088353 0.000753208864802899 0.000681410753407231 0.000805598811314911 0.000887919803130955 0.00126109026548206 0.000818296114691287 0.000561444341521538 0.000423757866653906 0.000550893480132017 0.000409145777188021 0.000372809324145942 0.000574740920082616 0.000748291178713969 0.000906967062038832 0.000951445495449571 0.00070892466858413
0.00105122951518502 0.000859756043211352 0.000911939721646191 0.000774773121139344 0.00056020194101725 0.00048918753331408 0.000753831937131593 0.000469523023875369 0.000337982331133636 0.000409903107972257 0.000432258304169724 0.000582129754512212 0.000472761948467707 0.000554860175584642 0.000623223854035644 0.000508504380693549 0.000482944015128344 0.000409032397003726 0.000377326502803048 0.000408939485394321 0.000506116587404743 0.00051319357542855 0.000411022157942409 0.000409364325842544 0.000542162151354523 0.000656734479604465 0.000544013360924542 0.000481455844078339 0.000646470919073739 0.000800906737887652 0.000610116994042751 0.000395845934257784 0.000385895990662268 0.000311378072083033 0.000476447931941014 0.000424394631711023 0.000544274255036532 0.000903157598457259 0.000682188917181941 0.000699158749114189 0.000594593760760212
