Models/Synthetic/Density/tmp/temp_raster_dens_100000.0_0.1_2_1000.0_1.2_-315487741.asc
NCOLS 50 
NROWS 50 
XLLCORNER 0 
YLLCORNER 0 
CELLSIZE 0.02 
NODATA_value -9999 
[rows 0 to 19 of 50, columns 0 to 44 of 50]
455.371645979573998 415.997632544925 379.414288797778 355.446476127624 348.512948839696 368.014015670333 421.329922031373 504.792280973123 605.644147932889 681.922286028382 724.761775776761 750.245364502034 702.637200215175 626.353436731955 511.186246718605 398.913563489617 308.339717961368 223.597525510373 161.992899847386 121.48612260405 97.8123241320629 77.6350172292642 62.9069116998557 57.0341475058585 55.377637797055 57.7953600186138 69.3451255860527 80.3047423311993 92.5551777028269 106.141874524007 120.435676513793 121.36665931334 131.559106154516 139.064593658878 151.318557788339 165.448030093059 186.948800894336 218.03643349284 243.947342573292 260.183612162263 265.845697316517 257.040674060689 240.389050035342 220.769070463737 199.606968406541
397.023735720477 371.336425563178 342.704991551945 324.32599721121 324.417962730222 349.41425920039 392.09554026412 462.779122970955 544.342256215602 617.222325927591 660.043269730002 664.836689827591 631.523457802849 550.987164260825 469.325095018735 372.600293284114 289.51628396895 216.081269987134 164.257287064664 124.400426594885 95.8658909308768 80.0236005019439 66.8636959766853 60.6410805831195 60.4454822485348 62.6506950969962 69.4875114783777 82.8984036636126 93.017233958319 105.87019609295 113.454097116658 123.014399216731 126.741890328051 133.421706813953 143.497876650261 157.27641811938 180.673467091444 201.262833034088 225.66009115518 240.386944467183 248.362830306669 237.780074622129 224.728459185941 210.354610479088 190.774564165887
322.912867048225 312.256841905157 290.169956750076 280.917522611557 280.670571779301 305.481512931505 344.708961127354 414.775900508401 477.238977991551 530.496327882101 568.575108123515 572.21667652798 541.139669783377 495.76466339099 418.77006949847 340.332055928414 266.334867148144 208.04125014084 160.644101718206 124.218403170956 106.653955954632 85.9621690133066 74.8743885723806 67.4620441010356 65.9156329730094 67.8284466774676 73.6765047025972 83.9770762593534 97.7671515746884 105.483206366377 113.508814265412 119.147443160488 123.329675981275 128.987639700726 140.326980369578 149.146595230709 167.701795453678 183.64317994756 203.244317290482 219.617663015115 221.637838234976 215.891715895232 206.969653669734 195.512977739951 179.71884925303
244.651459059813 237.692880703726 230.586219222785 227.163723466198 228.454803520768 255.880765239305 287.280665921143 342.783246220827 394.506218581672 443.450771038773 467.175693098622 474.035461514353 459.22393601269 418.327839340212 364.385401248943 297.396362176165 240.084102100814 188.966552141013 151.932691409564 126.767924512228 106.039510976514 93.5044799615882 82.6619283396327 75.1499410720041 73.0297358968316 75.3076982045765 80.2692317394374 87.8885705273782 96.8388297794942 107.904322377133 114.204461522965 118.773867878292 120.801478880575 124.686280908109 132.671201623815 143.792232639068 153.554492559498 169.350367059152 184.331645005942 193.052541603321 192.430291074132 192.070706878278 179.727640882998 173.486735147609 162.262524312547
177.386653200957 178.124495164051 177.753766020781 176.222808767246 181.841478760135 206.613697130095 233.9091080254 272.165396807678 306.575103836191 345.255726856111 363.080858922254 376.069403539231 361.307900054751 334.345969171541 295.725752363258 255.026056172947 208.619437433025 172.282413372239 145.068139455615 124.014076208898 108.594940267751 98.2847280699397 87.2556833578221 83.0338236562914 79.484530469221 81.3842630025248 83.7491892254955 92.2991234950579 103.265690407182 109.37243728319 117.071643027273 121.296941299639 121.547206881086 122.139335937266 125.143876798254 128.00249597931 139.345107586104 148.969254412449 160.76936537133 163.571419627591 166.732975298343 159.499721340918 156.581004960457 146.123807555905 142.347610690843
125.501900849391 127.957423213291 128.800866028255 133.490972327768 144.175908614431 160.845195711268 183.492216764118 208.839145246841 237.303537436701 257.687818465027 280.691006371992 287.48292926162 277.846511109784 262.611488292032 242.176566581484 208.821161092903 175.774407413701 150.142236483391 135.453039485502 120.375794618618 109.682241727078 99.5140424979647 94.500615843699 88.4875199774126 86.455836762949 86.7424953458733 87.5588544465562 94.2097770594904 102.399594074814 109.446578371947 115.79952382064 119.529320971845 120.239779947948 120.402355912556 117.666471421236 121.625246818749 125.169950387353 130.841503805201 135.07428918403 139.629046235318 138.605710208377 132.637889963953 129.924178912334 122.229642853511 118.715632161971
85.3022865076706 89.4970161069524 92.7472266741747 101.671356849902 112.459535622901 124.382916471181 139.946293455347 161.296323080524 180.7321854165 197.514987825442 207.097817743233 215.812866184003 210.62955011028 199.448493545616 187.556131643454 169.811075501143 150.188415043732 132.902521582579 121.289592983159 115.518969159893 106.969073926092 102.193150036496 96.7329857539555 93.2416990278827 88.4468572542643 88.3632066432895 90.9800287403081 94.021827105613 99.059754814625 106.303543812052 114.282169889483 114.927035831426 115.112430278405 112.85383327409 110.100293323616 110.365731678223 112.313492039073 115.275538629724 119.474250360133 116.010018279031 112.510518713637 109.912135371971 104.243860527769 104.529008823021 99.6201079346837
60.9736681381609 63.3299213682795 70.4869735659196 76.4386772214266 85.0734495161517 95.4224299895568 108.446107758935 125.363456893696 135.917885658813 146.873197523172 154.324935070026 155.785938365121 156.354466287045 148.819766709224 140.6947270439 138.586054900028 123.401709552687 114.351317037415 108.931206416573 108.019834328986 106.074249502511 99.9134205857419 98.3600455246651 92.6372866203481 93.4204030718839 87.900129902602 90.3757869645219 92.795684074928 97.6986036906542 101.679323854237 105.781359926795 108.071264465501 106.959331497463 107.618347375345 104.013787390582 100.045347986841 99.6580207584461 99.1539037107126 99.1604378759578 98.3239664020058 94.4146371516541 90.496762051188 84.8124528168683 80.343417669331 79.0878170845211
44.8964308799339 49.1618398247434 55.3996703998115 61.6328713606884 66.6516099901375 78.3873202983016 90.1826583397265 97.1854837640251 104.087914889102 111.513946172013 113.315554181732 112.86702044232 111.416585242107 110.478435364373 105.219289487217 105.848580150803 105.190362961301 98.3646065206738 99.0382723702547 100.338884959006 97.4707160915761 97.1304322698164 93.7174441629067 93.6769048152106 87.8051989292632 86.0924459716168 86.1794919501175 86.3546372973585 92.8655171887547 97.3619209239623 99.2835120870554 100.929282538495 100.070545262016 98.1138608551891 97.2316296654166 91.4729184200762 87.1158547965846 86.8367044770094 81.1499206250102 78.9806822218186 77.4882577829161 73.6206690337927 67.8074873866331 62.114786359164 58.6374891885333
37.0004098715006 40.1027932661319 44.3058493052385 51.5359841518311 57.544727987611 63.9525938121059 72.4236238744812 76.1678792395879 79.277687170887 85.2223244512834 82.6826257410905 81.95028594914 81.3309654702069 80.5672990137235 83.662403323338 85.9831843580478 83.0674091433551 87.3031279426473 91.0391599040462 92.3042433319346 91.3183067508831 91.5139810124727 92.9840916820073 86.9468813965694 84.2963942641099 81.0917949120545 80.609076015864 82.2726509626423 81.8855640869946 86.8999657190075 90.412044450163 91.091323440781 87.5115709458257 84.8021956466193 82.857095514311 79.5663403365063 77.473087257523 72.1160064681868 68.6672418590167 64.9673283587665 62.3134113673386 61.42275302476 52.8560323438219 48.3940672633609 44.8946280413395
31.8286133225103 33.7021735969279 38.0496520676126 42.1325282785063 49.346320181896 55.7841555248641 61.4993750386588 62.1255589768569 63.3411312141386 61.761910800987 61.872947417296 61.8925437401148 61.5698789286748 62.0954543520701 64.8646993872116 68.6367207642751 70.8875620220823 74.6534024513286 80.6684886917337 81.1561017106575 85.4251802807331 87.3300057577752 84.7410883138256 79.5892558433875 77.4569996127792 75.4910341603505 73.8732998622444 74.412597222931 74.4902157307103 79.7792320379907 76.5542895364381 76.3279515686246 73.6951284261535 74.1470647801821 70.6223285591134 67.7535068657699 63.9558414636318 59.7046047875144 57.0502283268755 53.5138738402024 50.2887825126384 45.818325717745 42.1448961712258 38.5875241726684 33.4382530872694
28.034138635405 30.214833255419 32.6848974477447 37.2842150067371 41.8834131224175 49.2708880000396 49.687459392612 52.8204324453314 50.0192255208954 49.6175458029786 48.4842482169553 48.3670776913561 47.1556697406054 48.6466954665513 52.2536736925154 55.4780058920402 60.1990727466793 63.705674154622 67.8714881220986 71.7087038563858 76.2851913402182 76.3914806754568 75.4670260717787 72.6967473123371 69.6975986196872 65.6902800313665 66.2632883245553 64.3422037820665 63.7310657095744 63.0693397558553 63.8180700374672 62.3586445541206 60.6148434546071 60.4413906169676 58.1695836369128 54.973599637825 52.7948957000242 51.7535263386864 47.2323016414561 44.327213711899 42.0415191639309 37.4696370709015 32.4368106557594 29.032797188244 26.0942130756706
24.1606526179114 25.3983417853567 28.7520099105801 32.7795351842811 36.8876513459986 40.808747566667 43.2556346098926 43.9114658255629 42.8964181465596 40.4450199446569 40.9470349162727 37.6408312777107 38.0867864264977 40.6373096025694 42.0921225586014 45.5379850799514 50.9404760656726 54.1464439087601 59.6131687020671 63.0674345114698 66.0552877460299 67.8568037855087 68.5046655038524 64.524294881874 60.8619891636243 58.7040238263964 55.3183051643266 54.4745923564203 53.3939426702596 52.6636149825754 51.0128379506838 51.1037811556177 49.332099466982 50.8925966085751 49.0123217367324 46.2660416479566 43.0590917188931 41.800380529388 39.1970604907369 36.2153364731977 33.3073700387013 30.2129516361972 27.1148086375038 24.4117227507158 20.6583412153921
20.2828611853048 23.3852393241426 24.4817415515151 28.4546037554704 31.4922883589934 36.2466144591094 37.8171721707753 37.8319146883837 35.7124536372695 34.3485681584682 32.8988668286185 31.7373550017754 30.9263745832675 32.748648976142 35.1713309925623 38.5648445961981 41.5394526951156 45.3538678800732 49.9886491762921 54.9285418749326 58.6300337068556 60.9924524310988 60.2822102747276 56.9196783463157 52.4170137642865 51.7784949427113 48.01876316012 46.3387094100967 45.1559156872487 43.2547806612896 43.8647222515491 42.1588832600862 43.0675189887704 42.3716063214938 38.7473241481623 38.552489966775 38.0310760268038 34.9767413178484 32.3693826688094 30.4514069588442 27.1393691540826 25.0959357700247 21.6240593546537 18.801329494138 16.4787340160259
17.0763688809119 18.3555438269766 21.3558048216017 24.2581716374609 27.8686159581161 31.5070427324683 31.0958403075883 32.259289679516 29.567631275877 29.0950930437416 27.0251987967156 25.9089218018217 25.4992358681082 26.8337900931334 29.8569603026489 32.7193620821074 34.257142648365 38.2413196024686 43.129967896106 46.518614800342 50.6422922665563 52.8485758178628 50.6624469436966 47.7768287925932 47.3751389114522 44.8214952648827 42.5300310894662 39.7582961820859 39.0758934740892 36.2950257963966 37.286719743781 35.8423708089895 35.0857436171812 33.9525704085026 34.1610899609834 31.2108240591211 31.6460053800066 30.8553037042901 28.3071624776946 26.234640545267 23.2923912251885 21.302656093189 18.4139087366364 15.5900015440213 13.9106517105218
14.3179431124251 15.814799852532 17.237505866831 19.6465054787708 22.3280705304437 25.2835659480301 26.0415020975332 25.214621001533 24.8858642926965 23.7330958452938 22.2486864756622 22.2231112536379 21.8688827014575 23.1309186185618 24.7801520267586 25.9394766573472 29.2285297775488 34.2420738911003 35.8971902364144 39.0488580292313 40.8402427209254 42.8983556253445 41.7176001193821 40.6871936507328 39.3074734154935 38.6598707154881 37.8759767012153 35.6906054860365 32.9211166410878 32.1643757393801 30.3400670914762 29.9962310975713 29.4238524775988 27.8461711540831 26.7904614802417 26.6981692214736 25.6407599883178 26.024932208449 23.7179643341914 23.338775128489 20.4757864876646 18.9583382461444 15.8786005300382 13.6713041479821 11.756543047797
11.3703854969794 12.2893280492166 14.4112459523448 15.6792908300155 17.9201358383815 19.0694852580553 19.8925653376381 20.4575539596258 19.9284939938403 20.4980059446172 18.160229909188 18.522354354816 18.0825543997157 18.6953922682473 20.0434257974048 22.1577056532345 24.2326483314858 26.232822111969 29.497145129582 31.3157676836294 34.1047894837935 34.3732621906345 34.9465624267132 36.623969097111 34.7126852855305 32.6393624708243 31.7436675004452 31.9699859753971 28.5924248250648 27.6574585715889 26.0626915439202 24.7020781843142 23.8947631841114 22.6357558215301 23.0794259147546 22.6574124063383 22.5612838122597 21.0965016984451 21.5883150718854 19.3652382568529 18.9850902807473 16.999064095114 14.1073854501915 12.4231063946621 10.2381952715533
8.93865651391074 9.78605266418743 10.9400321399047 13.1612589438905 13.5967684386321 14.6972364095149 16.3775947313848 15.9102126485951 17.0270466543658 15.0403786234945 14.7094567805739 14.7645419141701 16.1323338782166 16.0094884713428 17.4002543713664 18.9455688515165 20.2007793894186 21.9176135016165 23.0160439661565 24.5492135247738 26.223347790529 27.1035472988958 27.7502558224403 28.979816637482 28.8483830547488 28.2733313071358 26.5963778168047 26.4692386535087 24.8706747955782 23.7315246699623 22.9290309442386 21.5211403972033 21.1040278942802 20.1373944670229 18.8424341800653 19.0642961930633 18.2924879687782 17.9089504473518 17.7034435848642 17.4961086933355 17.3919831165492 14.0121116131643 12.2909962952546 10.3152494499945 9.56550597658451
6.95748767819342 7.52193306196065 8.73823581690851 9.47434759543591 10.9074136337489 11.2848441075599 11.8549277355151 12.0764493472945 11.9392603365699 11.8803196752167 11.7147003392041 12.0580926882121 13.2975743902092 13.9401972375622 14.8561522124939 15.1880957055003 16.5521163398891 18.3037177033489 18.2654396286168 19.0409212303447 19.9182785684351 21.1538958117925 22.1735079326552 21.7981512630782 21.8768970119568 22.286235153351 21.7711577402197 22.0327527627591 21.2434369106449 20.0572794104904 19.0982263897127 18.2190709064897 17.6892789720264 16.7786548628696 16.0176443423895 15.3194391399265 15.2681022363908 15.2782627906168 14.9581721828089 14.6767090909362 13.2988760611953 11.8285768718433 10.1363048623593 8.76446279809768 7.22918042753187
5.40365025175706 5.89077505672569 7.25523812606322 7.2720675301649 8.00279961154616 8.77058416186789 9.51276571511477 9.069864727766 9.21976555972993 9.8452080013983 9.5310468072885 9.98285845271531 10.9357698913182 11.9343147784454 12.7905193223507 12.5369179317683 13.4115578191322 15.204350565386 15.2072591116328 15.0642160672951 14.9800025664734 15.4927893369215 16.447351235387 16.1348016142666 16.4014152930862 17.3805574072975 17.2797061831383 17.9903997419109 19.0212118466517 17.0969628895324 15.9918289366481 15.5440362846932 14.4314239293585 13.6811703550419 13.0469116691821 12.7963746660079 12.5694936049968 13.2624828709188 12.2326398679622 11.8879497643194 10.7013472189131 9.52025484795149 8.33022717886025 7.08122551406857 6.43763325613533
