Models/Synthetic/Density/tmp/temp_raster_dens_100000.0_0.1_2_1000.0_1.2_-1786749918.asc
NCOLS 50 
NROWS 50 
XLLCORNER 0 
YLLCORNER 0 
CELLSIZE 0.02 
NODATA_value -9999 
[rows 20 to 39 of 50, columns 0 to 44 of 50]
15.2065853662845 14.8757223717338 15.5756550604838 16.0517971215317 17.8125791696728 19.6189575059718 21.1698627116321 25.1289273485041 30.343607809953 31.9406107560841 34.9474924732622 35.6180842156237 33.5567056525383 30.6857478391211 28.2731251288282 24.2903909357604 20.1494134217644 17.8711586820656 17.0979392617448 14.8531213503403 13.7951566739181 13.4176687505472 12.4647335547177 11.3825658132473 10.004776974942 8.81255248671631 7.98740555356462 7.14150039494428 6.88485139546805 6.84183373908866 6.34917072877175 6.5759212265574 7.0617320162618 7.72111094802591 8.50212856972195 9.37004363218661 9.67392677220644 10.1344934170611 10.0866517656187 9.84687797451656 9.51054579622586 8.89570435604174 8.42200097903516 8.24697737581649 7.2732034191162
9.44800333733288 9.65324998710535 10.3727913650729 10.6277394208806 10.6351773839255 11.4424820744143 13.4541827694106 15.0015662417328 17.7232413140178 19.1781960969384 20.047104168052 20.2952273203639 19.694718878852 18.3758899223313 16.8575524175935 15.6294876374525 13.1782342174705 11.7053682521943 11.1714791646387 10.7737837862752 9.64776490106153 9.80636883443739 8.5983787330465 8.07787588972199 6.8940897204235 6.11338585489815 5.49911632375086 5.1468859573563 5.21595258931634 4.7773285757611 4.75871242065594 4.91976838647192 5.23978533973822 5.5611417899022 6.00876567638173 6.43007779180497 6.7892799504408 6.9562476723141 7.00719337299031 6.87156939026884 6.59414535652166 6.19619484730514 5.78167607695468 5.35351490970638 4.97761093515519
6.2396707982942 6.93911728551903 6.43691087215038 6.55394940302061 6.82425609935235 7.0618642787516 7.75193181542371 8.83141410558895 10.1872642849807 10.9210450306134 11.5256017965431 11.7886805890788 11.6393087639875 11.6050746166281 10.4849801455635 10.1930248962487 8.64993956275639 7.77844178949497 7.24279393697264 6.8697375228328 6.55135290898106 6.24428146610191 5.97679836289303 5.34739862418407 4.83086662472048 4.38431297655631 4.06667679181252 3.86624994236629 3.73039820777419 3.70791513144228 3.78792382499234 4.04473819561128 4.24801132222314 4.45786332822852 4.66361818353479 4.82760954220532 5.00531451223299 5.11399324611928 5.11711080421885 5.03492597294078 4.83005126313758 4.54176643585889 4.16010508806098 3.81010202571193 3.53591189919913
4.10765089519426 4.24218885573512 4.31689552525803 4.34423693853476 4.40667791006275 4.56074901359616 4.84857978298749 5.34042063839973 5.8942683900278 6.43431748579758 6.88262617311608 7.1774749206312 7.19825484909526 7.03873110128315 6.8346377214132 6.49452592759527 5.86774862129703 5.28763932594769 4.9081192756463 4.62420041377633 4.42740182609317 4.25813482413068 4.02957741422868 3.76050026817425 3.49326897865632 3.35045779851732 3.26543629348485 3.13843704762614 3.04879308861831 3.06966726295649 3.21602572514998 3.41138010285351 3.67056897081693 4.10817241260805 3.93485258916249 3.96407823484262 4.01533328977001 4.03071640041412 3.99374559275315 3.9000007178932 3.76977544364742 3.4599099518576 3.17790467886057 2.90103490002144 2.66802866042351
2.87837040816028 2.99916814929318 3.07142072094437 3.09073905415145 3.08634145649486 3.1336250585096 3.26503610166892 3.48846437068616 3.77640718467995 4.09545124600516 4.42343573597083 5.43868946183072 4.73236374684288 4.71163443894545 5.23680257379113 4.37863109549767 4.05921764832517 3.82268506705833 3.44799478448236 3.23494531766817 3.0995795068414 2.98923370185933 2.876194157573 2.76230010302304 2.68145688596527 2.68509038387347 2.81839964262192 2.70762426980543 2.64184637897169 2.69508172011544 2.83555649993493 3.06879934705577 3.32228455107766 3.50224069100258 3.54729278277517 3.50769710516885 3.45362748097045 3.38578979645962 3.29186683827937 3.16987116754041 2.97986118410177 2.75298466436286 2.53117726677638 2.40070740081668 2.15284414719801
2.24578667969484 2.32568104910115 2.36774216733241 2.35950915477099 2.34247980913943 2.34763050935013 2.40633776556643 2.53054874027752 2.71518022947359 2.90564882036569 3.12840859503138 3.30210862761168 3.39760964798073 3.41365219520475 3.3290486656229 3.16158668535285 2.93579547775423 2.71038597871512 2.51392216147767 2.35441061275672 2.26692758052373 2.21181373259741 2.17240675638077 2.15031707806672 2.16047257887259 2.21617994079994 2.27633360839594 2.31676560149178 2.34429828697349 2.42603347883265 2.5771343772487 2.80286431136195 3.25857130433158 3.18820819461589 3.2907542709341 3.25330286134923 3.13683214459962 2.99919504260412 2.81647724086645 2.65464603505141 2.46774778390624 2.26616355577215 2.09801592869535 1.95320944263665 1.83912862361442
2.44871855360489 1.87002028009782 1.88758657550034 1.91150628521175 1.90381642657308 1.90287672708592 1.9347544092291 2.01555519717551 2.13427312278825 2.28248845764269 2.43799255905344 2.61507011495095 2.69562370155654 2.68662726568598 2.55901384175356 2.40705526997171 2.22225958146449 2.03969509545741 1.8888854310895 1.81029577137355 1.75964149161998 1.74124607608611 1.7240581857275 1.74876399117809 1.7938517368998 1.85630097422525 1.92679442936334 2.00298360881095 2.09109886713811 2.2056997999576 2.354101271182 2.56048568959004 2.74838868300169 2.92392821959021 3.00207833355567 2.98953871897934 3.24606351172203 2.66988380297164 2.46155479854628 2.28950319193803 2.11635220059314 1.94010449952289 1.78276274979702 1.6619205143874 1.55212536063123
1.51171401158009 1.54832606204836 1.56470489629899 1.60670949600427 1.62263054279865 1.63280380251623 1.66018757034028 1.7173986463201 1.80968840644806 1.93179372629875 2.07208916542704 2.22594160547778 2.78299899749239 2.24118999884898 2.10552053486952 1.95543861612873 1.78519854448025 1.62287293766305 1.4964904484382 1.44060827769391 2.2056741747593 1.40949588091314 1.41678801902756 1.4616967991782 1.52419422347676 1.59925688302649 1.68452147101368 1.77907642733409 1.88576921729968 2.00656054973374 2.14458931595387 2.29613150436765 2.45837633710202 2.61374091396992 2.68762961253127 2.69373528515407 2.56000783220635 2.38775296263108 2.1745681680485 2.00929176364895 1.85376440589277 1.70502816733466 1.57009636127095 1.45592109001718 1.36082302419665
1.25097043904041 1.28630700454599 1.3389362407502 1.38868828419963 1.42627150422792 1.45352217535227 1.48602013980675 1.5359979025751 1.61175693954525 1.71495525334501 1.83283766238727 1.9648849001383 1.98795583744596 1.93840428047923 1.80062113921099 1.65759815483214 1.49995150575702 1.35237794512259 1.23865620800868 1.18891097724747 1.16647780190848 1.175721396894 1.19340823273673 1.24818370171234 1.31879953795169 1.40223627529796 1.49621004976048 1.59900741285236 1.70785154389508 1.82179397815827 1.94057816041071 2.06646637206107 2.23071251266557 2.35375735083591 2.439052206804 2.34617660548047 2.24898115532849 2.09236341511828 1.93203026636989 1.77997072890937 1.64644904874982 1.52512392637118 1.41510884090604 1.31821062432693 1.23532114274745
1.10115808291971 1.12957791163258 1.17778745482313 1.23233546684519 1.28233822613963 1.32524600576584 1.36540247082192 1.41163294764309 1.47312194441626 1.55305038817877 1.64212735495839 1.70500820858945 1.71748898829267 1.66698418751187 1.56983116294958 1.43942306917925 1.29673960955593 1.16366267808492 1.060484152468 0.998133422351833 0.977303686670008 0.990668908776498 1.02973274957758 1.0870707805975 1.15862839363924 1.24202031209064 1.33593242167704 1.43727430137312 1.54134581576458 1.64358210280513 1.74500261169417 1.84823823028802 1.98327470934266 2.70628375076004 2.10121660667208 2.04677829587925 1.95992067988189 1.85060929370098 1.71391185199961 1.58738877975751 1.47711037879078 1.38090675606984 1.29427389926696 1.2160249251988 1.14614850395534
0.9976943704295 1.02016556144282 1.06342552781312 1.11768603494991 1.17380239676813 1.2255114354835 1.27019397786542 1.3121258947658 1.35877341432863 1.41462292758394 1.47025350174864 1.50734637405495 1.5071392372214 1.46277358423709 1.37765864026054 1.26436227746925 1.14096515395603 1.02578204915937 0.935430918971097 0.877933256403853 0.858080831693161 0.871821624385474 0.911541235329643 0.967447002960161 1.0339986478341 1.11013986165612 1.19565115924838 1.28812079603271 1.38184568904402 1.47291881323556 1.56017357750909 1.64488565732461 1.75056258504728 1.80676040470313 1.82134137271118 1.76679040210091 1.70737819827287 1.62068132018386 1.52171409689246 1.42232489905036 1.33567375711345 1.2600628373344 1.1915837492332 1.12793286482292 1.06758088374918
0.920524680286517 0.938622724543805 0.977144873859245 1.02839801034856 1.08418115868845 1.13697765839478 1.18202164237435 1.21857591984307 1.25363513750934 1.28941209013189 1.32043091790105 1.33613959478991 1.3260959958835 1.28431324048825 1.21158651357502 1.11603170017654 1.0139444908432 0.958760084351798 0.885577467328455 0.831988069216078 0.774388818447743 0.78781521290517 0.827529013314939 0.879996311784078 0.939052841200819 1.00395430714147 1.07694899414294 1.15618972765405 1.23739775008723 1.31682546193028 1.39304847082231 1.46498450189154 1.52568094475384 1.56486269880446 1.57208060830907 1.54793347643538 1.49753559374534 1.43095098768916 1.35619875354905 1.2827940275018 1.21559593227188 1.15520625784588 1.09881757872044 1.04419058302725 0.989722064369272
0.857897666428682 0.872454363893369 0.90602299223143 0.951733315604063 1.00193527943317 1.0496536349018 1.08968938523749 1.12241851576845 1.15030566725105 1.17286284817929 1.1863466652633 1.18564136631533 1.16734677562709 1.12763055280244 1.06608703555457 0.987921740306604 0.907164107079413 0.873334592615202 1.31795886362484 0.765592244094812 0.71390752739649 0.727079812601228 0.765650340527905 0.81518571508338 0.866749909807527 0.921961777910312 0.98278567784813 1.04869033337586 1.11653023822698 1.18378426496846 1.24935345636399 1.31123392387074 1.36337560649075 1.39579464903628 1.40123551410879 1.37930350853865 1.33703348978107 1.28299438468698 1.22490582126063 1.1678802627055 1.11433108581435 1.06390761112788 1.01499262325677 0.965917207436578 0.915390455135486
0.802360847434723 0.813931053779485 0.84234655922511 0.881044707352864 0.922903019049385 0.96183527929658 0.994865202688975 1.02220049045326 1.04443506532053 1.05910970293046 1.06074772675019 1.05049095159809 1.02799724606826 0.991916894808823 0.941535107186926 0.879410431025527 0.815212339474466 0.790416257472227 0.745714514834955 0.710328256690945 0.666864305533589 0.682244724387815 0.718956986532714 0.764499284974996 0.812396590033341 0.861290525008646 0.913197163167365 0.967635244627225 1.02270661744788 1.07718697032099 1.13116677001239 1.18361053574289 1.22917791710881 1.25887350769372 1.26492198911725 1.24801599821679 1.21403674624345 1.17059742312723 1.12363575939758 1.07676535674725 1.03139945526783 0.987390418619581 0.94378912716848 0.899568962952332 0.85425071190019
0.74997665943461 0.759138714665994 0.782726950032786 0.81442432656004 0.847640268586102 0.87756090965879 0.902329420103473 0.922381758930778 0.937618668607611 0.944723785008612 0.941557566810137 0.927859498057949 0.90614510914881 0.879614804879873 0.844635063548641 0.800187323496681 0.745877942704974 0.694234891142688 0.654567413284663 0.633013284166242 0.631834043637303 0.650459882378866 0.685207415712774 0.727946716867214 0.773051144489501 0.818585421470621 0.864256501718431 0.909528695819098 0.953195285030491 0.995302743098255 1.03720024319037 1.07913622557916 1.11726753779552 1.14387681843776 1.15281819136939 1.1429882437522 1.1185608822952 1.08488539707801 1.04655131993868 1.00662847134185 0.966831925463058 0.927803806372039 0.88942765353264 0.851213233766972 0.812801957672295
0.699407191489257 0.706872978601027 0.726463067203399 0.752193873706861 0.778083370969747 0.800051399458861 0.816747903324764 0.828646136764078 0.835765208193306 0.837092404166982 0.831283926147323 0.818538520174899 0.800887400730823 0.78597006296958 0.797129114735489 0.770009160546077 0.720496560378412 0.643659713799514 0.609970361888324 0.599836096507606 0.607988427191403 0.631190628979414 0.665159716127046 0.705085972977114 0.747319779145283 0.789527482538804 0.83022725382042 0.868022620445379 0.902194974091158 0.933575809398745 0.964532909706134 0.996348264131285 1.02675737370339 1.0504444404935 1.06209749380192 1.05964784963688 1.04441258153628 1.01962541452308 0.988690458039226 0.954624405820358 0.919825379963926 0.885908644017114 0.853548843166962 0.82252056673451 0.792124618828555
0.651227244885867 0.657724825121066 0.67430346406917 0.695414369584286 0.715585494405757 0.73115685949229 0.740942341307771 0.745514219272949 0.745879522972833 0.742480728805869 0.735288582237634 0.724295678920914 0.711274270510879 0.706371653995659 0.730964074294343 0.843369409449266 0.671375622144184 0.603728712591881 0.577652995413571 0.578296266293698 0.595440152764484 0.623301300363192 0.656656954358914 0.69309201043353 0.731202173332241 0.769529328685751 0.805537402558886 0.837207975369646 0.863938461170503 0.887163394668262 0.909589545454028 0.933186463146529 0.957170703823812 0.978043323626921 0.991556152285439 0.994814132742427 0.987229890850163 0.970126176579601 0.945988118314613 0.917784560577282 0.888435960109726 0.860243776460448 0.834385373279187 0.810720054604042 0.788159060703126
0.607357390451263 0.613411812754159 0.627768594044033 0.645362791597046 0.661174333490018 0.671836894748286 0.676279187877694 0.675329394355454 0.670671850983986 0.663834747593232 0.65561802305705 0.646234773766237 0.636831843232635 0.633647924315769 0.656125580710897 0.647004575373555 0.61755328039758 0.565244593163799 0.552656983477604 0.56321325649155 0.58936124328062 0.621456740767202 0.654084373367033 0.685951186897891 0.719814184061994 0.754209583155852 0.786067574686285 0.812898498974029 0.834228550157721 0.851664731398323 0.868004184177359 0.885505324419795 0.904396646946098 0.922590822340385 0.936754514239565 0.943835936925718 0.942153175486626 0.93178528214836 0.914406351897391 0.892742852272682 0.869776760815209 0.847866717132725 0.828188594910513 0.810592112490345 0.794044283528504
0.570356541032689 0.576123235267998 0.588646146001333 0.603379630339663 0.615740508994318 0.622643224112039 0.623158829930941 0.618294899937313 0.610157057518555 0.600920019348491 0.592030120689226 0.583989535304903 0.577122949401701 0.573592534511712 0.569579105126427 0.561961846734785 0.54689755733841 0.534671852299622 0.534000298980556 0.551616326105481 0.582474833168374 0.618154213649031 0.648791779594425 0.678411199808722 0.709207731346459 0.740514454570144 0.769009858637499 0.792160544179929 0.809529683676121 0.822712724679549 0.834392098021167 0.846987706994353 0.861448565147321 0.876817422508204 0.890708453876674 0.900339009455534 0.903577178317612 0.899678920739488 0.889591507261967 0.875663814582511 0.860442616783286 0.845551016389824 0.831155240934546 0.816997041760285 0.802882547156085
0.542539145503293 0.547780512771096 0.558450792027063 0.570546477645763 0.579930597607652 0.583819599852363 0.581427387345824 0.573856529093946 0.563410809987883 0.552634960419727 0.54343173764178 0.536594075815982 0.53198499009089 0.528546014911499 0.524947425764318 0.520105102125282 0.515258372792072 0.514083994766493 0.521965965410388 0.542168305189795 0.57310330988902 0.606929022280197 0.638832491023284 0.668106543245289 0.697713879730457 0.726655121242565 0.752207164266111 0.772141255415947 0.786084290501672 0.795482062967474 0.80286719144526 0.810808905375199 0.820913432008367 0.833249226568281 0.846409227336638 0.858117580548705 0.866106117180031 0.868993022253965 0.866977949534811 0.861927301863468 0.856155333787234 0.849308543459031 0.839499584351013 0.825168054554728 0.808865570838267
