Models/Synthetic/Density/tmp/temp_raster_dens_100000.0_0.1_2_1000.0_1.2_-1786749918.asc
NCOLS 50 
NROWS 50 
XLLCORNER 0 
YLLCORNER 0 
CELLSIZE 0.02 
NODATA_value -9999 
[rows 0 to 19 of 50, columns 0 to 44 of 50]
33.788353410872702 37.2225722590462 37.5237337916458 43.4616432354738 46.7173722026164 52.9850075764103 59.1647660798622 65.8542227567908 69.6624593357266 73.5921157538844 69.39854429675 64.342205177436 60.1358171151044 52.574289109205 46.6406403031694 41.3053817323052 34.0709349450509 29.3607112685867 27.0435187921018 27.6290632122562 28.2725722487876 32.2665752293506 34.8590969865554 37.6366383261048 39.5577172897975 41.9309599877915 48.2858449029365 57.8921086100431 65.4661915282575 79.5483639754949 95.0083934256022 112.631808042856 129.294090406242 141.207974927628 153.295296492643 162.18196621533 161.689992519813 162.163696672967 164.441638799833 166.638461651785 183.754542366659 207.412294799919 224.071281556671 235.288991873164 241.722991524726
34.1529367180361 36.6293738188578 42.5849149440482 43.8595968800783 47.3516113588547 54.9633119188965 60.6164567035236 65.2868300937503 68.3789421103967 69.5362486710633 67.8952414570405 62.8287435388298 56.4977035147848 52.5308757492303 46.1764726289381 40.629204683323 34.6537666754111 32.1841147111834 29.2995747279714 28.5880962031342 29.8594732515449 33.254762846335 35.8883011812095 38.2571354753487 41.1020835409938 43.8486784616637 48.8223132492469 55.6634115855702 65.6000540252047 76.2158971774416 91.1106912433699 113.497259867617 126.618342535107 137.77823593867 145.496620804536 157.742158496865 157.982625397231 159.683308281173 161.932727256338 167.372807915485 179.669438394144 191.735696124738 209.902704038098 222.826907028588 218.548191236081
37.509105967492 40.7995744957819 43.8383236486456 47.6192426915015 53.1517810251401 57.5831892011743 62.9172954337922 69.76765842868 70.4050832669512 73.87566523037 67.2789830996322 63.7805531439971 58.5401989318968 54.7165769535057 47.80019312997 41.2934531374942 36.6654333422349 35.2542121371192 33.1754968100838 30.9734963677492 33.6855782139604 37.4525568205163 39.3351740348343 41.7030206308896 43.2889866928448 45.9976469369279 51.0598209799332 58.3307097882534 66.0881685021244 77.8212654160464 91.966123841604 106.382128467358 124.691917974129 136.543023657635 146.025652307485 151.558279474126 158.823333354554 157.841526035432 158.782724870701 167.210923655464 174.808145819651 185.206838906003 192.050511902407 201.709768244211 199.745288139001
43.6739308139197 46.3045621911295 49.120580808223 54.4496520801836 58.9346993848108 63.3208811193054 70.1896106328799 72.9522034167427 75.8663674992773 77.2116328624497 75.0068144134483 69.2664085454997 65.8823840066811 58.8206764893918 51.7605614019677 48.0432928370224 41.2368440889181 37.8342299247492 36.0496976528255 35.6782298474147 37.4619814706055 41.4080940985334 43.9572096396949 44.5629065221091 47.6239142530506 50.7395334288513 56.4354153026043 60.6882629863308 67.0854723662674 78.6320589494231 92.237765624888 106.397817548799 121.302597101312 137.092707406378 149.322590796652 153.266766059066 153.131407083635 159.35916577314 158.229787703901 159.708626751395 166.816365611318 172.90278802324 175.776175682594 180.245585422253 178.459107719864
55.1692899980018 58.5508418410839 57.6184299313037 61.6697319944114 67.1136408260674 71.9948956378017 79.1711800334689 86.4821055945817 88.7799226921417 89.833092341539 89.3985194665064 84.533541143307 78.3631428260826 70.6667739135526 62.0391048887048 55.7674668595768 48.4341092122296 43.430113024533 40.968398235546 41.4309195226998 43.2728222783045 45.7672294530225 48.9385347611771 53.1038461894948 51.5948224237834 54.7325215222646 59.2575200842458 65.3315519783294 73.6605407941489 81.3770646554577 94.774532269839 109.656308373041 123.316008170124 136.597748784506 148.766711383825 155.365485017171 154.012511681713 153.047890105235 151.620220335506 153.060522101044 154.429583395334 158.582793533176 160.889507493361 162.788422317091 159.086176026496
69.8887926281698 70.1129220185926 68.9237842540481 71.6613452345552 78.2404080951895 85.9349291266189 94.1379048056337 101.453409196043 111.307835885423 112.35956145872 112.492431190258 107.927377712862 98.6500772778027 89.1455573829412 78.7953188607545 69.1938938040282 57.2991135323375 51.7035289062461 49.1613228061523 45.9950502513343 47.9452369808835 52.0584453654086 53.965970324087 54.3410761335961 59.5961707384375 59.5978748969228 64.7512875519524 68.8927485998782 77.9354228598901 86.9389810819481 101.575239912531 117.196133320734 128.351924607314 137.456086536114 145.753881241325 152.219603526312 150.778204526622 152.87615925217 146.820852925365 145.876227027081 146.669222776774 145.724901563847 147.35066876928 149.52844463353 144.680635418157
86.413314474292 85.1970489046061 84.1503669116361 86.7302957273039 91.9799725709822 101.986844639269 109.851593600384 124.339278231626 137.059561914175 142.018679948734 148.832192586956 141.354600952421 131.538744949982 116.866778078674 97.5711265252818 81.9577672915288 69.3918625401456 61.6236762851143 52.6376564328667 50.8702943303104 51.0220553145262 55.5232884263112 58.3275913744206 59.3124493180116 61.747222778384 64.7599765598704 70.8978436947859 76.1874163471455 82.4579258622841 91.4892245476821 104.662136280737 117.617451665828 129.686240347138 141.314004948908 147.345997456775 151.693679663082 149.802747957706 147.343239644272 143.903984632938 140.59576400182 139.259960922638 136.878364004057 134.289602212697 136.698491786401 133.385775315243
106.299826795449 105.564214250807 102.123923993246 105.848236772355 108.730878003997 124.01502672091 136.178349099552 154.703835394669 169.373980967976 183.688355896012 196.12701802746 186.699164670392 170.759741712372 152.900018987862 126.415963529639 104.69471351728 83.4239415065496 66.9789434386832 58.6124261611984 55.1453548642388 54.7386343415269 57.8705043634306 62.3933039955887 66.5500982219382 68.6486908727081 70.1984592232418 73.2213589831671 80.8437745385303 87.3794023038354 98.0398773297436 109.213651828629 120.084673758774 131.138654805312 139.250237351273 147.813462793565 148.141127703833 143.972144277574 141.064756788551 137.818424724066 134.639308962182 131.163678704134 131.743004607612 125.341760018209 124.887140267017 123.701849916217
125.444067680809 124.640679382756 120.879139715848 124.773471650779 126.224335099723 140.528470765225 162.517134500345 185.473899404268 215.061918927533 234.572146492701 249.78638192288 238.119333455768 225.552719640694 192.537168901315 162.972895448236 128.036482323662 98.658194175873 76.9483680210321 64.3769841250984 61.9673747072541 57.2623827535434 60.2464069250073 63.3315244145989 70.4224434292837 72.3097067081896 75.3632961277498 78.9550057269998 85.036596769507 89.9045673727063 100.685362379497 109.53202336135 120.644710637478 129.987044220303 136.171904359307 138.059896094481 137.952583374581 139.328193673997 134.739601080874 137.040941811141 131.441389836902 128.038789777261 123.447438617008 120.160305705163 121.072279191832 116.072671626982
142.761753154359 144.35790188667 138.240518627208 137.74544396038 145.712601896857 161.833414156532 185.043027386204 224.992709066611 254.593658976597 292.390515243671 307.708251629361 298.538305572698 277.108901253386 240.081519141095 197.264472099696 149.595426143576 114.91419864112 85.1293113269774 70.6301174725884 62.6498693553806 58.8049337433482 59.0423088614927 64.0114641551988 71.1433441957728 73.6919096723434 75.7990257428877 81.4114093263527 86.3854510289692 90.9092153528562 99.2232988021075 107.936329512245 114.801693098615 121.617325022858 128.251985208598 130.890022773922 132.045512779521 134.508030356095 132.855334962453 129.514321854309 127.236745699987 127.239952871239 120.308494487958 117.849837487339 115.92409777156 109.637388577866
159.953117158745 155.582605353262 151.324242402087 153.463058718292 162.453498526413 180.647008881075 209.332472025539 243.999869681172 296.843422915094 332.565462900822 362.977434904465 357.64653742191 331.597794264138 286.068053513766 232.262670481236 173.768711241441 128.552519217494 96.1026003488126 74.5849520830356 63.1343603265331 61.9699341656856 59.4111230202761 62.4234001592893 68.1616802877609 72.476134240638 74.4796661658462 79.9678373891388 82.1429551638875 87.4781863675423 96.0439778356678 100.29295688204 110.566166695483 114.534801301069 117.805308892251 122.664896762144 124.112172067508 125.401136826698 125.893695598013 126.594770342055 120.899899563648 120.995244616128 120.268620022454 111.435409347659 104.972748293647 98.8214224430511
166.887700281882 158.928770961217 156.494035380981 155.276430733332 161.096276855414 181.718191992522 216.599301474971 262.477006461203 311.13485458401 365.858815858813 391.690346124893 387.668183957226 371.369461524846 313.824740726043 246.738537799424 189.313430735406 135.94221324854 99.7038760513866 76.6090850854778 63.9491765321433 59.6108952661412 60.1916424980604 60.5368658725285 63.4336190814558 67.4103863996254 71.7482933559667 73.3728702650908 77.0258391129894 81.1497776122403 85.3806415091279 93.0375752177454 96.9246684517996 104.388726248523 107.22928779797 115.698505132068 115.22075154792 116.231464226511 116.337155653992 116.85834000531 115.636351534077 113.403022357021 111.432664403728 104.673241303574 93.1752268311726 86.0929657703041
159.957139670177 153.623152978573 150.27948957983 152.179518610354 159.465566931729 178.33381758456 215.853949930883 263.716375137942 309.848321220562 358.841330750611 387.001591166322 390.858696985401 368.560102182616 319.311216591192 247.968886269635 187.660010053963 140.109160221808 98.5657528245681 77.7100487592123 64.8284633563958 57.0675251145845 57.1544617022524 57.4942252145214 59.0562944919112 60.3953350361604 61.5909052612945 64.3952488190207 70.5940278174558 72.671770654424 78.0726122014388 79.1757595202192 83.1316895925511 88.9430503504244 92.811865399268 98.9112182745523 99.7225445158741 101.899296368572 105.242881974763 103.622117674989 102.512832133978 100.165288896783 97.8130602173724 93.8179809249816 82.6960440011842 75.3128790131573
146.696593772939 139.25138926971 134.834577596206 137.159052298002 146.647209256406 162.709585627653 200.383692014906 249.80784558703 293.684756540743 330.429278652148 362.614543715249 364.785899585069 343.847050279321 295.620159263484 233.900350531794 180.640280005056 131.227823567321 95.7185470996398 72.1689696448914 61.6490965632895 57.4047805101414 53.903092863293 54.5971662381289 55.7775498708666 55.6246497983451 54.0961260628413 54.3674638908903 57.4121771773395 60.1678893684335 62.9368190909752 66.0170950007857 70.1796735766567 72.5316949820847 76.5778567466855 82.5820263282015 86.7578295758262 86.7217904707877 89.5387976149338 89.7711614463077 89.0597013562138 91.0525923394081 87.3183070245415 78.2351701541298 70.9621183975886 63.1924499881522
125.34516064836 117.199796320777 114.283418057375 119.357282754098 123.156935060287 142.43538558854 172.465619995463 212.456644961862 255.214234102443 291.426907784708 314.453031376504 313.765806190422 295.708792997877 254.932992526402 208.413552865155 156.419832772003 115.905153684271 85.7326164245458 65.5955006859911 58.7352154299158 52.4240491512519 50.2616596211255 49.8290620082487 50.5183581526322 48.0118685140962 45.440132556737 45.4494571650297 46.7523245678393 48.3682215263236 50.1946433081859 52.3023433882716 54.2568922595854 57.9243720319749 63.6257852152127 66.7637381972623 68.0805756753976 72.0553719670921 73.4464234547641 75.4330230715932 72.2115526415938 73.3224529614445 67.6790729731251 62.7282141516996 58.254850614542 51.3762912086844
96.9265038967382 95.0346838452674 92.6939559541081 96.626313439563 97.8229677548823 112.607197202473 136.680839600346 172.131935715619 206.690204573018 236.835291144845 257.616404800607 255.548336750153 236.724276261824 209.057136739483 166.204258320014 130.59492531811 97.5701587079404 72.1213021216361 57.4123567579143 50.286829220571 47.1489985649318 44.6453485406001 43.6921873112737 44.1399123861907 41.0925789815234 39.8661597217841 36.3516964608138 36.2486185768848 36.3670405956175 38.6813875183763 39.973277785596 41.1782815715316 44.1398542004785 47.8019832495078 51.5420717643435 53.0181935421639 59.1580751316362 57.3765304388487 57.9413799443933 56.7727315048201 54.7803775345112 50.7063362361525 47.5605216872766 46.0901973693975 40.0358100290332
75.2108997691873 70.6267504421932 71.1676722540027 71.9052763813935 77.1056613392198 85.8871159577082 103.775557084287 130.623898366519 154.528423660701 178.161677178266 188.084947533114 188.885028388625 179.478466326652 155.010311948631 129.324626675326 103.570751673563 76.8811303309924 61.0703319800587 50.7004031779371 42.8925859355821 39.8407320856377 39.1061529452955 36.3054796868357 36.3187935941948 34.6489315549847 31.1131369765083 28.5868504021028 27.1730950190213 26.8551434278417 27.9425680335892 27.9654552195473 30.9042171595222 32.2431392425214 35.7354756320678 38.7585039855592 39.0626960217866 41.5339959744681 43.0292146107957 43.0538244297551 43.0706913805287 39.3871028715102 37.4294363919798 36.2302216125948 33.5652908983763 30.7438653313803
50.669862800867 52.422828162508 51.8058369447508 52.6445877772163 56.1905671128416 65.0306760708106 77.3136372561276 89.4743015971731 107.781199977853 125.508746074149 133.949842950938 135.432476395469 124.474494524046 110.201830453263 94.3357933659072 75.3949684373139 61.5363879601622 49.2830341026892 41.3133265643737 35.735147571768 35.1409109998282 31.3092365484408 29.1811340814865 27.2135648336817 25.5992095609706 23.486471837862 22.1494381272602 20.7459283558744 19.6541194509151 19.6451534378065 20.688083272642 20.9816220493802 22.5190740830183 24.215147150306 26.2386443712913 27.9480207714237 30.9904089494251 30.5094428329062 30.3067714148489 29.9653190585907 28.4821038832461 26.5876021804591 26.6734595605229 24.3999004272083 21.3005304919844
35.7286813393245 34.7679745144461 36.1491549707178 36.34210813507 39.4215391006258 45.7062945534245 51.2590473094668 64.3184004366223 74.3940351043185 83.0001715955626 88.7374869977456 90.5530649808825 84.2980412128943 77.1425524368875 64.4725436440785 53.9673812914841 43.60959844282 36.533487786621 30.4348481717907 27.7012766296736 25.4310501037603 24.560870659336 22.428889882993 20.6479041639873 19.9276034043658 17.4702956008233 16.4489243217659 14.6399273170544 13.6650229985291 13.2901724852992 13.6832769108736 14.5292427043862 15.0317336246061 16.9423246285195 18.0295324369281 19.9966019912226 20.3915187213393 21.3887971802853 21.7890850927943 20.8253859270177 19.919708925849 18.7278749083367 17.7771180003989 17.1242985895692 15.7317598583519
22.2270646046724 23.4256466767798 23.9251848045913 24.8786517299496 26.0855483310058 28.7890328192562 34.4215466535197 41.5440599586201 48.2702827353461 52.5943614229057 55.7493075594986 58.0652412944174 57.4644038118283 49.3569301893822 42.6745536300974 35.8781243842493 29.873291023223 25.3955576432286 22.9401081850942 20.5318661955978 18.9329548801722 19.0628246997767 16.7865592119487 15.5787514208677 14.7167671469815 13.4166181000213 11.2533020391713 10.2379643659569 9.48280711483052 9.11972044139499 9.13380894428249 9.47767278413449 10.4261152427427 12.0306324345502 12.8686322165806 14.6610752349945 14.0370743701345 15.3355715610265 14.7211942100634 14.5124387903556 13.7576019661235 13.1403350977353 13.4385685998719 12.4816205775676 10.5328027273117
