Models/Synthetic/Density/tmp/temp_raster_dens_100000.0_0.1_2_10000.0_1.2_-486251722.asc
NCOLS 50 
NROWS 50 
XLLCORNER 0 
YLLCORNER 0 
CELLSIZE 0.02 
NODATA_value -9999 
[rows 18 to 35 of 50, columns 0 to 40 of 50]
0.000485363794241465 0.000585307836743924 0.000619208999470239 0.000623813997757565 0.000644920425861968 0.000616474545883694 0.000603304563040646 0.000606611308288741 0.000503326586867646 0.000671893501477815 0.000559493458621915 0.000505658391185658 0.000726996809843965 0.000519274848897357 0.000430592390060963 0.00036837242264706 0.000563349149521686 0.000766959392960834 0.000932659529336906 0.000811076981556948 0.000617454562391511 0.000339435763950377 0.000536125136566163 0.000558569529424563 0.000581293612820951 0.000616123375236046 0.000857540099808797 0.000565661825253037 0.000416712861389996 0.000475829244138241 0.000535016401318053 0.000518977383907824 0.000559293486072942 0.000616446752979071 0.000758514383902972 0.000686848220673008 0.000790944597048648 0.000535174382666222 0.000473957452437549 0.000515656658913864 0.000446277852644048
0.00040714259037724 0.000447814094750887 0.000438524062462599 0.000500258228645498 0.000452978319137 0.00045395902339487 0.000422634217987065 0.00050700165868744 0.000404578476867096 0.000340818070673443 0.000509101025471842 0.000530131935273427 0.000736819446611068 0.000675124608593613 0.000320549856153799 0.000297705453220454 0.000368253396063997 0.000625735866223294 0.000824080712595295 0.000589229800538809 0.000433571961254375 0.000304254055589851 0.000346804204620406 0.000453404632838441 0.000539114241769817 0.000551263732258008 0.000454430335278676 0.000360670906239597 0.000285183604179017 0.000233677726500372 0.000265324659746095 0.000305388937570526 0.000337139604146542 0.000549794398825223 0.000454059162804428 0.000499515265058587 0.000560925373556042 0.000571611631812762 0.000373128624096738 0.000367657075373162 0.000369205405178691
0.000186985392269739 0.000315359916832221 0.000455921991504222 0.000369068656997174 0.000303606447252128 0.000312530768017983 0.000256052854768869 0.000290827898770683 0.000271864808352312 0.00021707350193339 0.000315823328966866 0.000449171939285223 0.00040399140710388 0.000509280123924687 0.00027122836976032 0.000245016563027148 0.000383972006953648 0.000416216381447166 0.000425032504515311 0.000372837159198166 0.000272625234611957 0.000262696120451742 0.000261565556079965 0.00045141680571063 0.000401373201136411 0.000382606799741938 0.000333307465843346 0.000211150637852934 0.000201005213926778 0.000184849786937744 0.00024105605546993 0.000369659277904374 0.000287085503250604 0.000256727899710928 0.000334423686589225 0.000267288930731196 0.000312401225283778 0.000275493407830674 0.000317662422717902 0.000218971213611381 0.000234808528589023
0.000120916473431437 0.000280556454397816 0.0004645307597921 0.000349826624099839 0.000279041717397692 0.000224812054506872 0.000241905077414388 0.000221508935455758 0.000164212965168386 0.000199951724223366 0.000239334294636727 0.000355502223163541 0.000320794628616916 0.000244677800894804 0.000239916203172318 0.000252317901053849 0.000332402697176853 0.000436294579535731 0.000281338686151871 0.000175296057455282 0.000193681309187588 0.00021891893010931 0.000267890820999058 0.000277494106313442 0.000326192233306006 0.000316710645453631 0.00022690568177345 0.000168913514578703 0.000177791372606081 0.000206706071608579 0.00026926715401363 0.000320655415749921 0.000403675099330226 0.000342749876299295 0.000245855105563424 0.000207224603494025 0.00018903483843466 0.000178216765568256 0.000157704800740755 0.00023586522445635 0.000182799575491792
0.000276241672499689 0.000208166621511386 0.000242763376036179 0.000297302220527581 0.000265974938663427 0.00022931755057497 0.000185914911211568 0.000215564359448064 0.000160297815255569 0.000164182279871228 0.00021237026758121 0.000274972771038674 0.000216744640919376 0.000148929961719565 0.000196341115509464 0.000228661063711071 0.000216461112846487 0.000214405835040807 0.000203834593900006 0.000161155204382048 0.000171116472278076 0.000225703318832194 0.000223471238113023 0.000217631247023838 0.000198697476514517 0.000231372103052987 0.000156355393648879 0.000135175759560674 0.00015816072829276 0.000179645243839173 0.00018906168632489 0.000271009787704581 0.000351962175647959 0.000329534075035859 0.000260166677921425 0.000245810215856262 0.000214791581079757 0.000180574926986519 0.000232569627221781 0.000201526769294713 0.00023151192155776
0.000318850064076966 0.00024135433757403 0.000196557703296123 0.000227469704932274 0.000282164287660429 0.00018769387875465 0.000184514051895133 0.000195907305441332 0.000182219386614541 0.000162034191139558 0.000242950065394128 0.000205901779072616 0.000157373823452562 0.000134449633480843 0.000132698841952759 0.000136094205875306 0.000153499414132856 0.000189837365748211 0.000146483184178618 0.000186386168331891 0.000174115539519771 0.000224080349162773 0.00019937533388298 0.000211116297120177 0.000171716541050157 0.000122360952954259 0.000135401980870737 0.000132130878046757 0.000155582840410367 0.000133263709769657 0.000142128183944023 0.000186230250289677 0.000231709523910907 0.000224541944489341 0.000244377169137261 0.000364965253868327 0.000231044885229532 0.000195591903014394 0.000180136746085691 0.000267251530014299 0.000182757936478764
0.000234432705675073 0.000205181149606775 0.000210617101324183 0.000202699547085393 0.000177595326728156 0.000187048812293025 0.000153271833423048 0.000189482819314017 0.000159100761416933 0.000185130942672932 0.000176505907171285 0.000247755364411658 0.000185422339235578 0.000124901849933755 0.000123177044794521 0.000155579332330765 0.000152039312081719 0.000222607164663701 0.000196434523773779 0.000167938329613384 0.000153394140841762 0.000153148570257456 0.000194750469029099 0.0001527789601297 0.000120320427327915 0.000148888393132359 0.000147253755701483 0.000146323316969746 9.70170953295038e-05 0.000120758694691601 0.000146313665950556 0.000154829907226656 0.000127611209618389 0.000134648236048218 0.000202382180050874 0.000214792591281715 0.000195837716079293 0.000175528045774074 0.000172414360808541 0.000169770819738318 0.000139074876669073
0.000113557736385891 0.00016987154480247 0.000170108915027925 0.000147064722290236 0.000147045913193858 0.000137847480648669 0.000125757511724899 0.000139457679726272 0.000139072363747228 0.000169865328567187 0.000191112766426889 0.00017594477025186 0.000156424704900846 0.000121792406415992 0.000120379101625057 0.000161479667537786 0.000176647558513524 0.000226613184215169 0.000170162443642666 0.000163265945961724 0.000153934212258023 0.000124956194175198 0.000153682886582089 0.000188984665875858 0.00011644880377986 0.000121758214845594 0.000149085941902654 0.000127336086273634 0.000102266430711538 0.000105034087359547 0.000118280820479323 9.87487680856911e-05 8.59652582904911e-05 9.28822806682422e-05 0.00011740937048369 0.00016791324226795 0.000152225716611931 0.000171708922891311 0.000160940934810772 0.000132849379100762 0.000111008900739292
0.000217337296329017 0.000163335684373794 0.000192860836216747 0.000155788565027845 0.000113452258712126 0.000116519465063316 0.00012219059319774 0.00011273113314002 0.000118026300495155 0.000149971330051329 0.00013866192298257 0.000139365843311853 0.000137422976788792 9.68457564005846e-05 0.000120601502986042 0.000118427134057028 0.000144031809188381 0.000136489411316537 0.000154474655649205 0.000143578878322912 0.000107088574146732 0.000114206455083787 0.00015753708215282 0.00013116555930205 0.000147822128023772 0.00015188468886076 0.000149677202602176 0.000122262787836247 0.000131886430886516 0.000101205084246917 6.97908206876274e-05 7.74539083053042e-05 7.32362115983897e-05 0.000113369860281982 0.000125533733745277 0.000174722791797163 0.00016715889300635 0.000174018977113493 0.000145433289109414 0.000136937798576632 0.000131766113776735
0.000200269284399903 0.000192700201486759 0.000162654696069837 0.000142819387469815 0.000125340412556471 0.000135229186150031 0.000143054152212647 0.000118280169197258 0.000143575228186664 0.000121476668441436 9.3757805576088e-05 0.000104986944615312 0.000121298632783611 0.000108406903908492 0.00012374488411773 0.000118645997347569 9.77502839081322e-05 0.000123560636290371 0.00019265948822763 0.000130355189174382 9.80717591366886e-05 0.000103328863543113 0.000121932455311905 0.000123812075891098 0.000105559291511373 0.000146279512863649 0.000155342823341242 0.000123612151373704 0.000109784314745254 7.90165104744632e-05 6.06715519935798e-05 7.35266993146904e-05 0.000121565136158792 0.000134251633957457 0.000122407668991773 0.000156731413580854 0.000166283588754587 0.000145756431491059 0.000128761511070052 0.000139746046020555 0.000109367229826148
0.000196513024202519 0.000200542037017874 0.000166940595052557 0.000182843553792069 0.000143937529210916 0.000121345248812578 0.000136891857624561 0.000179251809477126 0.000135208618596373 9.8472480926738e-05 8.51889965054066e-05 0.000107855555185533 0.000104148195420396 0.000148708012246017 0.000146965259056411 0.00013124858281222 0.000105161954162462 0.000114371015236853 0.000109467566819748 0.000127863613825337 9.14704961486195e-05 0.000116367662443501 0.000100343629778393 0.000122370339002101 0.00013541920201984 0.000111704758609385 0.000111138453579866 0.000116041711092096 9.96214452040687e-05 7.43598446942575e-05 7.5590132084842e-05 0.000124136730348979 0.00011549154374768 0.000133290562364896 0.000130933085634083 0.000130438722131382 0.000161331448060944 0.000138342161725338 0.000127342091110802 0.000132762089589862 9.73662631452541e-05
0.000160766472435533 0.000143121208135326 0.000151301920883902 0.000159107827030993 0.00013679318550152 0.000158763468565275 0.000139045866414198 0.000157609581214159 0.00016069943161853 0.000129371556089232 0.000107527415935733 9.63943051193573e-05 0.000110560002888265 0.000191947317806633 0.000159179494632735 0.000142419115622774 0.000132904855212553 0.000109089969472847 9.44956609280543e-05 0.000102853512028227 9.25819609799819e-05 9.25252491534913e-05 0.000120826005863778 0.000120526201629801 0.000113911911860613 0.00011614644070869 0.000121704859000881 0.00011569223589008 0.000129576069492875 9.21625710558148e-05 9.59448956698182e-05 0.000103621926615453 0.000124919886342472 0.000135937087407004 0.000112925876660205 0.000115492432897902 0.000113452839208538 0.000112917704345333 0.000109126372562012 0.000126945618166825 0.000101766610139412
0.000122851486653403 0.000109783924102465 0.00015461844725703 0.000121667967952119 0.000101982753566411 0.000118080563628325 0.000113344357508522 0.000117950992145795 0.000154793005038774 0.000121999229489141 8.04326041129742e-05 9.20454519666216e-05 0.000115563981364789 0.000119537484006677 0.000134022388223118 0.000122656069001875 9.26398450589161e-05 0.000126612813575058 0.000102517044222602 8.98188248478414e-05 9.14281694494169e-05 0.000101421940028685 0.000119867103756504 0.000126287794484582 0.000136565794715824 0.000107411781228059 0.000106652939428024 9.45799708253755e-05 9.9662724618886e-05 8.60218535294898e-05 0.00010277733969953 9.38725168882121e-05 0.000109903177073134 8.91785516424871e-05 7.81212159884297e-05 8.63126508202871e-05 8.41519839451763e-05 9.26218551196465e-05 9.47262989042263e-05 0.000104030371838707 0.000107108132829427
8.71759672880124e-05 7.89759811702933e-05 9.35859946481587e-05 9.57556953691825e-05 7.28701466264554e-05 8.10731559468929e-05 0.000133646097210982 9.17984157386225e-05 9.4370016380646e-05 8.5549433894104e-05 7.43880052283825e-05 7.76338104111651e-05 0.000104641780621381 0.000111123376350456 0.000148372045199848 9.6309176809999e-05 8.6491297582155e-05 8.18715145609317e-05 8.71022048657646e-05 0.000124021623024058 0.000102068289816507 9.93947528828342e-05 0.000100681662165646 0.000123423182465658 0.000108322114287055 0.000111821020137736 0.000106111161863022 9.04637744679716e-05 9.69934351206503e-05 8.82472957972292e-05 8.14167378849747e-05 9.45734900166389e-05 8.82434693762927e-05 9.38728418749821e-05 9.16412641689544e-05 8.6005735111073e-05 7.82708290207436e-05 8.3761343029417e-05 0.000104641034545392 8.49754525428985e-05 8.7723175110696e-05
5.67754622320622e-05 8.71887856041398e-05 9.64103236478197e-05 6.53831916122489e-05 6.31523410499033e-05 7.09957161608327e-05 7.96330528840312e-05 9.80364831532096e-05 8.8158943107817e-05 8.52555163063135e-05 6.70713518083708e-05 0.000102018490665907 0.000104681636494875 0.000128006937435446 0.000108453559086221 0.000114209286633358 8.80335599177327e-05 6.61227962093507e-05 6.64975533723668e-05 9.68263296041216e-05 0.00012261531690396 0.000110284724101684 9.19328354772715e-05 8.03116073711558e-05 0.000104645495355342 8.40131440492146e-05 9.83538231556079e-05 8.06569442305598e-05 7.64493002254771e-05 7.49439273446276e-05 9.62705973560415e-05 7.40837558997846e-05 8.10143887571959e-05 6.73722959074089e-05 7.31280586716448e-05 7.51982899168948e-05 7.34929935821971e-05 8.85012493241634e-05 9.36014474040288e-05 8.46658004584879e-05 7.04206360019472e-05
6.68814074841377e-05 6.98713992445309e-05 8.43447417429346e-05 7.57513582987163e-05 6.29497512612858e-05 5.84289790062955e-05 7.690500413058e-05 9.31260705225423e-05 9.16693057958538e-05 7.61112458322123e-05 8.67233520210364e-05 0.000109507608504881 0.000122185908170867 0.000100065274864641 9.16360046952543e-05 9.22585142696706e-05 9.82068693083585e-05 6.0496371473286e-05 7.07183599587641e-05 8.4264442023656e-05 0.000110625494513662 7.85711810499578e-05 6.35713013657468e-05 7.71620316949733e-05 7.64278747900559e-05 6.35758017082929e-05 6.90643056020119e-05 7.88723590343089e-05 8.52309103483069e-05 8.76390105283186e-05 8.80526238538541e-05 7.71775779605993e-05 6.85228520637092e-05 6.45124540457583e-05 6.34241760234387e-05 7.00247057793936e-05 6.90549718417687e-05 7.65364276352185e-05 9.8146663681963e-05 9.93395907042681e-05 7.41278227817517e-05
5.0894944495945e-05 8.12803941777871e-05 9.03333961694091e-05 7.71262378649595e-05 7.75770224394781e-05 7.76469714819338e-05 5.94980859928856e-05 6.83917478903464e-05 7.89718132021003e-05 0.00011079146011741 8.29316707812407e-05 0.000106695382312369 9.3432434756761e-05 8.38163016952232e-05 7.66607966774551e-05 9.31195149641359e-05 6.85515332351165e-05 8.07084226227145e-05 6.17352220195668e-05 7.64976745790472e-05 6.7080279355239e-05 6.23772250727054e-05 4.92059018891426e-05 5.21563696575673e-05 6.15968731117214e-05 5.86299824891127e-05 6.19195287367077e-05 7.3049375408424e-05 8.88127693088195e-05 8.14431668741957e-05 7.99520799503236e-05 7.87189809090524e-05 6.8259628651109e-05 7.72997560520904e-05 7.41709903980063e-05 7.11448447552674e-05 5.86845606017891e-05 6.76465522079975e-05 9.81503239849767e-05 0.000103021646264157 8.84374779188279e-05
7.13666955057118e-05 7.25971409260792e-05 9.16122386424293e-05 7.3436133187383e-05 7.37274130019709e-05 6.3128010602935e-05 6.23932020930523e-05 6.56214215109898e-05 8.25950997368903e-05 7.95715705183577e-05 8.45691469919171e-05 8.06955579277885e-05 8.80684583506249e-05 6.16501856774467e-05 6.60879943213187e-05 6.30058668695756e-05 6.78364866158794e-05 7.32779526967964e-05 8.73673335316928e-05 7.10652596741949e-05 7.55297084086214e-05 5.44129476176368e-05 5.05305005879463e-05 6.56418797636739e-05 6.14661526569187e-05 6.83669746929211e-05 6.12181596576891e-05 7.25162950160446e-05 7.41217121916086e-05 7.61653525522483e-05 7.65279594822029e-05 7.50594797284944e-05 7.74173313554496e-05 8.662612624157e-05 6.76065486632668e-05 6.65088492078829e-05 5.93322588225772e-05 9.29411518836768e-05 7.34771661069484e-05 8.3046062869672e-05 7.70774792591181e-05
