Models/Synthetic/Density/tmp/temp_raster_pop_100000.0_0.1_2_10000.0_1.2_1069915673.asc
NCOLS 50 
NROWS 50 
XLLCORNER 0 
YLLCORNER 0 
CELLSIZE 0.02 
NODATA_value -9999 
[rows 20 to 39 of 50, columns 0 to 45 of 50]
74.2554367348043 54.2514275507777 43.8957840575082 32.440699786786 31.7961600266494 45.2443223374402 31.7352462705703 39.9436863023796 47.0107474371592 36.6596594073815 31.5384108790904 31.8351746084501 40.3620701188328 43.25388757866 32.3584303169694 31.3575899514231 48.3591373809253 42.9327467342311 46.7664720578499 36.084386801381 34.9874921139338 31.885768779503 30.9957159048464 37.1181665579281 28.7528990386568 33.320768674315 31.5909453577288 40.346955901268 39.0069408717108 30.1222892059868 32.0357286561264 37.7552693234211 31.4252886894616 26.0318625151184 31.1707725772931 37.4797222099813 54.2235156424015 43.0195026657187 46.3261118836382 43.174149686644 45.7210609712015 35.2612787305784 29.8915122438911 23.3019384701896 15.1061305664997 18.9282181783232
52.748985835887 46.9968420378811 32.591351110329 33.2483569255542 32.3593222851906 28.8907670407521 29.575606550592 27.1487984499799 40.4119213704332 35.9309047668821 31.8162953925272 33.25647617108 43.9891902655086 47.9711835303151 34.321694982666 29.0855342503493 35.6092852749741 34.0362367578301 41.0220551780318 36.6719538323098 39.756404994473 29.992966175007 23.1656634695857 19.2638808390997 21.6996348048701 22.460387843046 24.8446698401509 26.4340474379587 28.0032732467704 27.5836010292731 27.7966315366336 31.2784721679376 30.6668078306169 25.4972606384641 27.9823746143405 35.2017495249747 34.8840669857404 31.246948952472 30.8307283326684 30.1371995456912 28.4060615733098 32.9261596612247 24.2253500042639 17.5865494289219 24.0889471655959 15.1776118910957
32.0284548035953 28.5491776314845 30.9313356601823 24.8128397602376 26.8239406806269 22.4055104270507 27.439044440548 23.1145667690794 30.9325345454589 41.5733001018316 36.4280769453061 29.8609577831902 38.6630471455092 36.2209759572264 32.1487543233343 32.7804477180529 34.043688465688 39.22560503741 32.9588055431987 39.9830427272713 37.479155350765 30.3338176049826 20.2564544329466 15.2258929223295 19.7337922620298 18.5236276729959 22.9746623958846 20.3496840135259 22.6082493511432 19.5138609722604 27.0116575910093 32.0383614993852 25.7100185829006 22.9966062822557 19.3262017750343 18.8609358380413 19.6301970519853 20.3255025876477 22.6711393791131 31.7148853878489 24.0771799473311 19.6246663029448 20.3247068561788 17.9827169393982 15.2391001894648 18.9866429016373
23.9650884119236 28.4558469708006 25.2963614040479 24.048584393362 20.3949417678269 20.7711998359965 22.6183580630097 17.9540788225882 23.4667482350229 29.4880214650313 31.6080714105573 30.3701968698335 28.2059845585024 29.2077149045876 23.3685224298988 28.7470440244448 38.3136824897456 36.7487641810147 27.6113498714041 33.5043473316064 41.900862679799 28.3525207985294 15.9162761243533 11.5428906508949 15.0230329000965 14.5933091465192 16.3369059719513 20.4241942817067 20.0896589501375 19.3366709939121 25.8727008980363 26.8417295614362 18.7902485903009 17.3389142395465 17.0562992945712 15.4046943301446 11.69730596935 12.2625056589788 18.9323064614727 25.0775980287146 24.715672792299 17.8599500439022 14.7802960255969 17.7924167649513 17.4574027641539 19.730267676393
22.4517273869729 21.9876182156555 26.4885196872582 19.9087591146853 23.9611429221467 18.9771559046761 21.660010384097 26.3409108784883 18.0974196524954 20.9422103993393 23.4266782054657 23.774581072819 21.6797502636218 17.7333908902574 17.2410643445976 21.7163242665624 24.4099349916489 26.971683336174 25.1371773858487 26.5736031352029 26.7847378249017 25.6202250534412 15.2669322756774 12.2066923145543 12.7466203010485 12.9823505409336 13.1714854779369 17.7591160791107 17.9638754000181 21.3012616984157 17.6939611261676 19.1260174949092 13.5953867051992 12.9668242895884 16.3656640027561 14.5742038444466 10.9992130608534 11.9272899664316 16.4946057036224 20.9931997383376 24.350231174052 19.9337409463821 23.6465377618132 15.4718769216407 17.9719420937038 17.3832195940711
15.0845689736018 20.6228456674648 20.6704701496794 16.8784911292075 18.7927000563518 20.7765369758243 18.2804374160553 17.5157174308497 19.3454129349615 20.0836600004932 17.0582926871413 19.9703607065344 20.4572625612541 16.4273691761789 14.7722041401429 16.3941498485672 18.9727157910962 18.1049516387424 20.6649294177792 20.1000016022969 20.6012941851475 24.6713192815926 16.3792238277603 13.6125381808728 14.8382638732885 13.5072725921012 14.0130583765213 17.7102867308483 23.0679465890143 17.8334181899502 19.1391471134079 15.1037578262506 12.0690519851206 15.6087643093765 16.3595477710413 11.9822648196322 11.133078227469 13.7233828662249 13.5644701915632 17.629022246331 16.965448780469 24.8123665841267 15.7264919920213 17.7816418365847 19.5209245268461 19.8934891618195
16.6005225901322 19.3101508190721 17.3052179073545 15.6419403721816 17.2174955753546 14.1463738929417 16.6059911631717 17.0324490209839 16.4550139895533 16.4421043136332 16.9648539631238 15.5249310537347 15.8187510968429 17.116682948495 20.0686867203509 15.2605963455318 14.6038837506593 14.1229517512122 14.7061456481943 14.6058947256934 16.0143375266792 19.1936835752165 16.288253586515 12.505063525758 13.5135641034246 15.8682473929258 16.6392546565512 15.6611521296289 20.7857852647415 22.6903134877088 18.4089232192477 15.596955548832 11.4268383052823 10.3577783910314 11.5102980292029 11.6773083265264 11.9802636359624 12.490043088958 16.3952234564345 13.9202218430045 14.9989995034592 15.9444506182208 12.582202358212 11.7096752328943 17.8786120846794 15.7219046048146
13.8951651197346 16.9166087951433 14.6187475120668 14.512007783285 12.6166516628023 11.7746522081456 13.6102981082673 15.8141233803807 14.8565130011919 13.024861737978 13.4770295161011 13.6657218731876 14.810688764124 18.377112231295 18.6930220447534 16.6170878787092 16.8421715693461 16.1280810738253 15.1456927568862 16.0866056955943 13.6044598462208 15.8063845337747 13.4768278686242 13.1715629874632 12.8813226331779 12.8366097535066 14.3556836191569 13.5509200158758 12.450204241662 13.5454343710429 14.6937925156685 13.4430564740688 10.9932548382506 9.26556397130148 9.1353880446688 11.9564807883356 16.2073043387085 15.041312085931 15.8728595430184 13.244223452832 11.7418321194054 11.0635041021823 11.5428700547344 10.6786756556882 12.8113894981031 11.915278079537
9.79170465322868 10.8198763373186 11.3078969046006 13.4143659127678 11.4755053596807 11.4768369755652 13.0687104413088 13.6311255106557 13.1463125951889 11.5759504174453 9.67587782256579 10.4559102202353 16.1957081308487 20.2655836824721 19.1589099324619 17.3655385472991 18.0277531594039 12.7816941811376 11.635534876972 14.257081363949 16.8056802726369 14.9363341405838 16.7225182920398 15.5439848120345 12.31915370875 11.9183088130851 11.7544981947705 9.50901764469356 9.98972968697047 9.232875685651 9.53323862830592 12.423582228856 11.9428511137328 9.07332204613084 11.0347939955884 15.0776401913222 14.344292983648 19.8650150442116 16.8915842623787 11.4157303199055 10.9554470281252 9.73399995816492 8.54874365320076 10.7644141106752 11.2586093746605 9.1862901768311
8.57980120350114 8.80080248934913 11.4883767690315 14.4571578831049 13.5417849058228 13.3961087532858 12.7733006525347 11.6679771457231 11.4036038628996 9.25035346007341 8.75060134176485 9.72182842783287 13.3306652629379 14.4451646610127 13.3712173196374 14.0253931899985 11.5894833873172 13.7440172182561 8.84547932575459 11.3256028476172 13.7708185909769 14.2707740649661 14.019388308551 13.412426623139 16.7971799330107 10.2674293202089 9.41628253798484 8.17633573893918 8.15067695174207 9.80046801968673 9.5302414897487 11.697664909927 11.3547497968507 9.50360943348371 10.2295846681183 14.194634154493 12.0192891111176 12.1787238999535 11.5294913341975 9.35859613075979 7.07696821908172 6.09103588568897 6.44618580026133 8.25621154674205 9.21170237229091 7.9070637802667
7.43852067808733 7.80626023681391 9.70086138553428 12.2036636478916 15.4393315721979 13.8256259796472 12.4225568285063 12.2130845364338 11.1183378799327 8.79189463478114 8.2862191717441 11.5216005139453 13.2633845595544 10.9305356867048 11.6521094584328 9.40398142094076 9.76928545985994 8.95109680090937 10.0657826936668 9.00031962292304 10.3689711304329 9.6629449656192 11.2601512062618 12.787208495102 12.7711276994311 10.9951747980321 8.92991128780776 8.86581470348971 9.3584968806511 9.62698089798252 11.5173183036393 11.1696965705053 11.9061374830332 8.91043461408615 8.70497913808268 8.02780727441675 9.11841388629073 8.59853960142346 11.6136045652353 7.81076040556445 6.2158866824309 4.75623097517056 4.68663798471378 5.25417269608648 6.86955667695661 7.84267905385084
7.53313255474061 9.27893890745353 8.69958930180348 10.3951844795779 10.7330072371381 12.6347558074915 10.558077742932 9.53424445143835 12.6250902161302 10.8671104139012 9.22180887847687 9.46460617228491 9.98815952799804 9.60107848575438 8.48444303567854 10.9139512152877 8.25608783863059 10.6101845321968 10.7219712883772 8.86396386265056 7.32232324600635 8.69981837179202 9.51074083155874 12.883384608901 13.8651038294979 12.1738812810782 10.607638946527 10.3410538143133 9.16711302607037 8.76723015113301 9.67644366263298 10.5285376922012 10.9908040127631 10.4875544910095 6.45959174697592 5.95497599278671 7.44881710849797 10.0776763263506 8.71088761590753 7.01635762412011 5.82644849479447 5.33633479009681 4.38044235286836 4.5186720008478 5.85040042037157 7.31754153283008
7.48191693146747 8.68541635531151 7.36869863807486 8.14186346173994 10.2897747672635 8.55119932650794 8.59956522073048 9.90750006362705 9.39577863386434 10.440668539165 8.53784217644872 9.24246121013523 7.27394901224426 6.52212730544561 6.82864073345069 6.79110195698332 8.70699067657826 8.84389129672367 10.7427280042798 7.44404754402682 8.0907799445168 8.05207521353289 8.19800048862064 8.60060385861883 12.1943294596124 11.5461058371427 9.79032180204976 8.61552891480075 9.70695406871204 7.59090380109305 7.00115719624372 7.25095086971738 8.16610040759233 6.82386608226605 7.00845064579343 6.18833591681999 8.24647794011553 7.59587987008084 6.05864021109875 7.31523270736234 5.1639330457538 5.51991009438735 5.80413230232976 5.97233661530481 6.88368575413122 9.56233377165486
9.6032677089143 7.48084956239563 8.83083201403288 6.19776463874283 7.10404067416852 9.17083961092429 9.06193944570934 9.43912435249108 8.7545701117075 8.14735316965533 6.82231524173567 6.07801092157241 6.64945786342862 7.89739216320805 6.53776344624589 7.51972465749082 7.99180520721003 7.55290580603615 6.61324438981158 6.41022003902357 7.78665810635711 7.71399520538399 6.38522736684284 6.21157196115865 6.98694309074983 8.45403984911553 7.99574829317168 8.42885270974955 7.92555445476627 7.41098457446053 7.19235624506933 7.39021300621875 5.73630032448922 6.25087646315443 6.76904152705607 8.88544038296896 8.14818380165032 7.18901514119087 5.67732937385583 4.81425497840243 5.70050839401543 5.58043647408956 6.27088476901371 6.25153750606593 7.5589470041582 8.96594343936088
8.4083596011366 7.56646159837823 6.24824278333566 5.2651662058122 6.05788134950456 9.98964779156153 9.6048284032583 9.45670178611717 10.8936850464062 6.80492149940411 6.08923953808049 6.10460820458771 5.91893300763329 7.4424354334774 7.53094538500457 7.91825362108456 6.3448714990894 6.72341692699972 5.40604624276348 6.66039683231296 7.36096609666289 7.2784661297024 7.79949687064634 6.06196316592416 5.30180617279012 6.76943453067421 9.02746478264828 9.01737790405465 8.35262534182021 8.4728388961539 8.09854023066551 6.97703498634047 8.04756422530372 7.05395715228832 8.83767068596199 10.3242827045219 9.31466784290775 9.74998965497795 5.65984978871274 4.59395138079785 4.92309252595211 6.2663554434722 6.3488758234113 8.06695206459339 8.08408513549733 9.04111343667821
9.65984230060081 6.77878691581705 5.84554119399625 6.57875604004453 6.58476912432539 8.10643368651759 10.7357223212236 10.6868546112295 8.61535370822476 8.07595623808467 7.14005583302642 6.86455805327275 5.37806994186658 5.90093805599724 7.90766559725367 6.94699050968775 6.46362470019303 5.19750347814394 6.5755831011841 5.77384547094821 6.88845021329626 7.81341849952718 7.44433223236498 6.13915013873952 6.42665692324572 6.29552317348127 8.30729210463739 8.46672532211396 7.62849624656488 7.62653000809958 9.15818259113409 7.79192690647545 7.00905684135184 6.45858317266998 8.96226935406114 8.75216923374175 9.19034144220296 7.6706021143744 7.21604423380786 4.737042952645 4.76746889740361 5.88836439736197 6.86151654549844 6.69790143252349 7.99227990820383 7.62600870018
6.48552020190928 7.8705203137288 7.22964775206054 7.13718377922179 7.01026305540516 7.10956304471987 7.31264889597498 7.9785128593371 8.22339694753081 7.76091460332843 7.79022983423353 5.75669021137534 5.21819032207513 5.18024199880951 6.80310421918799 6.68577523824017 6.58271401020598 5.46042207487452 5.48514346750561 7.09471464861826 8.20688592863679 7.70014753610728 7.04094672669369 7.02119090922999 5.56497537356806 5.77941921153735 7.02109183577755 8.2710044979406 7.63021317538378 9.32082278530761 8.29992384986771 8.3153974359865 7.13131192455644 7.86186356688424 6.33899717706973 7.26201745502692 7.44193141153834 9.07019575075009 6.40805685573964 5.55507859067512 5.71636176244193 6.57292877942591 6.17343328880821 8.08858183994964 7.10071808859308 6.65928680044992
7.83666286124163 6.46891729750617 6.88228423665416 7.15356009806146 7.05641670426165 6.68528025071735 6.74285332951678 7.59851843072426 6.26205422647575 7.69621577310978 6.68621152381553 6.70043424063217 5.40134740508353 5.30129686665661 6.14156719590249 6.2819912139348 6.49220319780068 6.40370006598764 6.02319270987359 6.69717870480573 6.92329212120722 7.47073592438836 8.84340252984417 6.6544644849606 6.68972346876489 6.60257304735041 6.45327602118511 7.27945065118139 7.77780996907703 7.17804694392555 8.83868915813651 7.9797660089654 7.74738877299461 7.2881934142698 5.24454619130848 5.63722673253137 7.27327769502283 6.86908572989238 6.51471867105312 6.65675125847329 7.54178606422613 6.71330581757139 7.09127136190344 6.49102933346047 7.73260621487952 7.38569386524988
7.54862004086429 6.87753728763018 7.11730434656903 7.28573479578905 6.8360354058605 6.10086905649384 6.02455727528348 5.82624263522023 6.49043245481591 7.11275374027348 6.1952966733096 6.98599251891196 5.90355590511703 5.48370186801143 5.49091714151543 6.70289494088182 7.27522764711694 6.58309820398435 6.1868883668871 6.324461846248 6.02092757247093 8.78357183632981 7.33817677859651 7.57883960339602 7.23058656071621 7.19120291024992 6.92587605787976 6.49798575442561 5.80695334087397 5.95170843820143 6.4569543327237 6.81720197307868 6.86539379704975 5.72692154005813 6.03570970889898 6.00599339119907 6.84854385019086 6.48131388715522 7.02325387122625 6.20528440508997 5.86573878497442 5.68741093227913 6.3625332637556 6.19571775994031 6.18572157112911 5.82241093253223
8.12783568076086 7.53608459130956 8.67498288085231 7.3759403520168 7.06801205267373 6.04890248384764 5.52038896979818 6.14201775505236 6.62902014155412 5.94977911930163 7.41113231592949 7.41855050099998 7.14388180549847 6.05258812890048 6.8571552046529 6.74702293692033 7.05919164823678 6.26990654128891 7.05077705382395 5.80786105021561 5.57235959056196 6.3917473059352 6.79075730388102 7.79584655898194 7.46315147486225 6.36026514218016 5.67809565703689 5.70265238487366 5.05705914330095 4.59007525424722 6.02520436875766 5.77508909687214 5.43381059706987 5.46208281821584 5.62350477996871 5.82060089413098 6.59326643665176 6.92093926634882 5.56727754364243 6.20666614247806 4.86124299639766 5.12807423162256 5.87525801756443 5.6127747229133 5.29278927628822 5.85679191772201
