Models/Synthetic/Density/tmp/temp_raster_dens_100000.0_0.1_2_10000.0_1.2_-486251722.asc
NCOLS 50 
NROWS 50 
XLLCORNER 0 
YLLCORNER 0 
CELLSIZE 0.02 
NODATA_value -9999 
[rows 0 to 17 of 50, columns 0 to 40 of 50]
0.000500219286218 0.000846677593604142 0.000489079396691425 0.000464905968153329 0.000470810126321966 0.000536949165569845 0.000823784009019181 0.00131086636379941 0.000933274973592311 0.000796811827138061 0.000612204908868608 0.000426727518539515 0.00108345864028216 0.00109133057225264 0.00120805823435937 0.0012015031606596 0.00120287648972288 0.000609752781675894 0.000892901767841059 0.00143693119033789 0.000808113061080429 0.000706813547870895 0.000342830707514726 0.000560813518712629 0.00133784495463304 0.0014797153763658 0.000995326740183033 0.000715541801313579 0.00101106555778159 0.00157055783070005 0.000853618968575357 0.000417745448292945 0.000464647744630372 0.000598266975577544 0.000668282500467607 0.000485516734991432 0.000540418901370907 0.000859428612877101 0.000521915549592558 0.000607086728689732 0.0011659068987568
0.000556281216259601 0.000620380749713407 0.000653722345482698 0.00070455737512218 0.000706248724169061 0.000565903189235474 0.000873783108852226 0.000993682430388413 0.00110507439586835 0.000605186118767116 0.000472329641420303 0.000696669403780172 0.00119769451936249 0.0024582936446632 0.00145283488884942 0.00220446191545556 0.00113026902829135 0.000836178260519661 0.000923347739071697 0.000901196494302227 0.000952479874815738 0.000570585988315779 0.0004739011123372 0.00063042654947929 0.000977343310962086 0.00139405229623008 0.00189227300404638 0.00109344766732146 0.000976253925811974 0.000879262558270271 0.000756064857888096 0.000777541676444533 0.00100089196619405 0.00109637863603102 0.000840479241962263 0.00101616897680167 0.000676900304612425 0.000770527310565065 0.000734154319351907 0.000693845580031199 0.00095235826177866
0.000924472837826382 0.000798244831323639 0.000929846254199403 0.000729068468710173 0.000787541128423216 0.000814239381075913 0.00104144017186382 0.00132903888818087 0.000925075668000919 0.000789496605596148 0.000589888901515182 0.00109197813384084 0.00125554722485784 0.00165627059392274 0.00158473791684205 0.00135696913097674 0.00110784443860332 0.000893421708690199 0.000744525271401165 0.00085637521835952 0.000781275608034559 0.000792418741007023 0.000628951504988257 0.00058321123780731 0.00129475329612934 0.00223213264254914 0.00138958118409 0.00110538114416869 0.00123189942601358 0.000799934910250187 0.000856425962507683 0.00141983896201609 0.00166831039035228 0.00117788493115649 0.000946472739875495 0.000947848291047936 0.000823811310954607 0.000972572086598021 0.00104853215344473 0.0010348605588556 0.000737402371538849
0.00133266563124306 0.000900176071597018 0.000616613860130962 0.000756156818216524 0.00103495240548613 0.00114138998863341 0.00100951287166502 0.00132972498834521 0.0012776035452124 0.00119696703766186 0.00086664722143572 0.000858468851942658 0.00141938638811937 0.00123859497237215 0.00132064347718401 0.00106284540554151 0.000752208094772014 0.000793072623807012 0.000738958044381414 0.000883762931961934 0.000602780537633311 0.00068846352474351 0.000665721036088382 0.000797703645488504 0.00103094027305894 0.00135154170921597 0.001406318514404 0.00102824948501112 0.000865105538791272 0.000877150468823412 0.000843947084747109 0.00124143284801696 0.00185349312705687 0.00130681027421154 0.00105586265628364 0.0010478462096818 0.00156552938462417 0.00108750002438705 0.000913021077104778 0.000896115942236375 0.000790078840724955
0.00168103269588659 0.000806487633365518 0.000809545736098418 0.000735117364075033 0.000775298312041681 0.00093172408751238 0.00134818719440671 0.00174316940362662 0.00232470729696028 0.00118420388521728 0.00104390290456158 0.000940365800786462 0.00111738672068616 0.00153761490467127 0.00115187098396765 0.000716759904682235 0.000530089293525766 0.000671624188965523 0.00120348615165741 0.000728066855872845 0.000718057712497305 0.000561084402234861 0.0006235266412038 0.000724008584846716 0.000902200001715321 0.00136784038896549 0.00161388853482876 0.00101973862394419 0.000909906358392832 0.000648398310606875 0.000767229015149898 0.00102870708995046 0.00136546113598368 0.00152659400247874 0.00131896953059094 0.0011017585816173 0.000896449669145299 0.000899268874816032 0.00111987031617368 0.00100720611174381 0.0010168999494074
0.0010243924091885 0.00082326040774186 0.00066948812112041 0.000648385372136558 0.000776897207528319 0.00104589306476964 0.00156653810513254 0.00256956947690017 0.00183592704816784 0.00123422819230489 0.000895333622457338 0.000907755177786734 0.000882580688345009 0.000912427786705618 0.000773794323626005 0.000634435703300857 0.00047298004844431 0.000639866534565946 0.000679153659782107 0.000898841915956309 0.000658236815208224 0.000671373265866098 0.000517197969482406 0.000862782996119344 0.0013027846519495 0.00132986961231084 0.00131991667361468 0.00130909769588834 0.000834918226546344 0.0007317509004238 0.00069400555336347 0.00107302047388681 0.00185288961045164 0.00114915145859505 0.00122580552644069 0.000940319293669132 0.00095499033385238 0.000990793522379171 0.00107700468370022 0.00128869959154048 0.00107168845236607
0.00081548323024204 0.000870289543883777 0.000912714355916703 0.000887725289044899 0.00101724363893475 0.00090224820892888 0.00116405231413841 0.00118380366087141 0.00121442422227205 0.00112096601570102 0.00104266699401069 0.00118027970190143 0.000709105199182699 0.000682111178378066 0.000850290262341075 0.000663454898175876 0.000492623270933009 0.000398030222417171 0.000510027422393517 0.00082346297957175 0.00076044010066099 0.00086947766752515 0.000644758103955819 0.00102976397629177 0.00197950228244857 0.00127025507400793 0.00111547258170804 0.000952679319026509 0.0011989694526125 0.000866073201277873 0.00127123533312713 0.000948331596762612 0.00114931473536366 0.0013181856144755 0.00104862238433884 0.00149328154025973 0.000834585826734792 0.000765791183188332 0.000824028566747789 0.00111495917655412 0.00103887071717172
0.000508660948064525 0.000881758975107575 0.00160418495027207 0.000843531007124486 0.000817661539277814 0.00113773106556228 0.000837419631658521 0.00077100012721744 0.000777509476240903 0.000759058752744148 0.00113378297724877 0.000848591198127148 0.000819083372937637 0.00136551730065226 0.000907176283522601 0.000640416066162552 0.000516047092269207 0.000389288142676849 0.000577353508457172 0.000738742659531187 0.00104300224837623 0.00089497706921457 0.000903068954521563 0.00138619266252691 0.00173287051123486 0.00115396795208455 0.000894462724083581 0.000992432744223558 0.000765237344799174 0.00111022267691567 0.00115638756842688 0.00132324198404527 0.00105650592257224 0.00101342870119876 0.00083244994273825 0.000719612698509491 0.000624787450996232 0.000445435143788787 0.000576420778459888 0.000892859010638533 0.00124660054648317
0.000719244893682921 0.000712047148069356 0.000915613081580501 0.000943929600764964 0.000734932400451377 0.000859335400066398 0.000843106821134361 0.000819828465190456 0.000791583221477091 0.000846843176988715 0.000905486120599687 0.000939995935249818 0.000883137229331918 0.0015559395885593 0.00109097907955946 0.000714942181867305 0.000541958362451479 0.000623796589181814 0.000489740616512033 0.000731092166020736 0.00091335384012321 0.00121307970646078 0.00128921895590853 0.00119714550159419 0.0008780324094322 0.000892047791820311 0.000892364953070622 0.000614047169198735 0.000795284669220475 0.000980149276333693 0.00103283783520699 0.00129224089438539 0.00114398985576802 0.000929960137126869 0.000799070188628268 0.00042034333350323 0.000404500112324794 0.0004718427385981 0.000620226006869928 0.0012140183125082 0.00100928042712398
0.000722448373301857 0.000809590563059703 0.000893794063470468 0.000706521653536048 0.000989986799741478 0.00107726136686285 0.00120509379158071 0.000772691999993141 0.000972992725173875 0.00156523084838883 0.00132783075397146 0.000929453353929573 0.000817858833340103 0.00096671970048888 0.00096509815317552 0.00105678274740072 0.000633430330690796 0.000445002849328278 0.000491556977218541 0.000496316427490181 0.000759297331859887 0.00101742224375054 0.00129903099028407 0.000936339362634783 0.000734659694719333 0.000523708889140967 0.000592773056335868 0.000785322025384864 0.000909586765502639 0.000714914614550916 0.00124279355904113 0.00108039767842725 0.00123774151664405 0.000857673271715189 0.000661490327628953 0.000463705780278257 0.000479371185480888 0.000584268580124897 0.000616136301321108 0.000826002493806413 0.000848749480050165
0.00136847618023296 0.00101236282014991 0.000835253447423054 0.00063669285913874 0.00114740939116024 0.00114590038664897 0.00125856576424442 0.000988729230288994 0.000842625311702767 0.00125372340704972 0.00110813741132883 0.00127034912753156 0.00104972833777619 0.00106153041113879 0.00109670979146578 0.00114565797673083 0.000671179616937874 0.000646324488644904 0.000515674115666316 0.000587191850159353 0.000570388022884076 0.000595497832366949 0.000737740973312228 0.0010530093394508 0.000723805344290457 0.000626158540492567 0.000494017302317861 0.000737475800044004 0.000914788684808062 0.00102089663971447 0.000951625234254698 0.0012525893918996 0.00130634703613071 0.000795336851700533 0.000740093549334512 0.000777024862265935 0.000649867144059714 0.000634247985202327 0.000643904310550709 0.000656212025238168 0.0006642022914939
0.00111972020970495 0.000875041141527604 0.000712839697683138 0.000715752779331942 0.000739933586911277 0.00106696839109278 0.00175704618189628 0.0010694020752331 0.000994738965466313 0.000798386017705381 0.00141557708551996 0.00117104991324186 0.00119196981244785 0.00168536111158725 0.00129497614931705 0.000805646372180849 0.000647952258884136 0.00061116044659101 0.00105738178795209 0.000714174406797946 0.000573847026470267 0.000516921113922662 0.000779001425212831 0.000935178735085146 0.000763260980964586 0.000557214022450186 0.000675807976690804 0.00074504638044773 0.000772644129558929 0.000738592172459119 0.00113641034670271 0.00114232930077194 0.000973977121033874 0.00129319668904842 0.00102919032146362 0.000868720587019509 0.0010788456379121 0.000747255080140694 0.000550002275948744 0.000589791715201884 0.000598051878919269
0.00082585058148388 0.000761928818388051 0.000727484009892705 0.000742277798233653 0.000824903003872222 0.000857609774171523 0.00102544674570403 0.00141044803366105 0.000895503097193306 0.000824269712216273 0.0010532513126608 0.00127380206241992 0.00136846378737962 0.00134978393332181 0.00111904267476569 0.00112349562026207 0.000576745178802345 0.000574135211623511 0.000796874391856304 0.000740774337337628 0.000661822089145205 0.000737448299760458 0.00109291319530458 0.0012593800411417 0.00082321126699545 0.000644342327054801 0.000621107283912863 0.000855311272411337 0.000857230882121292 0.000762855628013002 0.000845119330317563 0.000828071183041797 0.000906618355620935 0.000890210848883914 0.00108260249619191 0.00111011959461832 0.00107755946073657 0.00103665903430785 0.000591680587888009 0.000671731068514421 0.000709410240763947
0.000690276886261248 0.000877250962065638 0.000864698977906593 0.000846285235339959 0.00110156024358024 0.00090789483179893 0.00154369700960685 0.00167209211985152 0.00124918752955683 0.000922961524570438 0.000893976809192966 0.000993808404426644 0.000943359534857108 0.00118971330883411 0.000978700003215466 0.000749339979484164 0.00047537807754181 0.000471923678933795 0.00053608131050984 0.00059474152612015 0.000678772474185164 0.000937848108915797 0.00118150482543969 0.000904311035521885 0.00107735277958367 0.00101538446683692 0.000811780958471133 0.000715082980756838 0.000796555390251309 0.000929379548832306 0.000631991411988395 0.000675760780987811 0.000633643307398558 0.000762345480682844 0.00101384648220983 0.000994015512644963 0.0011518198866271 0.000715461580467786 0.000666795802088071 0.000811644872525811 0.00128109213302747
0.000933024311500142 0.00116198227618004 0.0011042543351084 0.00132146569007649 0.000965504252161252 0.000891828315811442 0.000853896455285312 0.00108711048098911 0.00147862745276817 0.000880632478609865 0.000550107786132997 0.000511039319095414 0.000572632774453297 0.000752040773528902 0.000721453404910368 0.000458798882103159 0.000375991633950551 0.000408783036326582 0.000643856164110474 0.00063717644937616 0.000917087094190571 0.00109594644346453 0.000924396067949156 0.000836518074532306 0.00111420601103324 0.00104250475210965 0.000924959417539393 0.00067811196965029 0.000593642917489238 0.000663493254473482 0.000720304219590092 0.000815535382940461 0.000590827435308736 0.000859914080231045 0.000842169166637878 0.0011330618046327 0.00086122813194099 0.000684739407477408 0.000743195258215516 0.000853474378246785 0.000795053799655125
0.00070071444777575 0.000779133004725167 0.000816510331534998 0.00103963434822199 0.000764162107416836 0.000642995382686174 0.000668669912247253 0.000705611494178427 0.000845737823301716 0.00072430916739598 0.000463007480345192 0.000325820697204888 0.000513922396245986 0.000636905264722477 0.000588778582793302 0.000458494321682421 0.000392479812775367 0.000575463811532374 0.000671690671536421 0.00100390408973356 0.000971153235248167 0.00093628280575827 0.000682160049878382 0.000632477950720897 0.000778227478470605 0.000833659585258728 0.000932062063671783 0.000644969749804643 0.000533972129254216 0.000612115336789088 0.000788184056164767 0.000854922004292528 0.000872539756099703 0.00074664697090288 0.000966835102339242 0.000862217658371475 0.000771979244318595 0.000783573874401842 0.0010083490409309 0.00075883502412748 0.00105968179270999
0.000651088085966182 0.00058809981227308 0.000733880660349043 0.000610777524757411 0.000602314134903315 0.000604705227053424 0.000628340163227001 0.000888411032287246 0.000810744850599004 0.000755931629154277 0.00055853057101428 0.000471154529848614 0.000443647156342176 0.000526130332002677 0.000689499392847552 0.000420400730361911 0.00046618994045878 0.00064882586362403 0.00107735188772093 0.00120393537744552 0.00119761609142878 0.000580288768789426 0.000572552781383546 0.000729486898274194 0.00080316630352486 0.000810963540620077 0.00103075434601704 0.000744165992878937 0.000827263771100904 0.000792710148241556 0.000954687463671583 0.000913878599714647 0.00125758107671354 0.000883711525258625 0.000919984765604912 0.000763151505863937 0.00090885033206448 0.000930603467396429 0.000691903111838152 0.000697893858077487 0.000923032822380761
0.000420493246115454 0.000783180752993886 0.000713696850912297 0.000630831593713 0.000530730395403813 0.000580286400774815 0.000812653756160901 0.000662349359262892 0.00066051354195269 0.000713553689784503 0.000699246917941637 0.000560648988623471 0.000579041584360147 0.000464912806830866 0.000456396437715456 0.00043148189482215 0.000677592807258209 0.000892168010630021 0.000926812588777273 0.00150643513552796 0.00080316422412709 0.000471301803619245 0.000504341093008208 0.00078145573688377 0.00101281668177752 0.000778731769474233 0.000703051475462565 0.000794946218242901 0.000775480955536349 0.000547237505167761 0.000818093879802748 0.000954302331695352 0.000726349082107227 0.00106283851963536 0.000996411547141128 0.000981729505928797 0.000708446544277975 0.000902298421814345 0.000632678358487071 0.0005063440822941 0.000615907547133047
