Models/Synthetic/Density/tmp/temp_raster_pop_100000.0_0.1_2_1000.0_1.2_674462326.asc
NCOLS 50 
NROWS 50 
XLLCORNER 0 
YLLCORNER 0 
CELLSIZE 0.02 
NODATA_value -9999 
[rows 0 to 19 of 50, columns 0 to 44 of 50]
29.544950528672999 30.1210547527529 33.5970058223981 37.9059384811093 44.9070084409184 48.3140172547109 54.3939274382841 66.392389557484 78.7523754663119 94.3447155613013 116.668882841831 142.896126278518 168.321579203966 192.591711397208 210.191161218133 222.499808720612 221.612785845286 213.599411412944 199.840955180952 176.866400694975 158.520526869927 129.547382392922 107.246961356592 88.3538509336077 74.6551231845456 64.2171961964944 59.6684935245458 57.2369877531231 53.7905913508607 54.0606550664229 54.2064453528171 54.0176937011335 56.8720410404633 58.0182712579839 54.9734544950324 56.2873219353485 50.1826745545096 44.9129430179784 41.8586672273123 45.2839291370781 52.7323729974515 63.0525938389366 88.1709501116429 124.962056547863 171.936784243965
28.9587745638783 31.6060559668783 33.8200886868556 38.358185092884 44.2696979371054 48.6583223390538 57.3413685152153 65.6593096479627 79.9641068470739 96.3888935007656 114.754572503584 137.620374984684 161.924593541259 182.47044695534 200.670129992885 208.68699151876 209.979840918631 205.210147570013 191.095512357539 165.320869440008 147.223903593925 123.592946584721 101.449840348141 88.8899017115974 76.6463364195266 65.9979440591459 59.881647326295 56.69230567271 57.9085992428034 56.8805349222303 54.0963068891452 55.1421436428095 55.5084314395485 55.7344371430273 56.3876139986426 52.8515013658467 48.7321889766403 46.407077179839 44.5110003608008 44.6702582266597 51.2587113774081 65.8408965305565 89.2288369631568 127.681394049956 179.628407083419
30.7621359461539 32.8852157323535 35.6652427836569 40.3211054965537 46.0772673120246 51.6474623355982 59.0932033411024 68.1424030870758 80.5849117994446 96.4418093957463 114.423865848764 135.368448615715 156.217363310161 175.955569255049 188.743866444247 197.243723551055 198.271435775245 188.76801571409 175.953324339166 155.711984370751 135.53469721108 115.067814582905 96.3851877000893 84.0312146577672 74.4346109627199 68.2446588427796 63.3113577262633 62.541669697097 61.1603110086104 59.1674772443203 56.5336690663515 55.6764794867253 54.9619831602584 54.0849803959871 53.7091576074098 51.0565029051962 50.4399521407553 47.716617872325 47.4885074824672 49.1089651052394 54.9304606695674 71.1515321244105 95.9632280975283 136.015603172669 189.410858695332
33.9965226146395 38.5362176330701 38.9363327942681 41.4281871747655 47.7656079831479 54.7452324320803 62.48730718972 69.647999584114 81.4558045493541 99.2353116093665 115.020115833977 133.157126058076 154.974757944266 166.558117261637 176.570064469164 182.074326930613 184.169691770018 172.058047204407 155.841659539095 139.192764401244 123.233580926791 108.150700734623 93.1376318171191 80.7225274231777 72.2507094750831 70.1629094734716 68.25871783197 67.742818137872 65.9725632147329 62.8322313194307 61.3213717073504 57.5354243233193 56.0936989117443 54.3896906587841 52.6016721340841 50.9119817094646 51.2611917233076 51.5793375122754 50.6452425349534 53.0529877825029 64.033968380473 82.2558917415726 106.478438292347 144.219043629182 202.626654400068
39.3911743973765 39.8015735188944 42.5427167983055 44.3990595210047 50.9732759506466 56.3123959350543 64.2285385506744 72.0431512584186 80.6742300021694 97.2244377906417 113.535531425188 127.721286059217 147.992567903237 158.280185010356 162.752328845326 166.239928072555 162.702083536551 152.475511170084 140.857364703961 124.101862681532 110.838875853562 100.122111459534 89.7685682311369 79.0875174411395 73.6495605109444 71.4219528932985 70.5166016806098 70.5338350973552 69.0152981964168 68.8662271548953 66.1199500560016 61.7537642574665 56.6117366836411 55.405906167495 54.3741118715041 52.3756071472416 52.6778356020625 54.0700662099851 56.8167851128195 62.2363496181189 72.5128436477115 89.3678958054776 112.900998594501 152.409166711824 209.184794379133
43.2163854964469 41.6884823996292 45.4632176908286 50.9797776485377 54.722549409531 60.5046769299094 66.9374307917598 72.1364963741206 84.1131480243759 92.0894303349873 107.171807121096 124.349772135353 136.520633012408 147.983260401832 150.502302999966 148.60782820327 144.464869767577 136.344085658586 124.448485874137 111.553568717168 101.748940464739 90.7145961066432 83.8562103558399 80.2608363755101 77.1118118052073 74.0475500579479 72.2710518944059 73.9651820678177 71.6717980111586 68.4807314018599 66.5456950000063 63.3833962319136 59.4550212333554 56.9964651768629 56.4339327948933 54.7830511474538 55.7129072553621 58.2055790737058 64.8780536573436 70.4415645913486 83.0122284075717 98.7124078064152 120.652579220518 155.692550153882 208.191086287143
47.1389792720736 49.1427064829785 52.4988213732375 55.4042200786114 60.2309019200872 65.4020794216603 69.7896159720522 75.4113941075694 83.1999731891153 91.557727372067 99.2158226756509 112.404604558811 125.114363623414 134.180660121186 134.647211313815 131.955580496902 128.010760648475 119.89316313399 110.917311960851 103.202365383449 93.9960390037118 85.7000905888166 79.6954449980956 77.04422039539 76.1214925867571 75.377868481485 75.4840768214353 76.7037500253876 72.6230163642898 70.8291872390948 66.8941023270589 62.4477129282187 60.1728102668761 58.1616162503442 54.9469036836037 57.2955854316969 60.3185277819777 67.3318507908322 73.7502125426247 81.7161968213132 91.8805625703321 110.424785387459 128.121360350375 160.072496694077 194.983903396192
53.9076572582078 57.2214723773218 59.9592154557642 64.512125637643 67.4285479027372 71.8198053149259 75.373457168594 79.1669640126208 85.4798501642397 88.9494981767077 95.3136977350209 106.588061640982 109.11001082495 114.667209957447 115.740039786153 114.870574055594 111.423925946807 108.848517769722 102.644392545829 95.6979764770818 89.7682918420753 83.0677031854205 78.5092354748772 76.5280194414017 74.6284263130525 76.6773546769999 75.6224819384206 75.8420551839294 75.0977064749035 72.5378747091849 66.9771155340081 63.9180950771538 58.8113287957027 57.0315242898881 55.6726720419024 59.4147830698074 64.7818216631452 73.4405733826987 82.0191376631212 95.1086440110677 107.853861473932 122.638594285735 141.110821160391 159.548595999986 188.554074560989
64.6154510251189 68.2260361883278 71.3362169206232 74.5061595282663 76.6803863206426 80.994670847816 84.7398221821651 85.1292103933288 87.1907005194325 89.4105148329661 93.4842146162126 95.7856269526414 101.397807137827 101.340202432605 100.917443171506 100.308009797842 103.918061923112 100.255162040265 98.3122868565705 97.4023487472076 89.0756814011894 84.8439789159764 80.4636420862338 80.03774082173 77.784852692478 77.0080613333933 77.356409734497 76.0633390359991 74.749601264506 70.0967197352527 64.8205124889842 60.0536927394331 58.4192209232143 59.0952096058273 59.5020898820873 59.9566999383498 67.2643978435559 81.860978420338 93.0525703891883 107.215954879189 124.196703666952 135.246125715105 146.048164711308 162.810831259001 179.99764852177
82.1897345572778 84.2669059187798 86.8198501194615 88.7204730641756 92.7666198231998 94.2538646106498 98.7361341665236 94.4008365999394 93.0809399392762 90.3365509170753 86.8092104193113 86.2717315387659 91.0780095712755 89.1750787608874 88.4187263985464 90.1328757708732 97.2874529683595 99.8267617946883 97.6120475188772 96.1711861326381 94.324602265408 88.9212807064963 85.3969707578738 82.7071256655845 78.835074327878 76.7333077692075 77.2111068116493 75.2817619264758 72.3314227893293 70.4201530198544 64.1150101351547 60.1126677515319 56.3789846123667 55.1396339751608 55.8543248708096 63.0557315477384 68.4424853749482 82.2739963301773 99.9153122035281 118.166782565136 135.414759014557 149.207394953036 158.979878944628 166.736389736079 172.180774520586
104.152252246649 108.228356853299 104.441954032438 110.19922957048 108.15679523244 109.694463226211 108.264063184408 108.892809872247 102.108080743083 92.7965421858467 88.85418225343 82.7958865431623 80.688420033646 81.7495407788966 81.5961594923029 81.9818010764116 87.7985545075781 95.8196342114252 99.9217620431404 99.323834354008 102.042191436342 97.1690205412666 92.5913265350674 88.5763560558087 81.4900471946179 77.898834358023 76.6175462451096 75.4912959379095 73.3372031155896 67.0298121787302 62.4270323120615 58.4379035057192 54.2024084986987 53.1430930329996 53.6489511854783 58.5468910758734 71.6608726088287 85.6592454636917 107.438651460567 126.740195112498 145.220696875748 158.271478912453 166.19088332838 166.498756401618 166.636518723535
125.637954854848 126.698512392468 124.120345784418 125.803698010101 127.19145800842 126.465882603869 125.287404164965 119.161223588434 110.251593686857 100.196985997331 89.2736906927312 82.6466467336318 77.1029044908502 72.1770534827062 74.805631752751 78.0833808452644 83.7153607360294 92.7706772504677 98.5255551258241 107.000112304848 107.121768215983 103.248697832393 98.7281134566801 90.5407467099121 84.4628798840499 78.8500465157222 78.002046014887 75.7785132782383 69.2177496930124 68.3547054342432 59.1561443757158 54.8913073702342 52.6942255983235 49.8942913956899 51.4211126713449 56.9488497973087 68.6491906649063 85.5164629355717 109.178303673533 130.701216198555 151.469099339612 162.790544557321 170.697571256827 170.960627971943 159.855255513983
141.330886119546 138.243097441189 138.782911164096 142.490644115054 143.206614516634 141.07561111428 140.163793173857 130.5233345956 121.24381953965 108.263121818518 91.1967445607517 79.8135344072087 71.5658410220417 69.4820931624079 67.1737257403458 75.7567661137412 80.277104096928 91.2463722094626 101.586584260787 106.539802303125 108.657314578693 105.840076761564 99.2117512674013 94.2707807303792 86.6175256999414 80.0012411424148 75.667799387515 73.8337823659171 66.8706848009112 61.6497921437944 57.225400429301 51.3705437262999 46.2031943620902 45.6925241269467 47.7751575616524 53.1287877704704 68.0371182122297 84.8248179041347 107.554783309535 130.249263275991 149.796506939777 167.806905479095 168.855748465776 172.166093143931 157.694822223847
150.219191740968 147.907784184978 147.092464319914 151.446194723109 159.29265280448 153.286864279147 147.099099321107 137.85702250668 127.258528921782 116.941505125628 96.7727090270894 80.0084403443716 67.7797830370573 63.7080194363609 62.8893703985345 67.3686342504151 73.758432763078 85.6821300610784 97.8646742792013 103.138619934701 108.32993602999 104.158364011841 99.1929036911354 92.0268099739488 83.8212883611555 76.9340655434117 71.753887846256 65.1632279027498 62.4373751417889 56.0310495289064 50.633995792826 46.0282503744992 42.1708034967678 41.1531143132896 45.12631414652 51.3077208591496 63.2605009739278 77.7777314232642 99.400197332365 123.801657039706 141.957089785504 156.044358165077 161.205849766048 157.224465398228 147.841741071245
153.526307347888 145.877726495824 147.654024603557 151.533294117572 157.544767666456 158.354113100406 151.204332012361 143.309706822457 131.053145130801 114.604684233194 98.0238138214842 78.6852962188504 66.1302544585998 59.8776796755777 58.6147808258711 60.4620842267343 70.1874663515006 79.5348097699379 88.092690321315 93.9509606023079 99.440133379182 98.1169437126518 92.6949119729403 86.7416566499023 76.7644740072889 71.2910585344503 64.7180677277565 59.307509316904 54.3329364785625 48.852840218195 44.364771890031 41.2421181623983 37.7973555330269 36.4893793029854 39.6048704505224 44.2447979790258 54.8700906574824 70.0317090886223 89.2823348775544 107.393211809994 128.37138647752 137.736460567963 145.4122739877 140.303749854429 132.820294952587
136.835907006719 134.715528944174 141.791373071564 143.277508249019 147.771061652607 154.559204797344 149.489178074366 140.489909976314 128.264196341361 109.853912085014 91.9313042103498 76.2439221547179 64.5543442165362 53.0385844875134 50.6566880045714 53.6057877359932 63.1842754076301 70.0590780460489 79.6493406553512 84.9815173134244 90.5865909480472 89.1356492186135 84.0803309751242 77.3428355216458 69.0017143680218 60.5331244727242 56.6276249840818 49.8062835301468 45.5634099895168 42.5508046971123 37.5852328908045 34.7052598585773 32.2076312592805 30.7669681007237 31.7858915389869 37.5789856349754 46.725389248396 58.5363607937955 76.230539183038 94.0392699441288 105.643897402067 117.234180881072 124.562181081037 127.140019443859 112.442957630645
117.19782326493 119.872640738628 120.239857719936 128.093869435207 132.862170302126 134.774209373586 134.963924163457 127.942588396223 116.276853226608 98.1321789261575 82.9667986083525 67.3068772725588 55.1029434594884 47.8092648547153 44.5284475028743 48.2190872062157 51.4567031492038 60.3597376269846 66.1907264024637 72.8333912276531 74.911351290946 74.418852410318 70.5519007803248 68.4099350712492 58.9309748961693 52.9019971466944 46.7240748521841 40.7813729360967 38.6187666629691 34.062013174737 30.5231807276666 28.5097741203005 28.6015898305275 26.4582870869177 27.2738801259563 30.6932254989276 36.5388111262283 48.702869891696 60.7273004098125 74.8328433288936 85.7192410733161 96.1581466941017 101.340891197875 97.6934634757572 90.3421916926372
95.1583077184413 96.8223980034829 100.721392838091 102.699652690847 110.262010144254 114.57929627567 115.383928475161 110.073618064146 97.3133146323075 82.9353930802524 69.0128230540826 56.6534383569393 47.355242597992 40.6415520182486 38.75951787083 38.7469824965666 42.7704350821054 46.8536923968971 54.2553671075689 57.1689858129633 60.1271403364095 58.6939435500766 58.7902767020089 51.9682918095067 47.420177602185 41.6827941280989 37.0035626688327 33.6508618493337 30.733239535075 27.9013097780009 25.5702591094869 22.6211152776776 22.2147821041671 20.7975953685124 21.6961202274395 25.2593461223678 29.4808305625223 35.815483987764 44.9647742097877 57.2587489006386 67.6404674244876 74.5486050266606 77.4300047549845 72.6082975721335 65.9926526835632
69.8485384355834 74.6969345957561 78.9806984637263 79.496769319456 82.3263270679887 86.2741879206294 88.0056104837519 85.9558474163706 76.7038890693781 66.2010509553773 54.8563798862912 47.0429186271469 37.5768043019747 33.2540721544939 30.3219587203759 29.3859909803799 31.6924240100342 35.9513525786277 39.7953701283337 41.9148119563675 45.0095524183193 43.954200714939 42.1392894692823 38.576856463437 34.2090331752713 31.229198710519 30.6280567680688 25.1951315929548 23.2554533263642 21.6339324920812 20.9572451023835 18.9881147837357 16.3264006929965 15.3703918374101 16.0608562762032 18.5023872274989 22.7585651503311 26.8512321256658 32.8198359721986 39.3666653743142 47.5225717149098 52.7685113482606 54.2394841308398 52.6863361213431 49.4705733590987
51.2253463082483 52.2350424493113 54.5729022509747 57.0181458215295 60.0831135469601 64.7929586419262 64.5150008919237 61.6656408129163 57.7924442426923 49.1712051021729 41.5097422188375 34.5335753562057 28.0706152497482 24.0066729398999 22.7422043918107 21.5299418780889 22.8861848183784 25.997531481535 28.2784067713104 29.9886848235202 31.7606037241423 30.9734400789095 29.489086161744 27.5171934907216 24.4269626069908 22.4744519290129 20.5992466536562 18.3179875734405 16.7873886737237 15.3991012418533 14.2822053250908 13.2512790739036 11.9759382833735 11.3375563402451 11.799410878847 14.1886688413051 15.7365715990204 19.0845847140535 22.4421116404637 27.4883592776945 32.0773520013257 37.0046077939158 36.2847500091269 35.1123072867263 34.4291804406345
