Models/Synthetic/Density/tmp/temp_raster_dens_100000.0_0.1_2_10000.0_1.2_1069915673.asc
NCOLS 50 
NROWS 50 
XLLCORNER 0 
YLLCORNER 0 
CELLSIZE 0.02 
NODATA_value -9999 
[rows 0 to 17 of 50, columns 0 to 40 of 50]
0.001105294379870 0.000863174832993115 0.00121050791831161 0.000864735506470741 0.000843807564066955 0.00131565807425467 0.000865220086958843 0.000554201031571787 0.000411594779748161 0.000291345557724479 0.000325152549932115 0.000258117604970077 0.00047980338433365 0.000655157245759316 0.000743064468834308 0.0011406875509155 0.00108416898497715 0.000868649289379797 0.000658126387540989 0.000575672803166191 0.00125649144786177 0.00138215049883775 0.000477415234196234 0.000337120638376792 0.000485596034826428 0.000602067421944286 0.00135776562531382 0.00195892085562574 0.00100569218432207 0.000855405210415289 0.000881895039337457 0.000883975745957422 0.00151060846152879 0.00121137395751403 0.00100458971135055 0.000705180590950724 0.00104332457502011 0.00137877539185768 0.00207158009320538 0.00303454079261889 0.0016239193932733
0.000863908794032278 0.000801756362046633 0.000789451148914094 0.000927350754415519 0.00108776126127811 0.0011255588278282 0.000861640233895458 0.000741047634345183 0.000524595458266428 0.000426627115900212 0.000306087504639875 0.000361756894539738 0.000431540473143709 0.000530229495856945 0.000741315355890317 0.000727707183217759 0.000907880347976733 0.00098207792785657 0.000839473768557804 0.000767422868747739 0.000812565745369084 0.000784245168761217 0.000658348398039924 0.000378595030356988 0.000493346639330812 0.000755554995778725 0.00120483610414592 0.00116566796318696 0.00119160647761311 0.000979476635502293 0.000964165472115615 0.0012252344612431 0.00103012441040091 0.00109415414411538 0.000887532954826975 0.000806515107926214 0.000937723526132187 0.00120032792993063 0.00221475514027427 0.00188829612919343 0.00148632521000674
0.000569208893155409 0.000904952922096648 0.00107295474412398 0.000840048499946129 0.000717235326546447 0.000776897392534886 0.000766322302657697 0.000856340609101174 0.000764148527553343 0.000484260283028591 0.000436906345525229 0.00051928185657438 0.00045124276534601 0.000540281961222896 0.00067660776741556 0.000702167897196229 0.000773408259943111 0.000974703311434075 0.000760203195480963 0.000703563593646922 0.000665480064865894 0.000803631727103792 0.000547363225097842 0.000489607122809501 0.000602678410484116 0.000997585150218088 0.00103817463588064 0.00132453357942845 0.00136201734178338 0.00128961834195814 0.00114198326026936 0.00103966822365276 0.000856424555077001 0.000803261465544334 0.000846787975892224 0.000616498309198919 0.000801696738294852 0.00129136609528579 0.00163401855847667 0.00145014562717706 0.000911177043320528
0.000770203081523727 0.000903310260630826 0.000921503928179049 0.000990478398709085 0.000819310218879661 0.000811558706472488 0.000844426663639798 0.00085352909399745 0.000553859885524072 0.000440218115931743 0.000363460324675395 0.000454500828220954 0.000744499553200747 0.00101372445717539 0.000935328805646597 0.000742151930184314 0.000972623549875595 0.000951785823139134 0.000683013804488752 0.000670261993076713 0.000677007152553874 0.00075133736117997 0.000681112721346886 0.000537793719765667 0.00071803352885292 0.00113171745851545 0.00112256816100652 0.00138888772107622 0.00134182958801751 0.00117205468828389 0.00113915690856388 0.000837375821880037 0.000926044364293707 0.00068073681390574 0.000665902455263134 0.000660010385441254 0.000958418850223571 0.00149601242276324 0.00132944360814373 0.00108036879428636 0.000934996899968498
0.0010314957688295 0.00102151747557095 0.00119796020247855 0.000813081117711275 0.000828801135800135 0.000719675199821112 0.000592505626670755 0.000563920036892862 0.000394173362834589 0.000291405935126259 0.00027325589129054 0.000408878690885678 0.000811965664573208 0.00161091999727176 0.00136518695763855 0.00114075474233543 0.000820568004353129 0.000833910837304364 0.000850110096786221 0.000598226815505436 0.000723581611061188 0.00104969424334028 0.000864400243986257 0.000741885726827815 0.000923470453608112 0.00121734945291487 0.00197414331247932 0.00134876278671487 0.001004584403637 0.000882395540872168 0.000836777331483933 0.000822961833081442 0.000778274787564601 0.000884329933612232 0.000693338069704237 0.000620117785862892 0.00104034878529316 0.000902280846703664 0.00132583463247967 0.00093511161891207 0.000695486180368111
0.00109363514736965 0.00098190825167643 0.000756210050245353 0.000828978359086902 0.000680169765908958 0.000739769642221893 0.000540052790297819 0.000520844740178492 0.000435246810976341 0.000312620033385857 0.000333024826811154 0.000448006714066875 0.000629541650203629 0.000893328541243413 0.00112514219335301 0.00109459998904869 0.00117946375729548 0.00111657153358532 0.000634602557083355 0.000573995436998935 0.00091663746596662 0.0010027062792483 0.00103171457296844 0.000981761045003309 0.000738447336821646 0.00111364805385054 0.0020534322811468 0.00146764668902402 0.000954175471648439 0.000761956721999943 0.000837526675064107 0.000935334325125265 0.000772468553529795 0.000876920577064942 0.000693571315503507 0.000635205916352894 0.000726804157430688 0.00102320272018386 0.000988318463875628 0.000972477447588122 0.000809133911184675
0.00125812086098209 0.000827122726143733 0.000570861098714634 0.000443097827587555 0.000571901376913815 0.000648945354912955 0.000747682961778614 0.00052980140038394 0.000390791935915854 0.000396465619722437 0.000512587069424904 0.000701281370553719 0.000679696320416785 0.000769755830689046 0.00102127126581662 0.00114729704306031 0.00141832308128284 0.000993599325289098 0.000771544701746421 0.000541343851392117 0.0010295695467236 0.000929453798182873 0.00108366557822945 0.000971549599864063 0.000958466571959282 0.00106789324858043 0.0012634769743548 0.00121937433764625 0.000948515243190502 0.000898486230259653 0.00151644364456951 0.000969734710334253 0.00120454360017677 0.00108206171969253 0.000774259370655885 0.00093357698277162 0.000806055916882281 0.000830166925654668 0.00128170128798573 0.00131197991225541 0.00103556745134976
0.00166295126304834 0.000847302990925547 0.000474866312658171 0.000481846305079765 0.000564410340663674 0.000971602556657779 0.000680565930684256 0.00053751527023366 0.000528258283048455 0.000524512750577573 0.000745155943076545 0.000681226559177929 0.000920963689633528 0.000751865815727693 0.00113476590428658 0.00147735677836374 0.00125999995181466 0.00103145446462911 0.000688580407111755 0.000552471447571635 0.000624601173012197 0.00121780493192616 0.0011729005387421 0.00125308172425442 0.0013036085468819 0.0010256312727875 0.000806579846908548 0.00085431470203235 0.0011112257464199 0.000880262953190975 0.00124878114039735 0.0016097550756487 0.00116176065660614 0.00116913437212529 0.00111500116143442 0.00106768155481097 0.00117596529850022 0.000881264250542521 0.00103659696630326 0.00137290227489167 0.00137960039678903
0.000933270342718207 0.000679143505708738 0.000702076131327379 0.000695496454246529 0.000748730890280775 0.000566019824273806 0.000631708224494127 0.000732250051890415 0.000685785209216761 0.0006024991238429 0.00066408977912739 0.000816035221943459 0.000734730172437368 0.000842521598765762 0.0011924440562828 0.00124975953184602 0.001455320364572 0.00103200043381955 0.000796080123096598 0.000605901227251791 0.000661525681838366 0.000960049426717987 0.00155624578899049 0.00130869437571741 0.00113392893579055 0.00110198069723547 0.000777891165733207 0.000721852777767435 0.000855513317335168 0.000858215979110428 0.000981836365974709 0.00123889960487819 0.00129308668202769 0.00114474253478095 0.00110866539998053 0.00128159716465957 0.00101178420455982 0.00111088182656213 0.0011699827722674 0.00092480042077366 0.00105531544086549
0.000752188847352236 0.000802511471369566 0.000835976656795732 0.00131775520193971 0.000696305687897816 0.000632294903857302 0.000572263851720422 0.000655917688936895 0.000749610006595519 0.000670417374263871 0.000722386333624557 0.000824302688739318 0.000722234015678684 0.000774164605468414 0.000854201761092055 0.00106237944872327 0.0013016356103135 0.00112005572287115 0.000865890819769592 0.000806750015333578 0.000844897571845787 0.000966805134760244 0.00101317194424098 0.00109248300626051 0.00109349368224664 0.00101191319369879 0.0007260905646394 0.000579789154704815 0.000716176342077334 0.000765884746828732 0.00100237657883111 0.000802858828748194 0.00102305057959716 0.00106736597249716 0.000997085110487415 0.00108777257590263 0.0011064342809898 0.000945166955805749 0.00102612785639277 0.00105129357367675 0.001042506163872
0.000822257556689973 0.000863999977670174 0.00104252193973281 0.000811035634666166 0.000836855915619968 0.000832683816572741 0.000686826729215468 0.000840468614144108 0.000898302143689682 0.000854284676072998 0.000765871581234098 0.0009481834880793 0.000875466458529337 0.000748381403137806 0.00103304373974405 0.00113800575533283 0.00115229937858307 0.0011522158536885 0.00125086324695105 0.00119785953321359 0.00106122507059355 0.000901226584829043 0.00111623668308899 0.00125719520589649 0.00132171734887782 0.000877367184603065 0.000717319296155428 0.000533731777916797 0.000566483432528811 0.000972398576796859 0.00093038354923839 0.000671816686468204 0.000719580263281816 0.00102336090844985 0.00104498551202034 0.000781905680272923 0.000776279509647153 0.000810834884980399 0.000738467040470243 0.000935585874003133 0.000868806569269561
0.00168923123246145 0.00115183988665847 0.00118839841317145 0.00102093564224051 0.000802100908504591 0.000702508918595004 0.000914658662349376 0.000892935831155471 0.00137116406464734 0.00115371294616959 0.00112953615168864 0.000912585171372877 0.000787804937208321 0.000801043405605204 0.00106455187615742 0.00110772382796423 0.00118628753912345 0.00161376421660364 0.00145379563314742 0.0026100730057635 0.00141591603158528 0.00139556453613627 0.00164270429204185 0.00213773208807479 0.00116276363060244 0.000989450375089941 0.000694747105185819 0.000523123275886971 0.000623202825739208 0.000697826977790698 0.000859401218639683 0.000629720233397144 0.000581861298976729 0.000752323093311278 0.00069207506615861 0.00057512277930921 0.000609257603873021 0.000613038168777994 0.000665405921617953 0.000696545738030271 0.000895752012784069
0.00137983334860555 0.00168700826846425 0.00138182302110889 0.000958769984939265 0.000869079830620827 0.000829689959287913 0.00088793257423499 0.00113560603149434 0.00112060397819991 0.00133929313819113 0.00151092125827091 0.00105657099669052 0.000942150262381822 0.000926912548884551 0.000825077279079253 0.000914947175837455 0.00119221245218719 0.0016654766557162 0.0018822126649667 0.00147471138439814 0.00137194372613368 0.00193483462750954 0.00185440716541774 0.00146491968252284 0.00123645974143119 0.0010366265334764 0.000724677014383082 0.00045477201323913 0.000515994228577926 0.00092761917115777 0.000683295458440232 0.000585368053185721 0.000575497325134243 0.00058426048755522 0.000726002945642758 0.000682603238324423 0.000596504042527177 0.000680942345230755 0.000847399527224838 0.00107660186308336 0.000893433722017652
0.0017332392531448 0.00151171400914863 0.00136683158481014 0.00118314564402099 0.000890414892931518 0.000786564308769162 0.000939986737408964 0.000835904732216848 0.00111031818618972 0.00132785709425172 0.00110284000550746 0.00129417754140953 0.00116554920003475 0.000905279545498544 0.000704243992422776 0.000609746171325606 0.000813233988018729 0.000969292589969364 0.00103175724322204 0.00108165018130353 0.00114931419965599 0.00160029070505434 0.00259695008577231 0.00133786035402035 0.00102782297940377 0.00070068568459323 0.000513523932901733 0.000460944110847374 0.000462023395725939 0.000557807602669642 0.000626615990660475 0.00057806017502525 0.000605848531173503 0.000649313524920265 0.000716496295458268 0.00111358791043558 0.00075437132352042 0.000622811495245352 0.000845768976505794 0.000819272051003401 0.000880615907640017
0.00121250812386662 0.00127220413222347 0.0016874041847546 0.0011332489951164 0.00100221311194113 0.000875470343223912 0.00086082146903753 0.000798722764839435 0.0010453516395002 0.00126273915937419 0.00141502557649493 0.000775843110289733 0.000654228192289259 0.00060188166584927 0.000486748532559817 0.000540958500220039 0.000606456787539471 0.000597521317834935 0.000722501715834458 0.000892869078852084 0.000975822724220535 0.00142368660071462 0.00131988234149314 0.00113733481223938 0.000769467961607741 0.000730922338542814 0.000601808032552971 0.000492933938515612 0.000380777961045107 0.00043605223921283 0.000449139282852525 0.00060797738310428 0.000873199541142594 0.00082057826176245 0.000767064519152813 0.000827736922278573 0.000751001426469666 0.000667352039844941 0.000565461580668115 0.00054589042548176 0.000674230281921079
0.000602466450611909 0.000894167573068985 0.000911098659959247 0.000952748457487432 0.000732509169067076 0.000909749393940537 0.000678324681968546 0.000639188535106165 0.000784858473087338 0.000967184315808129 0.000870336079945963 0.000676910750317532 0.000489482768629899 0.000505537274795509 0.000605026003657195 0.000501670865687265 0.000579205503087259 0.000542645411695797 0.000765321230864392 0.00070605773311039 0.000904775713000986 0.000633353608340489 0.000666340144019568 0.000736944479456049 0.000722146877022089 0.00085602420008468 0.000969921291653066 0.000566210424117796 0.000426947193983675 0.00045414971844546 0.000383901588970789 0.000508759439190337 0.000597546409069194 0.000830020344262914 0.000674978920622864 0.000590200620458711 0.000574371891581388 0.000496558021156979 0.000473217236076057 0.000503595230866393 0.000528317808423803
0.000813648686464176 0.000716221315421906 0.000775698355878542 0.000562867593509116 0.000481215269430429 0.00052765630449153 0.000667302394851128 0.000709234220167164 0.000746542516762798 0.00108946207497148 0.000685523603927804 0.000449803299558031 0.000439120850745873 0.000680138647114657 0.000780464299193365 0.000563213872605433 0.000496627112119829 0.000550072072903693 0.000460746434264147 0.000569728572830622 0.000480421937381768 0.000435667782153446 0.000406590074582129 0.00042303627498644 0.000590125717504064 0.000645719619503012 0.000924996382766057 0.000641368001006638 0.000581303442252499 0.000551738851849196 0.000314173856864879 0.000354136656154206 0.000549660827420192 0.000662351120849104 0.000723099248993177 0.000611775374457227 0.000513783514394225 0.000362480851188008 0.000457107401806376 0.000454533713470716 0.00053796372466546
0.000721618244986621 0.000678019495797286 0.000563406876169491 0.000602543617833175 0.000376672133999007 0.000408656018671754 0.000651224551677391 0.000825377832289044 0.000867547784830435 0.000645962912656901 0.000476099486307356 0.000336110470627963 0.000397822010945588 0.000486016474476611 0.000528908962826015 0.000476508686320177 0.000702251146009626 0.00052263789307515 0.000393226145207217 0.000375844541565198 0.000362905490894438 0.00034951969849573 0.000405770043655862 0.0004800079222352 0.000465951204558814 0.000701940226563396 0.000689478704348044 0.00063230333922828 0.00046621360971402 0.000365351208784217 0.000300338372474379 0.000322028963025075 0.00030592122840756 0.000432542272321587 0.000712663894138285 0.000572414879237563 0.000485118535700852 0.000462419355164574 0.000461012833309138 0.000580856394612793 0.000529521594455101
