Models/Synthetic/Density/tmp/temp_raster_pop_100000.0_0.1_2_10000.0_1.2_-486251722.asc
NCOLS 50 
NROWS 50 
XLLCORNER 0 
YLLCORNER 0 
CELLSIZE 0.02 
NODATA_value -9999 
[rows 0 to 19 of 50, columns 0 to 45 of 50]
50.021928621833901 84.6677593604142 48.9079396691425 46.4905968153329 47.0810126321966 53.6949165569845 82.3784009019181 131.086636379941 93.3274973592311 79.6811827138061 61.2204908868608 42.6727518539515 108.345864028216 109.133057225264 120.805823435937 120.15031606596 120.287648972288 60.9752781675894 89.2901767841059 143.693119033789 80.8113061080429 70.6813547870895 34.2830707514726 56.0813518712629 133.784495463304 147.97153763658 99.5326740183033 71.5541801313579 101.106555778159 157.055783070005 85.3618968575357 41.7745448292945 46.4647744630372 59.8266975577544 66.8282500467607 48.5516734991432 54.0418901370907 85.9428612877101 52.1915549592558 60.7086728689732 116.59068987568 66.4814288142354 62.5980214709281 94.5476061007028 112.497042782691 68.1141337865078
55.6281216259601 62.0380749713407 65.3722345482698 70.455737512218 70.6248724169061 56.5903189235474 87.3783108852226 99.3682430388413 110.507439586835 60.5186118767116 47.2329641420303 69.6669403780172 119.769451936249 245.82936446632 145.283488884942 220.446191545556 113.026902829135 83.6178260519661 92.3347739071697 90.1196494302227 95.2479874815738 57.0585988315779 47.39011123372 63.042654947929 97.7343310962086 139.405229623008 189.227300404638 109.344766732146 97.6253925811974 87.9262558270271 75.6064857888096 77.7541676444533 100.089196619405 109.637863603102 84.0479241962263 101.616897680167 67.6900304612425 77.0527310565065 73.4154319351907 69.3845580031199 95.235826177866 108.327551557489 87.5009422442186 135.974827147431 174.848668053759 90.0571990365938
92.4472837826382 79.8244831323639 92.9846254199403 72.9068468710173 78.7541128423216 81.4239381075913 104.144017186382 132.903888818087 92.5075668000919 78.9496605596148 58.9888901515182 109.197813384084 125.554722485784 165.627059392274 158.473791684205 135.696913097674 110.784443860332 89.3421708690199 74.4525271401165 85.637521835952 78.1275608034559 79.2418741007023 62.8951504988257 58.321123780731 129.475329612934 223.213264254914 138.958118409 110.538114416869 123.189942601358 79.9934910250187 85.6425962507683 141.983896201609 166.831039035228 117.788493115649 94.6472739875495 94.7848291047936 82.3811310954607 97.2572086598021 104.853215344473 103.48605588556 73.7402371538849 100.008209872934 104.869175117653 170.760542387439 116.923075593944 85.3240479402226
133.266563124306 90.0176071597018 61.6613860130962 75.6156818216524 103.495240548613 114.138998863341 100.951287166502 132.972498834521 127.76035452124 119.696703766186 86.664722143572 85.8468851942658 141.938638811937 123.859497237215 132.064347718401 106.284540554151 75.2208094772014 79.3072623807012 73.8958044381414 88.3762931961934 60.2780537633312 68.846352474351 66.5721036088381 79.7703645488504 103.094027305894 135.154170921597 140.6318514404 102.824948501112 86.5105538791272 87.7150468823412 84.3947084747109 124.143284801696 185.349312705687 130.681027421154 105.586265628364 104.78462096818 156.552938462417 108.750002438705 91.3021077104778 89.6115942236375 79.0078840724955 93.9249184866019 104.519804883573 97.7996882315281 98.0493012076761 69.1866597429232
168.103269588659 80.6487633365519 80.9545736098418 73.5117364075033 77.5298312041681 93.172408751238 134.818719440671 174.316940362662 232.470729696028 118.420388521728 104.390290456158 94.0365800786462 111.738672068616 153.761490467127 115.187098396765 71.6759904682235 53.0089293525766 67.1624188965523 120.348615165741 72.8066855872845 71.8057712497305 56.1084402234861 62.35266412038 72.4008584846716 90.2200001715321 136.784038896549 161.388853482876 101.973862394419 90.9906358392832 64.8398310606875 76.7229015149898 102.870708995046 136.546113598368 152.659400247874 131.896953059094 110.17585816173 89.6449669145299 89.9268874816032 111.987031617368 100.720611174381 101.68999494074 108.723563416515 140.492796100137 76.708713932206 67.2961286016691 90.7409203619232
102.43924091885 82.326040774186 66.948812112041 64.8385372136558 77.6897207528319 104.589306476964 156.653810513254 256.956947690017 183.592704816784 123.422819230489 89.5333622457338 90.7755177786734 88.2580688345009 91.2427786705618 77.3794323626005 63.4435703300857 47.298004844431 63.9866534565946 67.9153659782107 89.8841915956309 65.8236815208224 67.1373265866098 51.7197969482406 86.2782996119344 130.27846519495 132.986961231084 131.991667361468 130.909769588834 83.4918226546344 73.17509004238 69.400555336347 107.302047388681 185.288961045164 114.915145859505 122.580552644069 94.0319293669132 95.499033385238 99.079352237917 107.700468370022 128.869959154048 107.168845236607 124.912107633177 89.1397139759058 91.0169758229316 95.2492112556762 96.9357784273359
81.5483230242041 87.0289543883777 91.2714355916703 88.7725289044899 101.724363893475 90.224820892888 116.405231413841 118.380366087141 121.442422227205 112.096601570102 104.266699401069 118.027970190143 70.9105199182699 68.2111178378066 85.0290262341075 66.3454898175876 49.2623270933009 39.8030222417171 51.0027422393517 82.346297957175 76.044010066099 86.947766752515 64.4758103955818 102.976397629177 197.950228244857 127.025507400793 111.547258170804 95.2679319026509 119.89694526125 86.6073201277873 127.123533312713 94.8331596762612 114.931473536366 131.81856144755 104.862238433884 149.328154025973 83.4585826734792 76.5791183188333 82.4028566747789 111.495917655412 103.887071717172 88.0377324919165 145.973367536593 99.7547425425664 109.645020594562 140.53815643378
50.8660948064525 88.1758975107575 160.418495027207 84.3531007124486 81.7661539277814 113.773106556228 83.7419631658521 77.100012721744 77.7509476240903 75.9058752744148 113.378297724877 84.8591198127148 81.9083372937637 136.551730065226 90.7176283522601 64.0416066162552 51.6047092269207 38.9288142676849 57.7353508457172 73.8742659531187 104.300224837623 89.497706921457 90.3068954521563 138.619266252691 173.287051123486 115.396795208455 89.4462724083581 99.2432744223558 76.5237344799174 111.022267691567 115.638756842688 132.324198404527 105.650592257224 101.342870119876 83.244994273825 71.9612698509491 62.4787450996232 44.5435143788787 57.6420778459888 89.2859010638533 124.660054648317 80.9149237911161 89.0060226217936 90.5183763704307 133.780592310663 175.407013122914
71.9244893682921 71.2047148069356 91.5613081580501 94.3929600764964 73.4932400451377 85.9335400066398 84.3106821134361 81.9828465190456 79.1583221477091 84.6843176988715 90.5486120599687 93.9995935249818 88.3137229331918 155.59395885593 109.097907955946 71.4942181867305 54.1958362451479 62.3796589181813 48.9740616512033 73.1092166020736 91.335384012321 121.307970646079 128.921895590853 119.714550159419 87.80324094322 89.2047791820311 89.2364953070622 61.4047169198735 79.5284669220475 98.0149276333693 103.283783520699 129.224089438539 114.398985576802 92.9960137126869 79.9070188628268 42.034333350323 40.4500112324794 47.18427385981 62.0226006869928 121.40183125082 100.928042712398 83.0919736394924 71.1913783610703 63.3174908012613 77.1644762561456 100.514057839848
72.2448373301857 80.9590563059703 89.3794063470468 70.6521653536048 98.9986799741478 107.726136686285 120.509379158071 77.2691999993141 97.2992725173875 156.523084838883 132.783075397146 92.9453353929573 81.7858833340103 96.671970048888 96.509815317552 105.678274740072 63.3430330690796 44.5002849328278 49.1556977218541 49.6316427490181 75.9297331859887 101.742224375054 129.903099028407 93.6339362634783 73.4659694719333 52.3708889140967 59.2773056335868 78.5322025384864 90.9586765502639 71.4914614550916 124.279355904113 108.039767842725 123.774151664405 85.7673271715189 66.1490327628953 46.3705780278257 47.9371185480888 58.4268580124897 61.6136301321108 82.6002493806413 84.8749480050165 62.3217897649986 68.7529602422403 58.1407896351007 49.9501899250046 55.5020675894146
136.847618023296 101.236282014991 83.5253447423054 63.6692859138739 114.740939116024 114.590038664897 125.856576424442 98.8729230288994 84.2625311702767 125.372340704972 110.813741132883 127.034912753156 104.972833777619 106.153041113879 109.670979146578 114.565797673083 67.1179616937874 64.6324488644904 51.5674115666316 58.7191850159353 57.0388022884076 59.5497832366949 73.7740973312228 105.30093394508 72.3805344290457 62.6158540492567 49.4017302317861 73.7475800044004 91.4788684808062 102.089663971447 95.1625234254698 125.25893918996 130.634703613071 79.5336851700533 74.0093549334512 77.7024862265935 64.9867144059714 63.4247985202327 64.3904310550709 65.6212025238168 66.42022914939 62.0511262957045 69.2654072430974 65.3628226151213 42.6682531279711 59.8197427918275
111.972020970495 87.5041141527604 71.2839697683138 71.5752779331942 73.9933586911277 106.696839109278 175.704618189628 106.94020752331 99.4738965466314 79.8386017705381 141.557708551996 117.104991324186 119.196981244785 168.536111158725 129.497614931705 80.5646372180849 64.7952258884136 61.116044659101 105.738178795209 71.4174406797946 57.3847026470267 51.6921113922662 77.9001425212831 93.5178735085146 76.3260980964586 55.7214022450186 67.5807976690804 74.504638044773 77.2644129558929 73.8592172459119 113.641034670271 114.232930077194 97.3977121033874 129.319668904842 102.919032146362 86.8720587019509 107.88456379121 74.7255080140694 55.0002275948744 58.9791715201884 59.8051878919269 72.3041690416012 80.9867668568132 68.3988969817585 52.9195288385899 52.940336392789
82.585058148388 76.1928818388051 72.7484009892706 74.2277798233653 82.4903003872222 85.7609774171523 102.544674570403 141.044803366105 89.5503097193306 82.4269712216273 105.32513126608 127.380206241992 136.846378737962 134.978393332181 111.904267476569 112.349562026207 57.6745178802345 57.4135211623511 79.6874391856304 74.0774337337628 66.1822089145205 73.7448299760458 109.291319530458 125.93800411417 82.3211266995449 64.4342327054801 62.1107283912864 85.5311272411337 85.7230882121292 76.2855628013002 84.5119330317563 82.8071183041797 90.6618355620935 89.0210848883914 108.260249619191 111.011959461832 107.755946073657 103.665903430785 59.1680587888009 67.1731068514421 70.9410240763947 74.0118814936878 67.5346144532953 97.0420593096974 73.0571940409458 86.8866008354003
69.0276886261248 87.7250962065638 86.4698977906593 84.6285235339959 110.156024358024 90.789483179893 154.369700960685 167.209211985152 124.918752955683 92.2961524570438 89.3976809192966 99.3808404426644 94.3359534857108 118.971330883411 97.8700003215466 74.9339979484164 47.537807754181 47.1923678933795 53.608131050984 59.474152612015 67.8772474185164 93.7848108915797 118.150482543969 90.4311035521885 107.735277958367 101.538446683692 81.1780958471133 71.5082980756838 79.6555390251309 92.9379548832306 63.1991411988395 67.5760780987811 63.3643307398558 76.2345480682844 101.384648220983 99.4015512644963 115.18198866271 71.5461580467786 66.6795802088071 81.1644872525811 128.109213302747 83.6975018354899 78.7676853089093 74.9657874329813 89.4187837731152 74.5617109821178
93.3024311500142 116.198227618004 110.42543351084 132.146569007649 96.5504252161252 89.1828315811442 85.3896455285312 108.711048098911 147.862745276817 88.0632478609865 55.0107786132997 51.1039319095414 57.2632774453297 75.2040773528902 72.1453404910368 45.8798882103159 37.5991633950551 40.8783036326582 64.3856164110474 63.717644937616 91.7087094190571 109.594644346453 92.4396067949156 83.6518074532306 111.420601103324 104.250475210965 92.4959417539393 67.811196965029 59.3642917489238 66.3493254473482 72.0304219590092 81.5535382940461 59.0827435308736 85.9914080231045 84.2169166637878 113.30618046327 86.1228131940991 68.4739407477408 74.3195258215516 85.3474378246785 79.5053799655125 117.512977555153 88.8656173825687 98.0003115751444 89.0122278501798 75.5809880431815
70.071444777575 77.9133004725167 81.6510331534998 103.963434822199 76.4162107416836 64.2995382686174 66.8669912247253 70.5611494178427 84.5737823301716 72.430916739598 46.3007480345192 32.5820697204888 51.3922396245986 63.6905264722477 58.8778582793302 45.8494321682421 39.2479812775367 57.5463811532374 67.169067153642 100.390408973356 97.1153235248167 93.628280575827 68.2160049878382 63.2477950720897 77.8227478470605 83.3659585258728 93.2062063671783 64.4969749804643 53.3972129254216 61.2115336789088 78.8184056164767 85.4922004292528 87.2539756099703 74.664697090288 96.6835102339242 86.2217658371475 77.1979244318595 78.3573874401842 100.83490409309 75.883502412748 105.968179270999 89.2584390103738 76.8391747796387 85.4734342358356 93.790140675336 83.1136091664211
65.1088085966182 58.809981227308 73.3880660349043 61.0777524757411 60.2314134903315 60.4705227053424 62.8340163227001 88.8411032287246 81.0744850599004 75.5931629154277 55.853057101428 47.1154529848614 44.3647156342176 52.6130332002677 68.9499392847552 42.0400730361911 46.618994045878 64.882586362403 107.735188772093 120.393537744552 119.761609142878 58.0288768789426 57.2552781383546 72.9486898274194 80.316630352486 81.0963540620076 103.075434601704 74.4165992878937 82.7263771100904 79.2710148241556 95.4687463671583 91.3878599714647 125.758107671354 88.3711525258625 91.9984765604912 76.3151505863937 90.885033206448 93.0603467396429 69.1903111838152 69.7893858077487 92.3032822380761 71.180235310126 67.2393694906393 60.4630850824029 61.6500049705274 76.6728029544892
42.0493246115454 78.3180752993886 71.3696850912297 63.0831593713 53.0730395403813 58.0286400774815 81.2653756160901 66.2349359262892 66.051354195269 71.3553689784503 69.9246917941637 56.0648988623471 57.9041584360147 46.4912806830866 45.6396437715456 43.148189482215 67.7592807258209 89.2168010630021 92.6812588777273 150.643513552796 80.316422412709 47.1301803619245 50.4341093008208 78.145573688377 101.281668177752 77.8731769474233 70.3051475462565 79.4946218242901 77.5480955536349 54.7237505167761 81.8093879802748 95.4302331695352 72.6349082107227 106.283851963536 99.6411547141128 98.1729505928797 70.8446544277975 90.2298421814345 63.2678358487071 50.63440822941 61.5907547133047 46.878874260729 44.8463067912769 42.377618409201 57.2105313559326 65.5981624435962
48.5363794241465 58.5307836743924 61.9208999470239 62.3813997757565 64.4920425861968 61.6474545883694 60.3304563040646 60.6611308288741 50.3326586867646 67.1893501477815 55.9493458621915 50.5658391185658 72.6996809843965 51.9274848897358 43.0592390060963 36.837242264706 56.3349149521686 76.6959392960834 93.2659529336906 81.1076981556948 61.7454562391511 33.9435763950377 53.6125136566163 55.8569529424563 58.1293612820951 61.6123375236046 85.7540099808797 56.5661825253037 41.6712861389996 47.5829244138241 53.5016401318053 51.8977383907824 55.9293486072942 61.6446752979071 75.8514383902972 68.6848220673008 79.0944597048648 53.5174382666222 47.3957452437549 51.5656658913864 44.6277852644048 37.4452112200307 34.5609739787246 39.564275342703 49.4772003303382 53.2924191052123
40.714259037724 44.7814094750887 43.8524062462599 50.0258228645498 45.2978319137 45.395902339487 42.2634217987065 50.700165868744 40.4578476867095 34.0818070673443 50.9101025471842 53.0131935273427 73.6819446611068 67.5124608593613 32.0549856153799 29.7705453220454 36.8253396063997 62.5735866223294 82.4080712595295 58.9229800538809 43.3571961254375 30.4254055589851 34.6804204620406 45.3404632838441 53.9114241769817 55.1263732258008 45.4430335278676 36.0670906239597 28.5183604179017 23.3677726500372 26.5324659746095 30.5388937570526 33.7139604146542 54.9794398825223 45.4059162804428 49.9515265058587 56.0925373556042 57.1611631812762 37.3128624096738 36.7657075373162 36.9205405178691 46.1971152718882 30.6181945941548 24.437570799588 34.0832147781784 37.9948056285411
