Models/Synthetic/Density/tmp/temp_raster_pop_100000.0_0.1_2_1000.0_1.2_-676096956.asc
NCOLS 50 
NROWS 50 
XLLCORNER 0 
YLLCORNER 0 
CELLSIZE 0.02 
NODATA_value -9999 
[rows 20 to 39 of 50, columns 0 to 44 of 50]
3.69247590490594 3.72835436114699 3.72579401311576 3.7363687746166 3.77077778888769 3.65626205767541 4.05548254319608 3.38466419578281 3.15639832495967 2.97956234845679 2.91701192325822 2.93455969821044 3.0196147111378 3.13874108498864 3.26265551794396 3.33201159753207 3.34782458116897 3.31326681457283 3.28266086775813 3.25850559461211 3.26849730110236 3.24725080213535 3.26032082711388 3.29627450936202 3.35511516513465 3.36109782451123 3.29061181670051 3.17112828856294 3.02375143741774 2.86140943571658 2.63475870392628 2.46536986971959 2.37524158450552 2.35257195333096 2.37000365914494 2.40392167558653 2.4670154224324 2.47387831395717 2.445834424148 2.37067163891416 2.32474312675385 2.28213098434783 2.2389064359045 2.18793689068267 2.15374062929569
2.95581012199906 2.98894564156744 3.46971848062785 2.93502106546289 2.84865295751611 2.81161325354149 2.74154116649794 2.92930578359735 2.41766345279224 2.24083724683348 2.15227778610126 2.1322834175717 2.16966910957715 2.24762917879384 2.34222336448486 2.45227471357295 2.51403516191741 2.5485165606235 2.55988369869181 3.1880242032101 2.55734605862016 2.58269916118513 2.68415063861418 2.78310313065708 2.85506471080483 2.85903610508977 2.80480907416551 2.70896916861113 2.59537050172011 2.45270580098642 2.30244964345748 2.1704010185899 2.09283979255301 2.05895063280452 2.04750965641118 2.04219287466594 2.02986917829997 2.00692784790988 1.97160802450039 1.93703226156797 1.93980940647828 1.91153572628479 1.87218684210584 1.79991743614573 1.75376953311294
2.40284388261558 2.44860739401424 2.45097263441966 2.39882271122338 2.30348692828246 2.2013214315134 2.16890525666529 2.07199970209007 1.93747190443592 1.76659793976933 1.67019792446258 1.62891701646234 1.63783528341157 1.68657363297927 1.76654119573169 1.87987936406455 2.06201295616352 2.02381017546959 2.10856158361136 2.09858409179646 2.13552828228898 2.19413161610235 2.32285542604596 2.4754771474188 2.5031058044346 2.5063244606796 2.46155973983806 2.38549671887675 2.28891487501492 2.17612915965161 2.06426557302054 1.97433680008967 1.91771864592787 1.88677886793568 1.86551194454616 1.83904302650355 1.8019473842005 1.75662642666981 1.7100129399054 1.67365134954715 1.67806901057178 1.84819178570811 1.59646090887132 1.5066487007117 1.43797612795407
1.98907203416672 1.98559652084176 2.01117614795082 2.3721556932905 1.91551649942164 1.82869768547536 1.77361656250698 1.70126342819994 1.57829785506639 1.4557273378461 1.36094096833744 1.31072108815244 1.30401651046768 1.33689167734114 1.4050716851788 1.50565025070191 1.58367055277923 1.65511448859181 1.69468229439314 1.75681914041597 1.82510516274116 1.93010767208405 2.06189039745862 2.16664118997361 2.22558948313017 2.22189053429325 2.1961521852993 2.1771848437264 2.10789957551022 2.01500763394028 1.89540724088663 1.8276854620973 1.78617520186835 1.75814964000844 1.73126936156246 1.69493791346456 1.64447259472959 1.58729512904682 1.53125390862199 1.48492139743315 1.47547617349408 1.43636043234729 1.38055870213033 1.29053758182569 1.22838812656744
1.67217764838814 1.67245272367415 1.698743255107 1.68172330015179 1.64787877759598 1.5761880134706 1.52947721591689 1.4545084578991 1.35281892796477 1.24303759143649 1.1566144290426 1.10417451747461 1.08903807401281 1.11088317570202 1.16484023900491 1.23429263558916 1.29462497278256 1.35671685320592 1.42960443528588 1.51304257110344 1.61183161961678 1.7235321400711 1.83750619108866 1.93202972182226 1.98014971809644 1.99116967423079 1.98160253413385 1.98810887369579 2.10247607830224 1.86521815505654 1.76386453165455 1.70627486466897 1.66901216125397 1.63753808677709 1.60281294570927 1.55766026122849 1.50161643755037 1.44022825670954 1.38113480873666 1.32974936369445 1.28297212325502 1.23753336887687 1.18683071424265 1.13476307350668 1.08331480019891
1.4517372799455 1.4499435463011 1.44540560416801 1.43675587562513 1.42225085490846 1.40304784550492 1.36048581854764 1.28916123282047 1.19235845720028 1.09705857048985 1.01882229094162 0.967466971750731 0.946512570294262 0.956720666693129 0.993832727975917 1.04292935461176 1.09787609919663 1.15976971295683 1.23814919943648 1.33288032819559 1.43971029379031 1.55132184130683 1.65600267802681 1.73656746669078 1.78494014989783 1.80228038060012 1.80372470481331 1.81742146324871 1.78674993353308 1.73094731455439 1.64652631634469 1.59688811947653 1.55692142547843 1.5168781964636 1.47186852077002 1.41885997744646 1.35931053116588 1.29872967464211 1.24239528226787 1.19205740578123 1.14645888438797 1.10318882545906 1.06067073699378 1.01825226562085 0.97689706967826
1.29307851960206 1.28968883635258 1.28686523659999 1.28332160715237 1.27927730342144 1.26904902823892 1.23997702465705 1.16707276807903 1.0803385192842 0.996629994082417 0.928068513796462 0.879846247353532 0.854604864630013 0.853383038697829 0.8726887481331 0.907927759450027 0.955033990326053 1.01588645463697 1.09349948868139 1.19224565369066 1.30511408983764 1.41879833619026 1.51266804399119 1.58057551167394 1.62313036789759 1.64743317719787 1.65706464320412 1.64994113793098 1.62628319602535 1.58625252075427 1.54092825203226 1.4951917418468 1.45008089280951 1.40224940820472 1.34849080190686 1.28850742291339 1.22592143901134 1.16683908874762 1.1151249325263 1.07089988945712 1.03221967163071 0.996435546510999 0.961603924800969 0.926819370866241 0.892610262921974
1.19829968841237 1.19416488041608 1.17027892892462 1.1684403327056 1.16602146977919 1.15736225679705 1.1263887572481 1.07067526077723 0.9982939059278 0.929409171845074 0.872378077558447 0.8299336881671 0.80646420607897 0.798656787771177 0.806286761366174 0.823125481326352 0.855641811384658 0.905289375669876 0.977007725805384 1.07518222956233 1.21772490802897 1.33801157701695 1.42139595217309 1.45092639480994 1.48435014835505 1.51477408838907 1.53333750757278 1.53475538021366 1.51804633863756 1.48690027456204 1.44654011557494 1.40125703772226 1.35420090838723 1.30320611277596 1.24549301142269 1.18231589524991 1.11934401088922 1.06301865878318 1.01151568741981 0.968743149835865 0.93315781744659 0.904364593225661 0.876780504703004 0.848988078204528 0.821322978420043
1.97117658903057 1.10463979739702 1.07988015631078 1.07548582164224 1.07065515024221 1.0582170172471 1.03171879523385 0.988600307516392 0.935681723222348 0.882906984228128 0.837854145943985 0.805015517087809 0.785576755470009 0.80933834803499 0.807741012493561 0.805130885278204 0.786607272855241 0.820841983270061 0.881297651778396 0.972351592368106 1.11105196636714 1.32826080175846 1.3083996393675 1.32490844814108 1.35767263214715 1.39541357794883 1.42558176013094 1.43877840014363 1.43160299282985 1.40570958012545 1.36591201656288 1.31899281402491 1.27141581979653 1.22504762681053 1.16609216860929 1.10228423647204 1.06976417863794 1.01768797173476 0.962397462211445 0.884811051062638 0.849745931295127 0.825515248045988 0.803347483032131 0.781238806532791 0.759226105123289
1.04729287078988 1.03461750748515 1.00553233573939 0.99764543071134 0.989343041365066 0.976296037522165 0.95501319811535 0.923881300491947 0.885384239616919 0.845131196658099 0.809702669137086 0.781645119568209 0.771269684343406 0.792189846905876 0.946209132595491 0.768196656909188 0.737919100441044 0.756766092610788 0.803456651768611 0.876325191760456 0.991115958569992 1.09084069111703 1.16246692522539 1.19403253771003 1.23694944611132 1.28427425122706 1.32477252244474 1.34927119405457 1.35233928444681 1.33334137039231 1.29625277662946 1.24897279459927 1.20079725695674 1.15381825250683 1.10219108518047 1.03086348792929 1.00235123731269 1.11311095621459 0.894484867638764 0.818670003312994 0.782837611863568 0.760933329909274 0.741851875167323 0.723593570346323 0.705820189982206
0.964504000637355 0.947665317279951 0.937667839563005 0.928722565164171 0.918916273935829 0.907621901968408 0.892560623097006 0.871321327128025 0.842584315937249 0.809460575184546 0.77682845029781 0.751350966409078 0.735165230286306 0.752979093776211 0.744367243938256 0.728902503246084 0.696501258982676 0.708174129501766 0.741205927478099 0.793845312089295 0.862365121132742 0.938262792684844 1.00781818473421 1.06942866643605 1.12592833677747 1.18040911404928 1.22836625977334 1.26277136141015 1.27728903990395 1.267890518059 1.23627110089027 1.18975288511659 1.13812015354983 1.08592688362286 1.0234439154132 0.95896208956217 0.925698599134623 0.879223094991405 0.830473063491652 0.762755517486185 0.731808584003258 0.710879780706582 0.693116694832491 0.676999859019712 0.661867147783467
0.879124691826932 0.872543541770675 0.868585001022705 0.862444330468198 0.855471185071453 0.848136526075409 0.839243764246939 0.825383714570449 0.803804854753428 0.774386169043595 0.743932645094861 0.717391405077819 0.699451965348287 0.686290321054702 0.676694903199923 0.666558190408413 0.663322172065371 0.670385070433713 0.692204301291133 0.727904643288897 0.777479396885731 0.837948695484401 0.903468021760156 0.968196059340126 1.02892030619282 1.0850758333044 1.13626492490518 1.18103112463372 1.20993950276017 1.21393244588188 1.18728874712447 1.14044602939665 1.08421063436552 1.0237680693627 0.958035389739746 0.89229391095516 0.834097068794217 0.788341700680672 0.75021270116564 0.719564265097703 0.693887954487159 0.673997330515936 0.656852061693938 0.641782461941567 0.627901341351213
0.793008634815606 0.794882588770337 0.797771355774727 0.798886904689332 0.797960117233821 0.796556940715811 0.793326754991551 0.785079874006443 0.768462263646116 0.744404716638259 0.717381541278819 0.69319847940478 0.673921623156181 0.659239015038837 0.647770954364456 0.63963816108753 0.636039898994542 0.639527721402732 0.652697948216598 0.678149455173324 0.717324581528368 0.769191296361156 0.829046942202848 0.889418422721594 0.945720846047295 0.997552945227135 1.0482585224313 1.1007073387668 1.15519066066302 1.17220354817063 1.15031457837295 1.09514174976621 1.0412618436791 0.982379903970988 0.913390179013324 0.843904250379771 0.784270150017079 0.740852329474252 0.710002363317701 0.686270563724604 0.665967124044746 0.647627500928683 0.631378253538496 0.616944504773374 0.6033851861474
0.723931135987379 0.728487772925815 0.735575148163172 0.742572466568447 0.748764638070351 0.753718433020319 0.755935777565726 0.75238340486926 0.74102119610782 0.722593740459572 0.700896939465336 0.679955176657281 0.661923056551495 0.646633795989524 0.633345958120988 0.622079647591335 0.614197493634161 0.612139236486537 0.6189224686933 0.637436649682122 0.669506816209114 0.714422360784187 0.767443678208209 0.821339628607218 0.870179000602255 0.91592818847723 0.963073751596417 1.0178348644968 1.07905391589285 1.13637327611586 1.08750856890619 1.04240974294546 1.00851530903912 0.957541117286883 0.888143616692647 0.806803147500856 0.747943290330064 0.708387234655099 0.68167939033312 0.661663863177532 0.644438513496393 0.628554396308781 0.613881465069791 0.600201049361632 0.586593244136355
0.67779839627457 0.68138496771352 0.688804980369418 0.698713561515096 0.709696328368247 0.72014037492857 0.727498714257465 0.728907105998536 0.72266441668218 0.709549343224068 0.692272364349423 0.673785780491408 0.655706371457043 0.638285882610134 0.621420162104261 0.605777042633728 0.59319937757228 0.58642671667674 0.588462232317429 0.601879157747018 0.628008575819616 0.665767282958992 0.710846733696555 0.756594510636782 0.79921293360314 0.839281091241439 0.881280245722016 0.929184034981663 0.983323502463144 1.00815415324139 1.0011497926774 0.970453638154028 0.950946249129971 0.935144966133028 0.843816315401241 0.766865815068148 0.711651978562247 0.677240252425932 0.655205469532215 0.639339203508822 0.625886247403421 0.613233827645162 0.600916652154757 0.588474207024717 0.575034809649007
0.650351305419398 0.650972076626488 0.656538567260236 0.666595610377788 0.679881955993535 0.69412832129372 0.70602849939899 0.712158628842435 0.710569420774825 0.701584814885493 0.687211802351056 0.669637882318189 0.650269544836116 0.629790269759715 0.608921544758182 0.589116138322139 0.572716530739885 0.562555899865117 0.561308673379711 0.570866602479607 0.591747643914739 0.622471146782221 0.659247541964662 0.697547531033807 0.734333465194965 0.769721340457834 0.805572757826946 0.843206979164149 0.875932232211314 0.895002052169478 0.894060328093353 0.881703689630731 0.867720599367831 0.832763392992805 0.779165306823133 0.714859667482458 0.670439417358275 0.643026035912889 0.626642070884563 0.615781648505264 0.606904449935327 0.598243973964083 0.58904282359097 0.578610937310062 0.566072134791855
0.632099050698681 0.629638163696355 0.632744310693415 0.641797356111647 0.655967570627849 0.672732468980469 0.68808893691094 0.697931635842258 0.699828008452963 0.693743843603928 0.681180493053086 0.66386121064958 0.643095595807627 0.619992771107915 0.596016639842726 0.57330973804993 0.554556442718061 0.542473969862242 0.539212264380792 0.545898457612114 0.562341444137522 0.586853056961405 0.616536301644471 0.64819768531475 0.679647147198054 0.710157517767736 0.739779959771808 0.76725016116537 0.789206580555659 0.801012928083958 0.800609799021568 0.789837116009002 0.76884959339056 0.737714865560982 0.697108689500795 0.656810364358071 0.624942498015578 0.605528651252176 0.595038110420679 0.589360661063873 0.585321228787867 0.581101344943365 0.575674162790555 0.568118407169904 0.55748096876313
0.614410731797553 0.60986365436024 0.611133158078165 0.619508089634984 0.634663588266308 0.653718051736574 0.671521267945661 0.683310680651878 0.686711656358553 0.682119583483354 0.670897524342272 0.654288580397092 0.633251827820361 0.609110369888041 0.583879958588886 0.560214347534387 0.540958394900455 0.528515600681138 0.524383941542976 0.528991508579239 0.541733193873484 0.561070886802432 0.584811729214942 0.610664080872224 0.636822589071503 0.662135591198342 0.685593391361314 0.705615550776854 0.719772348360589 0.725541109798008 0.721546366649601 0.707903020007089 0.686034784380431 0.658105701626039 0.627953988476885 0.600325082972128 0.579583801045762 0.567193627965143 0.561852508070577 0.560679856880767 0.561061211619701 0.561183860689857 0.559794852897939 0.555709049831133 0.547830960167715
0.592368240981494 0.587060694872393 0.587537856205333 0.596091498686738 0.613465251688136 0.635606126110725 0.65554577072819 0.666902854070408 0.669197403528668 0.664431852021969 0.654678383758177 0.639969243179085 0.620503917527432 0.597492389584895 0.573265844153059 0.550839793864561 0.533077396820783 0.521895353340122 0.517971958833749 0.521107175063762 0.530588622606885 0.545313300210057 0.563736835554578 0.584124856341306 0.604897552280433 0.624732910093167 0.642291234775356 0.655913214026159 0.663695034168806 0.664012921743859 0.656171928204392 0.640796274569106 0.6197538710967 0.595875883003121 0.572477669243633 0.552771289044569 0.53900107988108 0.53182832078666 0.530264706924427 0.532372231282605 0.536110024837082 0.539808538103474 0.542042636744457 0.541394409078273 0.53658723808926
0.565071422714495 0.559950500895594 0.560256841070354 0.569218015790611 0.588608657651397 0.615031447150942 0.636159032379944 0.645915794419764 0.64459178906067 0.639707187870158 0.632196109021585 0.620858890399792 0.604858468280387 0.585047483416518 0.563856222777533 0.544546276922687 0.529989069555249 0.52148036739055 0.51876886197362 0.520960857178964 0.527508174760711 0.537902096673813 0.551248708488276 0.566188090833899 0.581364261452661 0.595541959884992 0.607391388724287 0.615350565996823 0.617856062516973 0.61385764009444 0.603304211065731 0.587320164421194 0.568004205429072 0.547967404933391 0.529802326288338 0.515594475895602 0.506553114265224 0.502829621311541 0.503632668675157 0.507607485529905 0.513271349638844 0.519206340108855 0.523970858120189 0.526000673048626 0.523854473922967
