Models/Synthetic/Density/tmp/temp_raster_pop_100000.0_0.1_2_10000.0_1.2_-1680790725.asc
NCOLS 50 
NROWS 50 
XLLCORNER 0 
YLLCORNER 0 
CELLSIZE 0.02 
NODATA_value -9999 
[rows 20 to 39 of 50, columns 0 to 45 of 50]
38.5138300678549 49.3851287323805 51.5853365218176 43.8964039439492 50.4565278223978 41.8527535160532 41.3839930135646 33.2940019367787 30.264358809474 38.017690181453 44.9951852093095 38.5879695436474 30.7856210789637 16.990830131843 20.9553934932737 25.9649542201403 26.9966837645308 31.071246227044 36.120308526283 27.5980929140608 26.7796413949461 30.37900252119 24.9180698340338 29.1395230683166 38.7314599033203 38.0048505347011 42.1315772443991 47.909494836988 44.0215039303537 32.7761141238244 28.1677920467158 28.9474562545537 35.2392864063515 33.7734127375348 20.4774613958937 20.4809552724034 17.366066998151 16.8961084040069 21.2317901568548 25.4463851719229 21.9340472667063 22.1347023212878 21.482946527299 24.7247161055569 26.5992188674871 25.5491685474292
35.7992662245119 35.3098908467171 49.9048947331417 42.886099949873 35.3351783857272 40.4974397895954 35.2954016361509 32.4075233564207 38.2443752735606 26.4994607597129 21.8088923884374 27.8510831186387 18.0121492023793 16.8417511641324 19.5282501819634 26.6341991843435 23.0433381538613 23.9586895181366 22.4225023517742 24.1856807701375 28.3405077671309 23.3134990381481 25.5095718943871 21.7352525096248 26.1733006853094 29.8202008026213 27.9874189707137 32.3079538321382 44.3164521529212 33.2081295479214 21.0845062073833 21.6903814158641 34.8387717127042 35.4417805846901 30.4596028690402 22.2974036206256 14.8646320849728 12.1840533684836 13.9577794254139 25.0997449536166 23.916102073265 20.5929447169754 20.15891778778 18.4829674478656 21.3317464383451 30.2781934296965
28.5896328234255 29.4727937084262 37.8318647608955 30.5751595864975 41.6552555315203 29.9385228630017 29.9687740307108 22.8223854496054 25.7220325667322 24.8090148414291 17.9013417333375 15.0020048189545 17.9220747071213 15.0157790672889 26.2677797475898 25.7108656465222 18.4419233560853 16.1401774559022 28.2703866307265 24.0975708625443 25.3038873839113 21.2637422571729 16.7412905322256 19.9136239236417 30.2999782713468 18.9594139153112 24.4757707146867 34.4388955742988 36.422905942915 33.112152436799 25.402981445659 18.7872713212462 21.9083513307391 31.4248609711397 24.605703021541 17.7726354764427 12.2916513242344 10.3753242460797 15.5362369273114 15.520296899745 20.1725309208433 18.5753652532163 15.2387898272161 20.0620620806387 21.04719434196 20.0926877206254
14.1303102486769 23.0227609798747 20.672463191166 34.5148998412235 40.8864649279919 30.6246338857375 24.8631818750665 20.1473083730367 19.0176875059061 22.8737382699372 21.3942274667788 14.5365196662778 14.4457971686625 15.082176137969 17.2941853483182 17.082387738195 15.0459956700449 18.4524056642119 25.2835236768097 26.5233081776914 20.2912003896965 21.7796130108606 18.3135037983179 17.673035075716 15.0144806750235 16.0747554406661 19.5272481526001 21.5496830912682 24.9786633099588 19.5347805036193 18.3594936462981 12.8229625886245 17.711686077443 21.0772539361522 19.0497232889032 13.4800112642672 9.19985040143716 14.4860450662154 13.7154938783435 16.8694289331524 19.7764506114045 20.8775041906891 12.2161886784588 17.7752463010217 14.2790397116959 15.9619295168012
9.58371904556046 15.3562292010851 17.7882909914849 19.5080494608486 24.7611559087845 20.4889072030588 18.0969943896296 17.826979074329 16.0199308613541 24.7930969888148 26.2502858938141 16.8826195242078 12.659057609746 14.7423213161654 16.4838444864536 14.7995506916629 18.9729792377507 26.9242929127579 26.5285861430239 29.1096905092557 28.7431374520721 19.408149903643 18.4120645517062 12.8252199129236 12.0486639644274 14.4526097378749 16.5910643251699 18.6377373566735 18.5891002579587 13.1380616164224 12.6930428462665 11.1694846591076 15.0705439519724 15.8500899477386 15.201774726919 11.1804189244783 10.1375586878967 9.75386876732928 13.1664971588832 17.5141220899566 15.7683456380157 12.7434855146975 10.2689442845869 9.27890415029288 11.2728701960665 12.9212538515199
11.1216128614988 11.8033678324579 15.1164683977475 17.1552953020593 17.2840155569552 14.5464656532263 13.8218518475468 12.1495816760296 13.2723834570096 15.9574302804339 16.7348193537216 13.6663379277103 10.6820510032951 12.4004222664648 11.465066591188 13.4973584085358 15.8881638320321 22.4189094423037 19.3824631404467 20.9943536949156 21.3575005065891 20.5388228850825 15.2517888987351 14.2515324213491 10.4495730938927 14.5852463409736 20.0179079211241 18.4452960515173 15.5620332784968 10.7412330866649 9.28509358886747 12.6157465716221 14.0654573704384 16.2754051162112 16.7569757315995 13.8076601815094 10.0091193937691 9.73247277023386 12.0743535212463 15.3264639017633 11.5218886848812 11.2678874421542 9.86021054867817 8.84643898572698 12.5473368136525 14.5592590797082
9.75060531666394 14.8004734131193 19.08304676578 18.3092367432651 16.4633054031091 19.7702346376338 14.8311323054035 10.7617246470574 11.7127315529694 14.1491751111252 12.0672485833723 12.4723744676101 9.77820770393397 10.5684521904109 11.3808975756929 11.042745232398 16.3513929350025 16.7035904585215 18.3835020451326 13.9553590093324 14.0578725057058 14.5480424572853 12.2904853450548 9.96467476877489 10.9476773656785 12.3501522185015 18.6367476749989 12.3053322852619 12.5625437741393 10.150608763748 10.6286353506649 13.9185360057045 14.9498926275877 14.8198627799076 15.7160088905112 15.5032509035244 10.1794983075413 9.9629972747156 13.7530748314797 17.9401656633701 17.0026775021792 12.1959314835788 9.81424119629999 12.0281159899959 11.3478595511276 13.1015732653726
16.8161635397799 18.9408708214557 20.2975439932537 18.4602764655877 15.847262073084 10.0005685139569 10.2546551762227 10.3046513082821 13.9650839480312 10.6164660981293 12.0969632087413 10.1700001197236 12.49188264862 12.0306619404156 13.2154531523389 16.3085220594677 15.2025934700147 14.9984758813066 15.0872488957698 14.9302821028736 10.1583498751757 8.71106289475523 8.70924031505881 9.00770261937405 10.1155074910484 19.9777370597742 14.5714282871066 16.7940911025595 12.1622557780806 14.3200702748476 13.6899792282834 11.3335455561612 12.0029832488042 13.8442337688318 17.1952638187609 12.6880967954157 12.7282209402895 14.4806204067487 12.4294743143215 16.7591793506042 18.508750508453 12.9547082480846 15.2772156389906 10.2990110125987 12.8207930180434 13.0206450026826
10.740215230832 14.1003897557079 16.0275758438138 14.9333304392056 12.286304355892 10.0200927661544 7.9008765877085 10.6406233482309 12.821095416168 12.1682034587308 10.5958908617021 11.7756795584218 12.9961730820331 12.4561303374592 12.8898425076568 12.2166946422687 11.8097260375578 12.546285909773 11.5572690467454 11.3218512857451 13.1241616095548 8.06818842406151 6.95545470441233 13.0895247819875 10.070061003892 12.3306168075477 17.492852397275 17.3250861740264 14.5367049223552 13.7846461112847 11.3458040122309 10.2533942180264 12.0276116057248 12.1351889157884 11.051045172469 12.6981944199806 11.5873384533492 10.2733725200486 13.7200187640131 13.2310493322063 15.0321671591762 10.1583913079948 12.5495067151153 13.2439726442904 10.638187913834 11.7343521782846
13.1654069306268 13.267301341258 15.9182702771358 10.6216707357299 9.94200910232957 9.31004671952369 7.97744920775947 9.08954000399041 13.7248963757435 13.9079745306075 16.2274180945688 15.5156359064754 13.7106438199033 10.8879718847118 9.5271435931994 8.94294846399461 8.9066409244022 10.5816508295184 14.194733530448 10.7887309468458 9.75518406051673 9.79634494192755 8.37248747206872 8.52763565526732 10.4390125998056 11.2437927232272 13.6648610624409 15.2225683423991 20.7518557163003 13.7095382179599 10.9616031273407 10.76323887209 10.8000220396204 8.79795096978554 9.99961632284841 8.48100781649302 9.10941985374069 11.845215014538 12.261575898695 12.7228166203785 9.001813955319 9.15117806427691 10.8320533959273 10.6287538630733 9.33844729633036 13.8288833066835
12.0248454046348 13.5205123558262 12.7747860021293 10.8566441141585 8.35104482972803 8.87266418853307 9.84562051276074 9.45223806932585 10.08969740039 14.5715356609228 13.6160189546414 12.8592085209497 13.794807144963 11.3780520988965 10.2416995960499 11.1256481243232 9.05195928716743 7.20202782029256 9.03675450843851 9.2768720233268 9.16380638937471 9.17172411262074 9.32876575948042 8.38733017370531 7.94833445265513 9.09575834063172 12.8142113313607 14.2566496045632 13.391705641117 12.3819431397606 10.3065294517597 10.778334117755 10.2074514490731 11.4428688567836 8.12485191906059 7.94209782923785 8.9265157254668 10.2244993284883 13.0727310427039 8.12772051146972 8.368457846184 8.23022117925075 8.01802067947243 7.97591788726692 8.41694255356823 9.87224380388498
9.89413198562846 10.3215027297638 10.032400064943 8.10206434547251 7.91426561577435 14.2954265508765 9.40674732039318 11.1057105998625 8.34103362594277 8.9543909556535 11.3739254225795 13.2187839292896 13.3576788192749 10.7722577366511 10.0563961456712 11.2382142870308 8.60616109093988 6.68382365167976 7.2946568492721 7.79994068449283 8.86860509521467 9.58671215723035 8.83534251193102 6.02897047319802 6.11198582826077 8.22005002684966 10.8954620968373 16.6009826163838 13.7645896084743 11.5034616876468 10.7344972418563 9.35540097389081 12.987195063908 8.78792223325923 10.2396969627098 9.14985379606964 9.10618506583939 11.6338747186141 8.8616098934318 7.00495084071806 7.11385761136363 6.37964978311878 9.08198709733014 9.03490716730161 9.70337395109139 7.89398131649294
6.45832960206323 8.43788440054108 8.46996902247163 6.51689654464844 7.87365447890442 9.1118453992959 10.7226829932601 9.66492130047148 7.85677590074552 7.93765439698449 10.3632393547358 12.2128888381225 10.2859765187146 10.0044617135911 9.76296601804514 9.73507785944982 8.49239309949018 7.2793355080323 7.91878701028955 7.88856952281654 8.85032115132361 8.39051125861812 8.1751261051916 7.36910176779067 5.98519159947013 7.43676671711317 9.0791204978965 13.4210872507957 13.2064044681839 11.1766539795519 7.8382583462945 8.57421757467538 7.80070811442813 9.52060505167999 9.32390640554081 11.2535784188107 10.3593203921263 10.494377269527 8.33299316637963 6.63195958924737 7.19319590766419 6.27885154137592 6.20170866543245 8.99036301575608 8.07922183840039 6.74216617503837
10.4244225173647 7.1475817453657 6.40836403099875 5.30317742650157 5.88979424177085 8.14177063423115 9.52386441532731 7.60021952512587 7.68630336862966 8.54006621691691 8.22522443118692 9.06596010933819 10.2826786226727 10.297175335635 9.45441060226548 10.7305855568076 8.18730131611243 8.14073054427242 7.28669466036959 6.98591777923746 8.06830313708658 7.46513450498588 8.40859580342001 8.2237695217731 7.49843202225908 6.18943271969942 7.74068231198182 8.00233008410282 8.87815472895175 7.61230770729218 7.82018590342181 6.41584821522784 5.59186665630409 6.23467965122195 8.60465039207061 9.25349293537244 9.01949167398989 9.38302668454205 9.15387464100656 7.83028568281895 6.33431485183061 5.53416010306425 6.19297976168899 6.10741382414706 6.46120935145245 5.90970825198363
9.99198883086173 5.98855786816808 4.82287967474153 5.04797939533351 5.79517889445277 7.48428202347114 7.47008315009543 9.43544320487611 7.96568457026174 8.0896507899687 8.48725750975821 9.78953574924107 9.5828844615766 9.67848489954963 12.2820785297426 10.1927566217573 13.3639798775531 8.01922527050746 7.51913798744378 8.11479699573941 7.76129554816615 7.38232623656248 9.87951721852087 9.20895590648137 7.58237624914714 6.26011882796985 5.81445310220933 5.70033763302292 5.99824962229431 9.13779490402093 7.96808582982139 5.09625678311102 5.4827563673695 5.04440211677313 7.70732675394252 8.75623695103035 8.32268441623661 7.76443888644436 8.1039697485311 8.05613679592936 6.0279182215455 6.07341616912215 4.76266284137961 5.16358350224213 5.66036806271142 7.26893193908141
6.73625185219104 5.84009438961534 6.09482643952218 5.33385066405066 5.19986711699693 7.28196884402031 9.40648351507888 10.390726694414 9.36614989258277 9.97264552205097 8.60918512569654 8.53258570954058 10.277283264295 11.4586348246642 10.2783098688872 12.2628106012419 8.15232243065646 8.87832593657516 7.26177610113496 6.76381166398101 6.56874701850429 6.74878494928592 9.00055925345229 8.6059970506482 8.36106648572715 5.82710415239458 5.27398363216896 5.70862864464259 6.72479488676719 7.29306885104137 6.55326222897762 5.69642684088389 3.90080766562672 5.53435523097759 7.36524181684976 6.77697765938374 7.14268644918178 7.13393343589854 6.16027182060616 7.32278124851975 6.08323646493707 5.89640510430482 5.55973743672843 4.93775931668462 5.81231949798254 6.58789174911068
10.7721509264193 6.50471677926912 5.90080360894264 5.34815014411543 5.72330287087892 6.41229651152714 8.02917274283214 7.16324786358409 7.78055308214445 8.26436131688502 8.74052143374585 9.815554651896 9.69784213047829 12.4585447726009 13.2733027972966 9.80132165090503 8.11981998181061 6.37185339910955 6.22317495655174 6.36466291895462 6.4005539641854 7.55236115294783 8.59255459856868 7.7736582130217 6.68081372785691 6.20129305113617 4.70397002055409 5.3051189541999 5.8111067698529 7.10627614906333 5.63655338084387 5.00380127714929 4.08782596550456 5.06717616370604 6.63884774317354 7.83464272752504 7.36922692733896 7.5555166132932 5.68381299458745 5.05852811579555 5.87426956144252 5.69230496458913 5.96602789640956 5.79306303341581 7.05137809647215 7.25583357075162
9.34977647107904 8.15972584698805 7.32321318024603 7.03488842153363 5.55104296061976 6.01671651720769 7.22062950301706 7.65522726747758 8.6160088311888 7.61484359529272 7.3623358598022 6.8795757944369 9.66055519582395 11.5166928328596 10.47253924561 9.47413214857405 8.11711690824112 5.44684607454914 4.59169431917726 5.40973705352796 6.83249751476425 7.17273137896663 7.70444250446534 6.82573622111484 7.12620797268527 5.22886645452064 4.74067232672533 5.51743468044484 5.43310198016987 6.3531458840315 6.17227581742317 4.82281086167859 5.90973927184456 5.43137075779943 7.40378628524738 8.2211449221818 6.68333016304899 6.77358818553612 5.52427608645273 5.38526551957309 4.72242527714 5.40102118052808 6.87038927711489 7.6593171708679 6.99355200683201 6.4874366554715
6.79042331904423 6.77726583459561 6.49951076058575 7.97599423540475 6.05452759917014 6.20201412077301 6.89913273516705 8.69739426766263 9.31553710915527 7.60117815984915 6.82734964272306 5.7455476597833 7.43034259261654 9.03014287792652 7.31783909892435 7.18053731780922 6.54355630807661 5.09789509378966 4.61883264470324 4.70852946743518 5.13269599746203 5.84326093197692 6.48177679794424 6.06199536373191 5.61296420309595 5.3044454518309 5.18078176931253 4.96824290998939 6.06989182623568 7.21764220621234 5.19255687283645 5.60968924064206 5.02423293794405 5.65645585899316 5.94928818285867 6.58915268180042 7.27024197201284 5.66093982563003 5.40043734772508 4.73361994955992 4.90033038604372 4.95899357030233 6.09710892385022 7.44834503638948 8.59083233608791 6.33280234739547
5.54774849165318 6.4121927317856 6.58611053790552 8.65508011824072 7.0317283358932 7.05660931847148 7.51684482471278 5.8490161085727 6.79015152001908 7.16678738457659 7.37655008491881 6.16427742370119 5.60595209233674 6.66361536710859 6.36744468401859 5.23914065714498 4.49504742437029 4.18604157109952 4.32093277518666 4.4567667636779 5.13743973742101 6.1112072127822 5.92502956742028 5.26105492512263 5.48366745580825 5.52770088683834 5.18688694211576 6.05725578453887 7.99349686219735 6.39523401641455 5.36875410380892 4.76084063075425 4.97137265985071 5.65470810603582 7.27751267483063 6.70831213736888 6.46160647544579 5.84658722740997 6.2316225779159 4.63973473754732 5.37362633372521 5.11319575059473 5.21761820203626 5.68033136412069 6.49412435541339 6.08691761702212
