Models/Synthetic/Density/tmp/temp_raster_pop_100000.0_0.1_2_10000.0_1.2_-486251722.asc
NCOLS 50 
NROWS 50 
XLLCORNER 0 
YLLCORNER 0 
CELLSIZE 0.02 
NODATA_value -9999 
[rows 20 to 39 of 50, columns 0 to 45 of 50]
18.6985392269739 31.5359916832221 45.5921991504222 36.9068656997174 30.3606447252128 31.2530768017983 25.6052854768869 29.0827898770683 27.1864808352312 21.707350193339 31.5823328966866 44.9171939285223 40.399140710388 50.9280123924687 27.122836976032 24.5016563027148 38.3972006953648 41.6216381447166 42.5032504515311 37.2837159198166 27.2625234611957 26.2696120451742 26.1565556079965 45.141680571063 40.1373201136411 38.2606799741938 33.3307465843346 21.1150637852934 20.1005213926778 18.4849786937744 24.105605546993 36.9659277904374 28.7085503250604 25.6727899710928 33.4423686589225 26.7288930731196 31.2401225283778 27.5493407830674 31.7662422717902 21.8971213611381 23.4808528589023 30.5959607807734 29.5988081063422 20.6258912295939 25.9042890404013 28.0231711492795
12.0916473431437 28.0556454397816 46.45307597921 34.9826624099839 27.9041717397692 22.4812054506872 24.1905077414388 22.1508935455758 16.4212965168386 19.9951724223366 23.9334294636727 35.5502223163541 32.0794628616916 24.4677800894804 23.9916203172318 25.2317901053849 33.2402697176853 43.6294579535731 28.1338686151871 17.5296057455282 19.3681309187588 21.891893010931 26.7890820999058 27.7494106313442 32.6192233306006 31.6710645453631 22.690568177345 16.8913514578703 17.7791372606081 20.6706071608579 26.926715401363 32.0655415749921 40.3675099330226 34.2749876299295 24.5855105563424 20.7224603494025 18.903483843466 17.8216765568257 15.7704800740755 23.586522445635 18.2799575491792 17.7105494700431 21.386770457798 20.8476276598221 23.6948229817543 21.3491941606825
27.6241672499689 20.8166621511386 24.2763376036179 29.7302220527581 26.5974938663427 22.931755057497 18.5914911211568 21.5564359448064 16.0297815255569 16.4182279871228 21.237026758121 27.4972771038674 21.6744640919376 14.8929961719565 19.6341115509464 22.8661063711071 21.6461112846487 21.4405835040807 20.3834593900006 16.1155204382048 17.1116472278076 22.5703318832194 22.3471238113023 21.7631247023838 19.8697476514517 23.1372103052987 15.6355393648879 13.5175759560674 15.816072829276 17.9645243839173 18.906168632489 27.1009787704581 35.1962175647959 32.9534075035859 26.0166677921425 24.5810215856262 21.4791581079757 18.0574926986519 23.2569627221781 20.1526769294713 23.151192155776 19.5283694768807 15.2603104075432 18.1638841958977 18.629427672432 20.1344459507972
31.8850064076966 24.135433757403 19.6557703296123 22.7469704932274 28.2164287660429 18.769387875465 18.4514051895133 19.5907305441332 18.2219386614541 16.2034191139558 24.2950065394128 20.5901779072616 15.7373823452562 13.4449633480843 13.2698841952759 13.6094205875306 15.3499414132856 18.9837365748211 14.6483184178618 18.6386168331891 17.4115539519771 22.4080349162773 19.937533388298 21.1116297120177 17.1716541050157 12.2360952954259 13.5401980870737 13.2130878046757 15.5582840410367 13.3263709769657 14.2128183944023 18.6230250289676 23.1709523910907 22.4541944489341 24.4377169137261 36.4965253868327 23.1044885229532 19.5591903014394 18.0136746085691 26.7251530014299 18.2757936478764 15.1569304141934 13.5629922642102 16.2788033970246 19.7356759596361 18.5850912746883
23.4432705675073 20.5181149606775 21.0617101324183 20.2699547085393 17.7595326728156 18.7048812293025 15.3271833423048 18.9482819314017 15.9100761416933 18.5130942672932 17.6505907171285 24.7755364411658 18.5422339235578 12.4901849933755 12.3177044794521 15.5579332330765 15.2039312081719 22.2607164663701 19.6434523773779 16.7938329613384 15.3394140841762 15.3148570257456 19.4750469029099 15.27789601297 12.0320427327915 14.8888393132359 14.7253755701483 14.6323316969746 9.70170953295038 12.0758694691601 14.6313665950556 15.4829907226656 12.7611209618389 13.4648236048218 20.2382180050874 21.4792591281715 19.5837716079293 17.5528045774074 17.2414360808541 16.9770819738318 13.9074876669073 14.0564017753625 11.4755814553926 15.5968994149867 19.8929208743596 16.5082528722523
11.3557736385891 16.987154480247 17.0108915027925 14.7064722290236 14.7045913193858 13.7847480648669 12.5757511724899 13.9457679726272 13.9072363747227 16.9865328567187 19.1112766426889 17.594477025186 15.6424704900846 12.1792406415992 12.0379101625057 16.1479667537786 17.6647558513524 22.6613184215169 17.0162443642666 16.3265945961724 15.3934212258023 12.4956194175198 15.3682886582089 18.8984665875858 11.644880377986 12.1758214845594 14.9085941902654 12.7336086273634 10.2266430711538 10.5034087359547 11.8280820479323 9.87487680856911 8.59652582904912 9.28822806682422 11.740937048369 16.791324226795 15.2225716611931 17.1708922891311 16.0940934810772 13.2849379100762 11.1008900739292 11.3441056552385 11.1509058718094 16.1800974984838 18.9160380733257 16.9340994448562
21.7337296329017 16.3335684373794 19.2860836216747 15.5788565027845 11.3452258712126 11.6519465063316 12.219059319774 11.273113314002 11.8026300495155 14.9971330051329 13.866192298257 13.9365843311853 13.7422976788792 9.68457564005846 12.0601502986042 11.8427134057028 14.4031809188381 13.6489411316537 15.4474655649205 14.3578878322912 10.7088574146732 11.4206455083787 15.753708215282 13.116555930205 14.7822128023772 15.188468886076 14.9677202602176 12.2262787836247 13.1886430886516 10.1205084246917 6.97908206876274 7.74539083053042 7.32362115983897 11.3369860281982 12.5533733745277 17.4722791797163 16.715889300635 17.4018977113493 14.5433289109414 13.6937798576632 13.1766113776735 12.2910827607919 10.4033041260146 13.7198260885157 19.9731905183418 18.8217057154847
20.0269284399903 19.2700201486759 16.2654696069837 14.2819387469815 12.5340412556471 13.5229186150031 14.3054152212647 11.8280169197258 14.3575228186664 12.1476668441436 9.3757805576088 10.4986944615312 12.1298632783611 10.8406903908492 12.374488411773 11.8645997347569 9.77502839081322 12.3560636290371 19.265948822763 13.0355189174382 9.80717591366886 10.3328863543113 12.1932455311905 12.3812075891098 10.5559291511373 14.6279512863649 15.5342823341242 12.3612151373704 10.9784314745254 7.90165104744632 6.06715519935798 7.35266993146904 12.1565136158792 13.4251633957457 12.2407668991773 15.6731413580854 16.6283588754587 14.5756431491059 12.8761511070052 13.9746046020555 10.9367229826148 9.62338495464724 8.904600092992 10.7895898254902 16.1975896725462 16.0009037812256
19.6513024202519 20.0542037017874 16.6940595052557 18.2843553792069 14.3937529210916 12.1345248812578 13.6891857624561 17.9251809477126 13.5208618596373 9.8472480926738 8.51889965054066 10.7855555185533 10.4148195420396 14.8708012246017 14.6965259056411 13.124858281222 10.5161954162462 11.4371015236853 10.9467566819748 12.7863613825337 9.14704961486195 11.6367662443501 10.0343629778393 12.2370339002101 13.541920201984 11.1704758609385 11.1138453579866 11.6041711092096 9.96214452040687 7.43598446942575 7.55901320848421 12.4136730348979 11.549154374768 13.3290562364896 13.0933085634083 13.0438722131382 16.1331448060944 13.8342161725338 12.7342091110802 13.2762089589862 9.73662631452541 7.97888502154205 10.1619742350517 10.6467620861948 13.1498917521598 12.7824782583011
16.0766472435533 14.3121208135326 15.1301920883902 15.9107827030993 13.679318550152 15.8763468565275 13.9045866414198 15.7609581214159 16.069943161853 12.9371556089232 10.7527415935733 9.63943051193573 11.0560002888265 19.1947317806633 15.9179494632735 14.2419115622774 13.2904855212553 10.9089969472847 9.44956609280543 10.2853512028227 9.25819609799819 9.25252491534913 12.0826005863778 12.0526201629801 11.3911911860613 11.614644070869 12.1704859000881 11.569223589008 12.9576069492875 9.21625710558148 9.59448956698182 10.3621926615453 12.4919886342472 13.5937087407004 11.2925876660205 11.5492432897902 11.3452839208538 11.2917704345333 10.9126372562012 12.6945618166825 10.1766610139412 9.3914809035186 8.13873938272053 9.80590766938523 10.9501557062429 12.3462649021956
12.2851486653403 10.9783924102465 15.461844725703 12.1667967952119 10.1982753566411 11.8080563628325 11.3344357508522 11.7950992145795 15.4793005038774 12.1999229489141 8.04326041129742 9.20454519666216 11.5563981364789 11.9537484006677 13.4022388223118 12.2656069001875 9.26398450589161 12.6612813575058 10.2517044222602 8.98188248478414 9.14281694494169 10.1421940028685 11.9867103756504 12.6287794484582 13.6565794715824 10.7411781228059 10.6652939428024 9.45799708253755 9.9662724618886 8.60218535294898 10.277733969953 9.38725168882121 10.9903177073134 8.91785516424871 7.81212159884297 8.63126508202871 8.41519839451763 9.26218551196465 9.47262989042263 10.4030371838707 10.7108132829427 10.7695623580629 8.21692341494588 8.71990741665441 12.2522555266215 10.1840838606062
8.71759672880124 7.89759811702933 9.35859946481587 9.57556953691825 7.28701466264554 8.10731559468929 13.3646097210982 9.17984157386225 9.4370016380646 8.5549433894104 7.43880052283825 7.76338104111651 10.4641780621381 11.1123376350456 14.8372045199848 9.6309176809999 8.6491297582155 8.18715145609317 8.71022048657646 12.4021623024058 10.2068289816507 9.93947528828342 10.0681662165646 12.3423182465658 10.8322114287055 11.1821020137736 10.6111161863022 9.04637744679716 9.69934351206503 8.82472957972292 8.14167378849747 9.45734900166389 8.82434693762927 9.38728418749821 9.16412641689544 8.6005735111073 7.82708290207436 8.3761343029417 10.4641034545392 8.49754525428984 8.7723175110696 8.02314766282047 9.2945937948017 10.2302391953286 9.65553463923054 7.53613967923717
5.67754622320622 8.71887856041398 9.64103236478197 6.53831916122489 6.31523410499033 7.09957161608327 7.96330528840312 9.80364831532096 8.8158943107817 8.52555163063135 6.70713518083708 10.2018490665907 10.4681636494875 12.8006937435447 10.8453559086221 11.4209286633358 8.80335599177327 6.61227962093507 6.64975533723668 9.68263296041216 12.261531690396 11.0284724101684 9.19328354772715 8.03116073711558 10.4645495355342 8.40131440492146 9.83538231556079 8.06569442305598 7.64493002254771 7.49439273446276 9.62705973560415 7.40837558997846 8.10143887571959 6.73722959074089 7.31280586716448 7.51982899168948 7.34929935821971 8.85012493241634 9.36014474040288 8.46658004584879 7.04206360019472 7.74463283208518 10.0148818598599 9.07934900537084 8.72351881245277 7.90712104784188
6.68814074841377 6.98713992445309 8.43447417429346 7.57513582987163 6.29497512612858 5.84289790062955 7.690500413058 9.31260705225423 9.16693057958538 7.61112458322123 8.67233520210364 10.9507608504881 12.2185908170867 10.0065274864641 9.16360046952543 9.22585142696706 9.82068693083585 6.0496371473286 7.07183599587641 8.4264442023656 11.0625494513662 7.85711810499578 6.35713013657468 7.71620316949733 7.64278747900559 6.35758017082929 6.90643056020119 7.88723590343089 8.52309103483069 8.76390105283186 8.80526238538541 7.71775779605993 6.85228520637092 6.45124540457583 6.34241760234387 7.00247057793935 6.90549718417687 7.65364276352185 9.8146663681963 9.93395907042681 7.41278227817517 7.03212180965324 7.62145072286227 8.35028707788537 7.79637762597579 7.86849354424366
5.0894944495945 8.12803941777871 9.03333961694091 7.71262378649595 7.75770224394781 7.76469714819338 5.94980859928856 6.83917478903464 7.89718132021003 11.079146011741 8.29316707812407 10.6695382312369 9.3432434756761 8.38163016952232 7.66607966774551 9.31195149641359 6.85515332351165 8.07084226227146 6.17352220195668 7.64976745790472 6.7080279355239 6.23772250727054 4.92059018891426 5.21563696575673 6.15968731117214 5.86299824891127 6.19195287367077 7.3049375408424 8.88127693088195 8.14431668741958 7.99520799503236 7.87189809090524 6.8259628651109 7.72997560520904 7.41709903980063 7.11448447552674 5.86845606017891 6.76465522079975 9.81503239849767 10.3021646264157 8.84374779188279 7.08470932722451 6.34327225257163 6.53971939004235 8.25733125508858 7.36058482861355
7.13666955057118 7.25971409260792 9.16122386424293 7.3436133187383 7.37274130019709 6.3128010602935 6.23932020930522 6.56214215109898 8.25950997368903 7.95715705183577 8.45691469919171 8.06955579277885 8.80684583506249 6.16501856774467 6.60879943213187 6.30058668695756 6.78364866158794 7.32779526967964 8.73673335316929 7.10652596741949 7.55297084086214 5.44129476176368 5.05305005879463 6.56418797636739 6.14661526569187 6.83669746929211 6.12181596576891 7.25162950160446 7.41217121916086 7.61653525522483 7.65279594822029 7.50594797284944 7.74173313554496 8.662612624157 6.76065486632668 6.65088492078829 5.93322588225772 9.29411518836768 7.34771661069484 8.3046062869672 7.70774792591181 7.96367249157932 6.19455246758265 5.8928747749574 5.80381454219461 6.88746089857252
4.61643341103085 6.72532582146386 7.0492875044268 6.69551141024075 6.55617391145413 6.1049561597338 6.73061339020625 6.04657531400699 6.94958553229977 9.85224559847402 8.57656707522964 8.93875974811349 7.87141520698527 5.99893417174809 5.60804386729873 6.88900441905378 6.53370652506025 7.98693104911755 9.70520069696155 8.62969096743744 6.90591915814208 6.26800785465607 5.38104434131318 6.44959005855117 7.0392460351379 7.4324712889166 7.30049915012385 6.21515268553687 6.98951982050818 6.5777300958804 6.16400730803284 6.98080244132193 6.1498704786281 6.566886746914 6.22664859541072 7.5375647482968 6.69780358287861 6.21332587269389 7.18305866050263 8.54022186048853 6.59203614881199 7.42123389454002 7.59205480952466 5.83273141046663 4.61798228366865 4.60507240439064
4.76782393802795 5.55936360718113 6.95951383056112 7.85309540950929 8.3503517012642 6.34505741035678 5.82561752796005 5.50843151329778 8.39069764742742 9.37813232056413 7.89234026646681 7.62115967494231 7.94554103029911 6.66158713499031 6.39701661573769 6.83046906708165 6.07283726057487 6.32464968558325 7.32392796214458 8.86326589268331 7.96689321589417 7.2640059975282 7.3481946360478 7.07011772561974 9.42758553517523 8.38774842745681 7.01985538637141 5.86988499246515 5.33218415369739 4.52133328909781 5.07022702814964 5.73655058232633 6.07411784928075 5.63466495399365 6.36683279145382 6.20333117116054 8.31838308507437 5.87687599412316 5.53852023842139 6.23894516540434 6.54238356121718 7.31979398675721 6.60779112714687 6.49045309113283 5.22962769494698 4.46164085565742
5.66457771613764 4.70978755012858 7.08850430841459 8.00321346673046 9.21934446728426 6.55519834709127 5.75166583136686 7.64973324391221 6.34574780057457 8.12075226997066 8.00501830385257 6.80302067331811 6.24585171812175 7.05709562536148 7.23512981498295 5.24601968936385 5.12469754211351 5.48344422017963 6.47318183782603 7.36518960534286 7.03345377272846 9.30232283204717 9.12504897512644 9.00706715463704 7.99415465208649 8.26029222558259 6.70219182743543 5.09212391663483 4.54088338129456 4.16672904823557 4.68636441125978 6.25651104002938 5.6955916966506 5.34146139250485 5.66036601299957 6.18036327792226 5.74599412924459 5.72100003229011 5.89994974033807 4.73235094828074 7.48623385758138 7.34133643611622 7.88035438391477 6.94034669693014 5.84334090873665 4.55388064619738
5.89780643807726 5.67312697918837 5.65164809764475 7.69261086738188 6.61411807526651 6.61622076159677 7.26879924083259 6.35964887646107 7.9359178142611 6.66871435134089 5.92558480349835 5.0615519684925 6.00017650226414 6.12566452000682 6.45727754847471 5.88790671612097 5.13929889441609 6.08890479736731 6.25060523657051 6.96803407330258 8.21653183921607 7.81304787778515 7.20639842722205 6.76801205421546 7.09985962161738 6.91518648873819 5.98621446552099 4.45860264315041 3.52331691328566 3.24686888592103 4.33120260267862 6.13465097636631 4.84647848200804 4.46670824604726 5.25552997152123 5.9517371444751 5.75662883186296 5.04965097166225 4.61823401481555 4.95783284522024 5.16429334784938 5.76015424042545 7.14781097112076 8.1672963951037 5.99802702264157 5.33153889110238
