Models/Synthetic/Density/tmp/temp_raster_pop_100000.0_0.1_2_10000.0_1.2_1069915673.asc
NCOLS 50 
NROWS 50 
XLLCORNER 0 
YLLCORNER 0 
CELLSIZE 0.02 
NODATA_value -9999 
[rows 0 to 19 of 50, columns 0 to 45 of 50]
121.582381785652004 94.9492316292426 133.155871014277 95.1209057117816 92.818832047365 144.722388168014 95.1742095654727 60.9621134728965 45.2754257722978 32.0480113496927 35.7667804925326 28.3929365467085 52.7783722767015 72.0672970335247 81.7370915717739 125.475630600705 119.258588347486 95.5514218317777 72.3939026295088 63.324008348281 138.214059264795 152.036554872152 52.5156757615857 37.0832702214471 53.4155638309071 66.2274164138715 149.35421878452 215.481294118832 110.626140275428 94.0945731456818 97.0084543271203 97.2373320553164 166.166930768166 133.251135326543 110.504868248561 77.5698650045797 114.765703252212 151.665293104345 227.873810252592 333.799487188078 178.631133260063 205.944173779327 179.365460468621 86.4657665190798 50.7315772628292 63.4474760646833
95.0299673435505 88.1931998251296 86.8396263805503 102.008582985707 119.653738740592 123.811471061102 94.7804257285004 81.5152397779702 57.7055004093071 46.9289827490233 33.6696255103862 39.7932583993712 47.469452045808 58.3252445442639 81.5446891479349 80.0477901539535 99.8668382774407 108.028572064223 92.3421145413585 84.4165155622513 89.3822319905993 86.2669685637339 72.4183237843916 41.6454533392687 54.2681303263893 83.1110495356597 132.531971456051 128.223475950566 131.076712537442 107.742429905252 106.058201932718 134.775790736741 113.3136851441 120.356955852692 97.6286250309673 88.7166618718836 103.149587874541 132.036072292369 243.62306543017 207.712574211278 163.495773100742 107.993108873911 117.106747828872 123.660944696461 103.315190194816 76.6450383194108
62.612978247095 99.5448214306313 118.025021853638 92.4053349940742 78.8958859201092 85.4587131788375 84.2954532923467 94.1974670011291 84.0563380308677 53.268631133145 48.0596980077752 57.1210042231818 49.6367041880612 59.4310157345185 74.4268544157116 77.2384686915852 85.0749085937422 107.217364257748 83.6223515029059 77.3919953011614 73.2028071352484 88.3994899814171 60.2099547607626 53.8567835090451 66.2946251532528 109.73436652399 114.199209946871 145.69869373713 149.821907596172 141.858017615396 125.618158629629 114.363504601804 94.2067010584701 88.3587612098767 93.1466773481446 67.8148140118811 88.1866412124337 142.050270481437 179.742041432434 159.516018989476 100.229474765258 94.2321694676618 120.62270111586 121.314208827169 125.43380106025 100.543647602493
84.72233896761 99.3641286693909 101.365432099695 108.952623857999 90.1241240767627 89.2714577119737 92.8869330003778 93.8882003397195 60.9245874076479 48.4239927524917 39.9806357142934 49.995091104305 81.8949508520822 111.509690289293 102.886168621126 81.6367123202746 106.988590486315 104.696440545305 75.1315184937627 73.7288192384384 74.4707867809261 82.6471097297967 74.9223993481574 59.1573091742234 78.9836881738212 124.4889204367 123.482497710717 152.777649318385 147.601254681926 128.926015711228 125.307259942027 92.111340406804 101.864880072308 74.8810495296314 73.2492700789447 72.601142398538 105.426073524593 164.561366503957 146.23879689581 118.8405673715 102.849658996535 83.743838674205 149.549053234039 136.643181355412 128.868880883312 188.815641268241
113.464534571245 112.366922312805 131.77562227264 89.4389229482402 91.1681249380148 79.1642719803223 65.175618933783 62.0312040582149 43.3590699118048 32.0546528638885 30.0581480419594 44.9766559974245 89.3162231030529 177.201199699894 150.170565340241 125.483021656897 90.2624804788441 91.73019210348 93.5121106464843 65.8049497055979 79.5939772167307 115.466366767431 95.0840268384883 81.6074299510596 101.581749896892 133.908439820635 217.155764372725 148.363906538635 110.50428440007 97.0635094959385 92.0455064632327 90.5258016389586 85.6102266321061 97.2762926973455 76.2671876674661 68.2129564449181 114.438366382248 99.250893137403 145.841809572764 102.862278080328 76.5034798404923 96.3383382866899 104.411298781152 117.543911732623 127.053952278548 169.651193355278
120.299866210662 108.009907684407 83.1831055269888 91.1876194995592 74.8186742499853 81.3746606444082 59.4058069327601 57.2929214196341 47.8771492073976 34.3882036724443 36.6327309492269 49.2807385473562 69.2495815223992 98.2661395367754 123.765641268831 120.405998795356 129.741013302503 122.822868694385 69.806281279169 63.1394980698828 100.830121256328 110.297690717313 113.488603026528 107.993714950364 81.229207050381 122.501285923559 225.877550926148 161.441135792642 104.959301881328 83.8152394199938 92.1279342570518 102.886775763779 84.9715408882774 96.4612634771436 76.2928447053858 69.8726507988184 79.9484573173756 112.552299220225 108.715031026319 106.972519234693 89.0047302303143 88.8039957385155 98.8930221170867 99.0702199321982 110.778966115602 156.905394980856
138.39329470803 90.9834998758106 62.7947208586097 48.740761034631 62.9091514605197 71.383989040425 82.2451257956476 58.2781540422334 42.987112950744 43.611218169468 56.3845776367395 77.1409507609091 74.7665952458463 84.6731413757951 112.339839239828 126.202674736635 156.015538941113 109.295925781801 84.8699171921063 59.5478236531329 113.252650139596 102.239917800116 119.20321360524 106.870455985047 105.431322915521 117.468257343847 138.982467179028 134.131177141088 104.336676750955 98.8334853285618 166.808800902646 106.670818136768 132.499796019444 119.026789166178 85.1685307721474 102.693468104878 88.6661508570509 91.3183618220135 140.98714167843 144.317790348095 113.912419648473 137.297899856411 133.79016962479 115.987784120228 119.066390380181 155.448013018706
182.924638935317 93.2033290018102 52.2352943923988 53.0030935587742 62.0851374730042 106.876281232356 74.8622523752681 59.1266797257026 58.1084111353301 57.6964025635331 81.96715373842 74.9349215095722 101.306005859688 82.7052397300463 124.824249471523 162.509245620011 138.599994699612 113.459991109202 75.7438447822931 60.7718592328799 68.7061290313416 133.958542511877 129.01905926163 137.838989667986 143.396940157009 112.819440006625 88.7237831599403 93.9746172235585 122.234832106189 96.8289248510073 137.365925443709 177.073058321356 127.793672226676 128.604780933782 122.650127757786 117.444971029206 129.356182835024 96.9390675596773 114.025666293359 151.019250238084 151.756043646793 144.765572319646 176.076161191003 146.487296254687 145.949230079259 143.786954682086
102.659737699003 74.7057856279612 77.2283744460117 76.5046099671182 82.3603979308853 62.2621806701187 69.487904694354 80.5475057079456 75.4363730138438 66.274903622719 73.0498757040129 89.7638744137805 80.8203189681105 92.6773758642338 131.168846191108 137.473548503062 160.085240102919 113.520047720151 87.5688135406257 66.649134997697 72.7678250022203 105.605436938979 171.187036788953 143.956381328915 124.73218293696 121.217876695902 85.5680282306528 79.4038055544179 94.1064649068685 94.4037577021471 108.002000257218 136.278956536601 142.239535023046 125.921678825904 121.953193997858 140.975688112553 111.29626250158 122.197000921834 128.698104949414 101.728046285103 116.084698495204 133.631009283637 134.252119265586 235.283000354689 206.065246519791 169.083735766286
82.7407732087459 88.2762618506522 91.9574322475305 144.953072213368 76.5936256687598 69.5524394243032 62.9490236892464 72.1509457830584 82.4571007255071 73.7459111690259 79.4624966987013 90.673295761325 79.4457417246552 85.1581066015255 93.962193720126 116.86173935956 143.179917134485 123.206129515827 95.2479901746552 88.7425016866936 92.9387329030366 106.348564823627 111.448913866508 120.173130688656 120.284305047131 111.310451306867 79.869962110334 63.7768070175297 78.7793976285068 84.2473221511605 110.261423671422 88.3144711623014 112.535563755687 117.410256974688 109.679362153616 119.654983349289 121.707770908878 103.968365138632 112.874064203205 115.642293104443 114.67567802592 100.891905591807 134.155732591927 160.939614555966 348.82152810135 203.90692539315
90.448331235897 95.0399975437191 114.677413370609 89.2139198132783 92.0541507181965 91.5952198230015 75.5509402137015 92.4515475558519 98.813235805865 93.9713143680298 84.2458739357508 104.300183688723 96.3013104382271 82.3219543451587 113.634811371845 125.180633086612 126.752931644138 126.743743905735 137.594957164615 131.764548653494 116.734757765291 99.1349243311947 122.786035139789 138.291472648614 145.38890837656 96.5103903063372 78.9051225770971 58.7104955708477 62.3131775781692 106.963843447655 102.342190416223 73.8998355115025 79.1538289609998 112.569699929483 114.948406322238 86.0096248300215 85.3907460611868 89.1918373478438 81.2313744517267 102.914446140345 95.5687226196517 94.9405197008134 92.8407421773109 166.605423446663 151.077911836458 191.706810423217
185.815435570759 126.702387532432 130.723825448859 112.302920646456 88.231099935505 77.2759810454505 100.612452858431 98.2229414271018 150.828047111207 126.908424078655 124.248976685751 100.384368851016 86.6585430929154 88.1147746165724 117.100706377316 121.849621076065 130.49162930358 177.514063826401 159.917519646216 287.108030633985 155.750763474381 153.512098974989 180.697472124604 235.150529688227 127.903999366268 108.839541259894 76.4221815704401 57.5435603475668 68.5523108313129 76.7609675569768 94.5341340503651 69.2692256736859 64.0047428874402 82.7555402642406 76.1282572774471 63.2635057240131 67.0183364260323 67.4341985655793 73.1946513779748 76.6200311833298 98.5327214062476 92.3692813866188 124.48373391965 95.5840350429046 127.15455691649 160.783480692398
151.781668346611 185.570909531067 152.000532321978 105.464698343319 95.598781368291 91.2658955216704 97.6725831658489 124.916663464378 123.26643760199 147.322245201024 166.201338409801 116.222809635957 103.636528862 101.960380377301 90.7585006987179 100.64418934212 131.143369740591 183.202432128782 207.043393146337 162.218252283796 150.913809874704 212.831809026049 203.984788195951 161.141165077513 136.010571557431 114.028918682404 79.714471582139 50.0249214563044 56.7593651435718 102.038108827355 75.1625004284255 64.3904858504293 63.3047057647667 64.2686536310742 79.8603240207034 75.0863562156865 65.6154446779894 74.9036579753831 93.2139479947321 118.42620493917 98.2777094219417 133.213836552606 116.566988153079 83.4056429807876 99.198063566721 133.761848127634
190.656317845928 166.28854100635 150.351474329115 130.146020842309 97.945638222467 86.5220739646078 103.398541114986 91.9495205438533 122.13500048087 146.06428036769 121.312400605821 142.359529555048 128.210412003823 99.5807500048399 77.4668391665054 67.0720788458167 89.4557386820602 106.62218489663 113.493296754425 118.981519943388 126.424561962159 176.031977555977 285.664509434954 147.164638942238 113.060527734415 77.0754253052553 56.4876326191906 50.7038521932112 50.8225735298533 61.3588362936606 68.9277589726523 63.5866192527775 66.6433384290853 71.4244877412292 78.8145925004095 122.494670147914 82.9808455872462 68.5092644769887 93.0345874156374 90.1199256103741 96.8677498404019 156.467201115949 116.964744293645 121.237399300576 69.3119918924822 99.2271152382983
133.375893625328 139.942454544582 185.614460323006 124.657389462805 110.243442313524 96.3017377546303 94.6903615941283 87.8595041323379 114.988680345022 138.90130753116 155.652813414442 85.3427421318706 71.9651011518184 66.2069832434197 53.5423385815799 59.5054350242043 66.7102466293418 65.7273449618429 79.4751887417904 98.2155986737293 107.340499664259 156.605526078609 145.187057564245 125.106829346331 84.6414757768515 80.4014572397095 66.1988835808268 54.2227332367173 41.8855757149617 47.9657463134113 49.4053211137778 66.8775121414708 96.0519495256853 90.2636087938695 84.3770971068094 91.0510614506431 82.6101569116633 73.4087243829435 62.2007738734927 60.0479468029936 74.1653310113187 90.2914786994395 90.3348413267568 73.536527413243 63.6715308938826 66.4921371397459
66.27130956731 98.3584330375884 100.220852595517 104.802330323618 80.5760085973783 100.072433333459 74.61571501654 70.3107388616781 86.3344320396072 106.390274738894 95.7369687940559 74.4601825349285 53.8431045492889 55.609100227506 66.5528604022915 55.1837952255991 63.7126053395984 59.6909952865376 84.1853353950831 77.6663506421429 99.5253284301085 69.6688969174538 73.2974158421525 81.0638927401654 79.4361564724298 94.1626620093148 106.691342081837 62.2831466529576 46.9641913382043 49.9564690290006 42.2291747867867 55.9635383109371 65.7301049976113 91.3022378689205 74.247681268515 64.9220682504582 63.1809080739527 54.6213823272677 52.0538959683663 55.3954753953032 58.1149589266183 67.4745675478303 71.943306765211 61.833252596153 42.5015257442116 56.4515930151012
89.5013555110594 78.7843446964097 85.3268191466396 61.9154352860028 52.9336796373472 58.0421934940683 73.4032634336241 78.015764218388 82.1196768439078 119.840828246863 75.4075964320584 49.4783629513834 48.3032935820461 74.8152511826122 85.8510729112702 61.9535259865976 54.6289823331812 60.5079280194063 50.6821077690562 62.6701430113684 52.8464131119945 47.9234560368791 44.7249082040342 46.5339902485084 64.913828925447 71.0291581453313 101.749602104266 70.5504801107302 63.9433786477749 60.6912737034116 34.5591242551367 38.9550321769627 60.4626910162212 72.8586232934014 79.5409173892495 67.2952911902949 56.5161865833648 39.8728936306809 50.2818141987013 49.9987084817788 59.1760097132006 47.025579406329 41.5490747032145 32.2750198821172 37.2465079749065 55.0136476775731
79.3780069485283 74.5821445377014 61.974756378644 66.2797979616493 41.4339347398908 44.9521620538929 71.634700684513 90.7915615517949 95.4302563313478 71.0559203922591 52.3709434938092 36.9721517690759 43.7604212040147 53.4618121924272 58.1799859108617 52.4159554952195 77.2476260610589 57.4901682382665 43.2548759727939 41.3428995721718 39.9196039983882 38.4471668345303 44.6347048021448 52.800871445872 51.2546325014695 77.2134249219736 75.8426574782849 69.5533673151108 51.2834970685422 40.1886329662639 33.0372209721817 35.4231859327583 33.6513351248316 47.5796499553745 78.3930283552113 62.9656367161319 53.3630389270937 50.8661290681032 50.7114116640052 63.8942034074073 58.2473753900611 38.3243793189458 21.6084173242729 24.078042088024 32.1858750664306 44.8053382361352
50.4450324380367 50.7073102804718 50.6865185052796 49.3155640151109 45.3646554705048 42.5172025412784 56.0857263429832 88.4379438171319 84.5984675519174 48.1116877934934 34.5590584600755 26.9318059899502 33.6522082992282 36.0649453296937 40.8744974179951 34.4100159927826 41.999516737918 55.4156440021389 55.0342223187164 39.6898914405843 29.9572296467101 37.0051492822391 39.4578981288514 60.4817952571039 47.4203806489184 50.7787769721618 61.2071347274733 60.2932233733964 37.1401651653787 33.5316517367247 31.0337221766461 30.4798137403817 28.2260683733826 38.8685723941882 54.66571741835 73.1659229409614 64.6569550621922 46.7153026841323 65.3877781830684 74.1023725480107 61.7269127756467 35.2752149318331 23.1297331809432 22.9574602594829 27.2181091480409 25.0507900110706
48.8733381667795 56.1355959374894 47.977667784388 39.8671244569459 38.9039692934017 41.7147890067622 58.9239476587683 69.3535913204722 54.5505482896857 36.9254368412417 27.3132708138002 31.0801018017016 34.9868674328698 39.9644281252059 29.5441636522853 32.5209682732498 35.0539927288126 51.3664336505161 56.3174628279469 40.32117642001 34.9991783228643 29.436420896529 49.6691539373629 48.7259467161774 36.4512482000054 42.3558629503273 47.4495262885017 54.3922783380869 35.9418851048681 32.5432768633376 35.7717898102663 29.3811660410621 30.6092313666976 32.2885056842279 41.5990952487873 57.7226480371851 48.1798029552569 57.0933000226434 68.7216384098576 69.5761153302205 44.3913292738252 34.3511593091916 28.1764568313455 22.593261809437 16.2783609517394 21.7316845974953
