Models/Synthetic/Density/tmp/temp_raster_dens_100000.0_0.1_2_10000.0_1.2_-1680790725.asc
NCOLS 50 
NROWS 50 
XLLCORNER 0 
YLLCORNER 0 
CELLSIZE 0.02 
NODATA_value -9999 
[rows 0 to 17 of 50, columns 0 to 40 of 50]
0.001027123329485 0.00139040051155713 0.00101430100725503 0.00107612978496338 0.000574427608651979 0.000331857445620523 0.000781526544394378 0.000987265136585365 0.00124494856528184 0.00146785509107726 0.000609836339620264 0.000710053801876916 0.00108481357397667 0.000685600488793919 0.000624904096349138 0.00100871356507698 0.000901169539392126 0.00201010980304344 0.00257119358079998 0.00134355528531729 0.00126515829879933 0.00068855557428509 0.00095535879377698 0.000966394141024437 0.00164809100243815 0.00346138052465611 0.00268658912511474 0.0013824401075962 0.00145755569834559 0.00136722737431677 0.000980608774115621 0.000376043553771033 0.000213407744904036 0.000287666604564649 0.000507623780799479 0.000895606086024294 0.000894316146065634 0.00100563568014429 0.00158430766628172 0.00134335608760304 0.000886146912238503
0.000706389707409961 0.000877786351252038 0.00092701170979219 0.00059325871315671 0.00052241619186857 0.000503492266624352 0.000707798980084381 0.00113001138643847 0.000985324586104253 0.000740845754998921 0.000732642439522634 0.000958400623591699 0.00092171741638065 0.000684084235117899 0.000689344103521078 0.000958462337928043 0.00111755400207266 0.00143924350448156 0.00273083357466967 0.00138680038787037 0.000988977757885749 0.00112091181810135 0.000884808621121126 0.00117211508127597 0.00199632899201193 0.00213282614733018 0.00197575776043388 0.00173894354504353 0.00120116368925534 0.00142905474350894 0.00106316823174523 0.000669840733831649 0.000467898740552324 0.000494890438213912 0.000596925129195865 0.000924035606978754 0.00122161357868993 0.000999698717276604 0.00106656513429606 0.000768561537850257 0.000714166250568672
0.000425717471322882 0.000576687311226327 0.000570378222380976 0.000506554006682069 0.000598291900398105 0.000661764284186721 0.000996026415358999 0.000846222479030094 0.000878613453017687 0.000761476773830967 0.000650247696474771 0.00118069771486244 0.000851668055785378 0.000853727044833668 0.00118625586457419 0.000779738653407976 0.00112564835159682 0.00116028725493954 0.00115978553451148 0.00112043149278045 0.0016966718908213 0.00134851080967048 0.00110719690532297 0.00119263976377683 0.00118694094225107 0.00165747150356722 0.00138211429830278 0.00117099691459143 0.00103804306280119 0.00101500041407227 0.00137829032215056 0.000880210212820919 0.000852491922042252 0.000466237756935871 0.000558627466126763 0.000617736311283671 0.000949364377137711 0.00103008520381505 0.000691298713357008 0.00060220710266709 0.00041292072651913
0.00036033214113336 0.000413010466670153 0.000613914492389163 0.000710921634748484 0.000833635531995627 0.00161051999122 0.00122653275409863 0.0012913945187132 0.000918867903471232 0.000651999547946781 0.000736661778295788 0.000712478007234553 0.00075255075598816 0.000869885989687868 0.000998758025744302 0.000778639092060643 0.000704406434036261 0.000687802381206746 0.000674514762650223 0.000914911688039354 0.00163027754196815 0.00143050848626185 0.00129740800568476 0.00107754682044914 0.000942579849389793 0.00104673480997379 0.00113222076415639 0.00094029414093014 0.000805299764750651 0.00109948817653059 0.00102053668521373 0.000958308382527209 0.000754807660782615 0.000645367393366571 0.000733375991534534 0.000820876563442736 0.000925873458606338 0.00119345685740671 0.000608234938942675 0.000456287270421447 0.000445009377006303
0.000459771687530136 0.000647286146631553 0.000722463051263525 0.000985018900154537 0.00123872128429893 0.00128372259786705 0.0013809894092189 0.000965461002908701 0.000915333660142414 0.00105279091825195 0.000817004068422764 0.000596487015205057 0.000844679697111484 0.000904797674495868 0.000770076604513829 0.00067250743262322 0.000560363660195014 0.000842416420646549 0.000857136873517293 0.000934247186589495 0.00108322297796766 0.00147362852048917 0.0016471138646725 0.00127830235533321 0.0010551802899703 0.000818808788412924 0.000703908404394799 0.000799529846645149 0.000755353420284968 0.000771194389171727 0.000827158844854188 0.000735675492927966 0.000813852921930843 0.000870354093176504 0.00108750097526552 0.00107706843224937 0.00117080590104392 0.000732808187576705 0.000654513405884895 0.000805696560236385 0.000538891904407674
0.000584352449832096 0.000885524129981022 0.000835918904220589 0.00105754822034869 0.00108860430114192 0.00109529090435673 0.00100470270122208 0.000759248219889215 0.000813363429271863 0.00066158473609015 0.000631948967143636 0.000659317141335187 0.000898717541619533 0.00109831399109523 0.000687050086482912 0.000808453622931658 0.000860103518757201 0.00076851711198207 0.00131199483701286 0.00129762247043997 0.00131381589738847 0.00152183077228776 0.00115167295041656 0.000909223114114471 0.000732968823596025 0.000551957843319655 0.00055811961095096 0.000640031300656108 0.000733145690479231 0.000614690449250155 0.000602380616171399 0.000493746336009486 0.000654191862894698 0.00108925649110711 0.00105230188196967 0.000953017782420483 0.000822693423772962 0.000829686325968379 0.00106682026971539 0.000741214990527592 0.000889397098570218
0.000987005708744944 0.00126169887559073 0.00127926678107574 0.00101676585607958 0.00149196273865344 0.000783939357407478 0.000634623601735415 0.000625960228979591 0.000761252106060595 0.000508160666280407 0.00043459528459799 0.000493309577330425 0.00065735135624637 0.000860246659198294 0.000740318258592748 0.000652275869202805 0.00100474658283421 0.000953008590329439 0.000949239838901982 0.00165331560366833 0.00123458594349732 0.00102364649053064 0.000888773257927088 0.000692970027561301 0.000568819452436173 0.000423566364831638 0.000469449303507414 0.000624513252290565 0.000699951244450244 0.000527466159464774 0.000545753478044527 0.000414280617753213 0.000561347683455884 0.000831196724535261 0.00132953800756276 0.000859454193091394 0.00076216026023884 0.00104763993239885 0.00113680214716287 0.00092307374692534 0.000761392628772166
0.00123019051319011 0.00113661320283952 0.00122578758572998 0.000998745894423144 0.000830801975612149 0.000783279711662804 0.000592513386640615 0.000679888161378926 0.000698948747742281 0.000652606435132622 0.000488587016173973 0.000609988014525307 0.000555585562244839 0.000652360080626375 0.000590304912057618 0.000901846252882525 0.000846800587508767 0.00112755681696684 0.000905354781097381 0.000999190727254241 0.0010511265698682 0.000923808500104583 0.000939162737470756 0.000822625711686471 0.000686778295294919 0.000740718865805301 0.000537844316153294 0.000600445020986496 0.000614905052255286 0.000610787310299426 0.000490646017131128 0.000485660370775666 0.000595819671580225 0.00091973455738665 0.00114093288656929 0.00122115726511766 0.000963297985257727 0.0012690303401001 0.00120267595138668 0.000930778010823684 0.000738451743027894
0.00124627153227019 0.00107475820041549 0.00101073812377142 0.0010334957359692 0.000902113108873332 0.000632167441429465 0.000818157077369698 0.000602868890703075 0.000599246701770979 0.00060996890460059 0.00105796352868297 0.000673984554944273 0.00073463798154331 0.000704572259236924 0.00066978943210836 0.000772128208472946 0.00118647389612578 0.00100983116118091 0.00111878898844986 0.000755381418298193 0.000844715412911195 0.000954759316812391 0.000706054496583874 0.000713918737203023 0.000911548381758897 0.00101734308595883 0.000803885066023788 0.000748477968187376 0.000808774722097749 0.000906180387385344 0.00063845814562604 0.000553422128953454 0.00059324761999236 0.00085740668689857 0.00190382335125795 0.00173988027749978 0.000957364872706332 0.000960083949610251 0.00102064988898052 0.00100749791451976 0.000716081998812125
0.00149119506400514 0.00118312056671832 0.00122281674944046 0.00112497629351501 0.00101608307961317 0.00100136456532208 0.00065306645637779 0.000485050962694378 0.000551960511272128 0.000653132925568235 0.000681374364092217 0.000941172722492715 0.00083566062480064 0.000810639564669362 0.00119899119519042 0.00085907768674261 0.00111633380989617 0.00131796452757523 0.00110008091877676 0.000768983915579295 0.00103189650980396 0.00067072067255638 0.000668903515664852 0.0010226365636715 0.00133045351285335 0.00149084118552957 0.00113188173802172 0.00105961556105937 0.000935299804947091 0.0010875718982536 0.000806635344636068 0.00075168229907715 0.000701832060227787 0.00146322223426317 0.0012547681131383 0.00149306161874848 0.0010195064968444 0.000882788495166381 0.000879014261141748 0.000813592059700088 0.000651881230980315
0.00075737216359775 0.00100973965868487 0.0010354495585068 0.00146389998494584 0.00110120696548607 0.0011156199864484 0.00095886152104445 0.000588927533742763 0.000532884341910874 0.000624667507928337 0.000905437372215122 0.00112170734080537 0.00101182652721341 0.000952791932037979 0.000798398475578454 0.00090994291221279 0.000999182069202664 0.00114990027740418 0.00120814118528533 0.00103698691094514 0.001122056591055 0.000688524029312241 0.000621162108137108 0.000968256775972484 0.00212738588935008 0.00168682889279455 0.00176640873783359 0.00144795462095531 0.00162878817463391 0.00136594079025151 0.0011656417756563 0.000748999307083125 0.000660062081976378 0.000965571578853368 0.00138754516294274 0.0012884226007428 0.000857176051757661 0.000600137961883475 0.000727940100708708 0.000750887576576013 0.000710917143742903
0.000427622726682854 0.00100527572783783 0.00133495990324368 0.00116842827038214 0.00128269359880819 0.001517248294904 0.00153899942262112 0.000906906695268522 0.000729706547943257 0.000957664883847926 0.00132511157984722 0.00117312599444357 0.00136154427415965 0.000756660290522268 0.000608489571707928 0.00075466037603124 0.000914976228442984 0.00122331550096246 0.00137031842455914 0.00131054436979889 0.00101061767550946 0.000678201415705087 0.000880468263545479 0.00112810193283203 0.00118192878809943 0.00148054173003195 0.00163851724562336 0.00173791260549752 0.00162220057120844 0.00187539015059343 0.0014000803976698 0.000694062549413151 0.000609023775769173 0.000758580113563172 0.00112523031413006 0.00190170092326947 0.000947960726764667 0.000601074488275758 0.00069318090723402 0.000752425095070726 0.00071785280164602
0.000469813469807704 0.000638752058140297 0.000929513921133241 0.00120481764248256 0.00104167622910785 0.00116116072562612 0.00113049736756204 0.00139996530822817 0.000959864933917793 0.00123001030158887 0.00119516392271 0.00206442252856697 0.00100053973278312 0.000880558471781566 0.000766187454437723 0.000917092021037646 0.00125317284724234 0.00127362113658831 0.00157880837389426 0.00234144815777261 0.0010018379369682 0.00095115920432198 0.00103688175268248 0.00157384533010793 0.000968276476874491 0.000799948249313414 0.000986549953034621 0.00100821043732087 0.00112044489672018 0.00124298836506312 0.000988196601627534 0.000744273889800613 0.000708968377862738 0.000794676996863025 0.000937549658211401 0.000847247639117805 0.00081626283343895 0.0007324254591787 0.000914099254133281 0.000631423100109339 0.000442256370628739
0.000355128314226423 0.000539601899086241 0.000826584965326537 0.000985185288837031 0.00084385181896558 0.000753397585474569 0.000789951804891963 0.00109536000079545 0.00108897020305292 0.00124527134782861 0.000998321202550982 0.00101672037207133 0.00120044511612738 0.000695666732717049 0.000825058550460929 0.00105313674141943 0.000956037226904206 0.000924743516120102 0.00172856196359723 0.00162046639299416 0.0011007558713027 0.000768244314343217 0.000778429337485437 0.000821595267733577 0.000749822554575383 0.000470441673029419 0.000611998720271218 0.000629941005592611 0.000702409790877869 0.000585184055075474 0.000623797871025889 0.000604783235037973 0.000834835269409525 0.000760936803787926 0.000901071865701045 0.000800980258800142 0.000912821964378534 0.00075034195840537 0.000591587150271912 0.000481446812948224 0.000571044155247055
0.000575121299578145 0.00073654804239727 0.000858763376610472 0.000958279754646426 0.000623393287932796 0.000534348777278244 0.000554709940582239 0.000730994446893217 0.000716951876698416 0.000642787848870659 0.000627615224367667 0.000676400158784544 0.000580946401049131 0.000618965757677612 0.000617362742542372 0.000808173883664717 0.000819698883286463 0.000859695950990489 0.000841920345953495 0.00132456621601716 0.00107532708925114 0.000759034475326059 0.000849056589182478 0.000694192613701145 0.000567530534482709 0.000461512690164882 0.000410109947420894 0.000447898650692426 0.000600749232290698 0.00071208443205142 0.000554534604354986 0.000717724570373137 0.000528660176509744 0.000829636152693027 0.000739424138659208 0.0011960803786696 0.000918982528186571 0.000630908523900292 0.00060847730832579 0.000546443488465781 0.000531328189275087
0.000979589177374477 0.000787839177959383 0.000623608291029262 0.000564684196883404 0.000566047017138596 0.000550875761773449 0.000628747519370389 0.000602338082216798 0.000675744617223841 0.000470894904984148 0.000576606996869122 0.000604938704795304 0.000570285772128928 0.000449754856063775 0.000441085055874077 0.000559639952336726 0.000745190025026966 0.000971278452528354 0.000623418242628887 0.000845042838704117 0.00081772226636587 0.000680282336674088 0.00070078312257662 0.000719776393300592 0.000759443285135916 0.000488905397192137 0.000431022350946529 0.000431000761593768 0.00047517745729253 0.000656056259708453 0.000651873382991583 0.000410409202931065 0.000510666716432751 0.000466735615815613 0.000777527956897189 0.000672534076939411 0.000612676187196409 0.000604506758300483 0.000675301424834892 0.000540731641968372 0.000554902111529369
0.00185920903584319 0.000846545580546932 0.000617283962625539 0.000492584558654991 0.000424613630822574 0.000495397409982202 0.000572952213499687 0.000688794516744973 0.000726022006115702 0.000801187912190368 0.000761838314024224 0.000838549200010589 0.000519317770297931 0.000305134191229169 0.000411917458707072 0.000561085037337442 0.000648421015889611 0.000515917104088778 0.000653150350684599 0.000560375044032342 0.000666051424239739 0.000774207143405079 0.000808988280991949 0.000651955410505274 0.00071431102838693 0.000696432860020819 0.000506816458262052 0.000621828705405184 0.000385161393824257 0.000362299458641117 0.000472223114677317 0.0004042628694578 0.000303836430903673 0.000364597196928298 0.000340598764863617 0.0004597213258572 0.000539900910655562 0.000505577674259136 0.000346989214936578 0.000515184118558719 0.000565833835195796
0.00110230998199832 0.0011356507402844 0.000782766849066499 0.000466422211312097 0.00043352484191615 0.000487072269641834 0.000499027301098084 0.000546135555525781 0.00110661898189245 0.00104911897702833 0.000999949420400341 0.000818665120048797 0.000520470652771058 0.000365233296788254 0.000294428869263097 0.000450350854906993 0.000456532941193154 0.000463577520890234 0.000576362450885613 0.000626333689719869 0.000508129413951765 0.000519267116112994 0.000561698700049331 0.000483517196997296 0.000607777349796161 0.000576902694629316 0.000737210483987157 0.000461891731572398 0.000463800447888488 0.000341599136571725 0.000447994209456972 0.000334471994493082 0.000308722835906382 0.000259474828258568 0.000273500806896977 0.000335909146374682 0.000286582459720299 0.000325644586537689 0.000395227585035926 0.000350898738218002 0.000545439424258831
