Models/Synthetic/Density/tmp/temp_raster_dens_100000.0_0.1_2_10000.0_1.2_-1606404845.asc
NCOLS 50 
NROWS 50 
XLLCORNER 0 
YLLCORNER 0 
CELLSIZE 0.02 
NODATA_value -9999 
[rows 18 to 35 of 50, columns 0 to 40 of 50]
0.000632377139550602 0.000759205250487602 0.000738341965757854 0.00065799892845424 0.000430187119956703 0.00045624079099034 0.000442735269243185 0.000469064669452056 0.000409223456291685 0.000387004798770287 0.000578567730885153 0.000805837379114209 0.000545742526195282 0.000456024278237334 0.000606369447847104 0.000384484650336029 0.000332454168120852 0.000391405571778985 0.000473660630973369 0.000707090701683084 0.000544824239837396 0.000407393738846328 0.000308601374978804 0.000328980986098591 0.000342869377569071 0.000466173792255594 0.000413759094108092 0.000435956907111847 0.000630436956374154 0.000749113707774535 0.000538780076807682 0.000278668545788778 0.000240067214546669 0.000289242195764311 0.000445345453617893 0.000569516680470053 0.000429552158576714 0.000499209754499272 0.000522088679404677 0.000499494520514656 0.000403271661168856
0.000652919670876424 0.000730035547988038 0.000521668683696348 0.000410996427791168 0.000456156002429386 0.000355225955005003 0.000322929914610085 0.00044121896967956 0.000453033342177219 0.000554622521388865 0.000592290257547699 0.000707115160860253 0.000655706979120515 0.000481236727893019 0.000384213254360764 0.000309287730853929 0.000260564239658502 0.000393742843764524 0.000723395767265259 0.000643759840678543 0.000522914711246119 0.000386455743655257 0.00033584644247191 0.000358109737540284 0.000465910803766645 0.000406736142085847 0.000468862615219799 0.000441474098723688 0.00050393974494503 0.00056182676349969 0.000376501959501408 0.000280295252438695 0.000235467463779292 0.0003277158310603 0.000332476893746979 0.000303238582690998 0.000300978513189666 0.000291436909924633 0.000331370814742326 0.000292984339458061 0.000298280031893218
0.00067758937023967 0.000466468868644727 0.00034156365665783 0.000325762988509412 0.000337469738624743 0.000300849707618966 0.000275966688777558 0.000412473376554431 0.000528227838153791 0.000449809390288874 0.000606118133110703 0.000650796655235288 0.000740580292961702 0.000467568373972821 0.000380610388558417 0.000277954919844318 0.000380366926892066 0.000343493192117741 0.000441309619013929 0.0004524305995683 0.000391776212524273 0.000311042135360908 0.000428932471462614 0.000335498310477178 0.000498180470463348 0.000434179463222539 0.000534130618320754 0.000493513123030282 0.000368193083766011 0.000335758605272601 0.000417030570133626 0.000284493290729931 0.000258711212002669 0.000245777876442862 0.000235178681059598 0.000306079936205281 0.000302954359852844 0.000296360194575341 0.000255913173241305 0.000248617135386232 0.000474318167389866
0.000437484188207684 0.000344032375087956 0.000240688891875739 0.000254418222259374 0.000309775501428054 0.000209034639282205 0.000247271525411436 0.000383239774345609 0.00029140343621478 0.000393039836441982 0.000355098423344836 0.00045258513876959 0.000399460636409398 0.000454003410614362 0.000313269289118664 0.000338413232670768 0.00030698294985616 0.000369716295164463 0.000340938509508047 0.00034283121974718 0.000330953940437071 0.000299089213805773 0.000303176350861595 0.000284827006190049 0.000256406650113392 0.000421773844092592 0.000350761386249011 0.000374839325257228 0.000348348212019584 0.000347927106660965 0.000211149924915765 0.000217778823823652 0.000157320282052151 0.000165497938109853 0.000297703107521759 0.000469380917872375 0.000303564416779556 0.000257190997153868 0.000197041939079756 0.000339053695381206 0.000353541803033424
0.000289395232224176 0.000259318825884544 0.000225178024346359 0.000224169432729703 0.000296574244275993 0.00029439176033182 0.000264227273636999 0.000237351216809573 0.000233369338035164 0.000243760188093374 0.000299607496852049 0.000355513863787497 0.000256801880363068 0.000256634592811226 0.000289845533811413 0.000355894773621493 0.00029429111154835 0.000304914995074707 0.000288849777184834 0.000261172778320378 0.000336833637542345 0.000396024293997795 0.000377395319837888 0.000275939215054317 0.000250142873042517 0.000259978742774629 0.000264232871791251 0.00027138597486395 0.000347540745013698 0.000306028389975877 0.000208638745838726 0.000167581973303835 0.000144650521877056 0.000163121437091637 0.000249876124272485 0.000274730108343729 0.000314270895584955 0.000192724631902659 0.000160431528402626 0.000217462902623781 0.000216243585194003
0.000127782078975187 0.000165568282886354 0.000215437624156234 0.000210534870792995 0.000304357861361727 0.000255250131245204 0.000361479302869383 0.000234091302038481 0.00021326103284458 0.000267486690394623 0.000269953247813915 0.000192911815731635 0.000195507804675829 0.000257428091784178 0.000256252821449748 0.000257812977795215 0.000233097056796524 0.00027218047020906 0.000321573281603284 0.000225795851022958 0.000339958811551295 0.000225699308912954 0.000236691749058267 0.000321083180671696 0.000255093147172251 0.00025275334064723 0.00025057139403711 0.000267369207323755 0.000229368620173974 0.000232911681043014 0.000217708941666681 0.000259269227675821 0.000141797332968099 0.000160702049244071 0.000264515359951983 0.000300228692248387 0.000246402828492523 0.000154340400118222 0.000144014699976599 0.000126244619341942 0.000139546671176497
0.0001285526278459 0.000187806346140733 0.000135747357763637 0.000179029565371518 0.000201168423006908 0.000224307539953181 0.000217782879156011 0.000211429200093869 0.000238282829535766 0.000157634262330462 0.000145624508971455 0.000121274896344522 0.000155838063158539 0.000186304112234998 0.00022222479110109 0.000199469983993801 0.000192500876632927 0.000242118150792657 0.000215765278527196 0.00016347309540178 0.000167376427636202 0.000174103543143349 0.000192041495728029 0.000193651092205428 0.000267390103620099 0.000271281983311718 0.000231818698136693 0.000207126277093297 0.000206222474228091 0.000217551580759372 0.000196900344053791 0.000172264586857428 0.000119087409232522 0.000197234640599621 0.000295376594914131 0.000352108118820314 0.000285734247159402 0.000151913336326292 0.000133803930768221 0.000142653017381473 0.000138762384481964
0.000206633342719364 0.00017023710974058 0.000162557472561442 0.000142832935400638 0.00014168124045871 0.000126425905321469 0.00016029499067141 0.000275104473491687 0.000162267440853538 0.000156452928938147 0.000133605801186857 0.000130201090382017 0.00012423807937706 0.000146626158152685 0.000219226414816967 0.000207829313712915 0.000181198704747401 0.000205336144676751 0.00016643535254393 0.000135421174996845 0.000148582480382922 0.000118813410714483 0.000113955231102696 0.000145081734182741 0.000222627454890761 0.000171810847561198 0.000163313484150689 0.000164322754041253 0.000170553172379184 0.000167503618816322 0.000129688312614556 0.000104126275952556 0.000124510629358211 0.000191788862041642 0.000255287163794523 0.000250106260633014 0.00018483118763406 0.00011538092162923 0.000117355696044934 0.000200537706910696 0.000158974511125434
0.000271682368055262 0.000214795817658197 0.000139234829307222 0.000149125069095561 0.000110982276593475 0.000117614650450949 0.000150286863179479 0.000162665305565111 0.000143463099024732 0.000150558919963813 0.000137352361261381 0.000145663515102947 0.000140440755616033 0.000146817616349034 0.000150600841235284 0.000151442639842526 0.000204490393283051 0.00015519623723072 0.000150585652311901 0.000149188613930237 0.000145562298123552 0.000132115029119847 0.00011180792880382 0.00012938044238772 0.000152311957391511 0.000149246952398055 0.000149835100929045 0.000127802145726348 0.000145071248393089 0.000154829269780157 0.000131546092910564 0.000119106051315484 0.000148156281857108 0.000156279403620325 0.000161049908485916 0.0001602589111129 0.00011065417072135 0.000107180221136733 0.000103265759807582 0.00014245438950738 0.000152717330548812
0.000194913132482695 0.000178103414557028 0.000157365666826338 0.000132345779710617 0.000101401017501771 0.000118158629048277 0.000171858233778245 0.000119898370023034 0.000117433023355246 0.000153190120777614 0.000169851947672562 0.000212706624240777 0.0001978713018149 0.000132622338583063 0.000116143540431583 0.000158284611080006 0.000186773377509597 0.000188430273413304 0.000162071564128583 0.000170810534765523 0.000139363908657212 0.000143932065403188 0.000174921067069608 0.000168295162831418 9.47581079716705e-05 9.39670647034208e-05 0.000113684118013367 0.000102762987688338 0.000126108373125443 0.000109356277481499 0.000122523460011538 0.000125696080024595 0.0001159363287411 0.000119635342842515 0.000120733409323744 0.000106308779867936 9.44287898545754e-05 8.17995857743594e-05 9.62883272923285e-05 0.000105870519515433 0.000120971142908904
0.000219319831404195 0.000151435286540279 0.00015275857630786 0.000109396957177222 9.53982257722063e-05 0.000102832675494655 9.76672107537202e-05 0.000113881909440562 0.0001478776161157 0.000136151305674884 0.000135944204873729 0.000140804288136804 0.000134160247957168 0.000136869305700762 0.000123335495738858 0.000156782534396938 0.000151763417258879 0.000145624042896989 0.000146296368271968 0.000114656882338719 0.00012914538124748 0.00017075020780703 0.000155868034906858 0.000122136294515229 0.000111109741917241 9.20271611203012e-05 8.24010731135924e-05 7.39124153803639e-05 8.23122339045104e-05 0.000141212875844837 0.000109190086563508 9.86950267495454e-05 0.000113090333812211 8.79464175807204e-05 0.000109485797868206 0.000113573502148516 0.000108404858985222 9.99275509800069e-05 9.28076056991348e-05 8.89314956282343e-05 0.000101089609124042
0.000100185832036968 0.000130729960170402 0.000108984058898146 0.000111575431097763 0.000119576881620896 9.15721567125198e-05 8.81099799905383e-05 0.000120371173111438 0.000111221931205608 0.000126061570649306 0.000114779305346777 9.68329701605127e-05 9.3300821755246e-05 9.57103945798931e-05 0.00012479637094712 0.000108747872953527 0.000116229516827919 0.000131701615956572 0.000107744260580755 0.000105848343397771 0.00011909431983259 0.000128144613263299 0.000117798260999487 0.000142738536294035 0.000112550569379151 0.000105231826290185 7.52314238259912e-05 6.56281045468022e-05 0.000103032056090191 0.000108706624782752 0.000100599104222366 8.28956514247227e-05 0.000116506896030259 0.000118491174008013 0.00010886384314194 0.00012008684347969 0.000100086541466858 0.000104402275877842 9.6651475180573e-05 8.22800911456927e-05 7.24999046680538e-05
7.21096715119538e-05 8.56785169351557e-05 0.000100565233283007 0.000107421569065745 0.000105948933044665 9.95275433480571e-05 6.87401673089903e-05 9.01580772807635e-05 0.000111302086306726 0.000111726499371723 0.000115504841941512 8.69139200920832e-05 7.59415570937673e-05 0.000100850439880033 8.40118271911226e-05 0.000111069953586867 0.000109619854535999 9.36077661549026e-05 0.000109885747959303 0.000110318074013919 9.84110563517301e-05 9.79777257443468e-05 0.000103604074029464 0.000107360214574881 0.000102860006133285 0.000125533951957664 8.07961021029333e-05 6.72942272487956e-05 8.2204959196243e-05 9.89700187709971e-05 8.91195363385154e-05 0.000115059598459037 0.00010340783805079 0.000133428874667088 0.000113974611402425 0.000110524765953329 0.000123287917552945 0.000102891887677386 9.32065004410519e-05 8.76656551162308e-05 7.28798214099841e-05
8.179471925992e-05 7.39483477581394e-05 9.38815112560341e-05 7.30088996326171e-05 8.25528803729499e-05 7.08649168067101e-05 7.09791202440214e-05 7.58790413830529e-05 0.000111271611320794 0.000142989154589417 0.000134918805404519 0.000109285472278005 6.52745784951652e-05 5.9896391387153e-05 7.0255748734247e-05 6.99443062482535e-05 7.79874126717734e-05 9.1832423848787e-05 8.38784005145728e-05 9.50930310665598e-05 7.01759801673413e-05 7.74035460641632e-05 0.000118898050105251 0.000101551714602958 9.92584642492394e-05 9.79022328278306e-05 8.26944035157115e-05 6.60327082240586e-05 7.74696065804718e-05 8.82515315881283e-05 8.91136879391675e-05 9.52599671772916e-05 0.000109506116198523 9.64452746842482e-05 9.61047773728905e-05 0.000130296177032294 0.000123643126230487 0.000107568340235195 7.17942865692675e-05 6.87033374842731e-05 8.67004804357521e-05
6.14354370978441e-05 8.98615248332994e-05 6.68636577154518e-05 6.46223068633929e-05 6.81420968718521e-05 7.14768655428808e-05 6.05104381597631e-05 8.85523863836329e-05 9.21007419291125e-05 9.90415060773972e-05 9.9339536064335e-05 6.47423232189629e-05 5.72597899026123e-05 5.51726396365806e-05 6.1616298386581e-05 6.45966686387217e-05 5.67645934373053e-05 7.12942561767965e-05 7.68449913267366e-05 6.61649774561985e-05 6.23880380267343e-05 8.97280363123071e-05 8.18331272239744e-05 0.0001090305153347 0.000102556702366469 9.88905787389891e-05 7.88833127351154e-05 7.34820704726005e-05 6.97510169504555e-05 6.75863894766438e-05 7.62061943087791e-05 0.000115638923114007 7.97391579093689e-05 7.5600170081603e-05 8.9458317735541e-05 9.77204432767726e-05 9.96316284162253e-05 6.70380795833649e-05 8.16810727307085e-05 9.22377719403944e-05 9.09612581671418e-05
9.50703425032009e-05 8.69543741460137e-05 7.86334947873592e-05 6.85161321720009e-05 7.35309746144092e-05 7.28780132631443e-05 7.21207047281947e-05 7.34650262979278e-05 7.39580951087471e-05 8.6059060534979e-05 6.30466215070176e-05 5.27172782895595e-05 5.33820695929155e-05 5.52795552510819e-05 5.32409084522634e-05 5.49604354671747e-05 5.43477225089804e-05 7.05321277220487e-05 7.43096717805051e-05 7.05305739604348e-05 5.7424547277097e-05 5.90743831717902e-05 6.68609776394969e-05 8.69502443375136e-05 0.000102478473863372 8.29757200467045e-05 7.77597121136459e-05 8.514276683624e-05 6.12990503695629e-05 5.65970823613249e-05 7.46894488882481e-05 7.43675175114181e-05 6.51474687104019e-05 6.1853331176534e-05 6.32043749780788e-05 6.98363482676943e-05 5.8850173864488e-05 5.04918959693182e-05 6.1790408234753e-05 7.60417631614137e-05 9.6060000098306e-05
6.78247018057762e-05 8.55188280313774e-05 7.95226162424086e-05 7.46551515722335e-05 5.79078547107837e-05 7.01901592421123e-05 7.56219809935866e-05 7.70270463013057e-05 6.67767324932928e-05 6.77703875602932e-05 6.04761535949533e-05 5.54878087871107e-05 6.77073434014926e-05 6.59826186449305e-05 6.0843928322061e-05 5.68021070163693e-05 8.11248266248046e-05 7.92242496450363e-05 8.09439303509213e-05 6.88035875353758e-05 5.36670098334144e-05 5.69260100160602e-05 7.20394303356776e-05 9.28564381625399e-05 9.25746419628604e-05 8.72082694843639e-05 8.5506454705054e-05 7.391107095903e-05 6.22473603490702e-05 6.18331407964309e-05 7.26501864912105e-05 7.95260395043518e-05 7.14151948331186e-05 5.79917983204107e-05 6.27146850800842e-05 5.94229249416797e-05 5.50700448415047e-05 4.89571687291907e-05 6.12404483159639e-05 8.53014345915732e-05 8.90597105687561e-05
5.65377044490958e-05 7.39345208132285e-05 7.7093594038238e-05 5.91649777955753e-05 5.33585149054413e-05 5.89371726319317e-05 7.64876819715412e-05 6.87622243413545e-05 5.68657995725496e-05 5.82924455714629e-05 6.47450086024559e-05 7.41471974182451e-05 6.09101768131976e-05 6.69514045832012e-05 6.78830904756001e-05 7.96866991461236e-05 8.87996323349678e-05 9.36385782107295e-05 7.62937054354906e-05 6.04595617905871e-05 5.50242361563958e-05 5.48839411424105e-05 6.72770905936953e-05 0.000106312533857434 0.000105279128483488 8.75400956958015e-05 8.65526221522883e-05 7.34459846480295e-05 6.25538778664423e-05 7.21152201446659e-05 7.87892600062245e-05 5.84938073134622e-05 5.17015426538984e-05 5.82346494573794e-05 6.26055799634409e-05 6.40338932822064e-05 5.01443457752807e-05 5.08336555490813e-05 6.25574150601127e-05 7.0049437806814e-05 7.8808750592225e-05
