Models/Synthetic/Density/tmp/temp_raster_pop_100000.0_0.1_2_10000.0_1.2_-1606404845.asc
NCOLS 50 
NROWS 50 
XLLCORNER 0 
YLLCORNER 0 
CELLSIZE 0.02 
NODATA_value -9999 
[rows 0 to 19 of 50, columns 0 to 45 of 50]
168.869139192384011 166.827998061949 144.306533966417 80.0345345605518 73.0135447325273 90.6179681915347 122.058653884352 156.322677778568 248.812126774578 120.632364727843 86.8264775200817 86.8027778953082 151.580339983496 326.181203104347 240.12732499896 160.976084898854 74.8863468431655 53.2401070983911 39.9627821938553 66.5045027765118 172.358236310153 108.115877055478 138.79659906794 234.872351264018 100.018093017863 115.443921753773 127.758199703518 190.891346610101 131.439598207459 126.552369991511 64.1173030594003 67.0961331721969 53.6996834674958 93.3581440556264 131.323919634 90.5169182822984 74.5860700238846 62.4329071655945 113.833515237391 105.020672695769 83.1965149449901 113.792819661175 193.546553145527 87.031222803037 81.1675121436067 90.8037695405656
104.778250925815 165.642937344604 102.42816622819 107.099506505518 56.0573980187299 64.5594770265366 78.0896278015964 103.843900829247 126.390665124016 124.033532853001 125.120928765326 148.994124584278 158.02421373282 192.721307835727 166.78692405705 116.227105261623 65.765937229743 38.7578283206243 46.0727245601765 74.9941817261656 105.517980769301 105.478233556844 107.472820548498 123.041187126979 127.423489766219 105.702459033565 134.434858236593 139.606309420367 218.18914683085 105.946486451303 132.133278824268 105.182177980749 104.422641060143 97.4255771001705 75.6335004408041 69.3701236270422 62.1283369191294 73.6046945335721 104.456660822171 126.851285884031 133.501736937859 98.2255463914567 124.982257754246 94.8291456732982 82.5172068101759 69.2561456909739
79.6735078197441 61.805909365471 79.9818097126669 60.7808386991512 65.1340365747797 47.0568936584396 51.5715951910134 65.7442454869114 91.186403953163 139.294353122579 90.8612577821852 91.7989926566789 116.465587498321 134.359331752609 169.014632732397 91.5430638774142 65.5461892108148 51.8595449794264 64.7472010245603 69.2257106067415 90.4035623811922 109.681972315289 102.429537725916 110.94960228734 99.159777239945 118.877135591731 141.809234737223 180.476485429902 114.13746258001 126.653832854835 128.192258757211 212.936490376582 128.552019857501 116.033418171956 94.6119571664083 63.6484762725616 69.4687616999601 80.1023372544095 106.632667181956 124.942622975156 120.613883900147 133.020549369749 77.5973629372158 71.7486286432257 60.7269771452051 68.3747543208846
40.6959454455689 52.1186058324087 44.1604055466042 67.5335233746052 69.6520051987149 56.5358369350264 41.0329796624909 43.7560801262026 73.4179720114754 72.6468684710766 85.876974298267 71.09926921244 90.6880595526976 114.703736877052 112.780305438821 106.114846908545 74.3687848417059 54.1346503582153 47.4460123160027 63.7142721417837 118.014162389773 119.731906687356 97.3411998869743 111.002559291702 95.7297953732684 101.339960123331 142.405372383825 122.459230762169 119.167416305426 114.364058526299 159.074867714253 154.697369402732 176.170063766736 119.064531261582 116.252177044773 94.0870426984024 76.676275875163 80.9426406229121 102.94151241662 97.2559751683332 108.559673744051 85.2410554205939 64.2674349005004 62.2747318016224 62.0697365757832 81.6336419711905
29.7682221383391 33.4026704559303 46.7328692956755 47.3475670465537 69.298049803655 57.2374645897487 53.6965685911942 50.8587542395054 54.1341085802031 65.029814643408 68.9722840281482 86.9944392947264 73.0312701393439 75.1601530868135 69.4542630898522 58.1302147351164 50.6631602913954 42.0310604012274 47.7898897209144 73.5874589434418 84.0650265954017 80.713009987925 116.386593440303 119.285725199706 114.586910587849 91.0862352769474 113.956069703909 112.79070812204 131.648106849418 119.491295609681 120.150254331794 109.918911740873 134.753511903536 182.501762103022 147.246335283986 123.43269333648 72.5083395207849 66.1832060349148 97.4054547273786 113.522229473584 100.050852147995 87.4688225403901 72.8283967187439 63.4313756836004 111.713508375938 106.620952612476
49.7047626974943 57.2714289352467 41.6296027989942 54.4693819101355 74.0552541103635 70.0266141194735 56.4274252986214 48.5894853063142 81.2597175025097 70.3312254004716 81.5958662958368 76.6224705035929 78.2375108489811 53.2388099436572 42.5932836646319 31.7157721611584 39.0376617525932 54.9535667436925 62.1347933298547 84.7521197405563 75.8341604527543 102.247072815898 84.1238427611551 109.671319266442 84.7140710463865 71.9283723779667 79.1072117854371 121.344759103482 109.275484951027 121.355296305081 100.938173494701 84.4762586583001 113.569137324578 147.966476133326 149.739744580733 113.661411475301 68.969474191504 62.9782037698415 84.6212616935187 96.5175992080335 105.319841261504 74.7439844941238 77.4441753739166 133.034969497695 90.7217668001633 136.20584759458
130.316664040851 102.560076202904 56.0248168181967 47.9331902190242 76.751030433174 56.6713991120908 55.7189858913574 73.4273914383583 61.2989902252194 102.653750993049 92.5990552687933 86.4462113147469 97.22938407681 55.3777275813039 41.6982013065428 38.1965676674247 42.3492924679373 88.3906281108523 81.1674224782514 68.7653970496297 102.137968205653 88.918061405981 81.69940370786 77.2825735632638 85.1162918566664 70.0377775019474 83.3015147040888 104.20870905165 95.432204731246 105.983315572729 103.552156545554 93.9761543313419 83.0698509151396 95.1546432494249 111.469819924729 111.402691668331 91.1246178009487 88.2046708820419 109.461146810722 123.254981784354 134.802172914101 68.3113403917926 66.7826417858598 94.8000606670353 113.446488348477 96.9000540698983
290.783057840544 141.304480399794 82.0618638191353 61.3897871274873 45.9507196335806 56.8817424872388 61.9890844586727 59.7426519256631 66.0990148214878 63.9764572324493 83.2627976265148 126.928604863812 108.824015614828 117.616823230024 97.9585586635811 71.516918409307 78.4813367213583 63.9931193015042 102.774845898356 98.42943635495 103.608784582071 101.622502511062 101.875192411676 167.062749992701 94.0733865565365 121.77455285138 116.942121779019 87.3462188651862 121.666049413954 99.7204286182143 110.265636199247 111.814843321537 85.3227853848504 90.0951078721353 138.815525575918 110.655194353698 84.217311941678 96.1316744059424 122.722011357944 91.6348241019871 98.3682889860113 67.1767856787008 52.6395363435742 100.659843529762 111.275647895119 109.681548425802
140.620382545308 138.277788870323 98.5298193932303 85.7723062924044 63.8372170685525 45.386642619694 65.3804761051722 81.758941548303 60.6463500879665 67.441099867946 98.0344143674449 101.034397960383 159.113929535997 171.136211863133 124.11476319783 121.198233490851 79.9983651931394 69.0929628941684 78.38590827949 110.747803915283 90.7385587921485 109.265310332255 116.749364596282 118.956745091804 113.916994887003 82.0979109925411 97.5839389775877 117.699717348444 117.331387765621 106.92274725864 113.338175665845 109.275717814195 116.885199657354 115.431475260648 135.198164182947 92.4647627530112 102.150683461342 81.3071013928907 107.731738391784 84.152093963574 79.0205866887232 70.1968654394739 55.5694875732632 79.0458060664887 132.751804544933 118.966713908853
98.6235246116112 131.656642855482 140.943350961679 97.2006225201853 80.858276919091 57.5673340028042 69.7819596483409 101.570730186891 71.713866787928 80.1339856843381 88.3123290274439 108.880577512647 117.154359479331 116.05185915647 139.699103064868 108.107185500579 95.703986205487 65.8752473871637 64.5187738046136 72.9520895188564 74.168052462601 96.2875421142494 128.270874219 141.142496757004 101.670415837909 92.4519555665531 92.1670895589345 112.189723442097 94.2995840545921 89.1260721810719 93.6727887889692 147.784315256416 194.226807750119 130.817622548609 99.5496782973539 92.5971918251819 73.4386101655719 86.4497116420703 69.3780998718126 91.7016202625574 63.4497022443793 55.8808567745001 67.1610017916071 68.6654842995233 87.1293872864516 131.079492534268
147.508652172465 119.339088901765 95.8283535654185 92.365301515498 64.7230432848831 87.4125884659953 64.6740105889207 71.1805805739228 70.6796695576977 74.769911484004 86.2377346113906 74.6761564521348 92.2433118241574 86.7267609044628 105.739704016051 123.742293244987 83.5845288566694 85.1938435262674 60.6838294805881 73.3854860913359 88.1345251420984 83.8296833567925 94.2601570586942 150.132560341909 109.378006767083 72.349075704262 78.6229857862996 97.1912214548013 85.2737657183597 75.3349677528205 84.8235598899339 175.085765722702 147.08214715476 130.799171004014 105.92449794082 132.601766952221 76.4010750291163 88.4430427301307 83.2564767425892 106.591666718189 102.94584036929 63.0047452213064 48.7665772186708 68.6564370377217 91.0500618510084 88.6410862397555
242.362466949813 117.829588823677 69.239807840611 59.0336517902897 49.2116009244772 44.0074110413006 56.6716878924087 51.972262832849 52.7934360301931 44.7634992690422 58.2598632878207 63.7632194111303 93.2556721002082 68.1784541047376 93.7656934717692 96.3298396788686 106.030687406229 96.6091752177868 111.489436966453 87.2236872385129 75.3006214847965 73.6348082498271 63.3085528524303 63.0611790175911 54.3894366979747 74.1171005661172 67.4525092843514 70.3399075252544 60.4986467664359 63.1500604537993 94.586790444518 107.245526083247 160.864797190878 116.469902854952 180.945525200017 118.43510489181 103.431203538731 75.4036760411291 78.3218872817621 100.461330946605 109.9358665999 77.247706006391 77.3882142855436 80.4505534471765 103.031017374707 148.953016975136
205.279972973321 110.373451788554 69.8958135717934 40.8362388174649 35.5187745871935 38.8169203119016 66.3574865511321 56.1299902257397 49.2277820644678 41.9917974537141 56.826877270563 66.9336475974897 65.8267123101268 59.3935902086733 58.1759392936887 69.9432825552454 88.3270173999804 138.845271316263 115.452713114587 104.973244950584 107.825285428341 82.6778998793515 54.2697745052 53.5723683337682 47.0657016553002 51.2737111177846 76.9185763732139 60.4517910329341 67.322702767005 64.5387308994063 67.8475323544436 116.49871116228 92.9983776375887 98.6576032832807 82.248940578306 91.2996093613991 111.985089478472 62.4424164289897 59.9593378595732 92.9878043229419 114.730650786146 136.495375816474 113.770721091769 85.6912837488814 144.639224174089 126.39525640791
172.258803002357 157.100937386001 74.1644433431671 55.1467531112981 35.5417439309425 60.5721653592199 48.8402932518251 50.8277709247325 49.4154452265711 49.68821537002 39.6986179997673 61.7050210331481 64.0233569310397 68.5677352854592 63.7052259423244 63.5303210972092 76.2134492643932 79.118339195908 96.33579180635 123.517349451187 80.682173983468 83.0252097637688 70.7569735727125 64.3723852044358 85.0585466717838 69.6737715182968 59.0741933941824 83.3058996850094 85.3845022737582 99.9195159149765 96.170317035723 82.8995207632799 84.3817096039539 66.9660180516188 65.3712609038047 65.8948448161902 61.1112590440184 60.2286928398575 68.3581567894251 90.3142551627737 128.052272147389 108.865038386811 97.4755950259351 80.7017917015082 101.188616992639 128.414553844521
135.709161436949 144.853630820722 87.280668814157 49.7583032749152 39.92989226162 41.6703859320865 51.7008339317476 53.0052197344485 41.5142114526627 37.7386537884298 48.286843210437 68.0298188960535 96.5951932287164 68.1972694762201 63.0704954520034 76.3321924774696 103.905252698681 74.1071829928296 69.1483739632328 85.2617004308849 109.682677581918 74.3162926588969 71.9440035828978 113.655667069013 79.0475817807188 77.4957753695725 76.1653189153165 76.8540055049756 106.282587339239 197.540707631271 149.274770347262 95.4224018541446 57.7220805846712 62.5352467384025 60.6900487541686 58.3042231824632 51.8999802298414 77.1035055385773 87.7584255901518 82.8205856677213 117.292725788981 100.559136821783 73.8372711066806 72.5249699551056 120.192256716797 106.003199879673
103.939447663882 103.956678761042 75.6550871715453 49.8547145464883 56.8992890169598 59.9551729589778 59.1926855662552 42.1157738497571 45.5986201374711 43.6777120637893 43.1217970704388 47.2011094536381 62.6649952241765 69.7838235270131 68.8550274485216 91.4332144972927 138.27391796233 61.20765443215 47.6495048802469 57.9790898736711 60.634222132051 108.218913797319 87.4096671148754 70.5030320285759 100.648594601343 66.7846669790093 74.3698553643181 99.9149135540968 111.319755095567 132.725555817012 115.507672059217 65.3483521609219 92.9286131694943 59.5130289969299 46.4709427450076 59.7339154298631 62.5537650237456 77.6725565834141 74.8692124787679 72.0514060211071 87.1659246694994 122.784724684155 55.9002615014096 58.3382204991483 73.3875416560372 86.3553997512635
104.145914241086 99.8119456263266 78.5188175342799 73.1100958331317 62.9718862512774 56.6874734212853 51.5823882681777 59.5156182702269 41.4972932915239 32.2137400096194 33.0744624031031 36.8258844451708 53.2126728319586 49.6737385793997 77.1956538403788 93.7636066706655 66.2051313834325 61.7268486656636 35.5843149866256 43.2413719424337 53.5634620138965 74.3177914870362 68.8265333038288 57.3897454115478 53.1261536088353 75.3208864802899 68.1410753407231 80.5598811314911 88.7919803130955 126.109026548206 81.8296114691287 56.1444341521538 42.3757866653906 55.0893480132017 40.9145777188021 37.2809324145942 57.4740920082616 74.8291178713969 90.6967062038832 95.1445495449571 70.892466858413 66.4899460864332 44.3554114739744 38.1943122294832 43.1843091954132 57.0836368779462
105.122951518502 85.9756043211352 91.1939721646191 77.4773121139344 56.020194101725 48.918753331408 75.3831937131593 46.9523023875369 33.7982331133636 40.9903107972257 43.2258304169724 58.2129754512212 47.2761948467707 55.4860175584642 62.3223854035644 50.8504380693549 48.2944015128344 40.9032397003726 37.7326502803048 40.8939485394321 50.6116587404743 51.319357542855 41.1022157942409 40.9364325842544 54.2162151354523 65.6734479604465 54.4013360924542 48.1455844078339 64.6470919073739 80.0906737887652 61.0116994042751 39.5845934257784 38.5895990662268 31.1378072083033 47.6447931941014 42.4394631711023 54.4274255036532 90.3157598457259 68.2188917181941 69.9158749114189 59.4593760760212 42.3543383108588 45.0929021556108 38.3768171448103 27.2504804498226 44.1175587014913
63.2377139550602 75.9205250487602 73.8341965757854 65.799892845424 43.0187119956703 45.624079099034 44.2735269243185 46.9064669452056 40.9223456291685 38.7004798770287 57.8567730885154 80.5837379114209 54.5742526195282 45.6024278237334 60.6369447847104 38.4484650336029 33.2454168120852 39.1405571778986 47.3660630973369 70.7090701683084 54.4824239837396 40.7393738846328 30.8601374978804 32.8980986098591 34.2869377569071 46.6173792255594 41.3759094108092 43.5956907111847 63.0436956374154 74.9113707774535 53.8780076807682 27.8668545788778 24.0067214546669 28.9242195764311 44.5345453617893 56.9516680470053 42.9552158576714 49.9209754499272 52.2088679404677 49.9494520514656 40.3271661168856 48.4772597355913 60.5138985121155 38.4806405899651 33.1078967526703 28.0981855013123
65.2919670876424 73.0035547988038 52.1668683696348 41.0996427791168 45.6156002429386 35.5225955005003 32.2929914610085 44.121896967956 45.3033342177219 55.4622521388865 59.2290257547699 70.7115160860253 65.5706979120515 48.1236727893019 38.4213254360765 30.9287730853929 26.0564239658502 39.3742843764524 72.3395767265259 64.3759840678543 52.2914711246119 38.6455743655257 33.584644247191 35.8109737540284 46.5910803766645 40.6736142085847 46.8862615219799 44.1474098723688 50.393974494503 56.182676349969 37.6501959501408 28.0295252438695 23.5467463779292 32.77158310603 33.2476893746979 30.3238582690998 30.0978513189666 29.1436909924633 33.1370814742326 29.2984339458061 29.8280031893218 51.0993732148625 67.0517372254162 44.3534715354662 31.317565177677 29.2697612287091
