Models/Synthetic/Density/tmp/temp_raster_pop_100000.0_0.1_2_10000.0_1.2_-1680790725.asc
NCOLS 50 
NROWS 50 
XLLCORNER 0 
YLLCORNER 0 
CELLSIZE 0.02 
NODATA_value -9999 
[rows 0 to 19 of 50, columns 0 to 45 of 50]
102.712332948508006 139.040051155713 101.430100725503 107.612978496338 57.4427608651979 33.1857445620523 78.1526544394378 98.7265136585364 124.494856528184 146.785509107726 60.9836339620264 71.0053801876916 108.481357397667 68.5600488793919 62.4904096349138 100.871356507698 90.1169539392126 201.010980304344 257.119358079998 134.355528531729 126.515829879933 68.855557428509 95.535879377698 96.6394141024437 164.809100243815 346.138052465611 268.658912511474 138.24401075962 145.755569834559 136.722737431677 98.0608774115621 37.6043553771033 21.3407744904036 28.7666604564649 50.7623780799479 89.5606086024294 89.4316146065634 100.563568014429 158.430766628172 134.335608760304 88.6146912238503 128.779246750769 262.343767394763 185.960772386069 130.905200873002 165.435436799379
70.6389707409961 87.7786351252038 92.701170979219 59.325871315671 52.241619186857 50.3492266624352 70.7798980084381 113.001138643847 98.5324586104253 74.0845754998921 73.2642439522634 95.8400623591699 92.171741638065 68.4084235117899 68.9344103521078 95.8462337928043 111.755400207266 143.924350448156 273.083357466967 138.680038787037 98.8977757885749 112.091181810135 88.4808621121126 117.211508127597 199.632899201193 213.282614733018 197.575776043388 173.894354504353 120.116368925534 142.905474350894 106.316823174523 66.9840733831649 46.7898740552324 49.4890438213912 59.6925129195865 92.4035606978754 122.161357868993 99.9698717276604 106.656513429606 76.8561537850257 71.4166250568672 98.1640351255748 144.22248798864 297.30791627678 150.910003352804 106.394406334875
42.5717471322882 57.6687311226327 57.0378222380976 50.6554006682069 59.8291900398104 66.1764284186721 99.6026415358999 84.6222479030094 87.8613453017687 76.1476773830967 65.0247696474771 118.069771486244 85.1668055785378 85.3727044833668 118.625586457419 77.9738653407976 112.564835159682 116.028725493954 115.978553451148 112.043149278045 169.66718908213 134.851080967048 110.719690532297 119.263976377683 118.694094225107 165.747150356722 138.211429830278 117.099691459143 103.804306280119 101.500041407227 137.829032215056 88.0210212820919 85.2491922042252 46.6237756935871 55.8627466126763 61.7736311283671 94.9364377137711 103.008520381505 69.1298713357008 60.220710266709 41.292072651913 52.1522410752449 112.566293475976 196.718806866988 149.965949348436 102.818555710467
36.033214113336 41.3010466670153 61.3914492389163 71.0921634748484 83.3635531995627 161.051999122 122.653275409863 129.13945187132 91.8867903471232 65.199954794678 73.6661778295788 71.2478007234553 75.255075598816 86.9885989687868 99.8758025744302 77.8639092060643 70.4406434036261 68.7802381206746 67.4514762650223 91.4911688039354 163.027754196815 143.050848626185 129.740800568476 107.754682044914 94.2579849389793 104.673480997379 113.222076415639 94.029414093014 80.5299764750651 109.948817653059 102.053668521373 95.8308382527209 75.4807660782615 64.5367393366571 73.3375991534534 82.0876563442736 92.5873458606338 119.345685740671 60.8234938942675 45.6287270421447 44.5009377006303 48.4787035980039 79.225917133601 154.237283722213 125.432646081057 95.4936039189162
45.9771687530136 64.7286146631553 72.2463051263525 98.5018900154537 123.872128429893 128.372259786705 138.09894092189 96.5461002908701 91.5333660142414 105.279091825195 81.7004068422765 59.6487015205057 84.4679697111484 90.4797674495868 77.0076604513829 67.250743262322 56.0363660195014 84.2416420646549 85.7136873517293 93.4247186589495 108.322297796766 147.362852048917 164.71138646725 127.830235533321 105.51802899703 81.8808788412924 70.3908404394799 79.9529846645149 75.5353420284968 77.1194389171727 82.7158844854188 73.5675492927966 81.3852921930843 87.0354093176504 108.750097526552 107.706843224937 117.080590104392 73.2808187576705 65.4513405884895 80.5696560236385 53.8891904407674 57.3444014971523 106.405694822718 106.124478856342 114.99455411071 111.733396378297
58.4352449832096 88.5524129981022 83.5918904220589 105.754822034869 108.860430114192 109.529090435673 100.470270122208 75.9248219889215 81.3363429271863 66.158473609015 63.1948967143636 65.9317141335187 89.8717541619533 109.831399109523 68.7050086482912 80.8453622931657 86.0103518757201 76.851711198207 131.199483701286 129.762247043997 131.381589738847 152.183077228776 115.167295041656 90.9223114114471 73.2968823596025 55.1957843319655 55.811961095096 64.0031300656108 73.3145690479231 61.4690449250155 60.2380616171399 49.3746336009486 65.4191862894698 108.925649110711 105.230188196967 95.3017782420483 82.2693423772962 82.9686325968379 106.682026971539 74.1214990527592 88.9397098570219 90.5285542929381 96.6281942446207 149.765053735736 103.026095275039 126.251715972362
98.7005708744944 126.169887559073 127.926678107574 101.676585607958 149.196273865344 78.3939357407478 63.4623601735415 62.5960228979591 76.1252106060595 50.8160666280407 43.459528459799 49.3309577330425 65.735135624637 86.0246659198294 74.0318258592748 65.2275869202805 100.474658283421 95.3008590329439 94.9239838901982 165.331560366833 123.458594349732 102.364649053064 88.8773257927088 69.2970027561301 56.8819452436173 42.3566364831638 46.9449303507414 62.4513252290565 69.9951244450244 52.7466159464774 54.5753478044527 41.4280617753213 56.1347683455884 83.1196724535261 132.953800756276 85.9454193091394 76.216026023884 104.763993239885 113.680214716287 92.307374692534 76.1392628772166 91.4440424297378 132.33442948406 84.2627882865517 87.3395252929699 108.722897164816
123.019051319011 113.661320283952 122.578758572998 99.8745894423144 83.0801975612149 78.3279711662804 59.2513386640615 67.9888161378926 69.8948747742281 65.2606435132622 48.8587016173973 60.9988014525307 55.5585562244839 65.2360080626375 59.0304912057618 90.1846252882525 84.6800587508767 112.755681696684 90.5354781097381 99.9190727254241 105.11265698682 92.3808500104583 93.9162737470756 82.2625711686471 68.6778295294919 74.0718865805301 53.7844316153294 60.0445020986496 61.4905052255286 61.0787310299426 49.0646017131128 48.5660370775666 59.5819671580225 91.973455738665 114.093288656929 122.115726511766 96.3297985257727 126.90303401001 120.267595138668 93.0778010823684 73.8451743027894 108.973790445692 79.1930632151628 90.0812087732492 70.8573755239206 104.304501396007
124.627153227019 107.475820041549 101.073812377142 103.34957359692 90.2113108873332 63.2167441429465 81.8157077369698 60.2868890703075 59.9246701770979 60.996890460059 105.796352868297 67.3984554944273 73.463798154331 70.4572259236924 66.978943210836 77.2128208472946 118.647389612578 100.983116118091 111.878898844986 75.5381418298193 84.4715412911195 95.4759316812391 70.6054496583874 71.3918737203023 91.1548381758897 101.734308595883 80.3885066023788 74.8477968187375 80.877472209775 90.6180387385344 63.845814562604 55.3422128953454 59.324761999236 85.740668689857 190.382335125795 173.988027749978 95.7364872706332 96.0083949610251 102.064988898052 100.749791451976 71.6081998812125 79.2266174619626 126.726699384721 82.4997808310396 89.3610721174518 90.0041710015138
149.119506400514 118.312056671832 122.281674944046 112.497629351501 101.608307961317 100.136456532208 65.306645637779 48.5050962694378 55.1960511272128 65.3132925568235 68.1374364092217 94.1172722492715 83.566062480064 81.0639564669362 119.899119519042 85.907768674261 111.633380989617 131.796452757523 110.008091877676 76.8983915579295 103.189650980396 67.072067255638 66.8903515664852 102.26365636715 133.045351285335 149.084118552957 113.188173802172 105.961556105937 93.5299804947091 108.75718982536 80.6635344636068 75.168229907715 70.1832060227787 146.322223426317 125.47681131383 149.306161874848 101.95064968444 88.2788495166381 87.9014261141748 81.3592059700088 65.1881230980315 76.4457139186783 84.6480259539487 109.357291290373 76.4480054955749 73.7099591536146
75.737216359775 100.973965868487 103.54495585068 146.389998494584 110.120696548607 111.56199864484 95.886152104445 58.8927533742763 53.2884341910874 62.4667507928337 90.5437372215122 112.170734080537 101.182652721341 95.2791932037979 79.8398475578454 90.994291221279 99.9182069202664 114.990027740418 120.814118528533 103.698691094514 112.2056591055 68.8524029312241 62.1162108137108 96.8256775972484 212.738588935008 168.682889279455 176.640873783359 144.795462095531 162.878817463391 136.594079025151 116.56417756563 74.8999307083125 66.0062081976378 96.5571578853368 138.754516294274 128.84226007428 85.7176051757662 60.0137961883475 72.7940100708708 75.0887576576013 71.0917143742903 66.3248480643124 73.1588945063761 97.6565288770228 66.1522780387944 56.3756488887248
42.7622726682854 100.527572783783 133.495990324368 116.842827038214 128.269359880819 151.7248294904 153.899942262112 90.6906695268522 72.9706547943257 95.7664883847926 132.511157984722 117.312599444357 136.154427415965 75.6660290522268 60.8489571707928 75.466037603124 91.4976228442984 122.331550096246 137.031842455914 131.054436979889 101.061767550946 67.8201415705087 88.0468263545479 112.810193283203 118.192878809943 148.054173003195 163.851724562336 173.791260549752 162.220057120844 187.539015059343 140.00803976698 69.4062549413151 60.9023775769173 75.8580113563172 112.523031413006 190.170092326947 94.7960726764667 60.1074488275758 69.318090723402 75.2425095070727 71.785280164602 47.4943147991268 70.200945306144 84.5673098212031 101.661692896499 69.326259632124
46.9813469807704 63.8752058140297 92.9513921133241 120.481764248256 104.167622910785 116.116072562612 113.049736756204 139.996530822817 95.9864933917793 123.001030158887 119.516392271 206.442252856697 100.053973278312 88.0558471781566 76.6187454437723 91.7092021037646 125.317284724234 127.362113658831 157.880837389426 234.144815777261 100.18379369682 95.115920432198 103.688175268248 157.384533010793 96.8276476874491 79.9948249313414 98.6549953034621 100.821043732087 112.044489672018 124.298836506312 98.8196601627535 74.4273889800613 70.8968377862738 79.4676996863025 93.7549658211401 84.7247639117805 81.626283343895 73.24254591787 91.4099254133281 63.1423100109339 44.2256370628739 43.0200370683158 54.6385684410491 94.900836932954 111.465586380215 75.4791006124324
35.5128314226423 53.9601899086241 82.6584965326537 98.5185288837031 84.385181896558 75.3397585474569 78.9951804891963 109.536000079545 108.897020305292 124.527134782861 99.8321202550982 101.672037207133 120.044511612738 69.5666732717049 82.5058550460929 105.313674141943 95.6037226904206 92.4743516120102 172.856196359723 162.046639299416 110.07558713027 76.8244314343217 77.8429337485437 82.1595267733577 74.9822554575383 47.0441673029419 61.1998720271218 62.9941005592611 70.2409790877869 58.5184055075474 62.3797871025889 60.4783235037973 83.4835269409525 76.0936803787926 90.1071865701045 80.0980258800142 91.2821964378534 75.034195840537 59.1587150271912 48.1446812948224 57.1044155247055 49.9648557009112 67.0704691192647 82.5907302790155 73.0177909592733 67.3932487607997
57.5121299578145 73.654804239727 85.8763376610472 95.8279754646426 62.3393287932795 53.4348777278244 55.4709940582239 73.0994446893217 71.6951876698416 64.2787848870659 62.7615224367667 67.6400158784544 58.0946401049131 61.8965757677612 61.7362742542372 80.8173883664717 81.9698883286462 85.9695950990489 84.1920345953495 132.456621601716 107.532708925114 75.9034475326059 84.9056589182478 69.4192613701145 56.7530534482709 46.1512690164882 41.0109947420894 44.7898650692426 60.0749232290698 71.208443205142 55.4534604354986 71.7724570373137 52.8660176509744 82.9636152693027 73.9424138659208 119.60803786696 91.8982528186571 63.0908523900292 60.847730832579 54.6443488465781 53.1328189275087 53.0167275837588 78.4106579531649 80.6849179672187 74.211877673171 58.7261394096656
97.9589177374477 78.7839177959383 62.3608291029262 56.4684196883404 56.6047017138596 55.0875761773449 62.8747519370389 60.2338082216798 67.5744617223841 47.0894904984148 57.6606996869122 60.4938704795304 57.0285772128928 44.9754856063775 44.1085055874077 55.9639952336726 74.5190025026967 97.1278452528354 62.3418242628887 84.5042838704117 81.772226636587 68.0282336674088 70.078312257662 71.9776393300591 75.9443285135916 48.8905397192137 43.1022350946529 43.1000761593768 47.517745729253 65.6056259708453 65.1873382991583 41.0409202931065 51.0666716432751 46.6735615815613 77.7527956897189 67.2534076939411 61.2676187196409 60.4506758300483 67.5301424834892 54.0731641968372 55.4902111529369 59.9229829857292 65.5500083205996 61.4041267189253 51.1838191969737 56.9536822644089
185.920903584319 84.6545580546932 61.7283962625539 49.2584558654991 42.4613630822574 49.5397409982202 57.2952213499687 68.8794516744973 72.6022006115702 80.1187912190368 76.1838314024224 83.8549200010589 51.9317770297931 30.5134191229169 41.1917458707072 56.1085037337442 64.8421015889611 51.5917104088778 65.3150350684599 56.0375044032342 66.6051424239739 77.4207143405079 80.8988280991949 65.1955410505274 71.431102838693 69.6432860020819 50.6816458262052 62.1828705405184 38.5161393824257 36.2299458641117 47.2223114677317 40.42628694578 30.3836430903673 36.4597196928298 34.0598764863617 45.97213258572 53.9900910655562 50.5577674259136 34.6989214936578 51.5184118558719 56.5833835195796 52.4708475811709 49.7975625414597 41.4956396991715 50.7056967797666 52.8940814077001
110.230998199832 113.56507402844 78.2766849066499 46.6422211312097 43.352484191615 48.7072269641834 49.9027301098084 54.6135555525781 110.661898189245 104.911897702833 99.9949420400341 81.8665120048797 52.0470652771058 36.5233296788254 29.4428869263097 45.0350854906993 45.6532941193154 46.3577520890234 57.6362450885613 62.6333689719869 50.8129413951765 51.9267116112994 56.1698700049331 48.3517196997295 60.7777349796161 57.6902694629316 73.7210483987157 46.1891731572398 46.3800447888488 34.1599136571725 44.7994209456972 33.4471994493082 30.8722835906382 25.9474828258568 27.3500806896977 33.5909146374682 28.6582459720299 32.564458653769 39.5227585035926 35.0898738218002 54.5439424258831 73.8174357685835 47.3007533541842 46.9160370466354 40.373488438945 62.7292299060555
106.660104290092 83.7689864421362 64.0815866113726 53.4713842698032 49.6821698788704 48.3222605038349 36.930658410105 57.2243431592828 67.3859249400886 67.3273832995307 66.5686912488585 82.347672805338 66.4442023569756 27.1888114735156 25.3303347076009 32.362368526011 44.9130269913307 60.0665111477748 47.4061323674419 49.4385084780964 28.8828633170463 32.2769435896097 41.3275700036646 46.7164195141519 64.6997707852105 66.610469456318 51.8666133171724 46.7378937349334 38.1170102215802 33.5632936273931 38.0896606827323 31.3564524591634 28.5611209166524 25.0194776148825 21.2967053491035 20.8566725762501 21.5819891833142 26.2210450029924 24.9258500350027 43.615115606036 56.7962142980404 67.5940957841539 46.1751427620031 46.7676785379098 45.3196095251842 47.402070415373
39.5452722484684 52.9575569889523 52.2680409410402 61.5193205741144 47.7112959388645 40.176547370301 30.3076951049106 34.1606442373928 38.4481291844522 40.5430885076409 59.9764447257178 76.9254293941724 32.7793856749736 29.2054909272861 21.2742068139915 27.2392164311748 30.1848284740757 44.9026758057791 54.8502321130173 33.3592630242898 28.6930441040019 22.4878627198709 29.8182502054579 43.5672172963266 66.796763254257 57.5715381249974 49.2894679545597 61.8559919134557 45.8574283242808 31.2786773294302 28.7613554230989 33.554032655223 31.8836406963426 22.206810041526 27.3187269493259 22.4353560980617 26.3530902372468 17.3143312744791 23.7793389430553 29.5105645631913 35.4389012145861 38.2557043307819 32.3436429432527 28.7902517199784 31.4750055438485 31.752745665414
