Models/Synthetic/Density/tmp/temp_raster_pop_100000.0_0.1_2_1000.0_1.2_674462326.asc
NCOLS 50 
NROWS 50 
XLLCORNER 0 
YLLCORNER 0 
CELLSIZE 0.02 
NODATA_value -9999 
[rows 20 to 39 of 50, columns 0 to 44 of 50]
32.7726158937417 34.8113429459265 37.1306654588379 38.1688837438059 43.0729941182346 44.6105744095229 43.4157115221123 41.4543195466987 37.7587102009376 36.0655599002427 29.6708490168756 24.0418149399992 19.985457984992 17.2995923433563 16.3497109546514 15.4525025720392 16.1683001108648 18.6369143118714 19.6057697877458 20.5457018723981 21.5153234969915 22.8254141091305 19.8571097879228 18.79248092999 17.5562354542035 15.812840865587 14.8652071221685 12.9031150668673 12.1955748053094 11.4387598682925 10.0382482852036 9.16110996584758 8.46823010695416 8.14541891298767 8.43436509634305 9.55836156608543 10.9581849582856 12.5441641939163 15.120727121235 17.5629233042068 20.2970952040178 22.1614094034381 23.4147476766771 23.1340797997868 21.4425998183471
19.9968777125454 21.8332940872337 22.9182791188283 26.0949109899421 27.7279982039055 27.5909985327159 27.6066260187721 26.0425913948346 25.1136213828461 21.8202056419414 19.3944871507434 16.3253343152942 14.2978241569764 12.637640285815 11.2347662600205 11.0729339561673 11.916819923018 12.5943453309449 12.9464920763952 13.5493487526673 13.937803995743 13.7142679064107 13.2133146194034 12.5254729234111 11.7712702197724 10.8432931412655 10.1752571908148 8.91090675804129 9.04689533705075 7.99951563274315 7.13522496568099 6.46826809082816 6.04278064251755 5.76260351591575 5.95241862570052 6.48014819549323 7.26876267728931 8.18145605460076 9.55463484689576 11.2593206678224 12.3087705933533 13.3975623619764 13.5498288758138 13.5399727757084 13.8957227781218
12.4964658538683 13.7564045851844 14.435778939256 15.4081893005761 16.3106659967916 16.7381128934255 16.5504460204813 15.863472726358 14.7683142656106 13.4329360576731 11.8556309776189 10.368831312022 9.2872330391293 9.18965223349913 8.03105831198342 7.72238405696653 7.84355676578764 8.70585926502711 8.6808045709376 9.77215188044451 9.85210962946723 8.90398685829266 8.64880443588124 8.49498135972743 7.97099711053273 7.96498654389592 6.70918674824394 6.12698785382831 5.74189240128939 5.52802059384057 5.52722901515536 4.63877824138104 4.25297511958264 4.14010937346217 4.81085816242624 4.55067693627721 4.70860888849756 5.22261637744066 6.01735917485564 7.20532198255039 8.22026016502847 7.75526006898694 7.97175345881474 8.05060863778989 8.23209220442506
8.03179461372268 8.5659760354529 9.13931306718978 9.49282623564759 9.88055332596613 10.0550439823068 9.9393789577344 9.52235086304823 8.92532661123131 8.20834639019113 7.37882060853143 6.61490746219389 6.1019951756627 5.86199063858907 6.07134397974008 5.55989496441031 5.55265734308033 5.70837530297872 6.53319722349251 6.49288734015659 6.16755799371687 5.98034256612849 5.82393890321226 5.65681715446514 5.44639402075587 5.21547346104964 4.67664322556826 4.33403319824957 4.02468498867915 3.86033912663528 3.7997048115858 3.32171358623557 3.1123939801461 3.148416602317 2.94036882346844 2.97610447218858 3.11417144327488 3.36704479625908 3.78151794708176 4.18745029367378 4.48770364505675 4.6647422166547 4.79339827197962 4.91255792921933 4.92440710818197
6.15517391814902 5.68852537609832 5.8847513339876 6.05698299976781 6.17805639749503 6.6924898233988 6.08727742518292 5.83711935477734 5.49572226134693 5.12280350518718 5.33731013182225 4.33764864969391 4.07775155788353 4.05126830845454 4.12025061319945 4.57783660258619 4.07177452578518 4.40506114299059 4.29583164841574 4.34132465329761 4.27445133933172 4.19358643671939 4.08760219195222 3.95876463194793 3.79251927542316 3.57973279278596 3.35599619179981 3.10362298978844 2.90399081139188 2.73200193088607 2.54290188776477 2.37384236063582 2.22620842044699 2.12452210136447 2.05604086758495 2.03482010027553 2.10818797300103 2.25771675154727 2.4794349180998 2.67789250201694 2.83181922629376 2.92763494660148 3.03543380964628 3.13023281492914 3.21250030879402
3.94877162754655 4.04609282472693 4.10188893257571 4.07615631551261 4.0708119331934 4.0111983126788 3.91000899479885 3.72697914392201 3.53253611371069 3.34364429067366 3.14373963148484 2.98472427212386 2.87697404596431 2.88489619879155 2.96382833138013 3.02165277219619 3.10374733116474 3.14505074018807 3.20614210990823 3.19460843396081 3.16144065861513 3.12091816450185 3.66016808624902 2.91650395474384 2.76230202105486 2.62531090531098 2.47567221102318 2.32704840974554 2.17805032956916 2.03121125734205 1.88982356123347 1.76121255624439 1.65521398698608 1.57343885764426 1.52204884286301 1.50774378415109 1.53629349752811 1.61235905737395 1.74386520743853 1.9747243888449 1.92217372345045 1.96807528041577 2.04521367156229 2.13483436769684 2.22052100739336
3.03998246012795 3.05652733810751 3.02368111156875 2.94600952901878 2.84656537072451 2.75356012883975 2.65465970277209 2.54485697729772 2.42582819657221 2.31207650529223 2.21973104536464 2.16255369863323 2.14817468903565 2.17526066480463 2.23340265876704 2.31121254336642 2.43311373230523 2.51085383881088 2.58640324472706 2.55705430434637 2.52122955976522 2.45561006194337 2.37555296584199 2.27972673455875 2.15199498863682 2.04936195107399 1.94647599564945 1.84096135538259 1.73313751908854 1.62405365633779 1.51835611693339 1.42221408196539 1.34055996397278 1.27683592014359 1.23317517302924 1.21141890888128 1.21274645247453 1.24103528433673 1.31122720394449 1.36132935352288 1.39855009331835 1.41665717847687 1.47401848660202 1.54946781579799 1.6293767585574
2.46662580175436 2.44879945034365 2.36870624712337 2.26470089376541 2.15754749985727 2.05869449980297 1.97269111104633 1.89331214032398 1.82005336804893 1.75395819905294 1.71005930655087 1.69401394060748 1.70676598303203 1.74179064765876 1.79711425410609 1.87305746575009 1.99688030498693 2.57518359285522 2.14086518812056 2.74394971676033 2.0766197422552 1.99390072889243 1.92464223309937 1.84787937893456 1.769066452891 1.69105965131141 1.61403793737038 1.53586162120209 1.45588729569095 1.37569326791689 1.2984078164264 1.22763996701304 1.16612394275359 1.11516779251015 1.07519256771611 1.0463345518464 1.02921138023259 1.02628188046773 1.0337601451687 1.04822659838709 1.06497497511594 1.09208784047015 1.13425780589371 1.19353226182778 1.26495824110864
2.06804060302232 2.02682572225243 1.94648917726951 1.84173570161417 1.74093619403469 1.65243740455493 1.58400371364795 1.55562990361293 1.51074819439813 1.4644808835213 1.41412374129387 1.41508988425282 1.43778848300793 1.46973268528879 1.51328782321122 1.57469519286599 1.67991600703834 1.74566143507016 1.80807465194287 1.78230719923719 1.75719483479925 1.68682428854402 1.63152941820624 1.57125377966795 1.50990979344077 1.45001837121102 1.39138133635463 1.33272317017721 1.27364392960683 1.21533879598631 1.16008559852892 1.10985321045804 1.06509774229264 1.02482827253007 0.987801020544674 0.953967605805346 0.924650998609264 0.901491223228136 0.885864078932528 0.878743012876669 0.882083739849212 0.898149885835085 0.928626327723713 0.973494438630878 1.03534271130751
1.79185486128473 1.74384020213901 1.65642337560275 1.56040484726875 1.47169525080241 1.39682228781887 1.34540814254367 1.33556067105249 1.40790764223527 1.26799291890205 1.22833993488234 1.23873489130076 1.26403873892043 1.28710647866956 1.31289225725869 1.35697806649366 1.41171117087889 1.4628747145078 1.49441412356958 1.50294709451939 1.48829517593281 1.45765727344985 1.41588346081053 1.36949497611525 1.32234192076949 1.27672518853116 1.23275680558114 1.18958411128535 1.1469394371651 1.1058564316498 1.06808128254299 1.0345154977022 1.00382240500626 0.972666421744167 0.938444688391124 0.901236520757376 0.863874133606415 0.829912428759466 0.802534493319837 0.784373621588278 0.777596089827889 0.783650704390715 0.802744820313472 0.834756353035623 0.885889975397914
1.6208133428769 1.54680507219776 1.44767682849516 1.35859858158274 1.28337313062535 1.22178266105794 1.17861698722453 1.17050672792985 1.14741379695992 1.12058856425958 1.09025162741026 1.10482140732637 1.13299912978945 1.14266307519389 1.15880367541188 1.18988439099869 1.23197774722453 1.27217738909207 1.29966533643127 1.30937451940474 1.30178367792693 1.28044903974448 1.25017774481156 1.21566266062648 1.18065828572682 1.14718488837462 1.11549282701028 1.08501005665261 1.05559899769673 1.02818676707884 1.00410275771614 0.983441726160943 0.963529276370493 0.939578758427247 0.907715159031341 0.868533554672067 0.8261388758109 0.785842120006182 0.752084646185681 0.727867287481133 0.714914530293072 0.713769083088032 0.723819988034392 0.744423871992799 0.778820936585024
1.47484179239354 1.3699239936219 1.27985048923351 1.20304232193168 1.14176309066617 1.09208746479527 1.05415665609308 1.0245947876359 1.00166489616855 0.983208466396528 0.97877460686699 0.990193180673195 1.00566167080647 1.01857887817378 1.03245993866821 1.05924695932321 1.09462758089074 1.12844502588128 1.1518742653066 1.1611009990961 1.15689927340632 1.14242326161002 1.12138371827582 1.09718048384125 1.07258980780847 1.04931244518974 1.0277955145252 1.00770507839761 0.988972245239964 0.972245714560278 0.95831521802318 0.946543400000066 0.933591147816843 0.914077420365826 0.884051922478923 0.843989850584068 0.798860739309136 0.755118666529223 0.718002559850368 0.69057606281092 0.673976003038522 0.667923947866111 0.671148975173748 0.682158544971297 0.700994435239111
1.24043929343188 1.19626958214616 1.13130138956354 1.07534477884435 1.02918398957168 0.990460818077236 0.957307392579726 0.929427356011199 0.907285566527788 0.893244156808987 0.889527647307767 0.894566892475078 0.903665115840805 0.914187785691172 0.930049717374121 0.954829323456017 0.986036275489375 1.01522332426056 1.03502918187612 1.04316877229791 1.04143313690298 1.03306413897067 1.02063408103421 1.00595059596144 0.990540161676201 0.97586184182096 0.962675351114857 0.951009562464775 0.940682081152321 0.931898283130768 0.924767503132588 0.91806022350417 0.908267070819844 0.890480188997241 0.861141158033511 0.820856044354696 0.774728250117551 0.729565450393817 0.690930704829201 0.661837811019617 0.643002174470073 0.63360308364483 0.631966927504959 0.636114454347844 0.643555942488119
1.05065749869609 1.03342719547773 1.00228067906271 0.967851111558044 0.936150425903555 0.907128518249472 0.880710904920871 0.857461391902584 0.838648134664974 0.826686932539473 0.824648071633195 0.829427224003332 0.836233406218635 0.841042911015085 0.8506915118659 0.869591095062764 0.896358486944233 0.921412612604361 0.938088824983667 0.945292065196305 0.946091342872121 0.943775491268858 0.93994199895564 0.934581414010604 0.927960753810211 0.921064352830338 0.915047734698793 0.910100390453026 0.905943858008019 0.90235326256591 0.898890172281065 0.893969080110181 0.884346456186353 0.865950743663561 0.836088648849771 0.795724833644919 0.749635283965917 0.704325846197284 0.665223887974817 0.635282033256288 0.615073028217322 0.603595783482717 0.599056583151594 0.599335216363958 0.602213519912
0.918354824789777 0.910595175627335 0.896384274956533 0.877947124339476 0.857378074663449 0.836148128628276 0.815427451791845 0.796465564153783 0.780809269700263 0.771590967264626 0.774014380560706 0.791661913679883 0.798944393481985 0.79591788326944 0.786707081461274 0.796612465016613 0.817362013938791 0.838253974751414 0.85238128938575 0.859751044807372 0.86376258805752 0.867672365040482 0.872259060118982 0.876379936364756 0.878766596821824 0.879890172675876 0.880462463871985 0.880693319094497 0.880317547250897 0.879049618828627 0.876312110065004 0.870553803265396 0.859013664769497 0.838554578328076 0.807449752874865 0.766952983219635 0.721428195008046 0.676680803569276 0.637767416058616 0.607602690491145 0.586871819324991 0.574679034043317 0.569282494741291 0.56860248994968 0.570512612459253
0.825957155958817 0.820724409951022 0.813519500946798 0.803202875874618 0.789674691704939 0.773840030785999 0.757222535030296 0.741379210413806 0.728090240295662 0.720838258713617 0.726412876918783 0.746763494221638 0.774305107208545 0.744626594709117 0.728338921689925 0.729865546409076 0.744405727163867 0.760920253591075 0.773658406579284 0.782456305350988 0.790540402265826 0.800703437380721 0.813407721468194 0.826835036791688 0.838896291263471 0.84835325858254 0.854958167261055 0.85861242191243 0.859396919996097 0.85751582512438 0.852812514423123 0.844176620934037 0.829489220095589 0.806464176055928 0.774066785423527 0.733683228323281 0.689154039206765 0.645568564556053 0.607544298849736 0.578007420792638 0.557895330477596 0.546549970197453 0.542316077042224 0.543053314448255 0.546510443147021
0.756592777965447 0.752233556404309 0.747596735286141 0.740823036988634 0.73093851997621 0.718302752431428 0.704222423122459 0.690285959871573 0.678286978891977 0.671280756204786 0.673859306955173 0.688589244877287 0.692284292278302 0.683959908596193 0.667843141398649 0.667160005359377 0.676770994240251 0.689718562796599 0.701803989192835 0.712961948720116 0.725502000035722 0.741756009186676 0.762108864621794 0.784684800689935 0.80622950580641 0.823618791341732 0.834917633271661 0.839752684695523 0.838962075827038 0.833775759103571 0.824922178208295 0.812024783328744 0.793694949583756 0.768309480028033 0.735206446189263 0.695639567377266 0.652877472078699 0.611335912355734 0.575246022283345 0.547553727219287 0.529459160408279 0.52054453692847 0.519208457889761 0.523169371398881 0.529929761915876
0.701889616500941 0.69784021317328 0.69384960801653 0.688156504985294 0.679622664029841 0.668331656025339 0.655378530431086 0.642278539166572 0.630674134149695 0.622580731782371 0.620198549663152 0.620737935072551 0.620062418947117 0.614527189136253 0.609394676786369 0.609238144891367 0.616052527231921 0.626569633271156 0.638654199299962 0.652270647613444 0.669030307753338 0.690795395026136 0.718102341803792 0.748972234119784 0.778882722444491 0.802562162689166 0.816378823242709 0.819951135497454 0.815244115976453 0.804880560198734 0.790608825306572 0.772902416089169 0.751093516870552 0.724055590950685 0.69124267904654 0.653588814066909 0.613740944020449 0.575482473767374 0.542671206909294 0.518221815087322 0.50351636557024 0.49832283173594 0.501084511476386 0.50939568306405 0.52052033548604
0.658336439354757 0.653952451037327 0.649364494790592 0.643106616866991 0.634176625891089 0.622662650450459 0.609616640095911 0.596531746071095 0.584871150147106 0.57584586361755 0.56973975351095 0.565768194666207 0.562314318662827 0.558972950995574 0.556817591380542 0.557889060338177 0.563111200004832 0.572285900470223 0.584723161903051 0.600495425539883 0.620700941310724 0.646929065852546 0.67974955442523 0.716971593870622 0.752995899382519 0.780439502134454 0.794552191425523 0.795058565810707 0.785405133016808 0.76935246019673 0.749638280546669 0.727545104055798 0.703061803727769 0.675435425454994 0.644100428279764 0.609587766095409 0.573912873668762 0.540236588475486 0.512004650895366 0.491997252114422 0.481666526208865 0.480919555705754 0.488294474488992 0.501377799721637 0.517308123028275
0.623699259160654 0.618238577848168 0.611934784390117 0.603701366323501 0.592878708219603 0.579805717575726 0.565686579679833 0.552078687770048 0.540338973371329 0.531218310959193 0.524714472898032 0.520164458363918 0.516736941553418 0.514016691663583 0.512440034094258 0.513103617865409 0.517240027784686 0.525613952557305 0.538435091813746 0.555821747273829 0.578551052353556 0.607879102315588 0.644166003103412 0.684846027902207 0.723538157834805 0.752158720270214 0.764892760962047 0.762280549382664 0.748254825587783 0.72749693730425 0.70352318841543 0.678350658137197 0.652534270406061 0.62560608283065 0.596929787192807 0.566635789072084 0.536141400903039 0.507997828562911 0.48519009269429 0.470263232096263 0.464647894016072 0.468378063909153 0.480182814749971 0.49781151513602 0.518447589447519
