Models/Synthetic/Density/tmp/temp_raster_dens_100000.0_0.1_2_1000.0_1.2_-315487741.asc
NCOLS 50 
NROWS 50 
XLLCORNER 0 
YLLCORNER 0 
CELLSIZE 0.02 
NODATA_value -9999 
[rows 20 to 39 of 50, columns 0 to 44 of 50]
4.33258570645382 4.62181125163615 5.42713918908464 5.5605009912363 6.26871875334273 6.46383086093154 6.72764990089988 7.7609197970879 7.75967727813011 7.4577611607934 8.39612743773658 8.28436176688676 9.01099419719962 10.7122116997358 9.91417247478785 10.1157221717855 10.5203916097358 11.0086268138198 11.9767322439446 11.1955799403344 11.2270896964519 11.8127693574526 11.957379673216 11.7909017080508 12.2667104494541 12.8498880417634 13.213320788522 13.5734717689323 14.409543260245 13.9864495940082 13.1423386640071 12.3894177813139 11.6606647017978 10.9629189684687 10.5465381208693 10.0291045772609 10.0321693253922 10.2637249928549 9.67096190960143 9.00658352428056 8.45325938545372 7.90425740321245 6.68231051058252 6.00460078692491 4.82952325335819
3.60388629533692 3.77881795127765 4.0157056779408 4.3720059468511 4.64540301775754 4.91989379758536 5.14230383454008 5.34485971104139 5.61274394154045 5.97782886351483 6.64561456856946 6.73493746553949 7.23782702365784 8.96316294560983 8.04858440101899 8.07502350292168 8.2281856609965 8.41145275446937 8.7921956360461 8.39746013611776 9.79016961165895 8.5448112974978 8.41821951744127 8.58567026080511 9.17781507988573 9.88971140604768 9.82002829405168 10.1246633590767 10.4431870854073 10.7571953261299 10.1489180379487 9.640160902292 9.3105212303091 8.82030859532835 8.12513092231631 7.79795034377125 7.69092076330327 7.8524425957999 7.36580482972711 6.9168033010777 6.43273898979353 5.91576240624243 5.32845741244972 4.66564551703365 3.8815833014634
3.16329895488408 3.20260643714514 3.28498394857017 3.44096302578254 3.64871786611067 3.89249600236405 4.01867967043802 4.18071738099036 4.43729800366374 5.12013888527987 5.12136281576883 5.48281656866763 6.66236649369733 6.25541481960028 6.44338445404016 6.50166279055443 6.51400039246968 6.50014322182426 6.36195458872657 6.23728997506228 6.55329867677616 6.28870806113922 6.01786015629037 6.14786900634807 6.52464380933685 7.41639810483252 7.20981730261372 7.38691728345754 7.62229293116701 7.74963968545379 8.34883732690064 7.24173486512479 6.99745675482712 6.69866985384425 6.97351260718043 6.00887556711638 5.88623298965994 5.83026023559083 5.6702228971055 5.35321046461624 4.96156635862286 4.5989034038185 4.44777343090181 3.66026594847407 3.12584173268778
2.9441540693627 2.77573629171194 2.77403809448364 2.84088782514066 2.96393511560238 3.10240723924131 3.26014149675185 3.40133371202952 3.62009310594712 3.88295635217896 4.58193091597153 4.48840763805507 4.84133990122977 5.11408359003226 5.30627815523128 5.17892697799302 5.29590499637131 5.28803338222632 4.76219687432656 4.58199646078962 4.46322928043233 4.36958670245338 4.3120400082654 4.37358477783067 4.6180275805229 4.89719983176775 5.26149186583134 5.29627074295779 5.42623370229601 5.50982902991072 5.45811018701466 5.31591322217938 5.20232511493288 5.48461870512286 4.91978351797976 4.69625475155596 4.57787552953632 4.53219262047647 4.50584934630297 4.21918218063032 3.92548132850204 3.6603210728031 3.35363196545557 2.99881492988697 2.61279315019097
2.44570860727786 2.42647791265275 2.40001415559348 2.41814495723021 2.46996005177391 2.56104930486949 2.69602144664126 2.88134124720449 2.96984914212607 3.17118968664666 3.4114619055705 3.72036490210446 3.87134321807927 4.06032393814603 4.223486771289 4.05442890124889 3.92591195774076 3.77931426739 3.58685713021177 3.38799337813353 3.2492026456695 3.15192273385843 3.11648646460909 3.16130126778557 3.27746129023785 3.46256821154019 3.62744803300975 3.76970226179444 3.85667723199324 3.92051206690248 3.92483154723828 3.88321045477938 3.88284956815947 3.83565388658524 3.78631856314354 3.71794538684894 3.63531044438484 3.60875021347603 3.54012759634259 3.40007247218008 3.18398644394367 2.9564807791126 2.73605511201231 2.54961438446962 2.2379480189629
2.1037935703412 2.12145271729982 2.12111913399451 2.11426769916601 2.11245801132544 2.16930033267699 2.28345324012279 2.43594903112564 2.54493222398825 2.64852218034904 2.77486179559577 2.93869378488249 3.07303127440006 3.1564754839581 3.15621527191342 3.08032712982107 2.94140584763536 2.81113897061902 2.68353559613942 2.56169417881797 2.44920636118843 2.36902172365911 2.33384023109824 2.34910014998436 2.4118337956773 2.5045441062859 2.61121943296584 2.71220117626915 2.80036066573023 2.86379709497593 2.89681083639735 2.90497530418813 2.9011877361206 2.90616416367597 2.92316022289972 2.93137503338083 2.93002951867327 2.91031788875859 2.87217972993155 2.78536024598548 2.64810315716608 2.47877849181096 2.31011806355739 2.12236848594139 1.9398600758029
1.84787053509131 1.87031548566769 1.92371920389184 1.85516519393882 1.83532644550611 1.86930977844501 1.99039377743489 2.12911056248165 2.70326670335751 2.22666086808182 2.27660422836338 2.3666320121917 2.4331841524652 2.45436463394125 2.42499736847194 2.35031967667255 2.25105914893806 2.14745926812768 2.05430176358858 1.97007218585632 1.89740723280995 1.8425662165511 1.81613013740647 1.82119730303369 1.85472827990249 1.90949224154361 1.97588402859504 2.04756018599075 2.11737726260182 2.17821589538956 2.22472155021992 2.25763430677333 2.2858864456064 2.31904782597678 2.35607295447679 2.3800819456796 2.3978241802903 2.40565065316039 2.39130011074809 2.34220135832762 2.25167502372377 2.12478875783411 1.97394309967663 1.81733575778479 1.67224625186104
1.63978544888483 1.65601305839719 1.65232994690459 1.63271003499171 1.60667410051388 1.62663562933668 1.72576533539258 2.22756882802192 1.87712308561448 1.87995022845319 1.89183823463798 1.93649365971409 1.96208759333798 1.95503028287856 1.91345365693605 1.84467412927542 1.76207810010108 1.68063199951616 1.60994195015783 1.55348306243567 1.51062217408132 1.48229627190164 1.47058219973704 1.47726495980675 1.5010851058709 1.53784219193545 1.58341970585992 1.63459531384593 1.68888616411974 1.74289528710611 1.79461644673959 1.84564151662893 1.89675278961214 1.94606122371151 1.98254645026843 2.00732818024418 2.0235817382044 2.03586309009967 2.03337210726947 2.0039198911479 1.93953473133598 1.83936167921916 1.70983795562379 1.57404289856348 1.45181729434455
1.48103497031266 1.47378573578393 1.4584090707783 1.43539991574939 1.4190499280513 1.4253545852751 1.49239653937683 1.53670395085066 1.56993937659045 1.56459680709765 1.59179294161434 1.61324741522672 1.61762670104646 1.59759202342572 1.5532167592101 1.49075729076016 1.42076313638842 1.35462047914319 1.30098547002271 1.26352799065616 1.24169774469137 1.23308748590569 1.23591900479133 1.24960803142908 1.27287428754167 1.30336458816754 1.33872031315487 1.37791998397607 1.42063828522201 1.46703345120066 1.51888026949329 1.57976672491426 1.64967161582082 1.70721958191545 1.74178019333761 1.75137116100867 1.75619773611808 1.75906418013346 1.75432520538514 1.72987618376495 1.67709152344304 1.592376839994 1.48373510784354 1.36723496497453 1.2615268357833
1.37209129343074 1.35259208756515 1.32251231099804 1.29096697530981 1.26743892744399 1.26096281704503 1.27142298436072 1.29357599150088 1.31743466981453 1.34093781659601 1.36027890735172 1.37138218320625 1.36670937724613 1.34277818196343 1.30058990922696 1.24557238464695 1.18621006188343 1.13178855654662 1.08982203467167 1.06414826841304 1.05458296170033 1.05835852833229 1.07244694310812 1.09433978287186 1.12166797534064 1.15173746323831 1.18268398273009 1.21430374378336 1.24792595776674 1.28604442437733 1.33308521514722 1.39499620462183 1.47015414318966 1.54312396779728 1.56749379965653 1.56605800431756 1.55140898384101 1.54089200991225 1.52718895502705 1.49962194355269 1.45005630927195 1.37676141054924 1.28534278667807 1.18808527747121 1.09804079974148
1.30203811491536 1.26917754246188 1.22519950225446 1.18197744000486 1.14823947912848 1.12927698337193 1.12598191454762 1.13519286988239 1.15179158529696 1.17059123855619 1.18632309203812 1.19331506444583 1.18664413923146 1.16394995357426 1.12652683685841 1.07905764802695 1.02847954175123 0.982423803178845 0.947447918425627 0.927528638837882 0.923458098730805 0.933548290853856 0.954810800116179 0.983681196916936 1.015964994076 1.0476341639289 1.07625609915737 1.10215780885082 1.12777581039494 1.15693299136288 1.1949158501129 1.2473909406791 1.3149218736025 1.37668372618337 1.41453704609171 1.40025046828107 1.37855736802126 1.35808531084052 1.3360341133673 1.30389081757548 1.25632952768966 1.19270726423583 1.11712931392484 1.03757846947344 0.963231780693778
1.24295011815242 1.19998663151013 1.14770077064928 1.09610103747528 1.05434610710032 1.02726074600836 1.0156669986904 1.01723555119777 1.02794024641214 1.04291567192764 1.05670506985046 1.06344800762617 1.05840508209214 1.03948905937473 1.00789217261117 0.967486350481226 0.92389143133753 0.883413625858407 0.851893654599272 0.833592159554986 0.830501017805633 0.842257339988936 0.866466580796954 0.898927926436299 0.934104058358479 0.966411845423337 0.99287289765985 1.01395517547326 1.03277749451064 1.05326657872235 1.07999328608634 1.11740347703327 1.16433864659523 1.2120170752967 1.23715317808302 1.23699612558348 1.2182547344114 1.19717561538799 1.17199615686285 1.13851624474286 1.09501249376323 1.0415913917828 0.980826958810567 0.917728904483575 0.858467172108066
1.17272869256702 1.13343355521264 1.08066317176748 1.02695514145519 0.981500001232822 0.949412899700544 0.931962081307687 0.927827270998829 0.933994896984006 0.946224960232413 0.959142322645116 0.966946425552365 0.964862606811573 0.950749205452642 0.925269508128498 0.891347437912724 0.853399613685847 0.816682988972202 0.786551590730758 0.767588995020075 0.762763680577463 0.772789197335644 0.795761725319482 0.827298451329775 0.861267979224649 0.89180152741704 0.915479614109652 0.932989622300591 0.94695960404664 0.960558043877884 0.977008841628577 0.999030614410527 1.02694444066742 1.05420713452339 1.07229692808552 1.07544897060503 1.06772968178242 1.05265130612835 1.03074422641737 1.00184543561749 0.965905367777331 0.923598186332916 0.87657041051116 0.828149798783434 0.782725933184704
1.10290132463592 1.0705368308145 1.02286300441413 0.971668437360756 0.926315801742646 0.891880369213161 0.870236850593146 0.861155815653012 0.86279007453095 0.871681319564303 0.883001184266742 0.891319970047089 0.892077676814766 0.882738597918272 0.86316067567406 0.835150173704255 0.802026832307858 0.768214609117632 0.738698587306098 0.718223648977115 0.710312177649452 0.716273755963713 0.734566240866982 0.760918839198607 0.78971431804361 0.815768375387426 0.836470586456578 0.851766608235783 0.863254442167232 0.872686393116072 0.881916466431762 0.892841583056858 0.906023017969382 0.91957449282152 0.929591210143172 0.933934810520584 0.932477501977601 0.925617810273969 0.913079309725534 0.894310596608206 0.869314818692364 0.83832740264699 0.802955481879837 0.766459003335535 0.732502038146335
1.04789939622017 1.01924634922046 0.975433132482936 0.927655546979586 0.884148500397001 0.849219890754183 0.824803325206758 0.811454205951494 0.808182934424433 0.812512976472812 0.820574146257534 0.827930612943481 0.830351333758016 0.824914110077578 0.81044008071661 0.787621351775899 0.758803311333024 0.727719947543034 0.698967350569174 0.677167313458356 0.665907933509742 0.666680096165227 0.678219883225296 0.696920638910354 0.718232890670183 0.738652259183092 0.756218665509107 0.770409018469853 0.781289010517088 0.789195260882107 0.794842132450655 0.799468855530169 0.804257571996945 0.809402929377098 0.814287152395692 0.818196564686875 0.820863739453355 0.822154302393219 0.821371467808677 0.816179133106527 0.803771524509948 0.782792428711027 0.755979934805028 0.727770013612742 0.702210323608612
1.01527220945462 0.986718386888038 0.940715328413183 0.892461993181654 0.848656497092223 0.81438683837319 0.790698935099457 0.776382478970809 0.770381184290842 0.767492833808326 0.768766303873701 0.771629400078286 0.774078719993081 0.771002001484708 0.760294786360212 0.741700103093042 0.716765893352682 0.688612212941059 0.661342925775427 0.639150798823083 0.625284971591829 0.621120376989622 0.625757834872888 0.636537363856748 0.650507953331998 0.665469531350805 0.680174044330394 0.693643410770692 0.704888058062862 0.713086956833747 0.718095562585886 0.720674853614737 0.722159613976103 0.72384519101813 0.726572490491331 0.73078260228448 0.736806923064773 0.745003327067043 0.754821189674905 0.762916738187731 0.761756674217248 0.748884278899739 0.72730148515314 0.704767592531501 0.684764196744472
1.03453706455014 0.998900791334339 0.948639422381921 0.857741034585701 0.813699003557494 0.781183105236313 0.759978680784815 0.789041416255965 0.783747611638042 0.771064948709866 0.722832078173298 0.719856474695229 0.720725748975416 0.718244331166006 0.709686064335157 0.694196386208028 0.672733209582153 0.647849283471383 0.623042952285902 0.601852292741527 0.58693977955786 0.579428664141367 0.578772294156927 0.583387133602067 0.591610829843177 0.602313171044702 0.614627201827515 0.627423174931844 0.63917267643762 0.648465106997389 0.654633380925528 0.658031765307673 0.659839267247545 0.661588827175533 0.664676288423459 0.670123265048199 0.678729602994464 0.691235766787478 0.707387926240132 0.723053780828086 0.730787627276284 0.722957046617134 0.706994225971982 0.689187607919913 0.673080474791842
0.985421840037374 1.2742437794987 0.90415471563373 0.818390006038083 0.775680682900368 0.745980285993638 0.728341510449937 0.760534836727902 1.15383956293901 0.731868772857464 0.680547205664282 0.67176739319744 0.670001626280918 0.666547674020445 0.658618981189991 0.645158200608753 0.62675479910578 0.605437098289881 0.584030123926478 0.565315824901981 0.551294945318269 0.542782634448959 0.539500996428 0.54061675048498 0.545381647634294 0.553328101057703 0.56389844131832 0.575967412836882 0.587899319532847 0.598164204607816 0.605956032605279 0.611372307847768 0.615256278093077 0.618893128871433 0.623652929829273 0.630630959779775 0.640647329268002 0.654352999638728 0.671348260152929 0.68833518085353 0.697890480305789 0.696885319994236 0.687157144444038 0.674725460696566 0.661894875016827
0.9061538358503 0.882796183422481 0.844537342422547 0.76971883634028 0.734440333262042 0.708439126029072 0.691196884093156 0.715415131723487 0.707312266829342 0.688591545526941 0.638304652963117 0.628052596578098 0.623222498951737 0.617728380781652 0.609290106757268 0.596993551896056 0.581247130083492 0.563606808272687 0.546217030545927 0.531111865135192 0.51966682037811 0.512388084768612 0.509083572564267 0.50930802170027 0.512784557671574 0.519428014224462 0.528904767689377 0.54018428115849 0.551709485459964 0.562100413438226 0.57073757708793 0.577735646690167 0.583659760636268 0.589415887114721 0.596025101865388 0.604307230544395 0.614697737894736 0.62738813889759 0.641914906295883 0.655805666391068 0.665571839192292 0.668610347648163 0.665618160530503 0.65851133059562 0.648881497621281
0.78801801361934 0.774141362966672 0.748399491155742 0.719574977962655 0.692207467952138 0.6701857491458 0.653500983890101 0.639901285898894 0.627922477794545 0.613781950303139 0.600998068783906 0.590354681636753 0.582622671943284 0.574654675246685 0.565086962060257 0.553383059446891 0.539906047124529 0.525800111436114 0.51256565203603 0.501552904662234 0.493593798146193 0.488911723691266 0.487284162363441 0.488389449928977 0.492104836647619 0.498487811727815 0.507307229345329 0.517614818730194 0.527947006374859 0.537187021483045 0.545096005141686 0.552107532417725 0.558827185257467 0.565870201478162 0.573873749124031 0.583126134177133 0.593504079014853 0.604714550450943 0.616290952663459 0.627314929021741 0.636287889896008 0.641882233047734 0.64340609219325 0.640840974937667 0.634321694642324
